0.011484
0.015452
0.014422
0.013728
0.013649
0.013699
0.014546
0.013924
0.013667
0.014907
0.013649
0.01386
0.013495
0.013913
0.014196
0.014122
0.014097
0.01413
0.014099
0.01394
0.013758
0.014233
0.013817
0.013622
0.013776
0.013642
0.013724
0.013602
0.013547
0.013445
0.013445
0.013616
0.014387
0.013841
0.013505
0.013503
0.013683
0.013574
0.013772
0.013469
0.013334
0.013449
0.014193
0.014282
0.014559
0.014571
0.014859
0.013842
0.013953
0.013627
0.013379
0.013384
0.013439
0.01521
0.014569
0.014248
0.014311
0.013822
0.013984
0.013973
0.013424
0.013428
0.013411
0.013488
0.013577
0.013411
0.013547
0.014127
0.013704
0.013763
0.013738
0.013778
0.013582
0.013914
0.013472
0.013964
0.013629
0.013454
0.013565
0.013694
0.014204
0.013582
0.01423
0.013722
0.013527
0.013858
0.014022
0.014314
0.013829
0.013793
0.014207
0.013529
0.014107
0.013593
0.013343
0.014463
0.013399
0.013708
0.013466
0.013276
