1
327.0000,111.0000,81.0000,15.0000
315.0000,111.0000,81.0000,15.0000
315.0000,111.0000,81.0000,15.0000
306.0000,114.0000,81.0000,15.0000
306.0000,114.0000,81.0000,15.0000
306.0000,117.0000,84.0000,15.0000
306.0000,117.0000,84.0000,15.0000
306.0000,117.0000,84.0000,15.0000
288.0000,117.0000,84.0000,15.0000
288.0000,117.0000,84.0000,15.0000
303.0000,129.0000,87.0000,15.0000
303.0000,129.0000,87.0000,15.0000
300.0000,126.0000,87.0000,15.0000
300.0000,126.0000,87.0000,15.0000
2
0
0
0
0
1
279.0000,15.0000,21.0000,81.0000
279.0000,12.0000,21.0000,81.0000
279.0000,12.0000,21.0000,81.0000
294.0000,15.0000,18.0000,72.0000
294.0000,15.0000,18.0000,72.0000
297.0000,9.0000,18.0000,72.0000
297.0000,9.0000,18.0000,72.0000
297.0000,9.0000,18.0000,72.0000
312.0000,18.0000,18.0000,69.0000
312.0000,18.0000,18.0000,69.0000
294.0000,15.0000,18.0000,72.0000
294.0000,15.0000,18.0000,72.0000
282.0000,15.0000,18.0000,75.0000
282.0000,15.0000,18.0000,75.0000
273.0000,15.0000,18.0000,75.0000
273.0000,15.0000,18.0000,75.0000
273.0000,15.0000,18.0000,75.0000
270.0000,12.0000,18.0000,78.0000
270.0000,12.0000,18.0000,78.0000
279.0000,39.0000,18.0000,75.0000
279.0000,39.0000,18.0000,75.0000
267.0000,21.0000,18.0000,75.0000
267.0000,21.0000,18.0000,75.0000
273.0000,24.0000,18.0000,75.0000
273.0000,24.0000,18.0000,75.0000
282.0000,48.0000,18.0000,72.0000
282.0000,48.0000,18.0000,72.0000
282.0000,48.0000,18.0000,72.0000
267.0000,39.0000,18.0000,72.0000
267.0000,39.0000,18.0000,72.0000
267.0000,42.0000,18.0000,69.0000
267.0000,42.0000,18.0000,69.0000
267.0000,75.0000,18.0000,69.0000
267.0000,75.0000,18.0000,69.0000
258.0000,90.0000,18.0000,69.0000
258.0000,90.0000,18.0000,69.0000
270.0000,72.0000,18.0000,72.0000
270.0000,72.0000,18.0000,72.0000
0
2
0
0
0
0
1
216.0000,150.0000,30.0000,87.0000
207.0000,150.0000,30.0000,87.0000
207.0000,150.0000,30.0000,87.0000
207.0000,150.0000,30.0000,87.0000
207.0000,150.0000,30.0000,87.0000
219.0000,159.0000,30.0000,87.0000
219.0000,159.0000,30.0000,87.0000
219.0000,159.0000,30.0000,87.0000
2
0
0
0
0
1
225.0000,234.0000,45.0000,84.0000
231.0000,240.0000,45.0000,84.0000
231.0000,240.0000,45.0000,84.0000
231.0000,243.0000,45.0000,84.0000
231.0000,243.0000,45.0000,84.0000
231.0000,261.0000,45.0000,87.0000
231.0000,261.0000,45.0000,87.0000
231.0000,261.0000,45.0000,87.0000
231.0000,264.0000,48.0000,90.0000
231.0000,264.0000,48.0000,90.0000
240.0000,282.0000,48.0000,90.0000
240.0000,282.0000,48.0000,90.0000
240.0000,288.0000,48.0000,93.0000
240.0000,288.0000,48.0000,93.0000
240.0000,294.0000,51.0000,96.0000
240.0000,294.0000,51.0000,96.0000
240.0000,294.0000,51.0000,96.0000
228.0000,303.0000,51.0000,96.0000
228.0000,303.0000,51.0000,96.0000
222.0000,330.0000,51.0000,96.0000
222.0000,330.0000,51.0000,96.0000
216.0000,342.0000,51.0000,96.0000
216.0000,342.0000,51.0000,96.0000
210.0000,357.0000,51.0000,96.0000
210.0000,357.0000,51.0000,96.0000
210.0000,357.0000,51.0000,96.0000
207.0000,375.0000,51.0000,96.0000
207.0000,375.0000,51.0000,96.0000
207.0000,384.0000,51.0000,96.0000
207.0000,384.0000,51.0000,96.0000
201.0000,390.0000,51.0000,96.0000
201.0000,390.0000,51.0000,96.0000
198.0000,387.0000,54.0000,102.0000
198.0000,387.0000,54.0000,102.0000
198.0000,390.0000,54.0000,102.0000
198.0000,390.0000,54.0000,102.0000
198.0000,390.0000,54.0000,102.0000
201.0000,402.0000,51.0000,99.0000
201.0000,402.0000,51.0000,99.0000
2
0
0
0
0
1
240.0000,477.0000,39.0000,84.0000
243.0000,477.0000,39.0000,84.0000
243.0000,477.0000,39.0000,84.0000
234.0000,489.0000,39.0000,84.0000
234.0000,489.0000,39.0000,84.0000
231.0000,501.0000,39.0000,84.0000
231.0000,501.0000,39.0000,84.0000
231.0000,501.0000,39.0000,84.0000
228.0000,507.0000,39.0000,87.0000
228.0000,507.0000,39.0000,87.0000
225.0000,522.0000,39.0000,87.0000
225.0000,522.0000,39.0000,87.0000
216.0000,522.0000,42.0000,93.0000
216.0000,522.0000,42.0000,93.0000
231.0000,537.0000,39.0000,87.0000
231.0000,537.0000,39.0000,87.0000
231.0000,537.0000,39.0000,87.0000
237.0000,555.0000,39.0000,84.0000
237.0000,555.0000,39.0000,84.0000
234.0000,558.0000,39.0000,87.0000
0
2
0
0
0
0
1
387.0000,495.0000,78.0000,57.0000
399.0000,492.0000,75.0000,54.0000
399.0000,492.0000,75.0000,54.0000
396.0000,498.0000,78.0000,57.0000
396.0000,498.0000,78.0000,57.0000
414.0000,510.0000,78.0000,57.0000
414.0000,510.0000,78.0000,57.0000
414.0000,510.0000,78.0000,57.0000
432.0000,516.0000,75.0000,54.0000
432.0000,516.0000,75.0000,54.0000
432.0000,555.0000,72.0000,51.0000
432.0000,555.0000,72.0000,51.0000
429.0000,570.0000,72.0000,51.0000
429.0000,570.0000,72.0000,51.0000
426.0000,582.0000,72.0000,51.0000
426.0000,582.0000,72.0000,51.0000
426.0000,582.0000,72.0000,51.0000
423.0000,588.0000,69.0000,51.0000
423.0000,588.0000,69.0000,51.0000
429.0000,588.0000,72.0000,51.0000
429.0000,588.0000,72.0000,51.0000
432.0000,600.0000,72.0000,51.0000
432.0000,600.0000,72.0000,51.0000
444.0000,618.0000,72.0000,51.0000
444.0000,618.0000,72.0000,51.0000
450.0000,633.0000,72.0000,51.0000
450.0000,633.0000,72.0000,51.0000
2
483.0000,624.0000,75.0000,54.0000
0
0
0
0
1
543.0000,489.0000,57.0000,60.0000
531.0000,486.0000,57.0000,60.0000
531.0000,486.0000,57.0000,60.0000
552.0000,501.0000,60.0000,63.0000
0
2
0
0
0
0
1
696.0000,579.0000,72.0000,66.0000
708.0000,588.0000,72.0000,66.0000
708.0000,588.0000,72.0000,66.0000
717.0000,594.0000,72.0000,66.0000
717.0000,594.0000,72.0000,66.0000
729.0000,603.0000,72.0000,66.0000
729.0000,603.0000,72.0000,66.0000
729.0000,603.0000,72.0000,66.0000
711.0000,603.0000,72.0000,66.0000
711.0000,603.0000,72.0000,66.0000
2
0
0
0
0
1
786.0000,597.0000,81.0000,54.0000
765.0000,606.0000,81.0000,54.0000
765.0000,606.0000,81.0000,54.0000
759.0000,609.0000,75.0000,48.0000
0
2
0
0
0
0
1
897.0000,606.0000,84.0000,30.0000
906.0000,612.0000,84.0000,30.0000
906.0000,612.0000,84.0000,30.0000
915.0000,603.0000,84.0000,30.0000
915.0000,603.0000,84.0000,30.0000
930.0000,606.0000,81.0000,27.0000
930.0000,606.0000,81.0000,27.0000
930.0000,606.0000,81.0000,27.0000
945.0000,594.0000,87.0000,30.0000
945.0000,594.0000,87.0000,30.0000
969.0000,591.0000,84.0000,30.0000
969.0000,591.0000,84.0000,30.0000
960.0000,591.0000,78.0000,27.0000
960.0000,591.0000,78.0000,27.0000
984.0000,594.0000,81.0000,27.0000
984.0000,594.0000,81.0000,27.0000
984.0000,594.0000,81.0000,27.0000
978.0000,591.0000,81.0000,27.0000
978.0000,591.0000,81.0000,27.0000
1011.0000,603.0000,81.0000,27.0000
1011.0000,603.0000,81.0000,27.0000
1044.0000,618.0000,81.0000,27.0000
1044.0000,618.0000,81.0000,27.0000
1071.0000,615.0000,78.0000,27.0000
1071.0000,615.0000,78.0000,27.0000
1086.0000,606.0000,78.0000,27.0000
1086.0000,606.0000,78.0000,27.0000
1086.0000,606.0000,78.0000,27.0000
1098.0000,597.0000,81.0000,27.0000
1098.0000,597.0000,81.0000,27.0000
1125.0000,594.0000,81.0000,27.0000
1125.0000,594.0000,81.0000,27.0000
1110.0000,582.0000,84.0000,30.0000
1110.0000,582.0000,84.0000,30.0000
1113.0000,600.0000,81.0000,27.0000
0
0
2
0
0
0
0
1
1299.0000,750.0000,81.0000,12.0000
1305.0000,756.0000,84.0000,12.0000
0
2
0
0
0
0
1
1515.0000,498.0000,69.0000,69.0000
1515.0000,501.0000,66.0000,66.0000
1515.0000,501.0000,66.0000,66.0000
1488.0000,465.0000,66.0000,66.0000
1488.0000,465.0000,66.0000,66.0000
1494.0000,465.0000,63.0000,63.0000
1494.0000,465.0000,63.0000,63.0000
0
2
0
0
0
0
1
1446.0000,303.0000,57.0000,78.0000
2
0
0
0
0
1
1134.0000,354.0000,78.0000,12.0000
1110.0000,351.0000,78.0000,12.0000
1110.0000,351.0000,78.0000,12.0000
1107.0000,354.0000,78.0000,12.0000
1107.0000,354.0000,78.0000,12.0000
2
0
0
0
0
1
957.0000,351.0000,87.0000,9.0000
978.0000,357.0000,87.0000,9.0000
978.0000,357.0000,87.0000,9.0000
1008.0000,384.0000,99.0000,9.0000
1008.0000,384.0000,99.0000,9.0000
1029.0000,390.0000,117.0000,12.0000
1029.0000,390.0000,117.0000,12.0000
1029.0000,390.0000,117.0000,12.0000
1044.0000,399.0000,135.0000,12.0000
1044.0000,399.0000,135.0000,12.0000
2
0
0
0
0
1
933.0000,354.0000,81.0000,51.0000
951.0000,357.0000,78.0000,48.0000
951.0000,357.0000,78.0000,48.0000
2
0
0
0
0
1
759.0000,306.0000,75.0000,57.0000
738.0000,318.0000,75.0000,57.0000
738.0000,318.0000,75.0000,57.0000
720.0000,315.0000,72.0000,54.0000
720.0000,315.0000,72.0000,54.0000
678.0000,312.0000,75.0000,57.0000
678.0000,312.0000,75.0000,57.0000
678.0000,312.0000,75.0000,57.0000
639.0000,282.0000,78.0000,57.0000
639.0000,282.0000,78.0000,57.0000
600.0000,282.0000,72.0000,54.0000
600.0000,282.0000,72.0000,54.0000
603.0000,273.0000,72.0000,54.0000
603.0000,273.0000,72.0000,54.0000
552.0000,273.0000,72.0000,54.0000
552.0000,273.0000,72.0000,54.0000
552.0000,273.0000,72.0000,54.0000
534.0000,270.0000,72.0000,54.0000
534.0000,270.0000,72.0000,54.0000
507.0000,261.0000,78.0000,57.0000
507.0000,261.0000,78.0000,57.0000
507.0000,273.0000,78.0000,57.0000
507.0000,273.0000,78.0000,57.0000
2
0
0
0
0
1
300.0000,279.0000,66.0000,66.0000
285.0000,246.0000,66.0000,66.0000
285.0000,246.0000,66.0000,66.0000
276.0000,234.0000,66.0000,66.0000
276.0000,234.0000,66.0000,66.0000
264.0000,210.0000,66.0000,66.0000
264.0000,210.0000,66.0000,66.0000
264.0000,210.0000,66.0000,66.0000
258.0000,192.0000,66.0000,66.0000
258.0000,192.0000,66.0000,66.0000
240.0000,159.0000,66.0000,66.0000
240.0000,159.0000,66.0000,66.0000
237.0000,144.0000,66.0000,66.0000
237.0000,144.0000,66.0000,66.0000
222.0000,99.0000,66.0000,66.0000
222.0000,99.0000,66.0000,66.0000
222.0000,99.0000,66.0000,66.0000
2
0
0
0
0
1
318.0000,102.0000,84.0000,30.0000
327.0000,102.0000,84.0000,30.0000
327.0000,102.0000,84.0000,30.0000
333.0000,105.0000,81.0000,27.0000
333.0000,105.0000,81.0000,27.0000
333.0000,93.0000,87.0000,30.0000
333.0000,93.0000,87.0000,30.0000
333.0000,93.0000,87.0000,30.0000
315.0000,90.0000,87.0000,30.0000
315.0000,90.0000,87.0000,30.0000
2
0
0
0
0
