1
186.0000,342.0000,58.0000,119.0000
186.0000,341.0000,59.0000,121.0000
194.0000,341.0000,59.0000,121.0000
203.0000,349.0000,60.0000,123.0000
212.0000,350.0000,59.0000,121.0000
229.0000,359.0000,59.0000,121.0000
237.0000,350.0000,59.0000,121.0000
245.0000,350.0000,59.0000,121.0000
262.0000,359.0000,59.0000,121.0000
279.0000,359.0000,59.0000,121.0000
295.0000,367.0000,60.0000,123.0000
303.0000,357.0000,61.0000,125.0000
320.0000,357.0000,61.0000,125.0000
338.0000,365.0000,62.0000,127.0000
355.0000,366.0000,61.0000,124.0000
372.0000,365.0000,62.0000,126.0000
390.0000,364.0000,63.0000,129.0000
399.0000,371.0000,64.0000,132.0000
408.0000,380.0000,64.0000,132.0000
417.0000,378.0000,65.0000,135.0000
407.0000,356.0000,66.0000,138.0000
454.0000,376.0000,66.0000,138.0000
454.0000,364.0000,67.0000,141.0000
454.0000,362.0000,68.0000,144.0000
464.0000,354.0000,67.0000,141.0000
513.0000,373.0000,68.0000,144.0000
523.0000,383.0000,68.0000,144.0000
532.0000,382.0000,69.0000,147.0000
522.0000,380.0000,70.0000,150.0000
512.0000,380.0000,70.0000,150.0000
492.0000,378.0000,71.0000,153.0000
482.0000,365.0000,72.0000,156.0000
472.0000,364.0000,73.0000,159.0000
2
0
0
0
0
1
578.0000,254.0000,171.0000,194.0000
557.0000,252.0000,174.0000,198.0000
517.0000,270.0000,177.0000,202.0000
500.0000,292.0000,173.0000,198.0000
2
0
0
0
0
1
561.0000,58.0000,294.0000,371.0000
558.0000,54.0000,300.0000,378.0000
558.0000,54.0000,300.0000,378.0000
558.0000,54.0000,300.0000,378.0000
391.0000,88.0000,300.0000,378.0000
391.0000,54.0000,300.0000,378.0000
394.0000,58.0000,294.0000,370.0000
492.0000,125.0000,294.0000,370.0000
456.0000,191.0000,300.0000,377.0000
453.0000,187.0000,306.0000,385.0000
419.0000,152.0000,306.0000,385.0000
385.0000,117.0000,306.0000,385.0000
385.0000,82.0000,306.0000,385.0000
385.0000,82.0000,306.0000,385.0000
419.0000,47.0000,306.0000,385.0000
453.0000,47.0000,306.0000,385.0000
523.0000,85.0000,300.0000,377.0000
556.0000,85.0000,300.0000,377.0000
589.0000,119.0000,300.0000,377.0000
620.0000,150.0000,306.0000,385.0000
620.0000,150.0000,306.0000,385.0000
620.0000,185.0000,306.0000,385.0000
620.0000,150.0000,306.0000,385.0000
656.0000,154.0000,300.0000,377.0000
656.0000,154.0000,300.0000,377.0000
659.0000,158.0000,294.0000,369.0000
656.0000,154.0000,300.0000,376.0000
659.0000,125.0000,294.0000,368.0000
626.0000,125.0000,294.0000,368.0000
626.0000,125.0000,294.0000,368.0000
2
0
0
0
0
1
718.0000,356.0000,130.0000,301.0000
720.0000,359.0000,127.0000,295.0000
720.0000,359.0000,127.0000,295.0000
722.0000,362.0000,124.0000,289.0000
723.0000,365.0000,122.0000,283.0000
724.0000,368.0000,120.0000,277.0000
723.0000,365.0000,122.0000,283.0000
723.0000,365.0000,122.0000,283.0000
724.0000,368.0000,120.0000,277.0000
724.0000,368.0000,120.0000,277.0000
724.0000,368.0000,120.0000,277.0000
724.0000,368.0000,120.0000,277.0000
724.0000,368.0000,120.0000,277.0000
724.0000,368.0000,120.0000,277.0000
725.0000,371.0000,118.0000,271.0000
724.0000,368.0000,120.0000,276.0000
725.0000,371.0000,118.0000,270.0000
724.0000,368.0000,120.0000,275.0000
742.0000,371.0000,118.0000,269.0000
741.0000,368.0000,120.0000,274.0000
742.0000,370.0000,118.0000,269.0000
742.0000,370.0000,118.0000,269.0000
741.0000,368.0000,120.0000,274.0000
741.0000,368.0000,120.0000,274.0000
741.0000,351.0000,120.0000,274.0000
742.0000,354.0000,118.0000,269.0000
742.0000,354.0000,118.0000,269.0000
743.0000,356.0000,116.0000,264.0000
742.0000,354.0000,118.0000,269.0000
742.0000,354.0000,118.0000,269.0000
725.0000,354.0000,118.0000,269.0000
724.0000,352.0000,120.0000,274.0000
