1
342.0000,113.0000,73.0000,15.0000
341.0000,115.0000,72.0000,14.0000
332.0000,115.0000,72.0000,16.0000
312.0000,115.0000,72.0000,15.0000
304.0000,115.0000,73.0000,16.0000
297.0000,114.0000,73.0000,16.0000
304.0000,118.0000,72.0000,16.0000
286.0000,129.0000,71.0000,16.0000
311.0000,129.0000,68.0000,16.0000
313.0000,131.0000,67.0000,16.0000
2
0
0
0
0
1
280.0000,35.0000,17.0000,62.0000
281.0000,28.0000,17.0000,62.0000
283.0000,25.0000,17.0000,61.0000
281.0000,24.0000,17.0000,61.0000
282.0000,24.0000,17.0000,60.0000
285.0000,23.0000,16.0000,59.0000
283.0000,23.0000,17.0000,60.0000
279.0000,28.0000,17.0000,60.0000
275.0000,34.0000,16.0000,61.0000
271.0000,38.0000,16.0000,61.0000
268.0000,41.0000,16.0000,60.0000
272.0000,37.0000,16.0000,60.0000
278.0000,36.0000,15.0000,59.0000
293.0000,36.0000,16.0000,60.0000
298.0000,16.0000,15.0000,61.0000
290.0000,20.0000,15.0000,61.0000
286.0000,20.0000,16.0000,60.0000
280.0000,21.0000,17.0000,59.0000
277.0000,23.0000,17.0000,57.0000
276.0000,23.0000,16.0000,56.0000
270.0000,28.0000,16.0000,55.0000
275.0000,22.0000,16.0000,55.0000
277.0000,29.0000,16.0000,54.0000
275.0000,37.0000,17.0000,55.0000
272.0000,49.0000,16.0000,55.0000
270.0000,55.0000,17.0000,55.0000
269.0000,60.0000,17.0000,56.0000
266.0000,66.0000,17.0000,57.0000
262.0000,75.0000,17.0000,56.0000
257.0000,84.0000,18.0000,54.0000
253.0000,92.0000,18.0000,54.0000
249.0000,100.0000,18.0000,52.0000
246.0000,106.0000,18.0000,51.0000
242.0000,113.0000,18.0000,49.0000
240.0000,117.0000,18.0000,49.0000
240.0000,117.0000,19.0000,48.0000
240.0000,117.0000,19.0000,48.0000
241.0000,117.0000,20.0000,49.0000
244.0000,117.0000,19.0000,50.0000
245.0000,118.0000,20.0000,50.0000
243.0000,119.0000,20.0000,50.0000
230.0000,126.0000,21.0000,52.0000
226.0000,132.0000,21.0000,52.0000
226.0000,138.0000,21.0000,52.0000
226.0000,145.0000,20.0000,54.0000
226.0000,152.0000,18.0000,58.0000
226.0000,161.0000,17.0000,61.0000
225.0000,169.0000,17.0000,61.0000
224.0000,177.0000,16.0000,62.0000
224.0000,182.0000,16.0000,65.0000
226.0000,182.0000,16.0000,66.0000
227.0000,182.0000,16.0000,66.0000
228.0000,182.0000,16.0000,66.0000
224.0000,185.0000,17.0000,65.0000
224.0000,178.0000,18.0000,66.0000
226.0000,166.0000,17.0000,67.0000
227.0000,158.0000,17.0000,68.0000
228.0000,157.0000,17.0000,69.0000
232.0000,170.0000,16.0000,69.0000
235.0000,191.0000,17.0000,70.0000
237.0000,203.0000,17.0000,71.0000
239.0000,212.0000,17.0000,71.0000
237.0000,209.0000,16.0000,69.0000
234.0000,199.0000,16.0000,68.0000
233.0000,195.0000,15.0000,67.0000
232.0000,193.0000,16.0000,67.0000
2
0
0
0
0
1
262.0000,295.0000,20.0000,62.0000
262.0000,298.0000,20.0000,64.0000
265.0000,301.0000,20.0000,66.0000
266.0000,305.0000,20.0000,66.0000
266.0000,308.0000,20.0000,66.0000
261.0000,312.0000,20.0000,66.0000
257.0000,320.0000,20.0000,65.0000
257.0000,329.0000,20.0000,64.0000
255.0000,336.0000,19.0000,65.0000
254.0000,341.0000,19.0000,66.0000
250.0000,350.0000,19.0000,66.0000
247.0000,357.0000,19.0000,66.0000
245.0000,365.0000,19.0000,68.0000
243.0000,374.0000,19.0000,68.0000
241.0000,381.0000,19.0000,67.0000
239.0000,386.0000,19.0000,68.0000
239.0000,391.0000,18.0000,69.0000
239.0000,394.0000,18.0000,68.0000
238.0000,395.0000,19.0000,68.0000
238.0000,399.0000,18.0000,67.0000
237.0000,402.0000,18.0000,66.0000
236.0000,407.0000,18.0000,65.0000
234.0000,407.0000,19.0000,68.0000
234.0000,408.0000,19.0000,69.0000
234.0000,411.0000,18.0000,68.0000
233.0000,413.0000,19.0000,68.0000
232.0000,415.0000,19.0000,69.0000
233.0000,417.0000,19.0000,69.0000
238.0000,423.0000,20.0000,69.0000
239.0000,433.0000,21.0000,68.0000
241.0000,440.0000,21.0000,70.0000
243.0000,450.0000,23.0000,69.0000
244.0000,456.0000,23.0000,69.0000
246.0000,462.0000,23.0000,69.0000
249.0000,472.0000,23.0000,68.0000
253.0000,482.0000,23.0000,67.0000
254.0000,487.0000,23.0000,67.0000
255.0000,490.0000,24.0000,68.0000
256.0000,495.0000,23.0000,69.0000
252.0000,499.0000,23.0000,70.0000
251.0000,504.0000,23.0000,70.0000
251.0000,510.0000,22.0000,70.0000
250.0000,515.0000,21.0000,70.0000
250.0000,516.0000,21.0000,72.0000
250.0000,521.0000,21.0000,72.0000
249.0000,526.0000,21.0000,71.0000
247.0000,530.0000,21.0000,71.0000
247.0000,535.0000,20.0000,69.0000
246.0000,539.0000,20.0000,68.0000
249.0000,542.0000,20.0000,70.0000
253.0000,549.0000,20.0000,70.0000
255.0000,558.0000,20.0000,69.0000
256.0000,573.0000,22.0000,67.0000
258.0000,567.0000,22.0000,68.0000
270.0000,552.0000,22.0000,67.0000
307.0000,523.0000,23.0000,68.0000
335.0000,504.0000,22.0000,68.0000
355.0000,488.0000,23.0000,69.0000
369.0000,479.0000,24.0000,68.0000
385.0000,467.0000,24.0000,69.0000
399.0000,459.0000,24.0000,68.0000
409.0000,452.0000,25.0000,68.0000
421.0000,443.0000,25.0000,68.0000
431.0000,437.0000,25.0000,68.0000
441.0000,432.0000,25.0000,69.0000
432.0000,433.0000,25.0000,69.0000
452.0000,459.0000,26.0000,70.0000
466.0000,468.0000,25.0000,71.0000
474.0000,474.0000,26.0000,70.0000
479.0000,479.0000,24.0000,68.0000
480.0000,484.0000,24.0000,67.0000
478.0000,488.0000,24.0000,69.0000
476.0000,498.0000,24.0000,66.0000
475.0000,504.0000,24.0000,64.0000
475.0000,510.0000,24.0000,64.0000
472.0000,517.0000,24.0000,64.0000
468.0000,523.0000,25.0000,63.0000
467.0000,528.0000,24.0000,64.0000
466.0000,533.0000,24.0000,64.0000
465.0000,539.0000,23.0000,62.0000
472.0000,547.0000,25.0000,63.0000
474.0000,552.0000,25.0000,62.0000
480.0000,560.0000,25.0000,64.0000
484.0000,570.0000,26.0000,65.0000
490.0000,580.0000,27.0000,65.0000
496.0000,589.0000,26.0000,65.0000
500.0000,599.0000,27.0000,65.0000
503.0000,607.0000,27.0000,65.0000
496.0000,617.0000,27.0000,64.0000
524.0000,589.0000,27.0000,64.0000
527.0000,570.0000,26.0000,63.0000
533.0000,550.0000,27.0000,63.0000
541.0000,530.0000,27.0000,63.0000
547.0000,510.0000,26.0000,64.0000
555.0000,492.0000,26.0000,64.0000
562.0000,476.0000,26.0000,62.0000
579.0000,449.0000,28.0000,63.0000
589.0000,476.0000,28.0000,63.0000
599.0000,485.0000,28.0000,61.0000
614.0000,499.0000,28.0000,59.0000
632.0000,509.0000,28.0000,59.0000
647.0000,522.0000,29.0000,58.0000
660.0000,531.0000,30.0000,59.0000
674.0000,542.0000,31.0000,59.0000
686.0000,551.0000,31.0000,59.0000
697.0000,560.0000,31.0000,58.0000
710.0000,572.0000,33.0000,57.0000
721.0000,580.0000,32.0000,56.0000
727.0000,587.0000,34.0000,56.0000
735.0000,593.0000,34.0000,56.0000
743.0000,600.0000,34.0000,56.0000
749.0000,605.0000,34.0000,56.0000
748.0000,608.0000,34.0000,56.0000
736.0000,609.0000,35.0000,56.0000
742.0000,616.0000,35.0000,56.0000
755.0000,599.0000,35.0000,56.0000
771.0000,598.0000,36.0000,56.0000
785.0000,591.0000,36.0000,56.0000
792.0000,587.0000,36.0000,56.0000
799.0000,580.0000,37.0000,55.0000
803.0000,581.0000,37.0000,53.0000
806.0000,583.0000,38.0000,51.0000
811.0000,579.0000,38.0000,51.0000
813.0000,579.0000,39.0000,49.0000
824.0000,577.0000,38.0000,51.0000
840.0000,576.0000,39.0000,50.0000
852.0000,582.0000,39.0000,48.0000
861.0000,583.0000,39.0000,48.0000
869.0000,585.0000,40.0000,48.0000
877.0000,582.0000,41.0000,49.0000
884.0000,581.0000,42.0000,48.0000
890.0000,580.0000,43.0000,48.0000
899.0000,579.0000,43.0000,48.0000
907.0000,575.0000,43.0000,48.0000
914.0000,575.0000,43.0000,49.0000
924.0000,574.0000,44.0000,48.0000
932.0000,572.0000,44.0000,48.0000
940.0000,569.0000,45.0000,49.0000
947.0000,565.0000,45.0000,52.0000
955.0000,564.0000,44.0000,51.0000
962.0000,561.0000,44.0000,52.0000
967.0000,559.0000,45.0000,52.0000
975.0000,557.0000,44.0000,52.0000
979.0000,556.0000,44.0000,52.0000
982.0000,563.0000,44.0000,52.0000
991.0000,566.0000,45.0000,52.0000
1001.0000,568.0000,45.0000,52.0000
1011.0000,570.0000,44.0000,53.0000
1018.0000,574.0000,43.0000,53.0000
1024.0000,576.0000,44.0000,53.0000
1034.0000,578.0000,43.0000,55.0000
1040.0000,582.0000,44.0000,52.0000
1046.0000,583.0000,43.0000,52.0000
1053.0000,587.0000,44.0000,49.0000
1058.0000,582.0000,45.0000,48.0000
1070.0000,578.0000,44.0000,48.0000
1078.0000,575.0000,44.0000,48.0000
1089.0000,571.0000,44.0000,48.0000
1099.0000,568.0000,43.0000,47.0000
1108.0000,566.0000,43.0000,48.0000
1117.0000,562.0000,43.0000,49.0000
1125.0000,559.0000,41.0000,50.0000
1132.0000,557.0000,42.0000,51.0000
1139.0000,556.0000,43.0000,51.0000
1146.0000,555.0000,44.0000,50.0000
1156.0000,565.0000,44.0000,50.0000
1167.0000,582.0000,44.0000,51.0000
1178.0000,601.0000,37.0000,54.0000
1197.0000,620.0000,20.0000,62.0000
1200.0000,633.0000,20.0000,63.0000
1205.0000,648.0000,20.0000,64.0000
1210.0000,666.0000,20.0000,63.0000
1215.0000,681.0000,20.0000,65.0000
1219.0000,693.0000,21.0000,66.0000
1214.0000,702.0000,21.0000,61.0000
1224.0000,700.0000,22.0000,59.0000
1233.0000,699.0000,23.0000,59.0000
2
0
0
0
0
1
1463.0000,596.0000,34.0000,32.0000
1483.0000,573.0000,35.0000,32.0000
1500.0000,553.0000,35.0000,32.0000
1518.0000,535.0000,35.0000,32.0000
1534.0000,518.0000,35.0000,33.0000
1528.0000,520.0000,35.0000,33.0000
1507.0000,484.0000,35.0000,32.0000
1490.0000,463.0000,35.0000,33.0000
1476.0000,442.0000,36.0000,34.0000
2
0
0
0
0
1
1452.0000,341.0000,33.0000,40.0000
1444.0000,330.0000,31.0000,40.0000
1436.0000,322.0000,31.0000,41.0000
2
0
0
0
0
1
1162.0000,355.0000,80.0000,13.0000
1137.0000,353.0000,80.0000,13.0000
1117.0000,353.0000,80.0000,13.0000
1093.0000,354.0000,81.0000,13.0000
1073.0000,352.0000,83.0000,14.0000
1066.0000,354.0000,82.0000,14.0000
1042.0000,354.0000,82.0000,14.0000
1034.0000,354.0000,83.0000,14.0000
1014.0000,354.0000,82.0000,14.0000
1003.0000,356.0000,80.0000,14.0000
989.0000,356.0000,81.0000,14.0000
979.0000,355.0000,80.0000,13.0000
981.0000,356.0000,80.0000,13.0000
982.0000,347.0000,80.0000,13.0000
976.0000,340.0000,80.0000,14.0000
970.0000,349.0000,80.0000,13.0000
978.0000,370.0000,78.0000,13.0000
1000.0000,395.0000,79.0000,12.0000
1003.0000,399.0000,79.0000,12.0000
999.0000,404.0000,79.0000,12.0000
1041.0000,408.0000,80.0000,12.0000
1039.0000,414.0000,80.0000,12.0000
1029.0000,428.0000,83.0000,14.0000
1005.0000,426.0000,80.0000,14.0000
1021.0000,422.0000,79.0000,13.0000
993.0000,423.0000,79.0000,13.0000
962.0000,389.0000,85.0000,14.0000
937.0000,370.0000,88.0000,14.0000
914.0000,368.0000,85.0000,14.0000
893.0000,364.0000,81.0000,15.0000
869.0000,357.0000,83.0000,15.0000
848.0000,351.0000,83.0000,16.0000
827.0000,347.0000,83.0000,16.0000
818.0000,344.0000,84.0000,17.0000
798.0000,343.0000,84.0000,18.0000
799.0000,345.0000,85.0000,17.0000
784.0000,338.0000,85.0000,17.0000
761.0000,320.0000,84.0000,18.0000
751.0000,323.0000,80.0000,17.0000
726.0000,322.0000,81.0000,16.0000
703.0000,319.0000,81.0000,18.0000
689.0000,319.0000,76.0000,17.0000
668.0000,316.0000,75.0000,18.0000
659.0000,315.0000,75.0000,17.0000
638.0000,307.0000,75.0000,17.0000
620.0000,300.0000,75.0000,18.0000
611.0000,296.0000,73.0000,19.0000
592.0000,291.0000,73.0000,18.0000
583.0000,288.0000,73.0000,17.0000
575.0000,287.0000,73.0000,16.0000
563.0000,285.0000,70.0000,18.0000
557.0000,282.0000,69.0000,19.0000
545.0000,279.0000,69.0000,18.0000
535.0000,277.0000,69.0000,19.0000
528.0000,274.0000,68.0000,19.0000
520.0000,272.0000,67.0000,19.0000
513.0000,274.0000,68.0000,19.0000
489.0000,284.0000,68.0000,19.0000
460.0000,288.0000,68.0000,20.0000
432.0000,292.0000,68.0000,20.0000
405.0000,297.0000,68.0000,20.0000
383.0000,300.0000,69.0000,20.0000
362.0000,304.0000,69.0000,19.0000
342.0000,307.0000,69.0000,19.0000
338.0000,308.0000,69.0000,19.0000
332.0000,312.0000,70.0000,19.0000
301.0000,317.0000,70.0000,19.0000
309.0000,312.0000,70.0000,18.0000
310.0000,303.0000,70.0000,18.0000
299.0000,294.0000,71.0000,18.0000
295.0000,282.0000,71.0000,18.0000
295.0000,268.0000,70.0000,18.0000
293.0000,254.0000,71.0000,17.0000
288.0000,241.0000,72.0000,17.0000
285.0000,232.0000,73.0000,18.0000
282.0000,225.0000,73.0000,17.0000
276.0000,218.0000,73.0000,17.0000
274.0000,211.0000,72.0000,17.0000
231.0000,196.0000,74.0000,18.0000
250.0000,155.0000,77.0000,20.0000
255.0000,147.0000,78.0000,19.0000
270.0000,139.0000,79.0000,19.0000
287.0000,134.0000,81.0000,17.0000
301.0000,130.0000,81.0000,15.0000
312.0000,127.0000,81.0000,14.0000
319.0000,124.0000,81.0000,13.0000
331.0000,120.0000,82.0000,14.0000
339.0000,117.0000,82.0000,14.0000
344.0000,115.0000,82.0000,14.0000
353.0000,111.0000,83.0000,14.0000
360.0000,110.0000,83.0000,13.0000
364.0000,108.0000,84.0000,13.0000
367.0000,107.0000,84.0000,13.0000
362.0000,104.0000,85.0000,13.0000
360.0000,101.0000,85.0000,14.0000
357.0000,99.0000,85.0000,14.0000
393.0000,114.0000,86.0000,15.0000
401.0000,120.0000,86.0000,14.0000
408.0000,123.0000,86.0000,15.0000
416.0000,126.0000,86.0000,15.0000
427.0000,130.0000,83.0000,15.0000
442.0000,134.0000,80.0000,16.0000
448.0000,138.0000,78.0000,15.0000
454.0000,141.0000,77.0000,14.0000
