1
125.8403,466.0139,28.1063,71.0785
128.3875,467.2606,27.7610,70.8032
0
0
0
0
0
0
0
0
0
2
0
0
0
0
1
157.6965,593.4929,45.4332,71.8770
153.5065,603.4999,47.0130,71.4620
153.5065,603.4999,47.0130,71.4620
153.5065,603.4999,47.0130,71.4620
153.5065,603.4999,47.0130,71.4620
153.5065,603.4999,47.0130,71.4620
0
0
0
0
0
0
2
0
0
0
0
1
411.3733,848.3133,73.9458,47.4388
423.1368,848.3339,79.0838,47.0160
423.1368,848.3339,79.0838,47.0160
0
0
0
0
0
0
0
0
2
0
0
0
0
1
558.8467,738.6429,40.8500,64.4798
561.7106,742.6733,40.8486,64.4364
561.7106,742.6733,40.8486,64.4364
561.7106,742.6733,40.8486,64.4364
561.7106,742.6733,40.8486,64.4364
561.7106,742.6733,40.8486,64.4364
561.7106,742.6733,40.8486,64.4364
561.7106,742.6733,40.8486,64.4364
561.7106,742.6733,40.8486,64.4364
561.7106,742.6733,40.8486,64.4364
561.7106,742.6733,40.8486,64.4364
562.9001,742.9181,39.5872,63.9195
562.9001,742.9181,39.5872,63.9195
562.9001,742.9181,39.5872,63.9195
562.9001,742.9181,39.5872,63.9195
562.9001,742.9181,39.5872,63.9195
562.9001,742.9181,39.5872,63.9195
562.9001,742.9181,39.5872,63.9195
562.9001,742.9181,39.5872,63.9195
562.9001,742.9181,39.5872,63.9195
562.9001,742.9181,39.5872,63.9195
556.4217,736.4669,40.1144,64.4709
556.4217,736.4669,40.1144,64.4709
556.4217,736.4669,40.1144,64.4709
556.4217,736.4669,40.1144,64.4709
556.4217,736.4669,40.1144,64.4709
556.4217,736.4669,40.1144,64.4709
556.4217,736.4669,40.1144,64.4709
556.4217,736.4669,40.1144,64.4709
556.4217,736.4669,40.1144,64.4709
0
2
0
0
0
0
1
627.1645,616.6434,72.1807,33.8503
2
0
0
0
0
1
711.3912,694.3818,58.0834,69.3493
712.6105,696.8093,55.4532,69.6063
712.6105,696.8093,55.4532,69.6063
712.6105,696.8093,55.4532,69.6063
712.6105,696.8093,55.4532,69.6063
712.9036,702.6473,53.6033,68.6872
712.9036,702.6473,53.6033,68.6872
0
0
0
0
0
0
0
0
0
0
0
0
0
0
0
0
0
0
0
0
0
0
0
0
0
0
0
0
0
0
0
0
0
0
2
0
0
0
0
1
458.6057,713.3560,68.7827,19.4130
466.9233,709.3307,68.7949,19.3650
466.9233,709.3307,68.7949,19.3650
0
0
0
0
0
0
0
0
2
0
0
0
0
1
244.2393,248.5493,48.9017,69.4905
247.1811,250.3418,47.2597,69.6811
247.1811,250.3418,47.2597,69.6811
247.1811,250.3418,47.2597,69.6811
2
0
0
0
0
0
0
257.3387,243.5240,47.1837,69.2337
0
0
0
0
1
193.0010,318.1401,70.2562,42.2856
202.6221,319.0204,69.8056,43.2835
202.6221,319.0204,69.8056,43.2835
202.6221,319.0204,69.8056,43.2835
202.6221,319.0204,69.8056,43.2835
202.6221,319.0204,69.8056,43.2835
0
0
0
0
0
2
0
0
0
0
1
130.3318,506.9299,75.4128,44.5911
130.9498,507.8928,75.5694,43.1065
130.9498,507.8928,75.5694,43.1065
130.9498,507.8928,75.5694,43.1065
130.9498,507.8928,75.5694,43.1065
129.3826,509.4869,75.6227,41.5755
129.3826,509.4869,75.6227,41.5755
129.3826,509.4869,75.6227,41.5755
129.3826,509.4869,75.6227,41.5755
129.3826,509.4869,75.6227,41.5755
129.3826,509.4869,75.6227,41.5755
129.3826,509.4869,75.6227,41.5755
129.3826,509.4869,75.6227,41.5755
129.3826,509.4869,75.6227,41.5755
129.3826,509.4869,75.6227,41.5755
129.3826,509.4869,75.6227,41.5755
129.3826,509.4869,75.6227,41.5755
129.3826,509.4869,75.6227,41.5755
129.3826,509.4869,75.6227,41.5755
129.3826,509.4869,75.6227,41.5755
129.3826,509.4869,75.6227,41.5755
129.3826,509.4869,75.6227,41.5755
129.3826,509.4869,75.6227,41.5755
129.3826,509.4869,75.6227,41.5755
129.3826,509.4869,75.6227,41.5755
129.3826,509.4869,75.6227,41.5755
129.3826,509.4869,75.6227,41.5755
129.3826,509.4869,75.6227,41.5755
129.3826,509.4869,75.6227,41.5755
129.3826,509.4869,75.6227,41.5755
129.3826,509.4869,75.6227,41.5755
129.3826,509.4869,75.6227,41.5755
129.3826,509.4869,75.6227,41.5755
129.3826,509.4869,75.6227,41.5755
129.7112,509.6765,75.2284,39.8304
129.7112,509.6765,75.2284,39.8304
129.7112,509.6765,75.2284,39.8304
0
0
0
0
0
0
0
0
2
0
0
0
0
1
140.9345,625.3306,66.2845,57.2133
142.8886,627.3430,64.1764,57.4316
142.8886,627.3430,64.1764,57.4316
142.8886,627.3430,64.1764,57.4316
142.8886,627.3430,64.1764,57.4316
142.8886,627.3430,64.1764,57.4316
142.8886,627.3430,64.1764,57.4316
142.8886,627.3430,64.1764,57.4316
142.8886,627.3430,64.1764,57.4316
142.8886,627.3430,64.1764,57.4316
142.8886,627.3430,64.1764,57.4316
142.8886,627.3430,64.1764,57.4316
142.8886,627.3430,64.1764,57.4316
142.8886,627.3430,64.1764,57.4316
142.8886,627.3430,64.1764,57.4316
142.8886,627.3430,64.1764,57.4316
142.8886,627.3430,64.1764,57.4316
142.8886,627.3430,64.1764,57.4316
142.8886,627.3430,64.1764,57.4316
142.8886,627.3430,64.1764,57.4316
142.8886,627.3430,64.1764,57.4316
142.8886,627.3430,64.1764,57.4316
142.8886,627.3430,64.1764,57.4316
142.8886,627.3430,64.1764,57.4316
142.8886,627.3430,64.1764,57.4316
142.8886,627.3430,64.1764,57.4316
142.8886,627.3430,64.1764,57.4316
142.8886,627.3430,64.1764,57.4316
142.8886,627.3430,64.1764,57.4316
142.8886,627.3430,64.1764,57.4316
142.8886,627.3430,64.1764,57.4316
142.8886,627.3430,64.1764,57.4316
145.7387,629.0751,60.7031,57.2071
0
0
0
0
0
0
0
0
2
0
0
0
0
1
373.1112,784.5170,64.4121,21.2214
375.8164,781.1593,64.3306,21.2628
375.8164,781.1593,64.3306,21.2628
375.8164,781.1593,64.3306,21.2628
375.8164,781.1593,64.3306,21.2628
375.8164,781.1593,64.3306,21.2628
375.8164,781.1593,64.3306,21.2628
0
0
0
0
2
0
0
0
0
1
577.4648,804.2288,39.9313,71.8387
569.0400,806.3533,38.0416,71.8497
569.0400,806.3533,38.0416,71.8497
569.0400,806.3533,38.0416,71.8497
0
0
0
0
0
0
0
2
0
0
0
