102.27
1.4692
4.8983
4.792
1.1422
1.1368
1.1553
1.1079
4.6925
4.6782
4.8269
4.8469
1.0437
1.143
1.1256
1.0616
1.145
4.3712
4.7763
4.7766
1.0701
4.689
4.7918
4.7753
1.1434
1.0652
1.0848
1.1704
4.3758
2.3537
1.1102
4.4083
4.3383
4.7895
4.3241
4.3223
1.0752
1.0602
1.1797
5.6695
4.7413
4.2871
1.0943
1.1279
4.4143
4.3791
4.4542
4.3065
4.3142
5.6952
4.4686
4.4832
4.4645
4.4438
4.4781
4.3498
4.3508
4.4269
4.4356
5.6937
4.4296
4.3325
4.4715
4.4067
4.4745
4.4494
4.284
4.8087
4.2657
5.6893
4.3553
4.3354
4.333
4.3486
4.4415
1.081
1.0907
1.1196
4.3685
5.6497
1.09
1.11
1.1372
4.3484
4.348
4.256
4.2959
1.1126
1.0989
5.6949
4.4078
4.4058
4.4128
4.3056
4.4551
4.4867
4.4063
1.1523
1.1873
5.6403
4.3737
1.1067
4.3448
4.3573
4.3559
1.1071
4.2722
4.3794
4.4029
5.6147
4.3161
1.0732
4.2363
4.2726
4.3688
4.4067
4.3533
1.0734
1.0919
5.7196
1.0812
4.3993
4.4535
1.1007
4.3297
4.4266
1.0678
4.3522
4.2847
5.6659
4.3759
4.2731
4.3037
4.3098
4.3864
4.3713
4.3963
1.123
1.1377
5.7098
4.3725
4.3299
1.1148
4.3611
4.422
4.3847
4.4367
4.3682
4.4696
5.6946
4.4156
4.438
4.4467
4.472
4.3528
4.363
4.4435
4.3817
4.4856
5.7241
4.3955
4.369
1.1518
4.4592
4.3444
1.1169
1.1088
4.4658
4.4191
2.4233
4.4548
4.386
4.2906
4.4667
4.5957
4.5052
4.4837
1.0823
4.4167
5.6579
4.441
4.4222
4.3725
4.4281
4.4067
4.429
4.3956
4.4729
4.4576
2.4004
4.4901
4.3932
4.4345
4.4248
1.0703
4.497
4.3987
4.4099
4.4319
5.6842
1.1253
1.1066
4.4163
1.1141
1.1528
1.0489
4.4116
1.1001
1.1069
2.283
4.29
4.3268
4.36
1.0945
4.413
4.2855
4.2688
4.2076
4.4056
5.6696
4.3821
4.4075
1.0914
1.102
4.4128
4.4245
4.3912
1.1195
4.3844
5.6151
4.3251
4.3817
4.412
4.2875
4.3255
1.0874
1.0648
1.0687
4.4053
5.7169
4.3788
4.4018
4.4128
4.357
1.1184
1.0563
1.1013
4.4278
4.4038
5.6502
1.0429
4.3105
4.245
4.3148
4.4346
4.2398
4.2311
4.3271
1.1241
5.6354
1.1201
4.4261
4.3768
4.377
1.0784
4.2936
4.387
1.1177
1.1152
2.3863
1.0816
4.4125
4.3976
1.0774
4.275
4.3131
1.0871
1.1191
1.0517
2.4092
4.3996
4.3375
1.0436
1.076
1.1183
1.0929
1.063
4.2999
4.2544
5.6554
1.0939
4.3914
4.3045
4.301
4.4789
4.4541
4.3766
4.3368
4.4049
5.5579
4.3221
4.3372
4.4707
4.4602
1.0615
4.4222
4.4289
4.3566
4.3649
5.6891
4.4356
4.3723
4.3291
4.3859
4.464
1.1131
4.5261
4.3809
1.0686
5.5723
4.3268
4.3948
1.0907
4.4178
4.3826
4.4171
4.3276
4.2904
4.3405
5.683
4.323
4.364
4.3763
4.3737
4.247
4.2865
4.3691
4.3129
4.2665
5.6555
4.4717
4.3376
4.271
4.4259
4.2822
4.356
4.3853
4.3241
4.2616
5.7022
4.3585
4.4061
4.3148
4.3878
4.431
4.4503
4.4237
4.3489
4.3531
5.6321
4.4295
4.4478
4.4444
4.3042
4.2502
4.4128
4.3566
4.3874
4.3839
5.8009
4.2958
4.3775
4.379
4.2693
4.3226
4.3557
4.2229
4.3194
4.3153
5.6589
4.3465
4.4004
4.3776
4.4341
4.3408
4.3407
4.449
4.3966
4.3568
5.6303
4.4628
4.3509
4.3082
4.3746
4.2696
4.3927
4.3699
4.2
4.339
5.5719
4.241
4.2426
4.4306
4.2695
4.2928
4.2563
4.3309
4.4476
4.4832
5.7507
4.4276
4.3377
4.2267
4.2886
4.4636
4.3494
4.354
4.4126
4.4309
5.7197
4.3847
4.4506
4.3826
4.4478
4.3824
4.4381
4.4112
4.3057
4.4134
5.5528
4.4267
4.3507
4.3945
4.4329
4.2552
4.4042
4.3563
4.3644
4.4457
5.8348
4.3979
4.3446
4.2484
4.3439
4.3824
4.3372
4.3367
4.4893
4.2789
5.5557
4.2442
4.4499
4.3301
4.3121
4.4195
4.3946
4.202
4.1935
4.2409
5.7132
4.303
4.2621
4.3326
4.2991
4.3561
4.3878
4.4426
4.382
4.4824
5.7421
4.3479
4.353
4.3571
4.4643
4.5401
4.3449
4.3132
4.3343
4.3128
5.7164
4.4481
4.4609
4.2259
4.2851
4.3455
4.4385
4.3565
4.4006
4.3538
5.5464
4.3921
4.4301
4.4222
4.3659
4.4422
4.4245
4.3159
4.2387
4.2399
5.7184
4.4102
4.5034
1.1465
4.4126
4.3268
4.3557
4.3417
4.421
4.4069
5.7231
4.4725
4.4248
4.4131
4.4472
1.1108
4.4458
4.422
4.42
4.4357
4.8161
4.8502
4.4468
4.4063
4.3445
4.2917
1.1353
4.2718
4.2257
4.2543
5.5797
4.4597
1.1545
4.4049
4.3678
4.3465
4.45
4.5761
4.3656
4.258
5.5042
4.2169
4.4486
4.2608
4.2903
4.2224
4.3989
4.4991
4.3797
4.4316
5.7135
4.4521
4.4618
4.4136
4.4407
4.4187
4.3241
4.3435
4.2435
4.3875
5.7071
4.4041
4.3475
4.5108
4.4136
4.4337
4.4191
4.4087
4.4492
4.4315
5.7408
4.49
4.4068
4.4264
4.3066
4.4108
4.4156
4.3565
4.4304
4.4869
5.6862
4.4203
4.4652
4.3726
4.4517
4.3434
4.3768
4.3724
4.4972
4.364
5.6353
4.4092
4.3551
4.4293
4.3251
4.3348
4.475
4.2814
4.3996
4.4083
5.7644
4.4341
4.3758
4.4444
4.3341
4.4321
4.4013
4.3324
4.4673
4.389
5.6096
4.5539
4.5186
4.4822
4.3919
4.4054
4.4255
4.3614
4.4101
4.4365
5.7107
4.3723
4.4083
4.411
4.3228
4.3526
4.5127
4.4165
4.3938
4.4747
5.6988
4.4672
4.4689
4.4859
4.2974
4.3841
4.329
4.4132
4.5048
4.4334
5.6261
4.379
4.3924
4.3721
4.4232
4.3519
4.2976
4.4455
4.4753
4.5265
5.6666
4.4596
4.4984
4.4276
4.4332
4.3613
4.4184
4.3784
4.4583
4.3963
5.5421
4.376
4.3913
4.2744
4.458
4.4888
4.4444
4.4756
4.4448
4.4759
5.5974
4.412
4.4698
4.3989
4.3553
4.3719
4.381
4.3813
4.4484
4.3271
5.5327
4.3473
4.3569
4.3561
4.2513
4.2823
4.2839
4.3118
4.3336
4.2781
5.7031
4.2682
4.3018
4.2035
4.3529
4.3101
4.2815
4.4183
4.3701
4.3846
5.7002
4.4502
4.3742
4.4028
4.2457
4.259
4.4493
4.3001
4.2333
4.213
5.5685
4.4191
4.3924
4.3987
4.4051
4.5012
4.3604
4.3231
4.4075
4.3727
5.7239
4.3308
4.4192
4.4055
4.4869
4.3967
4.3378
4.3202
4.4157
4.4034
5.6754
4.287
4.2403
4.2741
4.4206
4.2762
4.4165
4.4048
4.476
4.4311
5.7748
4.4394
4.4018
