0.000143
0.13559
0.034412
0.035415
0.033055
0.031088
0.030908
0.036063
0.03146
0.029805
0.029729
0.029602
0.03023
0.030225
0.029667
0.030429
0.033379
0.032705
0.032778
0.032792
0.033572
0.033281
0.033013
0.034027
0.030061
0.02979
0.029909
0.030319
0.029836
0.030348
0.029373
0.028856
0.03087
0.029595
0.02948
0.02958
0.029196
0.029464
0.03042
0.029594
0.029616
0.029649
0.030441
0.030204
0.029857
0.029714
0.030246
0.029988
0.03049
0.030159
0.031047
0.030806
0.029502
0.029368
0.03064
0.029963
0.030883
0.030953
0.031144
0.030854
0.031492
0.036869
0.035969
0.035462
0.037712
0.032505
0.032678
0.036465
0.030878
0.030405
0.033898
0.030385
0.030872
0.031536
0.033127
0.034024
0.035268
0.031744
0.031436
0.035448
0.034633
0.03428
0.032269
0.030708
0.030877
0.031504
0.031438
0.031534
0.032593
0.032839
0.035529
0.031699
0.032392
0.03049
0.031796
0.031897
0.032074
0.030363
0.031871
0.03417
0.035724
0.037329
0.031859
0.032753
0.031748
0.031834
0.033401
0.031503
0.033318
0.032807
0.03251
0.031104
0.031091
0.03535
0.032697
0.031662
0.03251
0.031634
0.031874
0.030627
0.032125
0.035418
0.03664
0.037166
0.038107
0.039964
0.037841
0.033217
0.032492
0.031648
0.032835
0.033228
0.031942
0.031896
0.032406
0.035107
0.034225
0.035317
0.036062
0.036145
0.034534
0.035239
0.03457
0.034269
0.034992
0.03436
0.032299
0.030998
0.03158
0.031322
0.031518
0.030775
0.030548
0.030428
0.031597
0.031864
0.030709
0.030727
0.030331
0.031478
0.030377
0.031165
0.030557
0.030914
0.03102
0.031266
0.031711
0.030991
0.030897
0.031773
0.031472
0.031534
0.030692
0.031121
0.03102
0.030794
0.030759
0.031213
0.031669
0.031061
0.031159
0.03157
0.032317
0.03472
0.035051
0.034312
0.033572
0.038691
0.031214
0.032016
0.030733
0.031569
0.031102
0.031381
0.030847
0.030953
0.031618
0.031342
0.031594
0.0318
0.032903
0.032081
0.031923
0.03199
0.032258
0.031471
0.032205
0.031274
0.031024
0.03153
0.031556
0.031837
0.031791
0.03148
0.032219
0.031772
0.033384
0.032176
0.032115
0.032423
0.033745
0.032721
0.032563
0.032811
0.031848
0.032329
0.032992
0.03178
0.031983
0.031527
0.031959
0.032666
0.032421
0.032116
0.031864
0.031645
0.032504
0.032918
0.033213
0.032515
0.033079
0.03204
0.034022
0.034172
0.034851
0.036822
0.036004
0.041092
0.036505
0.03915
0.041187
