0.025135,0.025508,0.025003,0,0,0,0,0,0,0,0,0,0,0,0
0.068197,0.0728,0.068668,0,0,0,0,0,0,0,0,0,0,0,0
0.066636,0.071719,0.06753,0,0,0,0,0,0,0,0,0,0,0,0
0.067509,0.07048,0.067002,0,0,0,0,0,0,0,0,0,0,0,0
0.071141,0.066896,0.06748,0,0,0,0,0,0,0,0,0,0,0,0
0.066389,0.066064,0.066823,0,0,0,0,0,0,0,0,0,0,0,0
0.066364,0.069309,0.07194,0,0,0,0,0,0,0,0,0,0,0,0
0.069595,0.072178,0.067463,0,0,0,0,0,0,0,0,0,0,0,0
0.067427,0.071172,0.070207,0,0,0,0,0,0,0,0,0,0,0,0
0.067427,0.067366,0.071998,0,0,0,0,0,0,0,0,0,0,0,0
0.071232,0.068795,0.085728,0,0,0,0,0,0,0,0,0,0,0,0
0.067911,0.068502,0.070991,0,0,0,0,0,0,0,0,0,0,0,0
0.072213,0.067227,0.066999,0,0,0,0,0,0,0,0,0,0,0,0
0.072316,0.067546,0.068528,0,0,0,0,0,0,0,0,0,0,0,0
0.066884,0.06671,0.070519,0,0,0,0,0,0,0,0,0,0,0,0
0.068848,0.071007,0.06708,0,0,0,0,0,0,0,0,0,0,0,0
0.075474,0.072698,0.067254,0,0,0,0,0,0,0,0,0,0,0,0
0.066784,0.069521,0.078515,0,0,0,0,0,0,0,0,0,0,0,0
0.066809,0.066951,0.067311,0,0,0,0,0,0,0,0,0,0,0,0
0.068393,0.06839,0.06909,0,0,0,0,0,0,0,0,0,0,0,0
0.068528,0.06708,0.067166,0,0,0,0,0,0,0,0,0,0,0,0
0.066753,0.06725,0.067469,0,0,0,0,0,0,0,0,0,0,0,0
0.071837,0.073136,0.068273,0,0,0,0,0,0,0,0,0,0,0,0
0.067566,0.066797,0.075926,0,0,0,0,0,0,0,0,0,0,0,0
0.06708,0.066668,0.066594,0,0,0,0,0,0,0,0,0,0,0,0
0.066907,0.068009,0.066811,0,0,0,0,0,0,0,0,0,0,0,0
0.072051,0.068629,0.067967,0,0,0,0,0,0,0,0,0,0,0,0
0.07027,0.066974,0.06783,0,0,0,0,0,0,0,0,0,0,0,0
0.068188,0.067379,0.068442,0,0,0,0,0,0,0,0,0,0,0,0
0.070188,0.067037,0.070437,0,0,0,0,0,0,0,0,0,0,0,0
0.070471,0.074495,0.068166,0,0,0,0,0,0,0,0,0,0,0,0
0.06822,0.068383,0.067963,0,0,0,0,0,0,0,0,0,0,0,0
0.069628,0.067692,0.071138,0,0,0,0,0,0,0,0,0,0,0,0
0.081278,0.081611,0.080755,0,0,0,0,0,0,0,0,0,0,0,0
0.06795,0.067411,0.067813,0,0,0,0,0,0,0,0,0,0,0,0
0.06565,0.065353,0.071434,0,0,0,0,0,0,0,0,0,0,0,0
0.071565,0.073484,0.068161,0,0,0,0,0,0,0,0,0,0,0,0
0.075631,0.070163,0.066521,0,0,0,0,0,0,0,0,0,0,0,0
0.066697,0.069499,0.066974,0,0,0,0,0,0,0,0,0,0,0,0
0.06823,0.066558,0.067557,0,0,0,0,0,0,0,0,0,0,0,0
0.067301,0.081117,0.067832,0,0,0,0,0,0,0,0,0,0,0,0
0.067692,0.067868,0.070057,0,0,0,0,0,0,0,0,0,0,0,0
0.067904,0.071542,0.069443,0,0,0,0,0,0,0,0,0,0,0,0
0.069297,0.073967,0.079508,0,0,0,0,0,0,0,0,0,0,0,0
0.067793,0.066809,0.072016,0,0,0,0,0,0,0,0,0,0,0,0
0.068005,0.067315,0.067939,0,0,0,0,0,0,0,0,0,0,0,0
0.066432,0.071161,0.069845,0,0,0,0,0,0,0,0,0,0,0,0
0.067624,0.072229,0.067053,0,0,0,0,0,0,0,0,0,0,0,0
0.075101,0.068171,0.069047,0,0,0,0,0,0,0,0,0,0,0,0
0.073603,0.07065,0.070307,0,0,0,0,0,0,0,0,0,0,0,0
0.077625,0.074654,0.075448,0,0,0,0,0,0,0,0,0,0,0,0
0.073968,0.069058,0.071543,0,0,0,0,0,0,0,0,0,0,0,0
0.069168,0.069542,0.068748,0,0,0,0,0,0,0,0,0,0,0,0
0.069626,0.074622,0.069828,0,0,0,0,0,0,0,0,0,0,0,0
0.068198,0.067711,0.0727,0,0,0,0,0,0,0,0,0,0,0,0
0.075399,0.068868,0.0699,0,0,0,0,0,0,0,0,0,0,0,0
0.077115,0.087251,0.073666,0,0,0,0,0,0,0,0,0,0,0,0
0.072172,0.078181,0.078308,0,0,0,0,0,0,0,0,0,0,0,0
0.072542,0.078731,0.072789,0,0,0,0,0,0,0,0,0,0,0,0
0.067882,0.072907,0.06789,0,0,0,0,0,0,0,0,0,0,0,0
0.074569,0.075122,0.080048,0,0,0,0,0,0,0,0,0,0,0,0
0.067526,0.06972,0.066626,0,0,0,0,0,0,0,0,0,0,0,0
0.072204,0.068767,0.068089,0,0,0,0,0,0,0,0,0,0,0,0
0.06889,0.069001,0.075283,0,0,0,0,0,0,0,0,0,0,0,0
0.068425,0.071684,0.077353,0,0,0,0,0,0,0,0,0,0,0,0
0.077615,0.067761,0.080419,0,0,0,0,0,0,0,0,0,0,0,0
0.069878,0.074,0.067116,0,0,0,0,0,0,0,0,0,0,0,0
0.067642,0.067554,0.067449,0,0,0,0,0,0,0,0,0,0,0,0
0.067875,0.06884,0.06766,0,0,0,0,0,0,0,0,0,0,0,0
0.067376,0.071132,0.067635,0,0,0,0,0,0,0,0,0,0,0,0
0.073564,0.066694,0.0725,0,0,0,0,0,0,0,0,0,0,0,0
0.067191,0.066621,0.066646,0,0,0,0,0,0,0,0,0,0,0,0
0.076536,0.067892,0.067761,0,0,0,0,0,0,0,0,0,0,0,0
0.067286,0.072897,0.0666,0,0,0,0,0,0,0,0,0,0,0,0
0.06724,0.066635,0.066982,0,0,0,0,0,0,0,0,0,0,0,0
0.066414,0.070228,0.066303,0,0,0,0,0,0,0,0,0,0,0,0
0.071929,0.070703,0.067293,0,0,0,0,0,0,0,0,0,0,0,0
0.068193,0.067618,0.070141,0,0,0,0,0,0,0,0,0,0,0,0
0.078048,0.069681,0.066615,0,0,0,0,0,0,0,0,0,0,0,0
0.070847,0.069699,0.073294,0,0,0,0,0,0,0,0,0,0,0,0
0.067595,0.067777,0.069001,0,0,0,0,0,0,0,0,0,0,0,0
0.073494,0.071721,0.072989,0,0,0,0,0,0,0,0,0,0,0,0
0.069068,0.077051,0.072451,0,0,0,0,0,0,0,0,0,0,0,0
0.067508,0.06652,0.068495,0,0,0,0,0,0,0,0,0,0,0,0
0.067808,0.06802,0.068297,0,0,0,0,0,0,0,0,0,0,0,0
0.067121,0.067154,0.071267,0,0,0,0,0,0,0,0,0,0,0,0
0.070735,0.065886,0.081911,0,0,0,0,0,0,0,0,0,0,0,0
0.067631,0.070676,0.070989,0,0,0,0,0,0,0,0,0,0,0,0
0.067348,0.066754,0.080176,0,0,0,0,0,0,0,0,0,0,0,0
0.067167,0.06615,0.073007,0,0,0,0,0,0,0,0,0,0,0,0
0.06646,0.068845,0.066876,0,0,0,0,0,0,0,0,0,0,0,0
0.065845,0.065545,0.066378,0,0,0,0,0,0,0,0,0,0,0,0
0.067243,0.07945,0.067164,0,0,0,0,0,0,0,0,0,0,0,0
0.073186,0.069947,0.06755,0,0,0,0,0,0,0,0,0,0,0,0
0.067515,0.069589,0.068056,0,0,0,0,0,0,0,0,0,0,0,0
0.074134,0.067592,0.069925,0,0,0,0,0,0,0,0,0,0,0,0
0.06656,0.071813,0.070988,0,0,0,0,0,0,0,0,0,0,0,0
0.067525,0.068833,0.066827,0,0,0,0,0,0,0,0,0,0,0,0
0.072523,0.07104,0.067047,0,0,0,0,0,0,0,0,0,0,0,0
0.068606,0.067605,0.06754,0,0,0,0,0,0,0,0,0,0,0,0
0.067013,0.067342,0.067637,0,0,0,0,0,0,0,0,0,0,0,0
0.067543,0.067153,0.066453,0,0,0,0,0,0,0,0,0,0,0,0
0.075481,0.071489,0.066714,0,0,0,0,0,0,0,0,0,0,0,0
0.066531,0.06732,0.072998,0,0,0,0,0,0,0,0,0,0,0,0
0.075209,0.074999,0.074542,0,0,0,0,0,0,0,0,0,0,0,0
0.074126,0.066995,0.067041,0,0,0,0,0,0,0,0,0,0,0,0
0.070572,0.073856,0.067102,0,0,0,0,0,0,0,0,0,0,0,0
0.068931,0.077785,0.067185,0,0,0,0,0,0,0,0,0,0,0,0
0.069219,0.06679,0.069039,0,0,0,0,0,0,0,0,0,0,0,0
0.067794,0.067139,0.074533,0,0,0,0,0,0,0,0,0,0,0,0
0.069903,0.072086,0.067271,0,0,0,0,0,0,0,0,0,0,0,0
0.068219,0.067122,0.067513,0,0,0,0,0,0,0,0,0,0,0,0
0.070197,0.067247,0.068208,0,0,0,0,0,0,0,0,0,0,0,0
0.067993,0.071909,0.06825,0,0,0,0,0,0,0,0,0,0,0,0
0.071699,0.066809,0.066945,0,0,0,0,0,0,0,0,0,0,0,0
0.069031,0.068543,0.072893,0,0,0,0,0,0,0,0,0,0,0,0
0.067388,0.067692,0.067502,0,0,0,0,0,0,0,0,0,0,0,0
0.07373,0.07362,0.072895,0,0,0,0,0,0,0,0,0,0,0,0
0.068866,0.078034,0.077321,0,0,0,0,0,0,0,0,0,0,0,0
0.072035,0.068667,0.075496,0,0,0,0,0,0,0,0,0,0,0,0
0.067823,0.068864,0.071084,0,0,0,0,0,0,0,0,0,0,0,0
0.069613,0.069432,0.068528,0,0,0,0,0,0,0,0,0,0,0,0
0.068124,0.067872,0.067875,0,0,0,0,0,0,0,0,0,0,0,0
0.068288,0.068264,0.069061,0,0,0,0,0,0,0,0,0,0,0,0
0.069047,0.070462,0.068069,0,0,0,0,0,0,0,0,0,0,0,0
0.076961,0.071536,0.07162,0,0,0,0,0,0,0,0,0,0,0,0
0.071466,0.069114,0.075189,0,0,0,0,0,0,0,0,0,0,0,0
0.074652,0.070936,0.070153,0,0,0,0,0,0,0,0,0,0,0,0
0.067065,0.065997,0.06831,0,0,0,0,0,0,0,0,0,0,0,0
0.067643,0.065641,0.066613,0,0,0,0,0,0,0,0,0,0,0,0
0.068195,0.068068,0.070451,0,0,0,0,0,0,0,0,0,0,0,0
0.068432,0.071262,0.067672,0,0,0,0,0,0,0,0,0,0,0,0
0.072753,0.068659,0.084592,0,0,0,0,0,0,0,0,0,0,0,0
0.067608,0.067095,0.067801,0,0,0,0,0,0,0,0,0,0,0,0
0.075327,0.081513,0.078134,0,0,0,0,0,0,0,0,0,0,0,0
0.074525,0.074154,0.073815,0,0,0,0,0,0,0,0,0,0,0,0
0.078753,0.078108,0.079024,0,0,0,0,0,0,0,0,0,0,0,0
0.077949,0.078012,0.078293,0,0,0,0,0,0,0,0,0,0,0,0
0.07674,0.07998,0.077305,0,0,0,0,0,0,0,0,0,0,0,0
0.077177,0.079558,0.076038,0,0,0,0,0,0,0,0,0,0,0,0
0.067692,0.071988,0.07058,0,0,0,0,0,0,0,0,0,0,0,0
0.086354,0.06814,0.068943,0,0,0,0,0,0,0,0,0,0,0,0
0.077253,0.077898,0.081036,0,0,0,0,0,0,0,0,0,0,0,0
0.077156,0.066033,0.066093,0,0,0,0,0,0,0,0,0,0,0,0
0.076113,0.075609,0.077595,0,0,0,0,0,0,0,0,0,0,0,0
0.074208,0.074271,0.078678,0,0,0,0,0,0,0,0,0,0,0,0
0.088188,0.087022,0.077722,0,0,0,0,0,0,0,0,0,0,0,0
0.070279,0.074947,0.070708,0,0,0,0,0,0,0,0,0,0,0,0
0.072787,0.072909,0.074534,0,0,0,0,0,0,0,0,0,0,0,0
0.068642,0.07278,0.068588,0,0,0,0,0,0,0,0,0,0,0,0
0.069302,0.076904,0.07219,0,0,0,0,0,0,0,0,0,0,0,0
0.073904,0.073672,0.072985,0,0,0,0,0,0,0,0,0,0,0,0
0.079059,0.077463,0.081312,0,0,0,0,0,0,0,0,0,0,0,0
0.066578,0.067682,0.067816,0,0,0,0,0,0,0,0,0,0,0,0
0.10582,0.11268,0.11061,0,0,0,0,0,0,0,0,0,0,0,0
0.076781,0.076317,0.080668,0,0,0,0,0,0,0,0,0,0,0,0
0.080403,0.085745,0.079529,0,0,0,0,0,0,0,0,0,0,0,0
0.076639,0.074987,0.075246,0,0,0,0,0,0,0,0,0,0,0,0
0.086232,0.08395,0.076169,0,0,0,0,0,0,0,0,0,0,0,0
0.087679,0.081504,0.083968,0,0,0,0,0,0,0,0,0,0,0,0
0.074525,0.073353,0.073442,0,0,0,0,0,0,0,0,0,0,0,0
0.078673,0.07768,0.078777,0,0,0,0,0,0,0,0,0,0,0,0
0.079268,0.078739,0.078949,0,0,0,0,0,0,0,0,0,0,0,0
0.07007,0.070314,0.079257,0,0,0,0,0,0,0,0,0,0,0,0
0.090382,0.090803,0.089824,0,0,0,0,0,0,0,0,0,0,0,0
0.072925,0.075584,0.076416,0,0,0,0,0,0,0,0,0,0,0,0
0.075649,0.078727,0.069868,0,0,0,0,0,0,0,0,0,0,0,0
0.075239,0.07572,0.07466,0,0,0,0,0,0,0,0,0,0,0,0
0.11562,0.11217,0.10758,0,0,0,0,0,0,0,0,0,0,0,0
0.088754,0.084001,0.083537,0,0,0,0,0,0,0,0,0,0,0,0
0.092556,0.096519,0.095117,0,0,0,0,0,0,0,0,0,0,0,0
0.093165,0.092542,0.092655,0,0,0,0,0,0,0,0,0,0,0,0
0.091636,0.10228,0.093802,0,0,0,0,0,0,0,0,0,0,0,0
0.087878,0.086443,0.088413,0,0,0,0,0,0,0,0,0,0,0,0
0.085487,0.089219,0.084033,0,0,0,0,0,0,0,0,0,0,0,0
0.10935,0.11315,0.10901,0,0,0,0,0,0,0,0,0,0,0,0
0.077226,0.078902,0.078502,0,0,0,0,0,0,0,0,0,0,0,0
0.079409,0.079622,0.080654,0,0,0,0,0,0,0,0,0,0,0,0
0.08072,0.082151,0.081935,0,0,0,0,0,0,0,0,0,0,0,0
0.091523,0.096895,0.093687,0,0,0,0,0,0,0,0,0,0,0,0
0.089938,0.085059,0.086166,0,0,0,0,0,0,0,0,0,0,0,0
0.082943,0.083661,0.07941,0,0,0,0,0,0,0,0,0,0,0,0
0.0868,0.087697,0.089409,0,0,0,0,0,0,0,0,0,0,0,0
0.072514,0.072706,0.072813,0,0,0,0,0,0,0,0,0,0,0,0
0.075114,0.080233,0.073793,0,0,0,0,0,0,0,0,0,0,0,0
0.087034,0.086474,0.08684,0,0,0,0,0,0,0,0,0,0,0,0
0.091149,0.087577,0.099006,0,0,0,0,0,0,0,0,0,0,0,0
0.087299,0.087638,0.098816,0,0,0,0,0,0,0,0,0,0,0,0
0.10237,0.12255,0.10144,0,0,0,0,0,0,0,0,0,0,0,0
0.11634,0.114,0.11649,0,0,0,0,0,0,0,0,0,0,0,0
0.085596,0.096948,0.083968,0,0,0,0,0,0,0,0,0,0,0,0
0.10452,0.099046,0.090045,0,0,0,0,0,0,0,0,0,0,0,0
0.11551,0.10485,0.10991,0,0,0,0,0,0,0,0,0,0,0,0
0.10382,0.1029,0.10296,0,0,0,0,0,0,0,0,0,0,0,0
0.079607,0.091837,0.083265,0,0,0,0,0,0,0,0,0,0,0,0
0.07474,0.074518,0.074535,0,0,0,0,0,0,0,0,0,0,0,0
0.07488,0.073941,0.07515,0,0,0,0,0,0,0,0,0,0,0,0
NaN,NaN,NaN,0,0,0,0,0,0,0,0,0,0,0,0
NaN,NaN,NaN,0,0,0,0,0,0,0,0,0,0,0,0
NaN,NaN,NaN,0,0,0,0,0,0,0,0,0,0,0,0
NaN,NaN,NaN,0,0,0,0,0,0,0,0,0,0,0,0
0.041308,0.035668,0.036372,0,0,0,0,0,0,0,0,0,0,0,0
0.099155,0.094742,0.099844,0,0,0,0,0,0,0,0,0,0,0,0
0.12835,0.12731,0.13406,0,0,0,0,0,0,0,0,0,0,0,0
0.16155,0.15648,0.15555,0,0,0,0,0,0,0,0,0,0,0,0
0.20361,0.20419,0.20868,0,0,0,0,0,0,0,0,0,0,0,0
0.21577,0.21221,0.22851,0,0,0,0,0,0,0,0,0,0,0,0
0.23236,0.22917,0.23873,0,0,0,0,0,0,0,0,0,0,0,0
0.31617,0.31843,0.30947,0,0,0,0,0,0,0,0,0,0,0,0
0.2432,0.2428,0.24439,0,0,0,0,0,0,0,0,0,0,0,0
0.16673,0.15616,0.15827,0,0,0,0,0,0,0,0,0,0,0,0
0.28976,0.2982,0.29811,0,0,0,0,0,0,0,0,0,0,0,0
0.14929,0.15216,0.14909,0,0,0,0,0,0,0,0,0,0,0,0
0.093746,0.096887,0.096859,0,0,0,0,0,0,0,0,0,0,0,0
0.15619,0.15906,0.15871,0,0,0,0,0,0,0,0,0,0,0,0
0.19805,0.19391,0.1908,0,0,0,0,0,0,0,0,0,0,0,0
0.2219,0.21084,0.21224,0,0,0,0,0,0,0,0,0,0,0,0
0.11398,0.1122,0.11264,0,0,0,0,0,0,0,0,0,0,0,0
0.14495,0.14961,0.15507,0,0,0,0,0,0,0,0,0,0,0,0
0.15433,0.14038,0.13858,0,0,0,0,0,0,0,0,0,0,0,0
0.18591,0.18519,0.18515,0,0,0,0,0,0,0,0,0,0,0,0
0.13845,0.13893,0.14363,0,0,0,0,0,0,0,0,0,0,0,0
0.13054,0.13272,0.13193,0,0,0,0,0,0,0,0,0,0,0,0
0.12047,0.12066,0.14018,0,0,0,0,0,0,0,0,0,0,0,0
0.11517,0.11624,0.12749,0,0,0,0,0,0,0,0,0,0,0,0
0.11676,0.1201,0.12281,0,0,0,0,0,0,0,0,0,0,0,0
0.1362,0.13542,0.13599,0,0,0,0,0,0,0,0,0,0,0,0
0.13077,0.1272,0.13525,0,0,0,0,0,0,0,0,0,0,0,0
0.13373,0.13189,0.1321,0,0,0,0,0,0,0,0,0,0,0,0
0.11528,0.12129,0.12148,0,0,0,0,0,0,0,0,0,0,0,0
0.098166,0.099305,0.10071,0,0,0,0,0,0,0,0,0,0,0,0
0.10485,0.10508,0.10065,0,0,0,0,0,0,0,0,0,0,0,0
0.20015,0.18314,0.18012,0,0,0,0,0,0,0,0,0,0,0,0
0.11686,0.11805,0.11579,0,0,0,0,0,0,0,0,0,0,0,0
0.15458,0.14855,0.14765,0,0,0,0,0,0,0,0,0,0,0,0
0.12638,0.12906,0.13179,0,0,0,0,0,0,0,0,0,0,0,0
NaN,NaN,NaN,0,0,0,0,0,0,0,0,0,0,0,0
NaN,NaN,NaN,0,0,0,0,0,0,0,0,0,0,0,0
NaN,NaN,NaN,0,0,0,0,0,0,0,0,0,0,0,0
NaN,NaN,NaN,0,0,0,0,0,0,0,0,0,0,0,0
