0.92655
2.8635
0.44761
0.38976
0.40095
0.49655
0.36503
0.37538
0.35443
0.35414
0.35907
0.38281
0.33105
0.42138
0.31895
0.31885
0.33341
0.31218
0.39714
0.40821
0.32522
0.47466
0.33484
0.3772
0.33437
0.42674
0.32534
0.43358
0.31917
0.30801
0.31331
0.4101
0.35324
0.35723
0.37861
0.41767
0.33449
0.44823
0.33005
0.30672
0.37815
0.49341
0.34926
0.37999
0.34176
0.41828
0.34137
0.45558
0.35126
0.39971
0.33493
0.48891
0.30084
0.33254
0.29881
0.47606
0.32015
0.27536
0.29447
0.28412
0.30446
0.45815
0.30499
0.47336
0.2975
0.41908
0.43011
0.30127
0.38244
0.39453
0.31848
0.30035
0.31171
0.35869
0.37061
0.30819
0.38519
0.42775
0.32368
0.33129
0.35904
0.29789
0.31712
0.30076
0.33569
0.30263
0.32668
0.42268
0.38063
0.30754
0.33241
0.53185
0.43339
0.48772
0.30861
0.41021
0.31008
0.31413
0.3387
0.34249
0.35105
0.34215
0.36164
0.34804
0.32986
0.2849
0.32645
0.44835
0.27034
0.31439
0.29994
0.29351
0.29873
0.30618
0.35084
0.28363
0.30297
0.27192
0.25849
0.31403
0.28865
0.28621
0.29181
0.27154
0.31204
0.25078
0.26906
0.28903
0.27311
0.26625
0.27629
0.27601
0.26448
0.28491
0.29762
0.282
0.27838
0.32566
0.33394
0.27565
0.29867
0.34176
0.29715
0.28026
0.27993
0.27857
0.27952
0.28597
0.33656
0.27398
0.35937
0.24725
0.33249
0.38718
0.3128
0.40796
0.30107
0.38522
0.28355
0.38834
0.35672
0.26541
0.27296
0.28255
0.28332
0.29509
0.30011
0.29396
0.27713
0.29722
0.26722
0.27396
0.27658
0.31662
0.28166
0.40035
0.32447
0.37722
0.26626
0.32478
0.27503
0.27516
0.38369
0.3185
0.25777
0.28086
0.25897
0.29461
0.38312
0.34607
0.3699
0.25824
0.2673
0.2474
0.37989
0.2699
0.27019
0.25401
0.27145
0.26007
0.25377
0.29383
0.32665
0.44406
0.37133
0.28065
0.26725
0.32691
0.27811
0.28228
0.25922
0.26178
0.29142
0.3984
0.30508
0.27002
0.24831
0.22974
0.31355
0.28351
0.2603
0.35697
0.25355
0.23204
0.30156
0.23416
0.2487
0.25528
0.2541
0.26093
0.2661
0.37191
0.40634
0.35796
0.32198
0.30616
0.30805
0.24611
0.27547
0.28568
0.29404
0.312
0.25722
0.27135
0.29375
0.38826
0.26909
0.27272
0.27522
0.27651
0.28058
0.32155
0.28509
0.40391
0.28931
0.29973
0.41175
0.30279
0.29168
0.3432
0.30451
0.30787
0.30873
0.28004
0.28599
0.29865
0.29719
0.3115
0.34761
0.31083
0.35588
0.28699
0.27598
0.29071
0.29547
0.2653
0.28821
0.30249
0.26025
0.25234
0.25282
0.24849
0.23412
0.24909
0.24599
0.31574
0.30363
0.27003
0.29204
0.31463
0.2957
0.27193
0.39612
0.24489
0.35577
0.33891
0.24289
0.24785
0.31887
0.33249
0.26784
0.26404
0.38163
0.34186
0.24358
0.24889
0.27795
0.25094
0.35204
0.26692
0.27613
0.26302
0.32673
0.27736
0.26761
0.28113
0.29632
0.26648
0.26811
0.27317
0.2904
0.30514
0.27176
0.28101
0.28062
0.31233
0.30432
0.29737
0.40175
0.41182
0.28569
0.29019
0.28577
0.28539
0.28474
0.30687
0.29182
0.32278
0.37002
0.29894
0.34351
0.31594
0.3533
0.34786
0.32416
0.32214
0.29857
0.30579
0.33428
0.45643
0.32347
0.3259
0.3235
0.3393
0.36946
0.38065
0.31558
0.30251
0.38048
0.31267
0.35773
0.29913
0.30044
0.3374
0.34908
0.30632
0.30505
0.30952
0.31527
0.31742
0.33956
0.32263
0.32684
0.33427
0.33839
0.34127
0.29549
0.31043
0.35664
0.32516
0.33239
0.49766
0.33096
0.40216
0.35136
0.37631
0.36434
0.32804
0.36164
0.33833
0.33519
0.35113
0.3042
0.29057
0.31322
0.32729
0.38806
0.30793
0.31431
0.30847
0.31572
0.31684
0.33899
0.3111
0.32515
0.31807
0.31816
0.34824
0.32847
0.32243
0.31349
0.45017
0.29867
0.3553
0.45464
0.33563
0.32284
0.32842
0.3224
0.3016
0.31003
0.30792
0.30679
0.29542
0.29019
0.29679
0.33715
0.30372
0.3147
0.38395
0.44442
0.3156
0.28958
0.31618
0.29687
0.43191
0.28435
0.35245
0.30298
0.28648
0.36631
0.29233
0.31021
0.30987
0.31084
0.31928
0.30107
0.33025
0.30426
0.32442
0.35118
0.29362
0.28098
0.32603
0.28404
0.28354
0.31643
0.30133
0.28964
0.31754
0.2847
0.30375
0.30568
0.30317
0.423
0.32494
0.30305
0.36394
0.32046
0.38397
0.30017
0.33618
0.3014
0.2836
0.31014
0.36012
0.36699
0.35683
0.3404
0.30619
0.28958
0.32668
0.35418
0.29762
0.39564
0.28873
0.30343
0.27717
0.29291
0.31807
0.27798
0.28714
0.27462
0.31911
0.2992
0.27997
0.30395
0.32868
0.39795
0.2697
0.32038
0.27906
0.40483
0.34803
0.34157
0.28691
0.2658
0.27834
0.28475
0.28864
0.26416
0.28667
0.27179
0.26994
0.27763
0.31289
0.27031
0.45567
0.27086
0.28452
0.28522
0.2929
0.35651
0.34717
0.30185
0.30519
0.30845
0.40938
0.30528
0.27139
0.32893
0.30591
0.40519
0.29855
0.30873
0.2746
0.27987
0.31305
0.27659
0.30769
0.28252
0.35899
0.32037
0.29644
0.30206
0.31115
0.31511
0.39568
0.30174
0.3701
0.29659
0.30178
0.29661
0.31264
0.37186
0.36102
0.33744
0.32844
0.31491
0.31982
0.31849
0.36036
0.31948
0.33762
0.32006
0.34261
0.33443
0.319
0.38088
0.3843
0.40914
0.34409
0.34814
0.35711
0.3218
0.36954
0.33514
0.35436
0.3353
0.34787
0.34327
0.39468
0.35486
0.34003
0.33869
0.33474
0.34485
0.38835
0.3441
0.33129
0.33215
0.3691
0.33597
0.32896
0.30441
0.3336
0.30758
0.29054
0.34185
0.29655
0.30664
0.34818
0.34857
0.39088
0.33162
0.35958
0.29853
0.31353
0.29426
0.26726
0.26713
0.39425
0.31532
0.38039
0.30571
0.39148
0.36079
0.39311
0.33875
0.37993
0.29513
0.29278
0.30254
0.40086
0.33295
0.38157
0.3033
0.4357
0.32573
0.40456
0.28816
0.4005
0.30545
0.38907
0.30787
0.45505
0.29908
0.40855
0.30159
0.39943
0.38697
0.39612
0.33744
0.4925
0.35867
0.46161
0.32556
0.40794
0.37754
0.37497
0.29609
0.3716
0.27261
0.46526
0.35661
0.47013
0.29728
0.46771
0.28849
0.43487
0.27333
