0.025567
0.042573
0.033596
0.031343
0.039939
0.027914
0.022366
0.023623
0.026735
0.023313
0.022474
0.02242
0.030009
0.024588
0.023277
0.026321
0.025395
0.023629
0.023003
0.027493
0.0236
0.022624
0.024226
0.021779
0.021839
0.021945
0.023744
0.021838
0.02212
0.022004
0.023977
0.031432
0.027699
0.022857
0.025338
0.023521
0.022269
0.022016
0.032745
0.029388
0.028622
0.028365
0.028766
0.032109
0.028069
0.02778
0.034771
0.024788
0.026001
0.022267
0.038555
0.02794
0.025848
0.022572
0.022367
0.02431
0.034745
0.026773
0.027221
0.038044
0.034493
0.030196
0.025115
0.022812
0.022911
0.021627
0.025144
0.023124
0.025593
0.02498
0.022169
0.0225
0.027175
0.023314
0.021905
0.02352
0.023576
0.022363
0.02449
0.023118
0.022183
0.026515
0.025395
0.027196
0.023852
0.021897
0.021875
0.02228
0.021906
0.021976
0.028296
0.026948
0.023109
0.022628
0.02215
0.021844
0.021742
0.023079
0.022101
0.022976
0.025117
0.026598
0.021972
0.024177
0.021771
0.02281
0.022061
0.022276
0.027479
0.0262
0.026482
0.023705
0.023281
0.02229
0.032425
0.023531
0.022563
0.032188
0.029797
0.033034
0.031072
0.0266
0.026881
0.032011
0.025836
0.023915
0.022053
0.021628
0.022007
0.024829
0.022523
0.025353
0.027975
0.026453
0.023038
0.027092
0.026807
0.026723
0.02322
0.02288
0.023297
0.02205
0.023858
0.021918
0.028409
0.022801
0.02167
0.022837
0.021799
0.023515
0.026385
0.023264
0.025113
0.02387
0.021608
0.02636
0.023773
0.021697
0.021618
0.023613
0.031055
0.026349
0.034855
0.033633
0.030113
0.027166
0.023842
0.022948
0.024896
0.024195
0.022309
0.022565
0.022449
0.024025
0.022512
0.027649
0.024404
0.026593
0.024623
0.022582
0.023033
0.026641
0.023186
0.02816
0.027286
0.025336
0.029874
0.024523
0.027191
0.022478
0.022376
0.022515
0.030297
0.023724
0.022229
0.022407
0.025515
0.023514
0.023883
0.025754
0.034465
0.043342
0.029693
0.026239
0.024536
0.030374
0.023399
0.023224
0.023568
0.02363
0.022519
0.024838
0.028059
0.033749
0.027692
0.023203
0.024387
0.030524
0.02442
0.027252
0.022413
0.025866
0.028399
0.025809
0.022375
0.022382
0.024455
0.029103
0.022432
0.022785
0.022742
0.022451
0.028269
0.028159
0.027282
0.036275
0.027379
0.023836
0.028461
0.024861
0.030704
0.025355
0.030138
0.031835
0.026357
0.023061
0.032652
0.03264
0.022276
0.027864
0.026622
0.022286
0.026828
0.022935
0.021728
0.021796
0.024913
0.034077
0.024995
0.02249
0.023771
0.021825
0.021964
0.021979
0.021919
0.022071
0.024391
0.021918
0.032464
0.027635
0.026544
0.024461
0.022725
0.023272
0.023658
0.02178
0.023378
0.023881
0.022141
0.022183
0.021937
0.021914
0.026187
0.025263
0.028837
0.023787
0.030877
0.026771
0.025157
0.023918
0.024411
0.022729
0.022307
0.023065
0.022006
0.021945
0.022548
0.021877
0.022179
0.021722
0.024225
0.021709
0.022134
0.021962
0.02184
0.027542
0.025859
0.023187
0.022142
0.021957
0.022813
0.023875
0.021777
0.021969
0.021688
0.022495
0.02179
0.021841
0.023154
0.027258
0.022059
0.023567
0.027727
0.021775
0.026097
0.022927
0.021676
0.021891
0.027224
0.031149
0.027156
0.024005
0.023954
0.023208
0.023012
0.021598
0.026124
0.025765
0.02517
0.031892
0.032098
0.032969
0.024217
0.023069
0.024428
0.021903
0.021982
0.02842
0.025808
0.022016
0.025677
0.025883
0.025286
0.025135
0.023818
0.028969
0.023832
0.023117
0.024583
0.021818
0.029253
0.030395
0.022194
0.0223
0.021952
0.022016
0.022032
0.023562
0.021721
0.023547
0.022159
0.023055
0.0237
0.028196
0.029506
0.035419
0.030363
0.030426
0.022031
0.021796
0.021813
0.024527
0.022909
0.021822
0.02185
0.031325
0.024089
0.0238
0.026254
0.022163
0.032872
0.024874
0.028496
0.021972
0.021811
0.03125
0.024207
0.023278
0.025706
0.021703
0.021677
0.021742
0.021721
0.02205
0.021757
0.028607
0.025056
0.026084
0.021949
0.02368
0.023108
0.022905
0.023818
0.023118
0.021747
0.02426
0.031741
0.034609
0.041301
0.026329
0.022175
0.021713
0.021964
0.022069
0.021587
0.022113
0.023922
0.022934
0.023895
0.0237
0.027347
0.02267
0.028449
0.027907
0.02584
0.02404
0.025178
0.029714
0.027642
0.025001
0.024081
0.021935
0.021852
0.030588
0.024925
0.021853
0.022574
0.021759
0.021881
0.022084
0.022035
0.02713
0.025906
0.022322
0.025795
0.023627
0.0231
0.023987
0.023826
0.021722
0.02179
0.021907
0.032257
0.025265
0.02338
0.025263
0.023899
0.030047
0.026487
0.022466
0.028274
0.022639
0.023414
0.022022
0.021921
0.028988
0.022229
0.024188
0.029524
0.023927
0.027805
0.023883
0.027821
0.021927
0.024326
0.023012
0.021977
0.029402
0.024841
0.022745
0.023742
0.022681
0.024233
0.021787
0.022199
0.027259
0.025787
0.02265
0.034965
0.026517
0.031551
0.026209
0.022705
0.02939
0.02506
0.023757
0.021854
0.022054
0.022053
0.03199
0.025851
0.02432
0.021865
0.029374
0.023439
0.022007
0.022203
0.022413
0.021643
0.021829
0.027172
0.032391
0.027416
0.024139
0.02831
0.023115
0.031237
0.029427
0.033805
0.028111
0.022407
0.03014
0.025609
0.03171
0.025183
0.024224
0.023336
0.026724
0.022273
0.026405
0.02602
0.02637
0.02289
0.029553
0.024388
0.031457
0.030387
0.024149
0.023642
0.023159
0.02278
0.023724
0.024994
0.024439
0.030487
0.025962
0.025239
0.035372
0.029302
0.026355
0.031703
0.02433
0.025412
0.024711
0.023473
0.024757
0.022584
0.029762
0.025977
0.028288
0.025974
0.02293
0.022514
0.022351
0.023763
0.024
0.023186
0.025619
0.025152
0.022748
0.027068
0.023589
0.022552
0.022733
0.024402
0.023712
0.023661
0.02363
0.02256
0.025489
0.031508
0.023256
0.022964
0.022775
0.028676
0.023601
0.022616
0.022599
0.023085
0.022625
0.022535
0.022486
0.024655
0.022674
0.022569
0.023354
0.029821
0.025779
0.022675
0.027569
0.022886
0.024441
0.022646
0.029637
0.022558
0.022742
0.02284
0.022588
0.02717
0.024553
0.025592
0.023107
0.022781
0.022688
0.027768
0.028942
0.030648
0.023114
0.02452
0.029126
0.02525
0.029874
0.023966
0.022603
0.022648
0.022725
0.030643
0.027463
0.026925
0.023152
0.022498
0.027885
0.024597
0.032147
0.02342
0.023684
0.022748
0.022538
0.022805
0.022808
0.02842
0.025508
0.024542
0.024684
0.022726
0.023016
0.022693
0.02271
0.022617
0.022693
0.022889
0.023562
0.026291
0.022767
0.02278
0.023017
0.022979
0.032246
0.032806
0.029346
0.02667
0.024955
0.023513
0.022948
0.022697
0.022508
0.022619
0.023708
0.024787
0.022566
0.022596
0.022733
0.022691
0.022596
0.022736
0.023873
0.022604
0.023111
0.022496
0.022449
0.022508
0.024089
0.024782
0.022599
0.024455
0.022441
0.022633
0.022821
0.022922
0.022765
0.022656
0.023352
0.022768
0.022774
0.023756
0.022701
0.022689
