0.015117
0.021806
0.024167
0.030471
0.028508
0.027798
0.02781
0.031456
0.034202
0.037007
0.037583
0.035171
0.036848
0.037799
0.039372
0.04031
0.04272
0.048701
0.054053
0.05482
0.055097
0.048835
0.046611
0.050413
0.048207
0.053599
0.051216
0.055622
0.056282
0.059474
0.059587
0.062601
0.063793
0.071522
0.072171
0.073779
0.08155
0.082035
0.073624
0.073534
0.069376
0.089925
0.10059
0.10615
0.10003
0.1041
0.097541
0.089166
0.07069
0.072961
0.073955
0.07943
0.075164
0.080304
0.086684
0.081369
0.078134
0.081008
0.081551
0.084204
0.088364
0.085996
0.081883
0.083813
0.083166
0.088255
0.079308
0.082514
0.084042
0.085301
0.085092
0.084825
0.083629
0.077257
0.086207
0.081466
0.080901
0.083419
0.081367
0.080482
0.081108
0.080169
0.079022
0.082202
0.08078
0.083867
0.079748
0.080676
0.085065
0.082067
0.084439
0.084185
0.078634
0.083699
0.080945
0.082435
0.08092
0.080178
0.081805
0.083707
0.081112
0.082761
0.081146
0.083469
0.081075
0.083012
0.079977
0.082875
0.080681
0.076497
0.083816
0.080908
0.081034
0.081014
0.0798
0.079435
0.08361
0.081583
0.07713
0.080658
0.08341
0.082343
0.08284
0.082447
0.077974
0.080203
0.082273
0.078815
0.081654
0.081138
0.081341
0.080871
0.081392
0.081093
0.07927
0.081496
0.082629
0.083538
0.082271
0.080787
0.080037
0.080707
0.081273
0.077201
0.08063
0.078157
0.080904
0.081918
0.079262
0.081631
0.080333
0.080885
0.080898
0.080643
0.075538
0.08082
0.083312
0.074672
0.077488
0.079961
0.079198
0.080295
0.080343
0.080579
0.081797
0.081631
0.080527
0.080137
0.079438
0.078886
0.079971
0.082129
0.081787
0.080778
0.080494
0.08247
0.080152
0.079802
0.080707
0.081947
0.081154
0.080753
0.081462
0.088194
0.081676
0.082053
0.078669
0.081166
0.081979
0.080199
0.082249
0.079911
0.080578
0.08043
0.080298
0.080288
0.076976
0.080875
0.079638
0.080084
0.080267
0.080245
0.080328
0.08094
0.079665
0.080735
0.081395
0.080372
0.080896
0.080347
0.08299
0.080789
0.082739
0.080341
0.080746
0.081719
0.08015
0.08096
0.079974
0.079839
0.0813
0.080474
0.081729
0.079705
0.08196
0.076667
0.081335
0.082972
0.082038
0.082213
0.077693
0.081039
0.079913
0.077404
0.081471
0.081992
0.082416
0.080917
0.081088
0.081901
0.081713
0.082686
0.078195
0.077339
0.077905
0.07625
0.075679
0.076431
0.075853
0.08139
0.081105
0.079998
0.080205
0.083163
0.080365
0.080872
0.081583
0.081335
0.082655
0.081845
0.083754
0.083257
0.081832
0.080937
0.084265
0.081839
0.082695
0.081311
0.083061
0.082969
0.078405
0.082014
0.081404
0.079659
0.079764
0.080953
0.079707
0.082148
0.085484
0.081836
0.081725
0.080957
0.081057
0.080226
0.078829
0.080535
0.079978
0.083701
0.083862
0.081231
0.081874
0.082245
0.080926
0.082371
0.081563
0.081985
0.079832
0.079745
0.079266
0.081329
0.079643
0.079968
0.080147
0.080701
0.080048
0.079344
0.081319
0.076591
0.076645
0.079095
0.078463
0.079823
0.081013
0.079603
0.082543
0.079942
0.080806
0.079386
0.080404
0.075973
0.079907
0.082376
0.082678
0.077227
0.080935
0.081742
0.079812
0.080446
0.076019
0.07755
0.079905
0.075859
0.076902
0.075601
0.074676
0.072827
0.079486
0.079278
0.07849
0.080199
0.079531
0.074723
0.076437
0.078282
0.080686
0.073993
0.079988
0.079009
0.08084
0.079341
0.076637
0.078704
0.080348
0.07989
0.078584
0.076662
0.080747
0.076578
0.082258
0.080518
0.077682
0.081387
0.080776
0.081449
0.080227
0.081196
0.079763
0.080953
0.080893
0.080764
0.079903
0.078862
0.081099
0.080146
0.080417
0.081628
0.082831
0.08046
0.08103
0.07884
0.080804
0.080285
0.079608
0.085048
0.079542
0.081107
0.081513
0.077834
0.081546
0.079764
0.079176
0.080463
0.07963
0.082322
0.081503
0.083387
0.081347
0.079821
0.081502
0.080761
0.08134
0.081316
