1
267.0000,78.0000,36.0000,55.0000
266.0000,75.0000,36.0000,55.0000
266.0000,75.0000,36.0000,55.0000
266.0000,75.0000,36.0000,55.0000
266.0000,75.0000,36.0000,55.0000
266.0000,75.0000,36.0000,55.0000
266.0000,75.0000,36.0000,55.0000
266.0000,75.0000,36.0000,55.0000
266.0000,75.0000,36.0000,55.0000
266.0000,75.0000,36.0000,55.0000
266.0000,75.0000,36.0000,55.0000
266.0000,75.0000,36.0000,55.0000
266.0000,75.0000,36.0000,55.0000
266.0000,75.0000,36.0000,55.0000
266.0000,75.0000,36.0000,55.0000
266.0000,75.0000,36.0000,55.0000
266.0000,75.0000,36.0000,55.0000
266.0000,75.0000,36.0000,55.0000
0
0
0
0
0
0
0
0
0
0
0
0
0
0
2
0
0
0
0
1
228.0000,68.0000,28.0000,66.0000
230.0000,69.0000,28.0000,66.0000
230.0000,69.0000,28.0000,66.0000
230.0000,69.0000,28.0000,66.0000
230.0000,69.0000,28.0000,66.0000
230.0000,69.0000,28.0000,66.0000
230.0000,69.0000,28.0000,66.0000
230.0000,69.0000,28.0000,66.0000
230.0000,69.0000,28.0000,66.0000
230.0000,69.0000,28.0000,66.0000
230.0000,69.0000,28.0000,66.0000
230.0000,69.0000,28.0000,66.0000
230.0000,69.0000,28.0000,66.0000
230.0000,69.0000,28.0000,66.0000
230.0000,69.0000,28.0000,66.0000
230.0000,69.0000,28.0000,66.0000
230.0000,69.0000,28.0000,66.0000
230.0000,69.0000,28.0000,66.0000
230.0000,69.0000,28.0000,66.0000
230.0000,69.0000,28.0000,66.0000
230.0000,69.0000,28.0000,66.0000
230.0000,69.0000,28.0000,66.0000
230.0000,69.0000,28.0000,66.0000
230.0000,69.0000,28.0000,66.0000
230.0000,69.0000,28.0000,66.0000
230.0000,69.0000,28.0000,66.0000
230.0000,69.0000,28.0000,66.0000
230.0000,69.0000,28.0000,66.0000
230.0000,69.0000,28.0000,66.0000
232.0000,70.0000,28.0000,66.0000
232.0000,70.0000,28.0000,66.0000
232.0000,70.0000,28.0000,66.0000
232.0000,70.0000,28.0000,66.0000
232.0000,70.0000,28.0000,66.0000
232.0000,70.0000,28.0000,66.0000
232.0000,70.0000,28.0000,66.0000
232.0000,70.0000,28.0000,66.0000
232.0000,70.0000,28.0000,66.0000
232.0000,70.0000,28.0000,66.0000
232.0000,70.0000,28.0000,66.0000
232.0000,70.0000,28.0000,66.0000
232.0000,70.0000,28.0000,66.0000
232.0000,70.0000,28.0000,66.0000
232.0000,70.0000,28.0000,66.0000
232.0000,70.0000,28.0000,66.0000
232.0000,70.0000,28.0000,66.0000
232.0000,70.0000,28.0000,66.0000
232.0000,70.0000,28.0000,66.0000
232.0000,70.0000,28.0000,66.0000
232.0000,70.0000,28.0000,66.0000
232.0000,70.0000,28.0000,66.0000
232.0000,70.0000,28.0000,66.0000
232.0000,70.0000,28.0000,66.0000
232.0000,70.0000,28.0000,66.0000
232.0000,70.0000,28.0000,66.0000
232.0000,70.0000,28.0000,66.0000
232.0000,70.0000,28.0000,66.0000
232.0000,70.0000,28.0000,66.0000
232.0000,70.0000,28.0000,66.0000
232.0000,70.0000,28.0000,66.0000
232.0000,70.0000,28.0000,66.0000
232.0000,70.0000,28.0000,66.0000
232.0000,70.0000,28.0000,66.0000
0
0
0
0
0
0
0
0
0
0
0
0
0
0
0
0
0
0
0
0
0
0
0
0
0
0
0
0
0
0
0
0
0
0
0
0
0
0
0
0
0
0
0
0
0
0
0
0
0
0
0
0
0
0
0
0
0
0
0
0
0
0
0
2
0
0
0
0
1
305.0000,85.0000,25.0000,59.0000
306.0000,84.0000,25.0000,59.0000
306.0000,84.0000,25.0000,59.0000
306.0000,84.0000,25.0000,59.0000
306.0000,84.0000,25.0000,59.0000
306.0000,84.0000,25.0000,59.0000
306.0000,84.0000,25.0000,59.0000
306.0000,84.0000,25.0000,59.0000
306.0000,84.0000,25.0000,59.0000
306.0000,84.0000,25.0000,59.0000
306.0000,84.0000,25.0000,59.0000
306.0000,84.0000,25.0000,59.0000
306.0000,84.0000,25.0000,59.0000
306.0000,84.0000,25.0000,59.0000
306.0000,84.0000,25.0000,59.0000
0
0
0
0
0
0
0
0
0
0
0
0
0
0
0
0
0
2
0
0
0
0
1
338.0000,94.0000,21.0000,64.0000
333.0000,99.0000,24.0000,68.0000
333.0000,99.0000,24.0000,68.0000
333.0000,99.0000,24.0000,68.0000
333.0000,99.0000,24.0000,68.0000
333.0000,99.0000,24.0000,68.0000
333.0000,99.0000,24.0000,68.0000
333.0000,99.0000,24.0000,68.0000
333.0000,99.0000,24.0000,68.0000
333.0000,99.0000,24.0000,68.0000
333.0000,99.0000,24.0000,68.0000
333.0000,99.0000,24.0000,68.0000
333.0000,99.0000,24.0000,68.0000
333.0000,99.0000,24.0000,68.0000
333.0000,99.0000,24.0000,68.0000
333.0000,99.0000,24.0000,68.0000
333.0000,99.0000,24.0000,68.0000
333.0000,99.0000,24.0000,68.0000
333.0000,99.0000,24.0000,68.0000
333.0000,99.0000,24.0000,68.0000
2
0
0
0
0
0
0
0
0
0
0
0
0
0
0
0
0
0
0
0
0
0
0
0
0
0
0
0
0
0
0
0
0
0
0
0
0
0
0
0
0
0
0
0
0
0
0
0
0
0
0
0
0
0
0
0
0
0
0
0
0
0
0
0
