1
478.0000,493.0000,34.0000,115.0000
482.0000,482.0000,34.0000,115.0000
482.0000,482.0000,34.0000,115.0000
486.0000,471.0000,34.0000,115.0000
486.0000,471.0000,34.0000,115.0000
482.0000,437.0000,34.0000,115.0000
482.0000,437.0000,34.0000,115.0000
486.0000,410.0000,34.0000,115.0000
486.0000,410.0000,34.0000,115.0000
486.0000,410.0000,34.0000,115.0000
482.0000,380.0000,34.0000,115.0000
482.0000,380.0000,34.0000,115.0000
486.0000,350.0000,34.0000,115.0000
486.0000,350.0000,34.0000,115.0000
490.0000,329.0000,32.0000,111.0000
490.0000,329.0000,32.0000,111.0000
488.0000,308.0000,32.0000,111.0000
488.0000,308.0000,32.0000,111.0000
497.0000,293.0000,32.0000,109.0000
497.0000,293.0000,32.0000,109.0000
497.0000,293.0000,32.0000,109.0000
520.0000,293.0000,32.0000,109.0000
520.0000,293.0000,32.0000,109.0000
516.0000,284.0000,30.0000,107.0000
2
475.0000,267.0000,30.0000,105.0000
0
0
0
0
1
546.0000,304.0000,37.0000,113.0000
552.0000,314.0000,35.0000,109.0000
552.0000,314.0000,35.0000,109.0000
546.0000,316.0000,37.0000,113.0000
546.0000,316.0000,37.0000,113.0000
537.0000,299.0000,37.0000,115.0000
537.0000,299.0000,37.0000,115.0000
543.0000,291.0000,37.0000,113.0000
543.0000,291.0000,37.0000,113.0000
543.0000,291.0000,37.0000,113.0000
546.0000,280.0000,37.0000,115.0000
546.0000,280.0000,37.0000,115.0000
546.0000,257.0000,37.0000,117.0000
546.0000,257.0000,37.0000,117.0000
541.0000,248.0000,39.0000,121.0000
541.0000,248.0000,39.0000,121.0000
545.0000,236.0000,41.0000,124.0000
545.0000,236.0000,41.0000,124.0000
535.0000,236.0000,41.0000,126.0000
535.0000,236.0000,41.0000,126.0000
531.0000,227.0000,43.0000,132.0000
531.0000,227.0000,43.0000,132.0000
522.0000,236.0000,43.0000,132.0000
522.0000,236.0000,43.0000,132.0000
522.0000,236.0000,43.0000,132.0000
512.0000,251.0000,43.0000,134.0000
512.0000,251.0000,43.0000,134.0000
497.0000,274.0000,43.0000,134.0000
497.0000,274.0000,43.0000,134.0000
492.0000,272.0000,45.0000,138.0000
492.0000,272.0000,45.0000,138.0000
492.0000,274.0000,47.0000,143.0000
492.0000,274.0000,47.0000,143.0000
486.0000,268.0000,47.0000,143.0000
486.0000,268.0000,47.0000,143.0000
492.0000,268.0000,47.0000,145.0000
492.0000,268.0000,47.0000,145.0000
490.0000,265.0000,49.0000,151.0000
490.0000,265.0000,49.0000,151.0000
488.0000,250.0000,52.0000,158.0000
488.0000,250.0000,52.0000,158.0000
488.0000,250.0000,52.0000,158.0000
488.0000,244.0000,52.0000,160.0000
488.0000,244.0000,52.0000,160.0000
488.0000,234.0000,54.0000,168.0000
488.0000,234.0000,54.0000,168.0000
480.0000,231.0000,56.0000,173.0000
480.0000,231.0000,56.0000,173.0000
473.0000,229.0000,58.0000,177.0000
473.0000,229.0000,58.0000,177.0000
471.0000,233.0000,60.0000,185.0000
471.0000,233.0000,60.0000,185.0000
469.0000,229.0000,64.0000,192.0000
469.0000,229.0000,64.0000,192.0000
469.0000,227.0000,64.0000,196.0000
469.0000,227.0000,64.0000,196.0000
469.0000,227.0000,64.0000,196.0000
476.0000,231.0000,66.0000,200.0000
476.0000,231.0000,66.0000,200.0000
482.0000,236.0000,68.0000,204.0000
482.0000,236.0000,68.0000,204.0000
482.0000,236.0000,68.0000,204.0000
482.0000,236.0000,68.0000,204.0000
482.0000,234.0000,68.0000,207.0000
482.0000,234.0000,68.0000,207.0000
482.0000,233.0000,69.0000,213.0000
482.0000,233.0000,69.0000,213.0000
480.0000,231.0000,71.0000,217.0000
480.0000,231.0000,71.0000,217.0000
480.0000,227.0000,73.0000,224.0000
480.0000,227.0000,73.0000,224.0000
480.0000,227.0000,73.0000,224.0000
478.0000,216.0000,75.0000,230.0000
478.0000,216.0000,75.0000,230.0000
486.0000,216.0000,75.0000,230.0000
486.0000,216.0000,75.0000,230.0000
486.0000,214.0000,77.0000,234.0000
486.0000,214.0000,77.0000,234.0000
484.0000,219.0000,79.0000,240.0000
484.0000,219.0000,79.0000,240.0000
492.0000,223.0000,83.0000,249.0000
492.0000,223.0000,83.0000,249.0000
492.0000,229.0000,85.0000,259.0000
492.0000,229.0000,85.0000,259.0000
492.0000,229.0000,85.0000,259.0000
490.0000,225.0000,86.0000,264.0000
490.0000,225.0000,86.0000,264.0000
499.0000,223.0000,88.0000,270.0000
499.0000,223.0000,88.0000,270.0000
497.0000,219.0000,90.0000,276.0000
497.0000,219.0000,90.0000,276.0000
497.0000,217.0000,92.0000,281.0000
497.0000,217.0000,92.0000,281.0000
465.0000,214.0000,94.0000,287.0000
465.0000,214.0000,94.0000,287.0000
0
2
0
0
