1
613.7448,663.0304,74.3589,32.1941
603.8000,656.8000,75.2000,32.4000
591.6580,655.5226,77.9946,30.2083
565.6970,653.9796,80.2095,29.9737
541.7004,651.4343,80.5114,28.8191
527.3318,646.1118,77.6525,30.3508
513.1359,640.6558,79.8934,30.0412
499.6000,635.2000,79.6000,29.8000
470.5763,632.2660,81.2446,30.6141
453.2462,630.7670,79.9320,29.0326
434.2850,617.3593,76.0161,31.2352
406.7187,598.8280,71.7493,35.0074
396.5275,582.2173,64.8826,32.1918
377.4330,571.4664,64.1851,34.2789
358.9316,556.8628,62.0693,37.3454
331.9071,529.6085,62.7472,38.3440
321.9470,519.4329,60.3063,34.7658
310.9870,515.1947,62.2248,36.1075
292.6472,505.8062,64.4556,34.1009
278.2343,505.9564,62.0461,31.3245
251.8888,510.5931,69.3931,31.4370
227.6074,523.0202,70.8577,33.3583
203.3814,546.8165,65.8618,33.2893
194.8814,561.2891,61.1160,34.3328
190.1468,571.0788,58.5157,33.5673
179.0864,582.3528,53.6350,35.5198
176.6237,591.4017,51.7081,36.3523
179.2000,606.8000,52.0000,36.6000
183.8360,622.3822,50.4430,36.2204
196.2000,652.6000,50.2000,36.0000
2
0
0
0
0
1
288.4000,783.0000,45.6000,69.4000
299.3080,789.3693,44.6808,69.7300
303.4425,793.0361,50.0777,70.4114
314.6699,802.5524,55.5743,66.0766
334.2896,810.8359,55.3375,62.0056
356.3862,821.3908,55.0436,63.7565
373.5566,836.4884,51.5584,64.4527
381.0054,841.1483,46.6789,67.3733
383.7721,839.7535,45.0134,69.7075
383.6891,838.3679,42.6991,68.0447
381.4229,838.3190,42.4779,69.3895
381.4275,841.0506,40.7857,68.9829
381.3320,841.5436,40.6172,68.9127
381.8604,842.0303,40.1725,67.0541
381.9987,843.5718,42.5024,67.4860
384.4898,845.1815,44.4665,65.4399
387.7452,848.9780,46.0060,63.8318
390.1614,853.6973,46.4552,64.8600
391.7558,856.1021,43.5848,63.4590
390.8730,857.8096,42.8185,66.3914
392.0339,859.2941,40.8982,63.7189
391.3071,861.5519,39.6190,62.3100
390.6990,862.1682,39.5873,64.9373
389.5584,862.2049,39.9113,65.1713
387.7536,863.8534,39.7639,66.1383
386.2516,864.6392,39.5378,65.5034
381.5125,864.4718,37.4902,65.1683
386.6353,864.2805,39.2117,63.9315
384.0235,864.9662,40.0882,62.2319
385.1186,864.9969,41.4571,65.2709
385.5627,866.3303,40.5942,61.3963
385.4774,866.8172,40.7879,62.2138
385.9550,866.5799,40.5819,62.8446
386.3048,866.3929,40.5212,60.1527
388.0507,866.2174,40.0353,60.4630
389.3127,863.4906,41.8568,59.0861
389.9536,862.1570,43.9481,56.2043
391.0244,862.2057,45.2180,53.1400
392.8940,861.0560,44.0809,51.8788
393.2249,860.5756,43.3858,52.3631
394.0181,861.2666,42.6004,55.0007
393.9380,862.3136,43.8132,56.8422
397.1711,868.9886,43.7444,57.4029
402.4606,873.4707,49.8713,60.0901
405.1651,876.1178,54.9746,59.8460
411.2250,880.4016,54.4559,52.3706
411.4717,882.1046,52.9153,49.3906
414.9917,882.3110,51.5961,46.9231
415.4263,882.5699,49.4267,46.3470
417.4869,884.4917,48.8441,43.6657
415.7688,887.7684,47.2983,42.1933
414.3724,888.0323,45.2685,41.2016
416.3491,885.8333,41.0589,40.9323
416.8782,886.4001,39.7685,40.5450
412.0391,884.9520,40.6737,37.7327
407.2880,885.3766,41.1598,36.6806
405.7686,887.7731,42.3035,36.1581
403.8195,889.7340,45.8495,39.7624
401.6843,888.2464,48.3147,40.6101
399.9268,885.2249,46.7179,40.4641
402.1876,886.9990,46.5116,39.3752
401.9826,884.7876,45.9957,40.3490
401.5204,883.0472,47.3705,41.1304
404.3966,885.3961,45.3059,39.7786
403.5827,885.8793,43.9108,38.6536
402.8872,883.3596,41.5932,39.3529
403.0373,883.6232,41.2242,39.6846
399.8298,882.2443,44.2679,40.1262
399.4252,883.0743,45.6040,41.7504
398.8167,882.2985,49.5484,41.9534
396.3768,882.3577,51.8568,41.3849
397.7073,882.7661,53.8828,39.4041
396.7534,883.7562,53.6180,37.6072
402.0910,886.7892,55.7295,36.0161
408.0027,885.4521,56.9857,34.1496
410.3993,885.2203,54.9249,32.1462
410.4963,884.6970,54.6866,32.7208
413.3675,886.1033,53.8545,32.6655
415.6733,884.0099,52.6009,32.0785
418.9270,883.7858,50.8913,31.1467
418.3924,882.6467,52.1255,29.2532
414.2390,884.2621,52.7779,28.4733
410.4590,883.8463,53.1895,28.0512
411.7099,884.1508,52.6603,27.6128
410.3194,882.6113,52.3231,28.3304
410.0758,883.4841,52.3216,29.6086
418.5318,880.7899,50.4715,30.5459
435.6263,879.1590,49.1947,33.6119
452.3939,873.0037,50.3349,36.7196
462.6402,866.8627,51.6963,41.1275
470.7676,862.3344,56.2635,45.6359
491.9533,854.0167,57.3466,48.0202
515.6957,848.5192,62.4805,50.3456
539.0081,844.2892,66.9892,51.3347
554.6118,843.9751,63.0104,47.9870
561.7565,845.2085,56.8053,46.0809
563.9183,847.5443,53.9726,45.2513
563.6738,848.6076,53.8878,45.6400
563.6832,850.0205,51.1096,45.4276
562.4893,849.9003,50.6714,46.2666
561.6923,849.8363,52.0254,45.2856
561.4986,849.6017,53.5798,44.4900
563.9091,842.4760,54.8765,46.3596
564.9413,843.3578,55.5197,46.9193
568.0868,839.8454,58.3130,48.6261
569.4028,838.7848,57.2582,48.1735
577.1313,835.9645,61.6146,50.0557
584.0101,841.1520,56.6940,48.9074
589.1168,844.5760,56.5036,49.2845
596.0632,844.2599,54.0459,50.7376
608.6011,841.7406,53.6317,54.0001
609.1992,836.5219,52.5132,54.1121
609.0990,833.6503,53.2828,54.9072
615.1735,831.3127,52.8014,54.1071
622.8770,835.4109,51.9395,54.3707
628.7693,835.6831,51.8163,56.0822
634.6104,831.8496,49.8251,56.4427
640.1783,829.4710,50.7503,58.3278
642.8546,823.6183,52.6185,61.6106
651.4310,820.1031,52.3692,60.2155
658.2338,814.9615,50.8964,62.1555
660.1944,812.2922,48.4219,63.1909
665.8660,812.4996,47.1433,62.4646
673.1838,803.9061,47.1342,60.9785
680.3878,801.2761,46.2745,57.7774
684.0438,804.0226,44.6306,57.3762
692.6512,790.0536,44.9154,58.1189
695.0876,784.0273,45.8930,58.3018
705.7657,764.2343,43.9910,60.9787
718.8277,751.7418,43.4154,60.7800
730.6278,736.5136,42.6801,62.9441
749.8834,713.8781,42.9719,64.9595
759.7155,693.6034,43.9831,66.8503
769.7949,677.6902,43.6757,63.1827
774.1808,672.0094,43.4926,64.3157
774.4650,673.3661,43.3104,61.7860
776.3602,673.0604,44.8039,60.2497
775.7232,672.3268,47.0636,61.6936
774.1284,675.1487,47.7651,60.8179
775.8136,675.1855,48.6684,60.3757
774.3788,678.0276,48.9313,57.8461
773.5718,681.2206,49.7378,55.0118
775.5337,685.4971,49.8513,53.2722
776.6367,686.1788,47.4890,54.2719
779.6031,688.9982,47.3358,55.4480
780.6302,690.1641,46.2935,52.2500
776.1959,694.6937,46.0463,52.7064
775.9133,699.5459,44.4903,53.3654
776.3652,700.0841,42.3467,56.8276
775.6236,698.7933,39.6290,58.6625
776.6137,702.1727,37.4564,58.9739
776.4135,703.7283,37.7570,59.4999
772.5135,704.4576,37.1458,61.7644
769.2060,703.9460,35.5507,67.0218
767.9380,704.9740,33.1108,68.0405
763.6711,705.7062,33.5827,69.9640
755.9089,712.0436,33.5647,69.0571
747.3990,718.7130,36.2284,63.3966
733.3749,724.7101,37.8184,60.3527
714.2033,737.6686,41.6704,59.0625
697.6755,744.7247,42.0731,60.1962
692.5862,747.7036,43.1082,58.6239
692.8578,747.5090,43.2691,57.9640
691.3057,748.0144,43.9132,58.3954
694.1143,734.2101,43.1457,59.9156
694.1387,737.0782,44.1247,59.8521
692.7792,738.1432,45.1746,60.0750
691.4147,738.3276,45.7616,59.8943
684.1476,739.3628,48.0024,58.4067
690.2842,744.6373,47.7909,59.8954
687.9547,744.4452,48.1566,60.8001
686.6161,747.6650,46.2845,61.0556
683.4384,749.3469,42.2381,63.8131
682.9308,749.1980,42.4056,63.3452
681.0039,752.4753,43.7292,61.2452
683.9501,752.0449,43.3584,59.7074
683.8058,754.3502,44.0501,58.1404
685.5881,749.2252,46.0472,58.0359
681.0200,746.2274,47.9273,57.9951
682.9763,744.5601,47.6098,58.7115
684.2442,741.5593,47.0321,58.3557
677.7411,741.2521,48.9339,58.4457
682.3988,740.6048,48.2313,55.5701
672.7018,734.9954,51.4268,56.2359
673.1132,724.4322,49.4248,58.1429
669.4818,720.7662,49.9193,59.1653
665.4771,705.7873,50.7715,62.1381
654.0089,687.2712,49.9018,63.1781
649.7587,681.7831,51.0107,63.8173
649.6188,674.8732,52.9895,62.6576
638.4484,670.8192,52.0554,59.7406
624.9988,657.0519,52.8236,61.5443
606.8698,641.9594,50.7544,59.0323
582.1781,631.4282,55.3646,58.7520
545.9626,625.4581,59.1102,56.9783
506.3929,623.0328,59.6711,57.6850
485.4741,624.5342,56.4434,55.9507
474.6099,628.4164,57.0384,57.8689
442.0804,638.6151,57.8176,55.6443
409.2820,645.4836,55.5043,55.9171
382.8048,652.6815,55.7136,56.8569
363.5206,663.4249,53.3222,56.3242
339.6748,679.8202,48.9663,60.8587
327.7146,705.4145,44.9973,64.6049
314.8377,735.8212,42.1748,67.1948
309.6897,753.7653,39.0239,70.1004
310.0274,783.3901,36.0381,72.3855
311.9388,796.6426,33.3146,75.4955
313.5784,791.8157,35.1795,76.4430
319.0006,791.1285,41.1755,76.8731
327.3387,795.0648,44.9687,73.2712
337.3218,802.0598,45.8493,71.0409
348.3541,811.2631,50.8933,66.5447
368.7095,822.0623,51.8910,64.2700
387.5601,825.6792,54.1775,64.1928
399.4074,828.5818,50.7120,62.5540
411.9475,833.1591,53.9265,64.0210
430.8020,841.7590,50.4168,62.1716
430.2235,837.5350,49.2986,68.5478
429.8697,834.3400,44.1936,72.3852
429.3920,831.5794,41.8349,74.4380
428.7193,832.0500,37.9782,73.0913
428.9439,831.2026,34.7882,73.9010
421.3851,830.6712,36.7517,67.5527
404.5563,832.5673,40.3417,62.4662
385.8129,833.0479,42.7053,56.5760
366.8972,829.2046,46.8840,53.6376
346.9083,818.0409,48.9108,53.6598
324.3769,814.2850,50.5793,52.1091
302.9081,798.7858,49.3837,51.6421
274.2288,776.1971,51.3796,53.5882
240.2802,749.3314,54.5211,57.6948
215.5105,728.4586,52.9476,56.6919
194.7003,698.3302,51.2811,59.0958
177.4478,675.9425,49.0079,60.7213
166.1096,663.9608,52.4139,59.5266
157.4680,661.5559,54.2492,58.6130
156.3851,658.0675,53.9496,59.4584
158.4233,659.8270,54.7223,58.7520
158.8214,661.8130,54.4024,56.9287
159.8201,663.2989,54.9155,55.4310
158.3329,662.3779,53.4374,54.1304
162.8628,661.1618,50.1493,53.0037
165.4148,662.5236,46.2535,50.1964
164.1983,662.4840,46.3053,50.3406
161.6464,659.8877,45.3778,50.5062
161.8985,658.0974,43.6857,49.3716
161.3918,656.3058,41.9927,47.5037
155.3903,645.9000,40.7589,47.7904
150.0926,635.4868,41.4818,50.9379
145.7104,620.5763,42.7743,54.5755
138.5807,605.1174,43.0652,57.5201
126.0509,581.1104,43.9041,59.1244
125.6289,559.3599,42.5238,61.2631
124.0715,552.7288,41.8749,65.6260
127.6449,535.1082,40.6309,69.4862
127.3262,507.7490,39.4187,77.3514
129.3285,481.4586,38.7622,78.7103
136.7463,451.1347,37.0821,81.4753
145.9283,419.6986,35.5710,84.0074
152.8909,386.3843,35.6511,85.6199
159.7209,361.9951,35.5897,82.4854
170.3922,351.5896,36.2941,79.3022
181.9656,341.0749,40.5902,75.3290
191.6217,338.5973,41.5012,75.6897
194.8522,336.1586,43.6467,69.4169
192.6548,339.1348,44.1987,66.9807
194.5261,337.5399,42.5963,66.4929
196.1411,336.7746,42.1961,69.6176
203.6510,328.2131,40.5858,75.6533
205.9583,322.6744,38.2092,74.8244
207.7878,321.2639,37.8705,76.6959
209.2564,320.4703,36.6723,76.4400
209.1283,322.4448,36.4918,74.9581
211.0418,320.8105,35.9919,76.8226
210.0938,320.5855,35.9377,74.7287
209.1349,320.4075,36.5942,75.3688
204.5813,323.7912,38.5170,70.0394
205.9715,323.2956,41.0465,69.6550
205.3028,323.8555,41.6278,67.9343
205.3394,323.4392,42.7216,69.8673
206.6574,323.6430,43.6256,73.4344
209.1032,325.0756,44.9115,70.1960
215.9510,329.2618,45.4236,66.7317
223.9901,331.3365,49.5863,62.4597
228.2346,328.6024,49.4187,60.4733
237.2586,319.8842,45.5101,65.9646
244.9712,304.0077,42.1403,77.7337
255.4815,292.9784,38.6021,81.9393
259.6999,288.6066,37.0179,82.0137
261.2252,290.6804,37.0856,79.1575
266.3895,289.0596,37.7564,76.6026
277.5223,279.3750,40.7145,72.1553
285.0761,273.7266,40.2054,70.8078
290.1312,266.9869,37.7292,75.4270
291.2245,252.8218,36.6822,78.1024
293.2913,245.0667,36.0678,76.2106
286.7652,233.7056,38.9264,73.0908
287.1638,233.0747,40.0972,72.7299
289.4904,224.0113,41.8352,73.8328
292.6021,222.5162,42.4427,69.4617
298.6594,228.9094,40.1309,65.5162
299.3943,230.9333,38.7046,61.1905
300.7436,232.4773,38.2989,59.1349
297.0108,230.7007,41.3019,60.0879
298.3901,230.9168,41.2144,60.2662
297.6819,230.5476,42.5658,60.6562
299.2589,231.8133,40.6102,60.3133
300.0446,232.2046,39.5756,60.5119
300.5515,233.7336,40.8598,62.8776
296.7226,233.1286,41.5621,62.1538
294.2000,231.6068,43.8834,63.2824
292.9898,231.0846,44.9207,62.9266
293.2670,232.1322,45.3041,62.1099
293.7080,232.4122,45.6471,61.4901
292.8099,232.2746,46.6650,61.1380
291.9551,232.3945,48.0860,61.8325
290.6365,231.9951,49.2878,62.0827
285.4649,230.4213,49.6820,60.1588
285.9036,231.0950,50.1171,60.1240
282.8292,228.7758,50.9027,60.8293
279.5167,224.8238,49.4878,62.6706
279.5005,225.2058,48.7649,62.4177
279.7658,225.6870,48.2776,61.6961
278.6649,225.0759,47.2773,59.1818
278.5586,226.9827,46.0341,54.8940
277.5633,229.0640,47.3146,53.2394
278.4713,227.7834,48.3622,52.4639
273.2583,228.4615,48.8728,51.4604
270.0746,229.7688,46.5191,48.9444
264.3546,230.2425,47.0536,49.9014
265.8379,236.7150,48.3966,51.5236
254.4526,239.8263,50.6225,54.1965
241.5388,249.7323,50.9811,53.3784
228.2286,261.4528,49.9189,53.9673
211.6683,277.2027,47.5129,55.4905
190.9121,299.9031,47.0752,53.4519
187.5348,308.7813,43.5114,57.1198
182.8923,315.5706,44.0370,57.9599
184.4667,310.3440,44.5228,57.0915
192.5984,311.4847,44.1317,55.4050
193.5456,310.1809,44.4245,58.0982
193.7934,303.1885,43.0969,60.0675
198.5502,293.2292,39.9518,65.9762
206.2993,281.2068,37.9931,68.3314
222.0256,271.2123,40.0709,67.3980
246.1056,249.0723,41.2076,67.7407
265.3058,236.8322,43.0388,70.4792
292.5288,213.9519,47.1086,67.8494
320.8509,203.9895,52.0499,66.9037
358.6301,194.1264,58.4844,67.6125
387.2467,191.6004,62.7659,60.8599
410.5332,196.0943,63.1719,57.3125
453.5539,213.2163,58.6344,54.7187
484.1946,240.3225,54.1144,57.9226
492.0307,247.0541,52.3307,59.2995
495.9499,252.5074,54.9743,60.5393
507.4596,255.2906,59.9324,58.6648
528.3214,254.4544,63.7543,57.0040
566.8846,240.7958,62.3320,60.3023
599.8932,211.0876,60.9211,64.0983
613.5740,206.0331,54.6298,67.5706
618.5070,205.7906,46.8312,71.0697
617.9850,207.2115,43.1465,74.4796
617.1573,205.7893,40.0078,79.4599
615.9132,200.9927,37.1819,83.5678
616.0050,196.4375,34.9742,86.0677
611.3737,193.1688,35.9702,86.7717
606.0023,193.3423,36.0872,84.0205
596.4052,186.8608,36.7593,83.3453
583.6078,182.6981,37.5497,75.8437
571.5790,182.8468,40.6612,68.4766
547.2894,176.6419,42.6769,63.3275
519.3279,168.7802,44.8057,57.7223
497.3174,164.0011,47.6521,58.5171
490.6246,164.2469,49.7105,58.6636
489.5949,165.0550,50.7675,60.6894
500.7878,168.6789,42.3648,64.5327
509.4424,169.8392,39.0853,72.0543
515.0302,171.8103,38.4373,73.4579
523.8741,182.2210,41.4601,69.7467
541.1083,183.2679,46.9770,69.6670
559.6947,194.2275,57.0177,65.6851
594.6539,208.8978,63.3489,61.8845
633.2054,218.5094,64.3609,58.0245
658.4069,233.6480,60.3518,54.0634
676.3179,251.7546,52.1041,61.6655
695.1219,280.5399,47.7283,70.4396
715.4577,307.6338,52.6110,63.8696
732.1146,314.6189,57.0562,61.1782
749.4175,328.6047,58.5833,57.9477
767.5508,344.2242,53.2483,63.5083
783.0386,366.6916,46.4405,72.6040
781.6173,387.0603,41.2081,81.9074
776.0787,420.5515,35.9791,89.1706
766.5343,467.0101,35.9713,87.3095
758.9477,512.2921,34.0808,84.3343
757.2517,544.7288,34.3030,85.1534
751.6183,578.5953,34.0869,86.5711
740.8314,603.8734,35.9644,77.3709
720.5612,611.3566,39.3348,69.9933
702.9215,613.3829,44.6229,64.0422
679.4132,614.8777,46.8753,59.9736
651.7164,609.0096,46.7119,55.2154
628.8967,592.0014,46.8651,56.7659
612.1797,562.0561,44.4959,60.4133
593.9821,516.4855,42.4167,65.5631
580.8441,474.1842,41.2743,68.1766
566.7086,427.8588,40.1431,71.9166
557.7061,383.2141,38.9681,74.0195
550.4241,354.9763,40.1569,75.7863
547.8481,346.2177,41.9190,76.0506
535.5414,321.2186,41.1725,76.2991
515.1039,280.9135,42.2764,70.0917
501.3571,267.2715,44.8413,67.2327
495.3909,252.4841,44.3353,69.1115
487.2220,214.4413,40.8954,74.2639
498.6169,174.8775,39.6727,79.7894
507.8656,157.3928,38.2568,82.9872
510.8486,160.0869,35.9653,83.3621
507.4278,165.2487,37.1861,79.9862
496.3324,171.6803,41.2155,75.7489
486.0071,175.4984,44.2779,71.0851
475.4185,175.2875,50.0837,66.7637
454.3296,171.0827,54.1483,65.1057
425.3412,175.2392,55.4176,60.1714
400.2184,174.9542,55.5449,57.8879
375.7626,187.5353,55.5046,55.3487
345.8389,210.8283,52.2900,56.7951
321.3741,220.4002,51.3005,55.2498
291.8924,224.5966,53.1887,54.6264
273.7988,231.4356,52.6621,53.6083
260.3915,245.5010,49.8559,56.8632
242.0513,276.1409,45.6462,60.7555
224.8326,315.2169,41.3632,64.0860
211.7502,368.0942,37.6742,67.2230
216.5806,421.4779,35.8561,77.4040
233.9300,482.6234,36.3968,80.7423
252.4136,528.7780,39.1824,85.6949
249.7984,551.4836,37.3638,84.2436
248.6226,568.2096,34.8320,81.8238
239.9906,580.1187,36.1337,75.1514
229.1477,594.6257,35.7687,72.2240
205.7290,611.6094,39.3544,65.8376
170.9476,631.8932,43.9254,60.3113
164.0152,632.5759,45.0365,58.5891
171.5235,630.8751,42.2403,56.2543
175.8912,634.6249,39.6964,58.3105
170.9028,637.8382,39.8852,57.8033
169.1230,637.2854,39.0266,58.0936
169.2888,636.3596,38.9274,58.9148
169.6364,638.7560,37.4671,61.8853
170.2602,643.6343,36.1406,64.2172
170.9112,647.2505,35.9196,66.1913
171.6379,650.5150,35.9703,67.0951
174.1456,655.6120,35.0050,74.1983
178.7225,673.1851,35.7638,77.0259
188.1454,690.3684,42.1183,75.4006
201.1798,707.1299,44.5705,70.6745
222.8020,730.3276,44.6348,70.1063
230.5312,744.3202,41.4469,68.2201
236.1018,748.1156,44.4565,68.4312
244.0946,759.4539,50.7708,65.2388
259.1855,765.4621,51.6314,63.8930
270.2181,755.9396,59.9125,62.9643
298.4103,747.3505,65.3846,60.9771
337.8234,741.0076,67.3209,54.5417
374.0099,738.9282,69.6927,52.1052
409.4579,744.0814,68.4471,49.6127
426.4756,747.1745,65.3641,48.2092
442.9167,751.1150,63.0661,51.8263
477.6529,771.8878,55.7414,56.5983
491.6248,786.7274,46.5435,63.0420
503.4772,809.5851,44.8288,73.0768
513.6362,829.1450,42.2858,70.8539
512.9874,828.0242,44.9263,68.8107
517.4037,827.0720,52.6889,65.7398
521.9691,829.0652,54.7622,62.4664
521.0973,830.1970,56.0398,60.5233
521.9207,830.2889,57.0751,59.5651
526.9237,828.7975,58.4808,57.3753
531.8022,831.5295,59.2189,55.6976
530.9011,831.6672,61.6420,54.2203
531.6533,834.6049,63.0293,52.0247
532.7422,835.2565,62.4119,50.4826
537.6791,829.5065,54.5255,51.9313
540.6406,829.6781,49.7863,54.2211
540.6602,828.6171,47.8576,55.3194
543.1746,822.1019,47.7159,56.3954
544.2949,817.9258,46.9015,58.4611
544.8303,813.7823,48.1247,61.0349
549.6413,807.2681,45.5323,66.0338
549.9945,805.4120,45.5379,67.9312
554.9407,804.2921,46.5275,70.7210
555.8942,800.9381,46.3398,73.0046
555.7384,800.2789,47.0663,73.8661
555.1683,800.0358,48.2048,73.1980
559.8000,794.6000,47.8000,72.8000
571.6992,796.3362,52.2485,66.5536
572.4841,795.2311,53.8601,62.9516
576.3342,793.5299,53.1095,61.4815
581.5857,787.8345,51.8559,62.1611
583.0619,786.1038,51.1796,63.5634
586.2047,784.7847,50.8697,66.2472
589.3522,787.0700,52.3264,64.2453
596.7941,782.5184,53.8846,66.6573
604.7629,779.5446,54.8710,67.9867
607.0495,774.6210,55.7655,70.3700
608.5402,774.5809,55.9935,70.4651
612.3130,771.9392,57.0706,67.9451
614.0979,774.5765,60.3436,65.8874
615.8714,775.9949,61.6261,65.9943
613.8320,774.9681,61.7534,64.8624
614.1383,773.9875,61.4816,64.1579
617.2637,775.5450,59.1366,61.5489
617.2320,776.7382,59.1881,60.9563
619.2691,777.0541,57.8463,60.4655
620.9916,776.5834,56.2151,59.4564
623.3553,777.3151,54.3156,59.1463
625.0891,777.8362,54.0740,60.1066
625.2257,778.6163,54.3221,59.4208
627.8125,778.7908,54.6273,60.1661
628.6723,780.5326,55.4324,60.5606
628.1315,781.4888,57.2119,61.6641
630.4485,781.8727,57.2272,57.5385
630.1434,781.8925,55.6774,56.5128
632.1709,780.7811,56.4159,54.8038
634.8198,782.0118,57.5718,54.0281
636.9383,781.1112,56.9716,52.3987
643.4039,776.9869,59.0532,48.5797
659.1193,770.6652,61.9356,47.9565
678.8331,759.0307,56.8727,52.2988
696.2900,742.9617,50.8785,60.3195
705.2750,725.6008,44.6693,67.8561
709.6602,720.4065,41.5345,69.6670
709.7101,721.4409,40.5426,69.3988
710.5566,722.0674,38.8387,68.8634
710.8251,720.0128,37.7015,69.5539
713.1867,715.9125,36.2785,74.4512
714.4811,716.0903,35.4992,76.3746
714.3542,714.0988,34.4220,77.4989
713.8580,711.7922,33.5249,77.3271
