1
333.8163,120.4548,21.8642,23.6905
325.5054,119.7541,24.7517,23.3143
319.4433,120.1638,26.8768,22.5881
312.6583,119.4398,31.0702,23.1795
306.0926,118.4814,32.6246,25.8296
300.1735,117.8698,32.8257,26.6941
294.4450,119.3135,30.3404,26.6797
294.0766,118.0830,26.8599,21.0510
289.5580,118.3617,27.7193,21.2146
294.1490,117.3109,20.8460,21.0395
289.0959,117.6178,22.9627,20.8578
284.7626,116.1316,24.5529,21.2602
281.5217,116.7143,24.6136,21.3836
281.9476,116.0416,21.6017,21.7532
277.1948,116.5102,22.9913,21.9255
274.4203,116.8032,23.3069,19.7845
271.5802,115.8758,23.4654,21.3422
268.7520,116.2457,23.5279,21.1029
266.7690,116.9048,22.0766,20.8813
264.4910,115.9408,20.8255,21.5037
259.0994,116.4809,25.8228,22.6844
255.9582,114.8180,25.4834,26.3364
256.2470,113.3187,21.3129,29.3314
251.4260,114.7206,19.7137,28.6649
247.2952,115.3989,19.7132,24.9101
240.9733,113.9454,22.9301,24.8305
237.0551,112.2917,22.5336,26.5577
233.7345,113.4978,21.4676,24.5930
228.0063,114.8595,23.1889,24.1784
221.8709,114.4052,23.5414,24.0261
215.2491,115.1501,24.6814,25.8528
209.4962,114.7828,24.9634,24.8236
205.8620,115.7942,24.2552,24.7710
199.4052,115.8712,25.6958,25.1420
193.9111,116.2087,26.5124,25.0984
193.6723,115.5914,23.3554,26.0147
186.9546,117.1433,26.5412,24.5109
184.1700,118.9259,24.4223,24.2111
179.2821,120.1160,25.2002,23.8338
176.5617,118.7337,24.3635,24.6488
173.1015,118.5551,23.2793,25.8237
169.7500,118.7113,22.6481,25.0203
165.4759,119.5426,22.5910,25.3255
159.6430,117.7678,22.0181,27.1770
154.0201,119.4270,24.0497,26.4424
149.5296,119.2047,25.3239,27.1294
147.5289,124.1485,23.8725,24.1727
144.5572,123.6344,24.6082,22.6931
147.3127,126.0130,19.2751,21.3463
145.5134,124.7579,21.1212,22.7075
142.9646,126.4799,23.7015,21.1944
141.8054,126.7475,23.6900,20.6013
140.1660,128.9016,24.4055,20.2471
145.1347,127.5905,20.1211,23.2926
144.2650,127.2510,22.7287,25.2962
142.6720,126.4503,23.0543,20.9409
142.7767,124.7523,22.9125,23.3289
142.5083,124.0812,24.3444,24.5240
143.0656,126.6370,26.4157,23.6302
143.4516,127.7116,24.8442,20.9939
143.6055,129.3604,23.9338,21.3817
143.8040,131.1835,21.7586,19.7651
144.2033,133.1180,23.3223,19.5066
145.8549,133.6301,22.5960,19.2466
2
0
0
0
0
1
190.3973,140.0652,12.7556,17.4476
193.7350,139.3350,13.4447,19.0826
198.8544,140.6797,12.8973,19.2189
202.1800,140.4878,13.6350,20.8996
207.1489,140.9440,14.0138,22.0492
212.3023,141.3517,14.6224,22.5426
217.1803,142.7231,15.1791,19.1395
222.1198,142.6360,15.7248,16.9651
228.0304,144.1443,15.8569,17.7676
233.3470,143.1186,16.9485,19.5227
238.7253,143.5343,17.6362,21.0707
245.5840,143.0639,15.7989,18.0466
250.6792,143.5849,16.7153,18.2738
255.9542,146.1551,16.9441,15.2654
261.6716,146.9070,16.4655,15.8337
266.9206,147.0318,16.1382,14.8076
271.7215,147.6050,16.3063,15.8440
276.4889,147.5628,15.6337,16.3313
280.2065,148.5760,16.5799,16.3471
284.0644,148.3340,15.9417,16.2201
286.7569,149.1421,16.6339,15.9068
289.0454,148.2206,17.1577,15.8221
291.3465,148.0981,16.6985,15.8470
291.2362,146.3065,18.2010,16.6268
292.1309,146.5682,17.5490,18.3940
292.5934,145.5381,18.9951,18.8155
298.7958,146.0858,12.7911,18.7380
298.9210,145.4123,13.4849,18.7303
299.5041,145.1529,12.8517,17.0668
300.5807,144.0112,12.4223,16.5848
300.6876,144.3940,13.0035,16.4348
300.9461,143.0905,12.9158,16.3498
301.0296,143.0694,13.3251,16.7717
300.7531,141.9115,13.4453,16.9648
300.6684,142.2025,13.7386,16.7130
300.4833,141.8476,13.5465,16.3892
300.5864,141.6183,14.0896,16.7654
301.0255,140.6408,14.4120,16.9629
300.8328,141.3929,14.7052,16.5356
300.7256,140.9289,15.9818,16.4870
302.7920,141.5011,14.8282,16.6394
303.4220,140.8314,15.1747,16.6873
304.7979,141.1534,14.8900,16.9806
305.8570,140.9000,14.8537,16.6708
306.0607,141.0133,15.3576,17.3714
306.8916,139.8373,15.1223,19.7868
306.6681,140.1468,15.0944,19.8094
306.4522,139.8474,15.7195,19.0819
306.8426,140.4204,15.6916,17.4055
306.8189,138.9727,16.8215,18.1697
307.3429,138.7294,16.8472,18.8394
308.1682,137.7272,16.2388,17.6700
308.4250,137.6519,16.2130,18.1851
308.1083,136.9020,15.4710,20.6082
309.0603,137.8911,15.1498,20.2071
309.9267,137.8208,15.4214,21.3625
310.2994,137.1333,15.6656,18.6929
310.3571,137.5844,16.4830,18.9412
310.7277,136.9634,16.4469,19.2084
311.6662,137.5003,15.5600,19.1609
312.0123,136.3094,15.0071,20.5905
312.9469,136.6814,14.4545,19.4012
312.9267,135.7882,14.5311,19.8947
313.2811,136.1339,14.3921,19.4028
313.7333,135.5964,14.2146,18.9656
314.5704,136.6512,13.8634,18.7807
314.4689,135.1689,14.0235,19.5866
315.7636,135.4052,12.9142,20.8629
315.7583,134.4531,13.1538,20.0833
316.4677,135.0871,12.4927,20.1923
316.6733,134.1866,12.5932,19.7472
316.9566,135.3607,14.5873,19.1633
316.8190,134.1724,15.5809,19.0390
316.8556,134.2536,16.1285,19.1697
316.5625,132.8179,16.1413,19.7755
316.4127,132.9468,16.1100,19.6945
316.3029,131.6327,16.5966,20.2975
316.5367,130.4244,16.3051,22.3245
316.3584,130.1520,16.3304,21.3358
315.8412,131.2542,17.5784,20.3887
316.3499,131.8079,16.8903,19.0099
316.8254,131.7396,16.7110,20.4518
316.7009,131.3517,16.6352,18.9566
316.4524,131.3451,17.2061,20.5698
316.2364,130.2377,16.8248,20.8772
316.0233,131.6042,14.8949,20.7616
315.9178,130.6067,14.6431,21.0221
316.0839,130.5721,14.5930,21.6010
316.1940,129.3940,14.0531,20.7905
315.8968,129.4390,13.9413,21.3062
315.5127,129.1138,14.1326,20.9953
314.9210,129.7504,14.0287,20.9065
314.0800,129.4259,14.2292,19.7299
313.3079,129.8468,14.7259,20.0672
313.2437,128.6018,15.2842,20.4199
314.1405,128.5243,13.7519,21.2268
314.7439,127.7442,13.1610,20.4995
314.1119,128.9797,14.0980,21.3456
313.9513,127.5979,14.0195,22.3438
314.9824,128.2804,13.1881,21.9873
315.0319,127.9352,13.4574,21.4551
315.3853,127.7001,13.3717,23.4504
315.3160,127.2586,13.4037,20.9291
315.1043,128.2606,13.7552,19.9625
314.7993,127.8926,14.0216,20.2097
314.5320,128.1081,14.1811,19.7873
313.9484,127.5158,14.4369,20.6623
313.4240,128.2138,14.5309,20.3858
313.1504,125.5293,14.4800,22.2938
312.8010,126.8663,14.8744,20.9272
311.8765,125.8368,15.6035,21.2379
311.7915,126.6024,15.3510,20.1672
311.8218,125.9808,15.2977,20.1692
310.8484,125.8183,15.8925,19.5477
309.9930,124.9681,16.4374,19.8320
309.7549,123.6513,16.9391,20.7214
310.1574,123.9638,16.2924,20.7678
310.3548,123.1576,16.3902,22.7613
310.2529,124.3378,16.6646,20.0224
309.1660,123.6236,17.5297,20.3637
309.6347,124.0785,17.0893,21.2179
310.7297,122.8280,15.8108,21.6622
311.7891,122.7837,14.6956,21.5000
311.6839,121.8108,14.6661,21.2770
312.1634,121.8349,14.5560,21.9386
312.7762,121.6480,14.0439,20.8805
311.8107,122.9409,15.5926,20.2500
310.6893,120.6661,16.7143,21.3915
314.3060,120.9092,12.9121,21.9927
314.9708,119.7514,12.3871,22.4702
314.6578,120.5822,12.2372,21.0302
314.9293,119.6488,11.7974,17.7943
315.2102,119.9700,11.8714,17.1648
315.2824,119.1886,11.9676,18.8033
315.3524,119.8429,12.5558,18.7922
315.3623,117.2380,12.1089,20.9394
314.7586,116.0979,12.3884,17.9582
313.8857,113.2634,14.1992,22.2191
313.7646,112.5582,14.8287,24.8556
315.0912,112.4286,13.6952,23.7352
314.1893,108.9017,12.9663,15.2412
314.1687,108.1544,13.7405,15.7552
312.7402,105.8697,15.4375,14.8032
312.6200,104.7943,16.7735,15.1075
313.0323,104.9715,15.2725,16.3841
313.1548,104.1649,15.4220,15.8960
310.5659,104.9168,16.6121,14.9790
311.4435,104.0926,17.6556,12.6848
310.5970,104.3376,16.3864,12.1623
311.1548,103.7094,15.3490,12.3250
309.9444,103.9231,16.5383,12.2304
2
0
0
0
0
1
306.6699,112.9021,9.8181,20.0028
304.8994,113.1873,10.3231,20.7929
303.0871,112.2986,11.5489,21.7128
300.5468,113.6975,12.7992,20.7397
299.0417,112.7270,12.2063,20.9697
297.4774,113.2504,10.6575,20.4997
296.6334,112.7288,10.1924,20.6559
295.1911,114.0021,10.2826,19.5453
294.0207,113.3664,10.4633,19.5702
291.4525,114.3399,11.8563,19.1082
290.9183,112.8137,11.6916,20.5248
288.6060,113.9894,13.0539,19.7070
286.9110,113.6939,14.0232,19.5123
285.3047,113.8053,14.3377,19.7569
284.2932,111.7832,14.2934,22.6454
281.9122,114.1846,16.2668,16.8171
281.0189,114.1776,15.6526,16.0262
280.5173,114.6784,14.8190,16.4685
279.9836,113.6855,15.5939,17.1626
279.5220,114.7561,16.1675,16.2152
277.2716,114.0194,17.3520,16.8398
276.5778,114.3165,17.6384,16.5904
274.6832,113.9494,18.0953,17.0055
275.4012,113.5309,17.2056,17.5447
273.8867,114.2285,16.7585,15.9402
272.3071,115.0048,17.5039,15.6879
270.9726,114.2428,15.3756,15.7619
269.8008,114.4248,16.5594,16.0900
267.6479,111.7163,18.3088,18.7348
265.4894,111.0984,19.9965,19.3092
264.5591,109.7461,19.6824,20.1604
263.8776,111.2773,19.3062,19.1553
262.9453,110.6012,17.5740,19.3549
262.6440,111.7472,16.7688,18.7196
261.5004,111.4649,16.4483,18.6553
261.0515,111.8847,15.6513,19.1782
259.0983,111.0481,16.1177,17.8453
257.5896,110.8341,16.3780,18.4177
256.7177,110.8846,15.8773,18.0335
255.4030,112.2903,15.5956,16.2931
254.1293,111.5908,16.1656,16.8990
252.7074,112.4982,15.9846,16.7563
251.0168,112.0115,16.6270,16.4801
249.2806,112.2929,17.2670,16.6462
248.8505,110.2884,16.5722,18.6511
246.5067,111.0518,17.3113,18.4162
245.5393,110.5334,17.4601,18.4871
246.0164,111.0295,16.8267,18.4413
245.5114,109.8523,17.7717,19.8861
245.7335,110.1944,16.6427,20.6308
246.3520,109.4891,16.4065,21.7174
246.0517,110.2455,16.1842,21.5468
245.8343,108.7066,15.4925,24.7310
245.6848,108.4840,15.4462,20.5806
244.8724,114.7134,15.8456,14.2447
245.2510,115.4870,15.7119,14.3509
245.1651,115.6418,15.7104,13.8285
244.2153,114.9612,16.1701,15.0305
241.4468,114.2628,17.7795,14.9261
240.4012,114.2880,18.8941,16.7682
239.2669,114.0939,19.4055,16.5511
238.7307,112.6562,18.7745,17.8647
238.2658,111.8982,17.1236,17.8894
237.7102,112.9361,15.8855,18.5843
236.4523,113.4594,17.2923,18.1890
235.7717,113.0845,17.2785,19.3357
235.6948,112.6173,16.6078,19.5991
234.5185,116.1086,17.8931,15.6885
233.6038,115.0659,17.8943,15.7437
233.4754,115.2856,17.9684,16.1421
231.6138,114.2745,18.0237,16.7919
231.1240,114.1162,18.3630,16.6205
229.4541,113.2739,18.8820,16.8173
229.3257,112.4261,17.8415,18.3390
228.5885,111.9727,18.2451,17.8735
227.8878,114.9199,18.0263,15.6440
227.2207,113.8411,16.4231,15.6043
225.8738,114.7822,16.3534,14.4246
224.2870,114.5817,15.6394,13.9910
223.3607,115.3538,16.5409,14.0341
221.8112,114.4530,17.2460,14.1006
220.3691,114.8554,17.6569,13.9017
218.6004,113.9955,19.7106,14.4004
217.4821,114.8766,18.3731,13.7386
215.4892,114.5278,19.9172,13.7078
214.3860,115.3460,17.2316,14.1036
210.9697,115.0109,19.7440,14.2115
209.0315,115.6816,18.6156,15.0907
206.2075,115.5860,19.6083,15.8720
202.8712,116.7057,20.8213,16.2290
200.8301,116.8998,18.0514,17.0771
199.0408,117.5188,17.7843,17.6969
195.8435,116.6552,16.3076,16.6363
192.0632,116.4771,17.5885,17.8875
187.1013,116.7182,19.0671,18.7122
183.6321,115.4067,18.9599,20.7186
178.4765,116.2041,20.8144,19.3656
174.6715,115.5864,17.3806,20.7089
171.0075,115.6496,17.2282,20.5136
167.4600,115.6598,17.9258,18.0670
164.3283,116.1387,20.1028,17.3242
161.8950,115.9871,21.4516,18.9408
159.1927,113.6967,19.1227,20.7650
156.6080,113.3229,19.2433,21.5303
154.3772,112.1456,19.3612,22.2811
151.6639,115.3845,19.7652,19.6449
150.1850,114.6121,20.0147,20.1045
151.0153,115.0794,17.9966,20.0023
147.2949,114.7972,17.8422,20.4583
145.1112,114.4106,18.4023,19.5481
141.9991,114.9146,19.0509,19.8838
139.5044,113.6054,19.6065,20.3955
140.8717,114.8166,15.7513,19.5968
137.9561,113.6861,16.2981,19.9035
137.3319,114.6421,14.7503,18.5736
133.9191,114.5535,18.0166,18.1029
133.0076,115.1687,16.5739,17.8195
130.8838,115.5396,17.2125,16.5237
127.8767,115.7690,17.5026,15.9953
124.3780,114.9053,18.2142,17.2152
120.7133,115.9078,18.2090,17.2895
116.7850,115.1416,18.3922,14.4171
114.7612,115.1857,17.6560,14.6526
110.0207,112.5903,19.6886,16.4362
104.7695,113.2681,20.2887,16.7400
98.8023,112.1785,17.6558,17.4432
93.7497,112.9488,18.0858,17.8251
90.2023,111.5621,17.1199,18.9679
85.8593,112.5527,17.4834,19.1101
81.6789,112.7963,18.5630,19.4574
77.8965,113.0708,18.5517,19.8631
74.2920,114.4563,18.5901,18.5015
70.4778,114.9920,17.8289,18.8920
65.3868,115.3985,18.0020,18.3286
60.6183,115.2312,17.5385,19.4018
56.0933,115.3983,18.2871,20.1325
54.2877,115.5026,15.4405,20.7132
48.4118,115.8537,16.7774,20.6376
43.5189,116.9135,16.1162,20.2394
37.9369,116.3504,16.8628,20.5669
32.8321,116.6653,17.1365,21.1575
26.9087,116.3416,17.7515,20.8084
21.3526,117.2648,18.5699,20.9654
2
0
0
0
0
1
