1
171.8000,66.4000,87.8000,64.0000
134.8596,96.4515,89.9658,58.4119
106.9441,113.2017,86.4402,55.3713
85.6790,115.3424,81.4368,57.3744
71.2311,119.3389,72.2086,62.1342
69.0000,129.6000,71.6000,61.8000
74.1320,147.2099,65.9168,66.4803
79.3966,156.4746,76.2816,66.2003
110.3393,154.3302,81.3702,63.7373
134.6725,140.8754,87.8008,65.9601
167.2505,132.4082,89.3875,68.7610
208.9640,131.2925,85.8337,71.4787
242.1082,135.9277,78.8071,73.7291
263.0523,138.9339,84.6891,74.0429
287.1732,135.6195,92.5029,71.2601
300.3052,138.8671,100.0019,65.3860
297.1595,146.7257,97.3941,68.2390
303.8286,143.8942,90.9361,75.9178
328.0549,143.5770,90.0153,82.9230
357.7935,150.9276,90.6543,84.9329
367.6453,161.0082,90.5885,84.6836
379.2395,173.8601,81.4350,74.9520
380.3784,182.1181,76.5664,69.7163
383.5545,180.4881,74.7996,70.7157
374.9771,162.4356,72.4501,72.7171
351.8049,146.3465,73.1987,74.7114
325.3136,132.2258,72.5160,73.2125
294.8367,129.2606,71.7754,67.2949
277.4818,139.4293,71.0182,58.9029
268.9796,145.4779,73.8902,53.2563
265.0291,154.2342,71.1849,48.7854
244.7425,152.8116,72.6000,51.3663
225.8474,154.3466,71.5095,53.0061
212.2930,150.0206,70.1839,54.5705
196.1980,144.0848,69.6347,55.9993
180.5065,136.9184,65.8085,60.3427
172.8224,138.6614,63.1846,58.7050
167.2328,138.2963,64.9725,57.7298
173.1098,131.4483,65.8981,55.4296
178.6305,127.3902,68.2156,52.7898
188.8291,133.2772,60.2291,44.9888
194.8121,144.4729,58.1251,39.3334
204.4707,147.8532,60.5813,38.4976
220.1745,143.2038,61.7986,38.2650
238.5064,146.0642,59.6827,34.9896
257.9469,148.5564,55.4000,35.4160
277.6191,154.8228,54.7506,40.8915
298.3035,150.0952,51.4783,43.3139
308.1946,154.6080,51.0816,39.0889
309.3869,156.6972,52.5703,35.8904
312.3578,153.9375,51.9776,33.7412
322.9991,144.8488,49.2740,34.4969
336.6000,143.4000,48.6000,34.0000
332.0000,131.0000,48.6000,34.2000
336.2000,139.6000,48.4000,34.0000
340.6000,138.2000,48.4000,34.0000
354.4000,137.8000,48.6000,34.0000
347.8000,137.4000,48.0000,33.6000
350.0000,133.6000,47.2000,33.2000
349.2000,136.4000,46.2000,32.8000
351.2000,131.0000,46.6000,32.6000
345.4000,133.2000,46.8000,32.8000
2
0
0
0
0
1
323.2000,162.6000,49.4000,55.4000
322.4000,167.0000,50.0000,56.0000
321.9430,167.8656,46.4707,52.3592
317.8000,166.4000,46.4000,52.4000
320.6000,163.2000,46.8000,52.8000
309.6000,167.4000,46.6000,52.8000
323.8000,167.4000,47.0000,53.0000
327.0882,164.5770,40.4279,52.6103
328.4391,169.3580,38.4407,47.4786
320.6019,167.7846,38.8731,54.2913
308.2000,172.0000,38.8000,54.6000
317.6000,162.0000,39.6000,55.4000
305.6000,158.6000,40.4000,56.2000
288.4000,164.8000,40.4000,56.4000
275.8000,162.6000,40.6000,56.8000
261.6071,190.1758,39.5577,64.2244
259.9724,190.9617,40.4027,71.4477
269.4000,170.2000,41.4000,73.4000
280.6000,158.2000,41.2000,73.2000
290.2918,188.9945,41.6247,77.0811
301.4000,188.0000,42.2000,78.0000
286.6000,171.6000,42.4000,78.0000
302.2000,184.4000,42.8000,78.4000
332.0000,186.4000,42.6000,78.2000
347.8000,177.6000,42.2000,77.6000
362.0000,166.0000,42.0000,77.6000
367.2000,156.2000,43.0000,79.2000
346.2000,179.0000,42.8000,78.8000
2
0
0
0
0
1
343.2000,180.6000,48.2000,64.0000
2
0
0
0
0
1
165.9693,201.0074,43.8344,62.2967
166.0343,205.4687,48.8978,63.4770
177.2000,210.4000,48.8000,63.2000
195.5390,209.6810,55.0983,72.4309
220.1401,212.3544,58.8247,78.6276
243.3565,217.7969,49.5640,75.2667
269.5134,214.1956,50.4420,74.0917
295.8400,214.7169,65.2518,72.7448
314.0839,208.2896,71.6997,71.2268
309.6559,210.1863,75.3728,69.3740
294.4000,210.6000,73.8000,68.2000
280.8000,183.2000,73.0000,67.6000
289.6000,168.2000,72.6000,67.4000
329.0000,188.8000,71.4000,66.4000
313.8000,184.0000,71.8000,66.8000
315.8000,193.6000,71.8000,66.8000
295.2000,192.4000,71.6000,66.6000
316.2000,203.6000,73.0000,68.0000
315.4000,205.4000,73.4000,68.4000
311.0000,203.8000,73.2000,68.2000
256.0000,202.8000,71.8000,66.8000
2
0
0
0
0
1
302.6078,185.6341,71.4289,82.6445
300.4913,185.3824,71.7368,79.6154
295.0340,185.4187,71.3551,78.5128
294.8000,179.2000,71.0000,78.2000
279.9098,171.5787,68.5026,72.0981
273.6295,166.9984,63.5548,69.1178
269.4294,162.3549,59.9631,68.5550
267.4000,156.2000,60.8000,69.6000
242.2000,154.2000,60.6000,69.4000
243.6000,147.0000,59.6000,68.0000
243.0000,147.4000,58.6000,67.2000
243.8000,145.2000,57.8000,66.2000
247.6000,144.8000,57.6000,66.0000
239.4000,149.8000,56.6000,65.2000
247.8000,148.0000,56.8000,65.6000
253.2000,149.0000,56.2000,64.8000
255.4000,148.0000,56.8000,65.6000
252.6000,143.2000,57.0000,65.6000
247.2000,141.6000,56.2000,65.0000
2
0
0
0
0
1
379.2167,166.0002,62.0711,53.1834
370.5909,184.1411,70.1502,53.6584
365.8155,178.9765,68.5025,54.5163
369.6415,174.6189,68.3651,56.2236
364.8398,170.1648,67.5105,55.7530
358.8000,169.4000,67.4000,55.8000
365.1251,169.5422,68.6339,56.6679
371.4782,168.9532,73.2184,58.1935
372.4684,167.0668,73.4521,57.5408
364.9359,165.8762,70.0595,56.9062
359.5554,137.6306,62.7064,60.9340
402.6977,153.8687,65.9668,67.3051
424.0866,158.1943,73.5208,74.9941
