0.000122
0.005878
0.003017
0.002959
0.002816
0.002995
0.002981
0.002937
0.002816
0.002802
0.002779
0.002789
0.002794
0.002803
0.002817
0.002801
0.002779
0.002807
0.0028
0.002792
0.002802
0.002804
0.002808
0.002808
0.002811
0.002807
0.002799
0.002808
0.002811
0.002802
0.002801
0.002798
0.00279
0.002814
0.0028
0.002811
0.002803
0.002824
0.002776
0.002985
0.002806
0.002819
0.002812
0.00281
0.002801
0.002809
0.002797
0.002809
0.002805
0.002802
0.002776
0.002789
0.002765
0.002807
0.002787
0.002807
0.002797
0.002803
0.002795
0.002806
0.002805
0.002811
0.002805
0.00282
0.002798
0.002819
0.002827
0.002813
0.002801
0.002826
0.002806
0.00283
0.002817
0.002846
0.002835
0.00285
0.002829
0.002822
0.002783
0.002779
0.002817
0.002828
0.002819
0.002842
0.002813
0.00284
0.002827
0.00283
0.00281
0.002841
0.002836
0.002836
0.002803
0.002845
0.002842
0.002822
0.002813
0.002824
0.002815
0.002823
0.002815
0.002824
0.002863
0.002835
0.002797
0.002805
0.002814
0.002828
0.002791
0.002798
0.002802
0.002815
0.002809
0.002845
0.00287
0.002919
0.002838
0.002851
0.002845
0.002856
0.002896
0.002844
0.002836
0.002845
0.002831
0.002836
0.002834
0.002857
0.002856
0.002838
0.002832
0.002826
0.002819
0.002818
0.002814
0.002825
0.002821
0.002808
0.002818
0.002828
0.002833
0.002805
0.002806
0.002817
0.002799
0.002825
0.002823
0.002837
0.002825
0.00283
0.002828
0.002844
0.002846
0.00284
0.002846
0.002832
0.002863
0.002861
0.002852
0.002826
0.002831
0.00282
0.00284
0.002835
0.002839
0.002752
0.002633
0.002678
0.002645
0.002674
0.002739
0.002678
0.002642
0.002679
0.002681
0.002747
0.002735
0.00275
0.002685
0.002676
0.002681
0.002673
0.002647
0.002744
0.002788
0.002955
0.002999
0.002907
0.002881
0.002883
0.002885
0.002889
0.002874
0.002869
0.002867
0.002878
0.002856
0.002848
0.002861
0.002857
0.002857
0.002845
0.002852
0.002868
0.002852
0.002846
0.002856
0.002842
0.00285
0.002836
0.002837
0.00283
0.002829
0.002845
0.002843
0.00284
0.002836
0.002844
0.002836
0.002852
0.00284
0.002832
0.002834
0.002844
0.002851
0.002864
0.002843
0.002836
0.002842
0.002841
0.002859
0.002853
0.002805
0.002809
0.002826
0.002863
0.002831
0.002828
0.002818
0.002836
0.002845
0.002861
0.002842
0.002837
0.002822
0.002815
0.002811
0.002827
0.002819
0.002818
0.002823
0.002828
0.002814
0.002825
0.002823
0.002855
0.002831
0.002875
0.002864
0.002876
0.00284
0.002839
0.002864
0.002842
0.002841
0.002836
0.00282
0.002846
0.002844
0.002843
0.002838
0.002857
0.002882
0.002907
0.002863
0.002862
0.002849
0.002886
0.002885
0.002879
0.002869
0.00289
0.002895
0.002891
0.002864
0.002866
0.002868
0.002882
0.002859
0.002932
0.002874
0.002861
0.002889
0.002877
0.002866
0.002885
0.002868
0.00286
0.002846
0.002866
0.00285
0.00287
0.002856
0.002857
0.002845
0.002833
0.002843
0.002827
0.002835
0.002834
0.002836
0.002855
0.002845
0.002857
0.002838
0.00287
0.002849
0.002852
0.002863
0.002851
0.002855
0.002849
0.002849
0.002854
0.002796
0.002821
0.002817
0.002815
0.002806
0.002814
0.002789
0.0028
0.002806
0.002813
0.002808
0.002799
0.002796
0.002792
0.00278
0.002812
0.002818
0.002806
0.002808
0.002794
0.00281
0.002817
0.002818
0.002795
0.002806
0.002823
0.002812
0.00285
0.002844
0.002865
0.00285
0.002876
0.002844
0.002841
0.002819
0.002844
0.002831
0.00283
0.002831
0.002846
0.002842
0.002857
0.00288
0.002855
0.002852
0.002842
0.002854
0.002859
0.00289
0.002874
0.002879
0.002863
0.002897
0.002889
0.002872
0.002867
0.002875
0.002851
0.00286
0.002892
0.002883
0.002883
0.002871
0.002899
0.002882
0.002864
0.002868
0.002819
0.002967
0.002788
0.002909
0.002772
0.002777
0.002763
0.002774
0.002785
0.002794
0.002789
