1.4803
0.055645
0.050003
0.0535
0.051276
0.056055
0.056121
0.058019
0.052237
0.053592
0.053881
0.047587
0.052143
0.054893
0.051757
0.045481
0.0514
0.046615
0.047484
0.047719
0.04997
0.05048
0.04762
0.043124
0.045504
0.046571
0.046028
0.040319
0.043991
0.043962
0.042492
0.044311
0.045737
0.048483
0.048506
0.047866
0.051701
0.048167
0.047379
0.048641
0.057412
0.050038
0.046399
0.046447
0.046301
0.043539
0.050067
0.046621
0.048425
0.046307
0.051509
0.051677
0.050538
0.047954
0.049422
0.046184
0.044304
0.041892
0.014796
0.01029
0.010373
0.012055
0.015596
0.016187
0.014653
0.018605
0.019377
0.044522
0.043945
0.04167
0.045056
0.042311
0.020396
0.011083
0.046888
0.043474
0.04468
0.047511
0.044954
0.047559
0.049088
0.049399
0.048132
0.053447
0.044721
0.057982
0.047366
0.048846
0.04467
0.044156
0.048661
0.040288
0.050599
0.047694
0.049889
0.050247
0.051243
0.049594
0.051076
0.046659
0.05015
0.049336
0.049786
0.05112
0.056118
0.053888
0.054613
0.055245
0.054569
0.024614
0.023673
0.042988
0.023489
0.054683
0.065419
0.058837
0.055775
0.056778
0.054871
0.058367
0.056189
0.060849
0.063071
0.051196
0.064963
0.072988
0.047928
0.055379
0.050403
0.054382
0.049529
0.04912
0.045457
0.050507
0.04815
0.024077
0.050847
0.053053
0.052834
0.057882
0.054671
0.050593
0.051553
0.053304
0.052533
0.049041
0.050318
0.048041
0.022886
0.02256
0.023163
0.021879
0.022799
0.022426
0.023834
0.046301
0.047535
0.044623
0.042677
0.040896
0.045508
0.049368
0.052692
0.048182
0.05044
0.048028
0.050767
0.04727
0.047933
0.049845
0.046708
0.052527
0.047969
0.044774
0.048847
0.0469
0.03634
0.045669
0.050715
0.048274
0.050193
0.051164
0.050915
0.022376
0.022313
0.023504
0.024232
0.024353
0.024675
0.023475
0.053693
0.052718
0.04987
0.048695
0.05267
0.047896
0.052947
0.049346
0.051794
0.050112
0.053922
0.051506
0.023864
0.051375
0.04984
0.051504
0.022713
0.024065
0.051659
0.056358
0.052435
0.053555
0.052135
0.052596
0.052077
0.056947
0.052181
0.02383
0.051097
0.054173
0.054337
0.056494
0.052729
0.053065
0.053979
0.053729
0.050724
0.059899
0.056611
0.059566
0.054595
0.055703
0.054254
0.05333
0.051996
0.053948
0.053105
0.054467
0.048325
0.051538
0.044648
0.047843
0.045838
0.048992
0.043516
0.046413
0.04477
0.045248
0.046693
0.050625
0.047039
0.048038
0.045935
0.048936
0.048906
0.050204
0.049631
0.023611
0.022963
0.023662
0.020601
0.022364
0.041916
0.043496
0.045648
0.045332
0.04464
0.042653
0.042345
0.020358
0.01906
0.020665
0.021182
0.022041
0.021165
0.022851
0.02169
0.022043
0.021876
0.023108
0.053331
0.055723
0.05035
0.056071
0.053641
0.050505
0.048528
0.022212
0.045481
0.031024
0.048479
0.045765
0.046828
0.049928
0.049692
0.053519
0.050194
0.054759
0.048003
0.050676
0.047792
0.044816
0.043665
0.043993
0.021727
0.02081
0.022597
0.022295
0.023036
0.023822
0.023935
0.054447
0.053214
0.051977
0.052818
0.052093
0.050405
0.047511
0.050797
0.052217
0.059162
0.056909
0.057145
0.054624
0.05873
0.054904
0.024405
0.050868
0.057176
0.024105
0.023356
0.053322
0.047659
0.049488
0.047159
0.050974
0.048813
0.048903
0.047086
0.047866
0.056736
0.051035
0.062237
0.05806
0.049143
0.051509
0.048723
0.052351
0.051282
0.049945
0.0473
0.049901
0.051247
0.048876
0.0473
0.047145
0.045053
0.049341
0.04885
0.050532
0.050889
0.05242
0.047661
0.023242
0.02189
