1
287.4986,142.2085,51.9566,154.5950
287.9565,142.3942,51.6488,162.9493
290.1053,143.0858,49.8900,159.3412
286.7061,139.6490,52.7131,141.3519
285.1846,143.1533,55.8585,137.2688
287.3959,143.3185,55.1403,139.0209
282.7223,141.2424,59.2177,136.9213
281.7826,139.4858,60.9279,137.8452
281.2505,140.9475,59.8119,138.0936
275.7325,140.6795,65.0576,140.2000
283.0944,140.7312,56.4433,142.5322
284.6244,141.5030,52.0113,142.9709
282.7040,140.2546,52.5261,142.8364
283.9954,141.9799,48.8973,142.1958
281.4003,142.1225,49.4520,141.0168
280.8359,140.6283,48.2178,142.4346
269.5327,140.0193,55.6486,152.9936
269.9482,142.3334,53.0069,149.0900
270.9089,143.0803,51.0115,146.3658
271.8611,143.3810,50.5420,147.1188
269.7415,145.1584,50.5369,145.0087
270.3576,145.9035,47.9338,142.2554
271.4831,144.9494,46.1943,145.6532
267.8937,145.7841,47.6938,152.4205
269.4132,146.3201,46.0383,151.6538
264.1906,139.0352,51.6124,134.9413
262.4834,139.3761,58.1647,137.9338
260.6664,139.9465,55.9528,135.9339
259.1813,142.9275,53.8862,137.4589
261.8326,141.4729,49.8462,139.4384
262.4240,144.0571,48.3617,141.0894
263.6604,146.9668,45.3079,139.2872
261.8674,148.2296,45.7468,138.9929
249.8225,149.5257,59.9585,140.8612
248.6803,146.5010,62.8491,144.9177
248.6202,146.4417,58.3895,143.6988
250.8292,146.7020,51.4553,141.4098
237.4764,157.3371,64.1853,131.0073
234.7285,157.5234,66.1804,129.0972
238.8159,157.6264,59.1807,129.4945
240.0093,157.7944,56.1435,130.4442
237.9538,156.2504,57.4173,130.0043
238.9345,163.0784,56.3434,124.2000
242.9406,159.4466,52.0597,125.8465
244.3485,160.2970,50.1278,125.7248
245.9075,163.7658,49.7450,122.3409
244.3589,161.4189,52.7184,124.0217
247.3278,159.1965,53.4635,126.6247
252.4631,159.3546,47.8876,125.5925
255.1976,157.8071,41.9140,128.0540
253.8727,158.8787,45.9571,127.1667
256.0140,157.8455,38.2983,128.9516
263.6125,157.9186,31.8065,126.7093
265.0636,156.7111,30.2445,126.0872
251.7611,154.9038,47.1665,129.0875
255.5364,155.4853,41.6498,128.0363
262.4526,168.3457,40.3518,112.6566
264.0456,166.6716,43.9732,114.2208
259.8159,167.5402,54.5660,112.8825
259.2776,166.5149,60.8119,113.8850
257.9823,163.6314,60.8973,117.7048
261.1478,181.5569,63.1675,104.1675
261.1964,179.1796,69.1164,102.8814
256.4160,179.1124,77.3804,100.3112
257.5397,176.9417,81.8699,97.7180
254.1451,172.7666,89.2996,93.4280
254.1870,172.5615,92.6201,93.6128
256.5143,170.9038,96.5230,95.8234
249.8239,172.2006,107.2623,90.0964
257.3439,172.1387,77.0608,88.2202
259.2646,171.8141,83.1749,88.7732
256.5626,171.5263,94.9862,90.8582
261.4625,171.8581,92.8030,91.6347
263.0614,169.9628,97.3060,92.5099
259.7166,166.7281,106.5141,107.9652
260.9906,168.4196,110.8118,106.9773
259.5108,167.5742,110.2069,107.2174
260.2600,166.0246,107.9262,108.5257
261.9059,162.9294,80.9345,112.2844
260.4639,156.3517,88.5452,117.8981
258.7495,158.1095,94.5256,118.6612
249.8429,159.0153,106.1918,118.9556
250.4977,159.1127,46.3279,117.7930
251.9985,159.4949,44.6800,117.4633
257.0499,162.9357,38.7342,111.6932
259.7947,160.1394,35.8302,112.5804
257.4146,160.4549,38.7500,114.4865
256.9125,159.2829,40.2265,113.7452
257.1144,159.6290,42.6332,112.2586
256.4621,157.7392,44.9907,115.3320
254.6717,158.9101,52.5969,113.2945
253.1719,155.9443,51.8104,113.4410
254.4230,157.5742,50.5928,109.4727
254.2666,159.3078,50.1925,108.4753
253.2911,159.5809,52.4793,110.8820
252.7236,159.3461,54.6129,111.2491
254.2634,158.6149,55.6119,112.3399
254.8090,157.3976,56.9293,113.5112
253.1288,158.1418,60.7178,113.2641
256.0371,158.7252,57.4397,109.2008
257.6997,159.0266,57.2616,108.6790
260.5267,158.7899,55.7553,113.7520
261.8111,158.2738,58.7028,113.5545
273.3079,161.3749,49.2839,110.4792
272.2288,161.1397,50.2018,112.3571
282.4625,166.9038,43.9032,108.6653
295.3141,167.4439,45.1773,107.0120
296.8117,167.9246,45.2843,107.0953
294.9547,168.1332,53.6924,106.7024
298.1852,167.8428,53.3929,107.3858
303.0037,159.6918,55.9502,115.1799
295.8365,168.5102,75.4053,107.6015
301.3428,172.7496,75.5516,103.9279
310.9203,172.1173,73.1128,104.8802
314.6808,179.8775,71.7593,99.5185
318.9623,177.5320,71.3696,102.5758
2
0
0
0
0
1
278.9235,147.6548,49.5233,109.8154
276.8556,145.7202,49.0303,111.8581
278.3648,145.5959,49.4196,111.0760
277.5920,145.9120,51.1498,115.6825
275.3921,146.7348,51.9981,113.2491
276.9406,148.0536,51.8096,115.2187
269.8387,165.3025,57.0701,95.8196
270.2020,166.0719,57.2907,96.1582
269.6102,166.4353,57.4230,97.0712
269.3103,165.0962,56.7443,99.5896
265.9049,164.7546,58.9123,97.5790
266.4134,164.8882,56.8924,86.5764
264.4118,164.0851,58.4526,88.9043
263.8324,163.5587,57.6181,88.9035
262.2526,162.4462,61.4028,89.2197
260.8636,163.7173,61.4767,87.8424
259.5809,164.6143,61.7803,88.7743
259.4428,164.0976,63.5668,90.2737
255.2815,164.2195,67.5282,89.8971
254.9648,163.8649,67.4120,88.6844
254.6164,160.4813,67.7765,103.5856
251.4577,161.8924,71.9986,104.5948
254.7173,158.6114,68.7433,86.8045
254.9788,161.3094,70.6486,84.5601
255.0703,162.6511,71.2663,79.7793
257.0918,159.4741,69.3179,80.7684
260.2347,156.8469,67.1070,79.0361
260.0287,157.5067,68.1528,81.1431
260.6263,160.8312,68.1966,80.2446
261.6638,163.7361,70.4794,79.9785
259.6091,164.1842,73.0141,77.9831
260.7887,165.8114,74.9482,92.6967
261.3063,165.5383,75.8792,92.8054
260.3329,167.1648,76.5567,94.5827
258.4570,167.6276,78.0567,96.1124
256.8282,167.3743,78.1292,94.7759
254.1320,165.1739,83.1041,95.7325
251.3919,163.8651,85.8652,97.3336
249.9027,161.0084,85.9866,105.4805
248.5251,161.9700,88.2374,97.9552
250.5442,162.7578,78.4094,98.6009
246.7359,165.1068,84.9589,96.7859
242.9494,160.4829,91.6234,101.8417
266.8299,161.4698,67.1480,105.8489
264.9044,167.6966,68.1727,103.7581
261.5451,166.5627,74.8519,107.8167
253.9765,162.2121,82.0604,110.4554
253.4827,180.4212,83.9873,92.7680
255.1434,180.5775,82.9961,92.2334
251.1478,183.4811,86.3469,91.5077
248.1585,183.0135,90.4236,90.6003
245.5256,182.0213,97.2304,89.3086
245.7993,181.9943,101.2657,90.4248
242.8778,181.6252,101.4548,94.9976
238.6808,179.3698,102.0711,94.8547
244.0391,178.3850,98.7951,97.8851
240.0404,173.8210,109.5311,99.9266
250.3938,174.7929,98.1989,95.3786
245.1304,174.6234,104.3786,95.0966
250.1868,174.9571,99.4523,87.3992
250.7301,177.2319,98.5869,83.7455
251.3713,177.3183,99.6363,84.5775
245.7152,175.4655,105.2720,86.0523
270.8459,177.6557,79.7173,84.7967
266.2036,177.1467,82.2965,96.5080
262.6818,176.4833,84.4927,97.1536
261.2171,177.6605,83.0542,96.2956
260.1098,178.3945,82.6533,96.8092
256.8209,179.9190,86.0390,93.5321
256.6490,182.8972,86.2267,90.7569
249.6962,183.9667,97.4702,98.1531
259.8233,185.1034,90.6505,100.0246
254.0840,186.6842,92.7773,89.4990
248.6485,186.6632,92.0814,87.4486
258.9509,181.8305,77.7719,92.4873
253.8894,182.0293,78.8760,92.1193
262.0349,186.3941,71.7742,87.9815
259.2952,184.7371,76.2413,88.3628
252.4355,183.4758,91.8373,89.1244
283.3733,182.3945,63.7272,90.6078
286.6416,180.9572,60.7505,91.4364
290.9631,180.3582,53.2489,94.5407
294.6575,176.8266,49.3018,103.6671
297.9063,176.9464,47.2217,106.7885
298.9209,177.7491,48.2435,105.9921
300.8831,175.7378,47.0374,104.0723
298.6732,179.1915,51.6272,100.9715
298.7887,179.2293,52.1034,101.6916
297.0825,179.2224,61.7892,88.7566
294.2865,178.9883,59.5904,89.5013
294.9117,177.9657,58.2381,91.6750
290.3632,178.4256,64.5776,92.7587
286.1980,178.2079,67.8480,89.6751
279.4846,178.2610,74.2902,89.0051
273.9461,179.5962,78.1997,90.9098
268.3887,179.3825,83.5330,90.7547
262.2358,176.5779,87.8525,95.5784
270.2724,174.8583,80.6286,97.1006
263.5851,169.3928,84.9219,99.8940
256.5455,165.5279,90.7411,98.4831
248.2679,179.6105,100.3575,87.3262
256.9821,178.4877,90.1402,88.2492
257.2472,178.2728,90.5766,88.2546
250.3671,179.3355,95.2916,86.9748
256.9411,180.9971,94.7380,84.5925
253.2933,179.7597,99.9795,100.6661
309.4098,183.7119,48.7580,95.4537
311.5818,184.4519,51.9525,94.8549
314.2200,186.0113,50.8062,104.6105
315.6963,186.1601,51.4256,103.2727
317.8940,186.4015,50.8194,100.5570
320.9721,185.0845,53.1419,107.2037
322.7863,184.4238,51.3353,107.4025
324.9088,182.5836,50.8536,110.7380
326.8312,182.7164,50.4363,106.9837
328.3584,182.6401,50.1462,106.0642
329.5410,185.3047,51.0589,106.3635
333.0636,185.2524,48.1647,105.8550
335.4442,185.2420,46.4844,107.1567
336.5753,186.3299,51.3640,107.2565
339.7924,187.7108,48.2766,106.4494
340.9054,188.5441,48.4761,107.8185
342.4793,192.1601,47.7650,105.0924
342.6279,189.1623,48.2712,104.2050
342.9880,189.6052,51.9796,103.7201
345.7204,190.5706,50.8819,102.7091
344.4954,190.3921,53.6101,105.4540
346.7423,189.5752,53.2770,108.3048
347.7594,189.4021,55.5169,109.7667
349.5792,189.1749,55.3616,106.9504
353.1158,189.6624,56.0023,109.5526
355.1983,189.4400,55.3490,109.7120
359.2610,188.7063,54.3447,105.7949
362.6078,190.2663,53.8718,104.1242
362.4642,189.9772,55.8159,104.7849
366.0872,188.6458,56.4753,109.2214
369.2960,189.1091,58.1611,105.9145
374.8485,191.8294,59.4890,104.2245
377.6858,190.7786,55.7420,110.3469
380.4940,191.0549,59.4632,110.4872
384.5669,190.5834,55.3695,110.1847
387.6839,190.3235,57.2851,109.4052
390.4672,183.4446,51.8499,116.3966
391.4677,181.6590,55.4560,119.2282
392.3720,183.4044,56.7241,114.7192
393.2192,183.3382,57.7606,116.4394
391.6547,184.7782,59.7588,115.1757
392.0918,186.1772,64.8900,116.9136
393.6352,186.5845,63.1296,116.2603
393.2715,190.9804,66.7222,112.4213
394.6680,187.1448,68.5347,111.3676
397.1001,189.0461,70.1989,107.1509
396.0487,184.4351,70.0776,112.4874
402.0278,182.6523,71.7274,103.7174
405.8388,182.1405,71.3582,100.2083
410.2158,184.3816,70.6459,96.7292
415.4642,184.5103,68.3833,94.9295
415.3220,182.1490,70.0914,96.4956
419.8994,183.4511,66.6382,94.7155
423.6232,174.5872,65.0431,106.9891
424.2281,173.5623,65.0308,109.8316
427.3578,173.0997,61.1843,107.8653
429.1583,173.1482,58.8402,109.3790
431.7585,171.9315,64.7121,112.9996
432.0809,172.9036,63.2602,113.6392
432.8779,172.1643,61.8931,115.3013
431.0267,170.8208,63.3926,117.7578
428.3730,170.7762,64.7738,118.5908
430.1996,169.4896,60.0596,119.2199
428.9223,169.8439,61.6039,118.0690
424.9824,172.3428,62.9565,115.1057
422.5697,171.4924,63.4826,117.2253
422.9858,169.7915,59.8167,119.0196
420.4133,171.3578,60.3087,124.1748
417.6740,171.5470,59.3895,127.8610
414.1606,174.5398,60.4904,126.8479
410.7792,174.2330,61.2708,117.6006
408.5041,174.1507,60.5684,119.0620
406.3503,174.1716,58.9517,116.1699
401.0784,174.2076,62.7389,102.6837
396.0169,172.6359,63.8081,101.7459
394.0335,172.8616,67.0110,101.2533
392.0046,171.6906,68.9067,103.8280
391.2398,171.6267,65.2790,104.8733
388.9338,172.5410,64.5625,103.7703
388.9997,172.9941,64.9573,100.5478
384.8653,173.0952,73.3895,98.9452
384.8295,173.5851,72.8086,98.7847
387.1146,172.5759,71.2485,99.8673
388.8075,174.5180,65.9673,98.9852
383.3587,172.8442,73.1871,99.4001
382.7272,171.4870,76.1408,99.7044
390.6753,171.3582,67.8740,99.0229
383.3769,170.0249,73.5544,99.7778
380.8025,171.5535,83.4783,97.1864
381.2299,170.9093,85.4356,98.4610
380.8627,170.7349,85.8643,98.6155
383.8370,172.1458,83.8603,94.9566
381.9844,170.0897,89.0906,97.7649
379.1129,168.9959,87.1891,98.5131
378.9472,169.9354,84.2750,97.4565
369.1928,171.1683,87.3182,96.0346
362.2849,170.0405,90.3480,96.8960
356.5067,167.2565,94.8790,98.3653
393.5529,167.3372,60.9587,96.5973
394.8899,167.0946,61.8579,96.8975
392.7763,166.3022,64.9882,98.8040
395.5926,164.7643,56.1629,101.7394
397.1211,165.1632,59.7717,99.1322
397.9505,164.2599,60.7518,99.9649
394.7479,156.4100,64.8967,103.8558
396.6773,155.2002,63.9252,108.4691
394.5373,154.7062,67.8650,107.8813
390.0367,153.3104,74.9837,109.7728
386.1478,153.2057,80.3016,112.7311
378.4920,159.9796,89.0604,105.7399
377.2425,158.4182,90.3474,84.6486
371.5323,159.1357,94.3502,84.3183
367.7924,157.6534,99.3686,83.9742
396.1209,157.0556,76.2212,85.3864
391.8301,157.8195,83.2304,84.3506
385.1357,156.6621,82.6430,83.9036
376.2968,156.3362,85.9809,85.1686
377.3068,156.5552,89.3691,84.1043
369.9542,155.3653,97.5151,86.2851
393.2448,155.6942,70.2277,85.9009
392.1697,154.9846,74.4749,85.2134
388.1509,155.3807,75.4376,84.4897
385.6937,152.8531,74.0474,87.0318
384.8154,151.5430,74.2922,84.4541
379.7620,151.3825,74.5917,84.0177
372.3938,149.3794,79.0207,85.6975
370.5686,150.2137,80.6210,84.0219
363.3366,151.6449,86.5068,82.5503
369.9053,150.6204,78.0595,82.5617
368.5918,149.5762,76.7763,83.5772
365.7210,145.8760,77.7619,86.4990
363.8714,145.5903,76.6313,86.3012
361.0508,145.3818,77.1324,84.9984
364.8593,145.4730,72.2043,84.7502
365.7771,144.6077,68.5893,84.8622
365.9524,144.7749,68.3447,83.6960
363.0610,144.0084,72.3059,84.8497
361.9536,142.6899,71.9783,85.4856
355.3189,140.2914,77.5411,86.3378
355.4804,139.7303,76.0807,82.6977
356.8568,138.5724,75.3132,84.7012
354.8471,138.0806,76.7977,83.7853
349.0556,136.9024,82.4421,83.8356
355.5385,135.0177,72.5949,84.1246
354.6890,135.3882,73.0868,84.2040
352.9938,134.5126,72.8542,84.4030
351.2267,136.1624,73.0708,83.0602
350.1513,135.7091,73.7618,83.6699
348.0356,135.2298,79.3273,82.9962
347.6999,135.4894,81.0516,82.1049
346.3858,135.7538,81.0881,82.6437
342.5477,125.8336,85.0139,91.9099
343.7081,120.2104,81.7915,98.4646
343.4180,138.1652,85.2879,82.4401
343.0404,140.1144,86.2348,81.1060
335.6377,140.5317,90.3140,81.4051
329.9826,142.0741,91.9978,79.4851
322.9686,142.1120,96.3585,79.6196
322.9043,142.9596,100.0883,80.2319
317.2179,142.5230,104.3369,82.0980
311.6582,143.7889,115.7972,91.7333
313.6621,144.0664,117.8536,91.4930
308.7061,144.5211,127.2063,92.5023
298.0172,144.1245,103.6637,92.8084
300.1840,144.1706,96.3820,92.5650
332.6957,142.5873,57.6786,103.0595
329.7449,142.7274,59.7279,104.8630
326.2623,140.7106,54.7753,106.9491
323.2473,140.9771,58.6988,105.0715
323.9924,141.2865,58.3894,105.5846
320.9821,138.6024,56.4953,104.3423
318.9957,139.2094,55.7929,103.4455
317.8326,140.8264,54.1887,97.2871
316.0820,142.1740,51.2353,96.4249
312.6018,143.2121,51.0834,96.9304
304.1657,145.8842,59.1559,95.8693
299.1682,144.8790,58.6946,98.5067
293.7694,145.4254,59.1881,102.0112
289.7819,144.5242,58.3439,102.1290
285.7034,144.7115,62.8760,97.8818
280.9485,136.9151,57.7745,91.9483
278.6313,133.9749,57.1711,95.7899
276.7713,134.1886,59.6712,94.2310
276.2352,133.4684,60.1581,94.7114
277.1706,137.0075,62.2078,96.9809
275.3219,135.0669,62.2276,99.5313
273.4531,137.7098,58.8427,84.5202
270.7534,136.0643,65.9111,85.4716
269.7830,137.7976,66.1009,84.7659
274.0071,138.0449,59.5382,83.5636
274.9585,140.2245,63.5985,82.6327
269.3249,139.7466,68.0497,82.6207
268.8875,139.9366,69.1480,83.7544
271.2213,143.0899,69.7163,85.7016
266.9652,140.7802,71.6190,84.8581
268.9567,140.7456,71.2607,84.8235
266.8445,142.2503,72.6784,83.8254
264.3036,140.2290,72.9444,87.1499
262.7849,139.9673,76.9592,88.9796
260.1510,140.9046,76.9521,88.9232
258.8283,142.9692,77.4390,87.2146
258.6102,144.3261,77.5555,88.6474
256.4656,145.2852,76.5555,88.7557
253.5194,146.6134,73.5919,88.3212
250.8729,146.1962,73.1506,88.7636
249.6261,146.6904,70.9406,88.9016
253.4375,148.6682,65.6209,87.2600
252.1281,149.1297,64.3894,82.5483
250.7720,148.2868,64.1510,84.4334
250.8935,149.9560,65.4651,85.9109
252.4232,150.3121,63.2467,88.5692
253.3547,152.5572,63.7476,85.6476
254.4549,155.3702,67.5238,85.1569
256.4011,154.3473,66.4721,87.1630
257.0674,156.1872,63.3159,85.4091
258.9294,155.9557,64.1151,87.4389
261.8584,157.0447,65.0760,86.7881
263.0604,156.0232,69.9118,89.9472
266.1841,152.3909,68.6281,94.7493
267.8461,151.4770,63.5027,95.8253
270.5404,149.5277,59.7516,97.2276
272.8657,147.8663,60.3049,98.8129
272.7830,147.6448,61.0021,99.1607
274.0283,144.3067,60.7303,100.6609
275.2561,142.0579,58.9004,103.2330
275.0038,139.0733,57.6698,104.9232
273.2661,135.9223,61.2711,107.9536
270.7365,133.5618,61.7999,109.4806
261.0248,132.7493,69.6982,111.4049
258.6370,133.0973,70.4695,108.9634
249.6155,131.5103,79.2052,115.6801
259.6377,142.4461,67.8628,103.2429
256.7442,143.8575,70.8126,102.9316
258.9160,137.6319,68.4375,110.4813
261.3705,141.1250,63.5931,105.9828
255.3654,137.3414,66.9043,107.5790
254.4950,136.5546,67.3605,105.3065
254.6055,135.8135,66.5804,105.0455
252.2556,138.4656,77.8475,102.6802
251.0398,132.7993,74.5999,108.4433
250.3799,132.3745,78.4844,108.4452
250.4402,130.6011,88.3892,110.0060
250.3588,132.4276,87.9831,108.1309
249.5697,133.6663,57.6082,106.4695
248.3049,133.1913,58.4340,108.5014
247.1697,134.6275,60.5048,110.6091
247.8479,137.4504,63.3550,107.0776
248.1888,129.2954,65.4208,117.7832
248.2360,130.5706,70.6468,120.2626
248.0863,131.1880,77.0443,119.9874
248.2299,135.5811,58.7042,109.7060
248.2525,134.5478,63.4766,110.9974
245.7980,133.1564,65.3323,116.8331
251.3789,133.1549,61.3014,117.5034
245.5083,134.4669,67.4485,112.4222
239.7466,132.0244,72.5693,113.3598
238.2785,125.8089,73.7927,121.4869
236.9258,125.8673,70.4656,117.1314
232.8543,135.3259,73.8008,106.8242
224.2027,133.1267,80.6523,106.0118
226.3665,129.4495,76.3890,109.3415
226.9263,130.2750,75.1176,107.8791
221.2161,126.8756,79.0932,109.4331
221.2246,124.2090,77.0057,113.2074
227.1178,117.9633,70.3974,119.7144
227.0627,102.2935,68.4529,133.8446
231.7752,116.2646,63.2533,118.2980
232.1972,115.1037,60.5542,118.9910
229.8468,114.2330,63.7854,118.9106
231.6576,113.9563,61.9057,112.0127
232.3350,111.9670,63.0017,111.5504
221.3490,113.0956,73.1792,111.0532
220.1689,111.6963,76.0494,111.7080
219.9527,110.8230,74.7682,111.6752
226.5334,108.8433,68.9282,118.4377
227.4902,113.4402,68.9711,111.2427
227.6715,111.9366,72.0851,113.4321
225.8511,111.7959,76.1511,113.0310
225.2103,101.6852,78.5508,115.7701
229.4859,98.4834,74.2110,117.7538
226.9770,100.8942,76.8095,113.6248
227.2731,98.5719,74.3830,113.1723
222.6341,102.2539,80.2943,106.5654
233.2133,97.5729,69.8066,109.8074
234.4539,99.6728,68.4630,108.0421
235.5647,96.6501,68.5269,111.1876
231.1573,94.9204,73.2958,108.5185
226.3510,89.1295,82.1121,117.8960
227.5929,88.7274,79.7503,117.3229
228.8844,89.1936,80.3017,116.0986
232.5459,88.5294,79.1313,116.9570
233.0618,88.0958,79.8170,107.1787
233.5852,88.4112,78.3195,107.7002
233.0418,87.0070,79.8154,109.0172
231.1754,100.3459,80.1737,94.4722
229.3748,100.4718,82.2414,93.4910
230.7073,98.0618,81.2103,93.7186
229.5191,97.6206,81.3034,96.2634
229.5080,95.5941,80.8676,98.5866
227.0284,97.9851,83.9764,96.3002
220.1050,96.5853,88.9807,98.1826
220.4507,97.4406,89.7787,97.5420
219.3255,96.7687,88.6718,93.6879
218.0352,93.5178,90.2244,94.9133
216.9043,91.1843,89.4719,94.8995
215.3316,90.2907,89.6187,94.0006
215.6281,89.5392,89.3746,94.3404
214.3170,88.8340,87.7963,96.3516
214.3932,85.3024,89.6906,97.8763
212.4634,81.2747,87.7918,102.5975
211.2582,79.8624,87.9838,104.1650
209.1154,79.3845,84.3647,102.9593
208.0577,71.4677,84.6820,110.9508
209.1132,70.2070,83.3289,110.7519
207.7206,71.2808,84.0527,111.1857
204.2143,70.9022,92.2649,114.5502
203.1732,71.7460,91.2871,116.7174
200.3467,70.8754,85.7317,99.9431
199.5269,71.3566,86.7770,99.7221
197.9998,72.3500,92.6341,111.1582
199.7091,72.1949,93.2271,110.1699
204.9803,71.3773,81.9059,98.3833
206.5948,68.4261,76.8302,100.9041
203.2089,65.5774,80.5924,101.6741
201.1189,64.3180,85.0493,104.1766
203.5777,60.8928,79.6277,102.9744
203.2059,57.9420,83.2980,103.3948
203.0145,55.7600,83.7064,103.0936
200.3805,51.0986,84.2781,111.6069
200.8481,49.0275,83.5486,111.7502
208.7180,54.1075,79.2851,106.6217
206.5396,52.5111,77.9035,107.3015
210.3368,50.9165,70.2165,108.4785
207.4501,48.1314,75.7366,109.7093
205.8776,47.5761,72.9997,110.8793
205.2042,47.3906,74.4162,111.3765
203.6626,46.0055,80.3031,109.9362
203.1250,48.8231,84.8980,93.6734
202.4822,47.7676,85.9505,95.3985
202.1066,46.1104,84.7563,95.2298
204.5617,48.6852,60.4980,92.2431
204.3927,50.9322,61.6906,89.8778
204.3698,48.7489,62.1735,90.0635
204.5108,47.9252,61.3903,88.4521
202.3008,46.9692,64.6716,85.6801
201.5848,44.2117,66.8400,86.0313
204.8212,44.5665,66.2813,84.5100
205.0871,43.0810,65.9642,84.9762
206.0250,42.8097,59.9253,82.4065
206.8391,40.0278,59.6280,83.5360
207.3900,38.9973,62.3465,85.2744
208.0427,36.4906,62.1142,84.7199
207.5000,35.5340,62.9949,87.2728
207.4453,35.1549,62.4207,84.4441
209.1272,35.7678,62.2736,82.5175
207.2032,35.3902,62.4964,83.4052
210.8042,36.0070,59.5773,81.9222
214.3076,36.1250,57.1506,82.2509
214.0558,36.7307,57.8123,82.3589
213.1423,38.2560,58.7075,81.7184
215.9285,39.6874,56.7689,79.9781
215.8588,37.1327,57.7193,84.9747
215.6335,38.5405,61.2712,86.3486
218.6549,38.5362,59.7718,95.9685
217.3839,36.3376,59.3164,100.0476
215.9617,35.6000,43.5389,88.1785
215.0177,36.4040,46.4474,88.5556
216.6097,36.8577,47.5239,87.2600
215.3916,37.1498,48.2049,84.5606
218.1912,32.7471,44.4911,86.0088
217.3305,31.9488,45.2470,86.5287
217.8411,30.9190,43.2970,89.7514
217.2718,31.1789,43.8343,89.4895
217.3124,30.3626,44.0623,93.1068
218.3813,31.0372,44.2268,94.5990
219.2674,30.3376,43.7178,93.8072
213.0440,31.0884,48.9453,94.0668
210.1879,31.7742,53.2566,95.7524
214.0959,32.8326,49.5284,100.3309
217.0184,34.6014,48.1892,98.7581
215.8712,38.9799,48.1374,97.1796
213.8577,41.5159,49.7980,98.3785
214.5311,45.6794,50.5097,97.1110
215.4475,49.6680,52.6621,95.9136
218.2546,53.8856,51.0900,95.9105
209.8981,56.7215,59.3423,95.5247
218.3066,60.9445,52.9226,95.6841
219.5851,62.2502,50.0671,93.4854
223.1400,62.3656,50.6710,102.1570
226.0753,63.1257,49.3198,104.6245
226.9413,62.3185,49.3032,107.4350
225.6044,62.0946,52.6383,110.5484
227.4805,62.1960,51.6640,93.4608
228.9430,61.2165,49.7466,95.2235
229.3814,61.0473,50.8107,97.3823
230.2332,59.4992,53.1084,103.2321
234.1900,58.8065,51.8636,101.7917
234.5141,58.7180,55.3622,100.1937
237.4230,59.6253,54.3608,94.6172
240.2148,61.0436,55.9327,91.1988
243.1275,62.3844,59.1147,88.7890
247.6021,62.4740,59.2281,80.5403
250.1995,65.8742,57.7294,78.8936
252.9766,66.7096,56.9868,79.9414
254.6773,67.5101,58.7386,80.7510
256.6664,67.4914,57.2914,80.1240
257.2810,63.9099,57.3169,82.0012
257.5342,64.2124,62.7833,80.2073
250.0028,61.6565,73.0654,80.4970
252.9868,61.2787,70.6163,79.6779
255.3850,59.2075,69.7523,79.5984
257.7331,55.1230,71.5453,84.1080
258.5596,51.7455,72.6708,86.5196
262.1112,50.1827,53.6973,79.4657
265.8340,47.0272,53.3862,79.3277
267.5342,44.7961,54.9753,78.5451
270.7038,42.2236,56.1534,79.0551
272.1489,37.9734,58.8193,81.6340
274.2088,35.5357,61.9858,82.3243
277.4157,28.7606,61.0205,88.8215
280.6065,27.8426,61.2617,88.8940
283.9848,27.2538,61.6427,91.2681
280.8482,24.3791,69.2402,91.1450
284.4127,25.7087,67.3086,91.0262
286.2515,24.3454,65.2141,92.9282
288.8375,25.0442,65.2114,93.4016
283.4456,23.8639,73.4026,95.9198
285.1251,24.8328,72.8233,94.9000
292.5098,25.7185,67.8279,93.5859
293.2586,25.7953,70.9117,93.8289
293.0995,25.3515,72.1807,94.4841
295.3054,25.0170,69.8313,93.3781
293.1039,32.9535,73.3026,85.5465
291.7213,31.4451,76.0523,86.1796
292.3811,40.3056,76.8504,77.3203
291.8730,40.6779,77.1072,77.6774
288.9683,41.9984,81.6437,76.0875
283.4312,44.4672,89.6359,75.5826
289.5197,45.6682,87.0756,75.6777
290.3470,47.4282,89.0974,74.4809
288.1555,47.0585,93.3349,75.2949
289.4322,48.7110,93.7810,75.0992
285.8418,52.8586,97.5977,72.3706
288.0222,52.2435,97.5508,73.5219
286.5380,52.9217,97.7011,70.1429
283.7921,57.3807,99.1350,64.8347
283.4152,55.2260,98.7831,64.9878
282.9515,54.0022,101.1890,65.1156
279.8715,54.5340,102.6414,62.3527
272.2241,51.2695,111.4398,64.4336
268.2720,49.6013,114.9892,64.7058
276.6637,51.2493,106.5727,62.5162
299.9839,50.5879,83.4357,62.1610
297.3768,49.7166,85.6646,62.7781
292.2024,49.8123,95.7039,63.3311
290.2931,45.4127,96.1844,67.2440
288.1964,46.2927,95.4910,68.2030
318.4401,47.4086,66.7362,68.8667
319.6763,49.6090,65.1821,67.6105
320.7970,49.7740,63.7769,69.5001
321.0327,51.2093,62.5971,67.2228
322.5662,51.0995,61.4263,72.8037
319.2267,51.3062,64.7356,77.0222
322.0403,50.0936,61.3401,80.3340
324.2396,48.9635,60.8657,81.5565
323.9983,48.7348,63.9101,80.2312
325.7241,49.5607,61.8211,78.6932
325.6268,49.4523,62.4124,75.7656
325.5505,49.8785,64.1386,73.9529
326.1411,48.7429,66.0622,71.8071
324.2271,50.1558,68.6956,66.9916
325.0695,48.6011,68.7869,69.2849
324.8052,51.1185,69.5036,63.8595
325.1166,49.7953,72.4029,66.7936
326.2092,49.7837,72.2409,66.6616
326.5739,49.8452,71.9047,67.8897
326.3191,49.6210,71.5274,68.1068
327.9627,48.7949,69.3432,68.8657
328.0876,50.0432,73.8538,70.8198
326.7619,51.2819,77.3488,68.6200
328.9625,51.1339,71.8679,70.6353
329.8542,48.4622,72.2435,76.1782
330.3267,44.3883,73.9072,80.2858
330.4511,44.4028,73.2232,81.8666
327.4448,43.2542,80.2643,81.4463
329.3046,42.3178,80.7622,78.9968
330.7954,40.3424,72.0387,82.3693
330.3457,37.6213,73.9071,80.0340
331.2934,35.3541,74.0316,78.7890
334.1434,28.7410,69.4497,84.3485
333.5836,31.2825,71.7837,81.6865
333.0101,29.5001,69.8249,83.9823
332.0561,24.3500,67.1128,85.4746
332.3039,21.7824,69.6502,84.7647
333.3165,18.7397,81.2280,87.3418
333.4393,17.3662,81.8276,87.5536
333.1171,14.4986,68.3274,86.2696
333.0552,13.9969,68.9303,85.5901
333.3811,9.3790,68.5427,90.7369
334.1344,10.8965,69.1914,88.0291
335.5702,7.5248,65.0514,91.1126
334.7150,8.5798,64.4544,90.1403
335.2013,7.3785,65.3810,91.9824
333.8395,8.2154,66.0870,87.6684
333.4450,11.4295,67.7383,84.0091
333.7072,11.7941,66.9486,85.9240
334.0969,12.8212,77.7465,95.4096
335.4140,10.7659,76.5696,101.2764
334.7586,13.2820,67.2063,86.8630
336.2174,14.9472,68.0755,84.0551
337.7411,18.1340,66.3512,81.5387
338.0068,18.6095,66.0619,82.3234
340.1845,19.7821,69.0012,82.6321
341.3570,21.9951,61.7977,83.1587
343.4576,21.5167,57.8726,82.6224
343.0790,24.8561,58.1776,80.1088
348.0946,20.9961,55.1905,85.7683
347.9657,21.4381,55.4277,85.0411
349.3401,21.6209,58.5227,85.9437
350.0520,21.5020,61.1942,85.5347
352.4906,19.8326,59.4598,87.3263
352.0801,19.9235,60.1121,87.1350
352.9426,21.1905,59.7814,84.5095
354.3226,24.0698,63.6658,83.1574
356.9507,25.9999,63.0427,82.4093
356.9732,25.8225,62.8396,83.9494
359.7960,23.7613,61.2054,86.8933
357.9746,25.7369,64.2525,83.9127
360.5007,24.3886,61.1771,85.5849
361.1168,24.7540,61.6783,86.8801
361.2422,29.2599,62.2218,82.7141
362.1677,27.3513,61.6614,80.4459
363.7119,27.8186,60.1955,79.0524
364.9214,25.6788,59.6443,83.3299
365.1076,25.5317,60.4199,87.1983
366.0459,23.8507,60.3017,88.5696
366.8371,23.5148,62.5084,85.2838
367.1323,22.0405,62.2934,89.9614
366.7723,23.5838,63.9154,88.2445
365.5799,23.0938,66.9059,89.9083
365.4907,23.6118,67.1819,89.4409
365.9730,23.0954,67.0297,87.7944
362.9032,22.2318,71.1323,89.5890
362.4032,23.8008,72.3190,87.4698
362.6136,25.7086,72.2785,87.7141
358.6839,25.9035,77.1309,87.0145
359.7480,25.7078,77.5642,84.6035
358.5656,24.8562,80.0560,85.9496
359.7236,26.7075,79.1661,85.4671
356.9468,25.5747,83.8956,86.6441
356.9180,25.1608,85.1857,87.3588
354.3337,25.4846,86.2167,84.6527
353.2381,23.0933,88.1756,84.6327
352.0085,22.5289,92.6373,84.9854
349.0831,20.2685,98.1198,94.9482
345.6455,18.9169,102.8205,94.6671
345.2038,23.9476,104.6316,88.4389
350.0864,23.7777,99.8377,86.7822
348.4818,16.1654,100.8012,93.6279
348.1532,15.9927,101.6608,97.8512
346.8253,15.0155,105.8054,87.2362
347.0312,15.8500,106.2008,86.6177
2
0
0
0
0
1
319.5485,40.8627,36.6063,117.6392
318.4074,40.4901,36.1538,121.4315
315.8200,38.9340,38.2820,121.3090
308.2430,37.7768,44.8136,104.9612
304.1657,34.8319,46.5791,105.4523
301.5374,34.0647,47.3571,105.8834
295.9947,33.2443,50.9571,106.2894
297.1384,34.1311,48.8563,104.1796
295.9289,32.6681,49.4654,107.8293
297.5849,28.3027,46.1995,113.8936
297.6816,29.6331,45.0693,110.6145
298.0804,30.6029,40.0514,111.3469
301.1737,45.3779,36.9100,99.3356
300.0941,45.5770,34.5309,96.9889
300.1764,47.1538,34.0657,96.3590
298.8164,46.6322,33.7461,96.5632
298.3674,47.4473,34.1886,103.6276
298.3499,48.3432,34.2837,108.0684
296.0845,50.8925,33.1898,116.2634
292.8910,52.8105,33.9796,113.9305
291.2859,52.5401,35.3247,114.7928
291.1985,54.2077,34.3674,120.7188
286.4906,61.4483,38.8307,108.1956
287.8509,63.6768,36.4931,104.8485
285.1056,63.4116,41.3062,105.0342
281.2121,65.0801,45.0714,104.3982
281.9169,66.2331,47.0243,102.6141
277.9971,66.3924,51.3520,104.9648
278.5091,67.3278,52.4116,106.6998
281.9376,67.7459,51.4642,114.7803
279.0003,68.4547,57.3021,115.1892
282.4883,69.0606,53.7885,102.2862
282.5839,70.0580,55.1319,103.6898
281.5272,71.6471,58.0256,107.9769
283.2187,72.9885,61.0058,106.4185
284.3877,74.2973,60.6136,101.8866
283.8589,82.2042,63.1115,101.2806
284.0896,84.2543,66.0682,98.0636
285.1869,85.2146,65.2201,98.5313
286.4051,85.2153,62.1731,98.0080
283.4141,84.5221,65.1112,98.0864
284.5316,85.2752,65.2070,93.9959
283.6679,80.4545,67.3462,92.6693
282.6450,80.0672,62.3953,91.8910
283.7023,81.3931,64.3838,88.8758
283.5905,74.6455,63.0576,98.1078
284.2629,76.5429,62.2082,94.6640
283.4336,76.5159,40.6633,97.5503
281.9422,74.4850,44.2155,102.3288
282.2775,74.2437,43.3462,102.7949
281.0127,73.3422,47.1762,100.3487
278.6109,73.4959,49.3681,101.8808
277.5668,73.6452,52.0432,97.2924
275.0226,74.7768,55.9718,99.2416
275.0014,77.0354,57.6124,92.6302
276.7442,77.7512,57.2523,93.8091
277.4800,79.3132,62.0411,92.5573
279.9685,79.0583,58.8667,92.1919
281.3679,78.6805,57.7487,92.4114
285.2501,78.4187,57.9926,91.1535
286.6589,77.6027,56.7497,92.6963
288.2353,75.2801,56.5911,94.2613
287.9586,75.3931,56.6813,94.9050
290.4107,73.5145,56.6487,98.7457
290.6086,73.4040,66.9957,99.6064
291.0710,77.3261,62.7787,95.1020
290.9010,77.1082,65.1426,95.3395
291.1628,78.3120,62.6989,93.5380
291.4284,78.3832,62.6805,94.0723
292.2498,79.3967,66.0995,92.8091
292.6616,77.3151,66.8750,95.5867
293.2345,71.6878,66.6748,100.6164
295.8749,70.6109,72.5380,97.8419
294.6496,71.8280,73.4896,99.9684
296.6755,70.1404,72.6771,99.7904
296.2735,70.6467,73.3053,101.5038
294.7424,71.5661,75.2423,101.3805
294.7661,68.1650,75.2307,104.1313
293.5835,69.4125,75.0698,103.4360
292.2442,69.3907,78.5845,104.4114
293.1844,71.0443,82.3753,102.3407
298.8330,71.2850,74.2513,100.8424
299.3170,70.9743,72.2116,99.2717
297.9224,73.5592,72.2361,96.7949
297.1584,73.3335,75.7729,99.7296
295.2252,73.0943,77.3686,101.7097
294.0427,73.0759,77.6716,100.6242
295.5862,73.9386,76.3819,101.0690
294.6541,72.6971,77.8316,100.9191
292.8547,70.5900,80.2725,101.7458
294.7000,79.2232,83.4597,92.3805
312.1753,79.8478,67.0308,95.0870
311.9265,82.1099,70.3517,93.0511
309.5298,81.2176,74.5922,93.4026
309.1917,82.6876,77.2321,92.4417
307.9989,80.7532,83.0270,94.4163
306.6322,79.6649,84.8569,97.0450
305.2995,81.5772,81.3807,94.1328
302.5746,84.6168,84.0606,91.2964
300.7858,84.1389,86.5826,91.3511
298.7851,82.5209,92.1776,92.2947
294.7115,82.4282,96.3175,94.6362
294.7444,85.4101,94.3464,92.3445
313.1890,82.0631,80.2535,97.5696
317.7278,82.4796,76.6911,97.6849
316.1530,79.8293,85.0130,99.6248
314.1326,69.4613,88.8303,100.0270
315.6980,69.6652,86.5287,103.2968
314.9271,68.1083,88.5608,102.4781
315.0248,69.5713,90.0270,104.5076
318.8765,67.8536,88.5781,109.2744
312.2104,70.0646,92.0426,96.6999
307.6140,69.2760,91.2301,97.5151
2
0
0
0
0
1
403.1131,64.1945,30.1860,103.9165
402.4339,65.9821,35.6310,102.4089
403.3259,69.9606,34.7033,97.8611
402.4038,72.3976,31.8688,96.0442
400.1515,88.7994,33.3786,81.6314
398.8886,90.6551,35.0501,78.4745
389.7809,90.1934,47.2246,84.3653
384.0920,92.8496,59.5795,77.6262
381.3745,92.7403,60.5671,77.7620
377.2858,93.9900,63.4466,79.7535
373.3960,93.8549,62.8798,80.6565
367.5151,93.1748,66.8344,79.2667
363.1476,94.4698,69.8785,77.9409
363.0767,93.8534,67.2133,81.6438
376.9198,89.2475,51.7034,89.4380
373.8848,87.2519,51.8875,92.0197
371.5565,90.5810,55.1014,91.1413
369.0555,94.0993,58.1760,89.5254
365.9963,94.5760,64.0745,92.0577
363.2324,96.8129,71.9143,91.7561
394.4305,96.7432,43.4245,92.2699
394.4612,97.6074,44.8473,94.4203
393.6019,102.8850,44.2804,88.3517
392.4935,104.0463,44.7917,91.3279
392.0031,104.9867,43.3637,91.8143
390.9496,105.8808,43.1002,86.0286
392.1094,107.7894,35.8574,85.5276
392.7273,108.9238,33.9313,88.7768
387.8289,110.5336,35.3485,88.1425
388.5065,111.4140,35.4848,89.1019
388.3780,112.2109,36.6121,88.6854
387.4042,115.0633,39.5640,86.9281
387.9891,114.8326,36.8890,90.7647
387.9043,116.1380,35.8682,90.5048
386.9973,116.6796,34.1499,88.5589
387.8545,117.5429,33.6660,88.4305
389.2528,118.0790,31.7904,86.1470
389.7510,118.2101,34.5197,87.9871
390.6520,118.0291,34.4255,87.9143
390.3989,118.3939,39.5527,86.8893
388.6332,121.2930,41.3924,83.9410
388.6559,122.5827,41.8900,84.5418
390.5190,124.4559,43.4893,85.2802
390.3823,125.4589,40.7216,84.4743
390.3838,129.0074,41.6967,84.8310
390.0587,128.4194,41.8425,84.2919
390.6326,122.2694,40.0123,91.3155
389.9042,122.5481,40.8483,92.0477
388.9631,123.4152,41.3311,89.9470
387.6276,130.5107,41.0565,88.7937
379.6945,134.0665,48.8248,85.3293
386.6257,134.7755,38.9087,82.6152
386.7849,136.3730,44.5680,83.7022
384.8082,138.7005,46.6679,83.2569
384.1078,141.8577,45.8707,82.8630
381.8531,145.3931,46.0782,79.5836
381.5670,149.4176,45.6429,79.3730
382.1758,151.0969,44.0764,78.9371
382.9316,154.2278,41.9175,77.7977
382.2318,152.6447,41.6057,81.0440
380.5227,154.5425,41.1740,80.1637
377.8199,156.6532,42.8886,78.5151
377.0013,156.7648,42.4068,78.1236
375.7527,157.7602,47.0024,77.7624
373.3182,158.9053,47.5797,79.8640
371.5315,159.2536,49.0819,79.8761
370.9349,157.7738,47.9220,80.8646
370.4878,157.9703,48.1011,81.5614
365.9930,158.3306,49.5991,83.7197
364.8661,159.4415,49.5521,83.4854
367.1311,159.4453,53.4748,82.7889
363.5228,160.1706,56.1437,83.7342
366.0312,160.8239,58.7790,81.2148
368.7504,159.3558,52.9736,83.8377
366.9244,158.6720,55.9285,81.9530
367.3614,158.1205,57.1926,80.0730
366.1819,157.5444,56.4323,80.0990
366.8383,153.2216,59.4145,81.1802
361.9122,148.4995,65.3881,90.6375
357.9450,149.6816,70.6691,84.4958
358.2891,151.1337,69.4207,84.1250
354.6703,151.6600,74.3327,87.1665
360.5754,150.4174,72.8497,88.3603
360.0273,148.6408,72.2303,87.4731
361.6324,149.3836,72.9380,84.5588
361.9173,149.5725,71.5738,83.9355
362.8123,157.3065,71.2963,78.5753
363.4959,158.4570,72.9806,79.0131
363.0474,154.0147,74.1003,82.9080
362.5035,159.3402,68.4717,80.5977
360.9774,161.2990,79.5290,85.1578
359.9084,169.9215,79.9915,77.1307
362.3981,171.7834,80.9862,80.5855
362.9429,169.2225,81.8357,84.5415
364.8531,172.2954,81.6181,79.9913
366.2296,175.1719,82.7982,80.2012
367.5054,174.5784,80.7517,84.6427
366.4305,176.0265,81.8288,80.6593
368.4260,175.9398,82.9994,80.6871
368.2760,175.0914,83.2887,81.2360
368.1325,175.7720,84.6109,83.7835
368.8151,175.1899,84.3174,84.8067
367.9354,175.3345,85.9893,85.1582
367.7916,174.8434,86.4457,84.6692
366.3096,179.7919,88.2958,80.6810
366.3503,176.8800,89.0611,78.8631
370.4176,176.1194,87.1777,79.8018
371.2400,172.3495,86.2271,87.3846
372.6327,169.0212,89.1793,91.2721
378.5699,178.4790,80.8103,83.3527
378.6774,192.6096,83.2220,65.3307
380.3347,191.7993,82.9755,69.1582
389.2168,191.4471,74.4154,73.5335
387.5426,190.3183,77.7056,76.5967
386.4059,183.5396,81.1761,85.3454
390.0942,180.8607,76.6448,83.5449
384.0899,179.8241,85.8442,83.7092
382.1290,180.0191,88.1914,83.0741
394.9930,180.9990,78.3027,83.8838
395.8637,184.2217,79.0022,82.4887
394.9201,185.4523,79.6963,83.3118
397.0327,186.8034,78.4676,81.0008
395.2555,186.5913,78.0635,81.4566
396.9055,186.7833,77.5061,78.0784
397.0693,186.0341,78.9028,78.5281
396.8922,185.8293,79.1178,83.5711
395.7064,194.3666,81.5248,76.3663
396.4856,192.7099,85.8720,78.7262
395.8607,194.0277,85.8275,77.2714
397.6161,194.3004,79.0342,78.7103
397.1230,194.1899,80.1451,79.9218
396.1169,195.4039,83.2208,81.8614
396.7205,193.1385,86.4330,80.6747
395.4764,192.1689,88.5334,82.0298
399.5570,190.6502,80.1707,80.7717
402.4297,188.8502,81.3416,74.0088
399.0204,190.9221,87.1517,73.9160
398.1867,193.0709,84.5164,74.5199
393.3543,195.0486,91.2564,68.9590
397.1072,195.8099,90.1518,68.4828
399.2411,194.9364,90.2163,68.7773
398.3213,196.1662,92.0883,67.2528
397.0891,193.1008,82.8254,67.2647
397.2645,192.0253,85.0626,69.6649
403.8146,191.2821,79.6952,72.1767
402.4349,193.1927,94.6853,71.4716
402.2083,193.9981,95.8961,71.4767
404.0600,195.1505,96.5209,72.7515
403.7726,195.0998,89.9420,74.3903
407.5290,196.0647,90.4949,73.7540
407.5093,197.9643,90.5907,72.9599
412.9239,200.8461,86.3494,70.7657
412.7065,199.3255,81.9542,70.2585
415.1982,199.6721,80.9422,71.7874
419.0281,199.1625,87.0837,72.4449
419.4472,203.9892,87.5529,67.7394
422.0519,204.2066,85.4999,69.8991
424.1861,203.0247,87.4661,68.7756
423.0917,203.1746,96.7895,70.7225
423.8462,203.0271,97.0123,70.9123
427.8333,198.7684,94.2295,74.9322
427.4753,196.7949,83.2645,72.2782
431.5913,191.9818,92.9965,72.9029
431.0640,190.3907,94.5064,72.8891
434.2308,187.0584,93.4846,75.7474
432.9710,177.6584,83.9323,85.1599
434.5740,179.5435,83.0581,81.4466
433.0226,181.5116,80.8080,77.7477
433.1643,182.6162,80.1842,73.8753
433.3256,185.2854,79.5405,77.3250
432.0444,186.3810,80.8060,78.3494
432.2469,189.9527,74.3219,81.2299
434.2846,189.8367,76.0118,75.2016
434.3153,193.0988,78.1186,72.7649
429.5449,195.1757,80.3343,71.7525
428.4886,197.6857,81.1457,71.0589
431.1036,199.1500,78.6191,69.0336
432.6297,200.3116,78.6643,69.2627
433.3610,201.4026,80.0180,69.1983
435.7478,201.4268,79.9537,73.4611
434.2397,201.6896,78.8229,72.2792
433.6226,205.8752,80.5484,68.4397
436.4482,205.3366,80.2362,70.3329
438.8315,207.0954,80.1199,68.2078
439.8170,207.1403,67.8073,67.3144
439.8896,207.7212,69.8534,66.8787
441.6724,206.4134,67.6744,66.6095
440.6291,206.5577,61.8764,67.6412
440.3448,208.5045,65.4740,65.0813
439.3544,208.8877,65.9390,64.6029
436.7745,207.4576,62.9373,68.3218
438.2153,205.4574,64.4110,70.4394
435.4068,207.8770,45.5014,69.5412
430.8760,209.2963,52.7037,66.7262
431.6371,209.5356,53.9387,67.0476
429.5325,210.5393,56.4416,65.4404
430.8050,210.2277,58.0731,66.1022
431.7712,211.1609,58.0837,67.7973
431.2522,212.1844,57.2507,67.6659
429.7190,212.4469,60.5683,70.7237
431.2054,215.5583,59.5398,64.3906
432.9886,214.3151,58.9448,67.2028
430.7089,213.7326,61.4797,66.1247
429.5170,214.4744,64.4879,63.9964
429.0337,214.7522,65.6311,61.7080
428.2014,216.4978,67.2663,61.7586
421.6998,213.6233,73.3891,62.7827
421.8904,215.6808,74.2178,60.9786
427.6219,215.1570,69.3388,64.5420
427.4639,212.4545,70.1666,71.7550
428.3745,211.1624,63.9868,75.8468
429.3535,204.2859,61.1627,82.2029
427.8386,203.7265,61.5858,82.4189
426.2562,201.7361,62.7152,82.8701
423.8472,198.5483,62.1133,71.7432
419.5159,194.7505,64.1323,74.6911
418.7437,192.8355,62.8208,76.0437
416.7078,190.2350,63.4697,74.4208
416.0552,187.2446,63.7342,72.7766
414.0338,183.4640,64.2524,72.6452
414.1758,180.3056,64.4736,79.1540
413.7625,177.9755,64.0349,79.7067
413.7921,175.8331,65.1979,79.6236
415.7499,174.4985,66.5327,77.2559
417.5095,170.3915,43.2230,78.8450
420.1600,168.9633,43.1590,79.2258
417.9331,165.9980,46.7635,78.7394
418.6271,165.2322,44.4711,77.9805
425.0745,162.4474,39.3928,80.5413
420.0826,161.7406,45.7020,78.6859
421.7028,158.9969,44.8387,78.6591
422.4303,158.7478,43.9307,77.8005
419.5172,157.3643,45.9410,79.5899
419.0094,156.6772,45.3224,80.6095
419.3915,155.5035,45.6268,83.2226
419.5463,153.3260,44.7378,85.3021
418.5213,153.5379,44.6541,83.5811
418.5655,152.6847,45.0538,82.1284
418.3678,151.9002,45.1634,83.6388
417.5489,153.8073,46.1817,83.6669
418.5596,151.5170,45.6434,84.8223
418.9305,151.2993,44.0999,85.2118
418.6712,149.5896,46.3795,85.7580
418.9022,148.1899,47.1107,84.3556
420.4365,149.2455,46.1400,84.8609
422.1912,148.8625,45.1957,85.1231
422.1880,149.4964,46.9837,83.1421
423.7124,150.7701,43.6340,82.7584
424.2642,149.6718,42.9810,84.6880
422.8271,150.5890,45.6951,83.6180
426.1128,150.7531,43.1470,84.5334
425.6126,152.6668,44.2221,83.9149
425.4471,153.7875,44.1934,80.4837
426.3374,154.9986,44.5413,80.1030
425.8152,156.4809,44.0066,80.7740
424.9620,158.1957,45.5604,80.4675
425.7074,159.7599,46.0003,82.3938
422.9788,158.9972,48.8484,85.0939
417.1808,161.8505,52.7807,83.1589
417.7704,161.8458,54.4361,84.3133
422.0558,163.3073,48.1745,81.6000
421.1000,164.3682,49.9026,79.8014
422.6937,165.5902,47.8657,82.2064
427.3658,167.8137,42.8565,83.1524
427.0515,169.7629,44.8625,82.6037
426.7389,173.0763,44.9836,76.0669
427.4379,175.8136,43.5778,76.2980
427.0240,179.1123,44.1143,74.8125
425.2315,181.7336,46.6122,74.5614
425.2101,183.6606,45.8386,73.6325
422.9372,185.8834,47.6414,75.1219
420.5852,187.9887,48.4954,76.1396
421.5713,190.6154,46.4483,75.3763
419.1504,193.4538,48.0769,74.7847
417.9831,194.8463,49.1319,74.5551
415.8905,197.7655,49.1251,75.8078
413.3570,200.5733,57.3901,75.1943
412.9644,202.7802,57.7638,74.7254
411.5772,204.8156,58.7288,75.2655
411.5281,205.2568,59.1498,75.0444
412.2143,204.8832,57.6774,75.7046
414.1651,206.4923,56.3218,74.3542
416.4568,206.5811,55.8323,74.7222
416.4925,208.3123,55.9081,74.2712
416.0538,206.9979,57.5531,75.7786
414.3164,207.9569,58.4987,74.8254
415.6010,208.1602,57.1633,73.8491
415.6199,207.7392,57.1054,73.7345
414.7750,207.3984,57.6740,73.5695
414.7670,206.1878,58.5519,75.0791
418.5587,207.2663,53.8821,75.4096
412.5870,205.6722,61.8023,75.5051
408.9748,204.6203,69.1295,76.1174
415.2828,207.5947,61.0400,73.2857
416.2255,207.3196,59.3938,78.7016
424.0789,207.0188,53.5345,76.9987
422.8407,206.5709,58.7240,81.0596
425.2245,201.0024,57.2857,85.3020
423.7629,198.7746,58.7254,83.4851
427.7574,203.5623,54.7061,80.9637
429.9140,202.5514,52.7557,81.7616
427.8127,202.2297,54.4964,81.6036
427.9082,201.6748,55.8245,82.6258
427.5956,201.1458,56.0571,80.5450
428.0071,201.1385,56.5629,83.0099
428.6793,201.5373,55.7043,83.6440
429.2043,200.8040,54.5036,84.2196
428.3620,201.7693,55.3422,83.3427
429.4276,198.3408,53.8029,84.0452
429.2129,198.2789,54.0426,84.7448
428.5753,198.8762,53.5232,82.7136
427.7184,198.5816,52.3255,85.1627
426.5708,199.0123,50.9145,85.6174
425.3943,197.3288,49.7375,87.2323
424.6352,197.6588,50.5198,86.2052
423.2177,197.6594,49.7555,86.9198
423.3721,196.1947,48.3742,86.4233
421.3671,191.5929,48.6841,91.2315
421.2233,191.2405,46.0407,91.9227
420.8002,186.0647,46.0108,97.5030
417.0414,197.4524,47.4622,89.0531
416.6407,198.7558,45.7970,92.2622
416.6611,194.1814,46.0211,102.5525
412.7470,196.7154,58.2098,99.7765
413.2602,196.2878,55.1225,99.0785
412.3415,196.5992,53.8967,80.0976
410.7466,198.7775,51.8788,79.6993
412.0555,197.9464,48.9608,79.6688
411.6725,198.6087,47.9740,79.6378
413.8048,199.9473,45.8582,79.2169
410.8957,201.3058,48.7139,74.7029
406.0922,202.4494,56.0136,75.1203
408.1161,202.9803,53.8888,74.3781
408.3770,203.4948,54.2918,74.2161
406.8728,204.5198,58.7621,74.1428
409.0233,205.0236,67.2327,74.6569
405.8315,205.6870,73.5467,74.1384
402.2470,206.3304,77.9201,75.7412
399.2717,204.9446,89.0046,78.6830
397.7065,205.7877,89.1712,81.9735
397.3948,205.8750,72.7635,79.6917
396.9934,204.5130,72.6480,85.4175
394.4797,206.7029,73.9814,81.1835
390.5684,205.6759,80.2273,82.7381
406.2025,205.7615,63.8407,83.5636
406.6984,206.6232,64.3523,83.7190
404.8494,206.1368,71.6351,83.7397
403.0627,205.3145,73.7059,83.4060
401.4674,205.9624,74.9506,82.8092
398.2040,207.2669,76.5269,83.0748
394.5014,209.2453,74.8112,82.3928
392.5984,209.5775,90.7925,80.7964
394.6244,210.9225,87.3701,80.3080
397.9286,210.3262,83.0335,81.4513
392.1000,211.9462,84.1128,79.4010
386.7485,211.4981,91.4613,80.4951
401.2589,211.5999,74.6016,78.9101
395.5641,212.1252,77.8287,78.9940
393.1938,211.7384,80.6181,79.8550
389.8083,212.4563,83.1142,78.9600
385.0311,213.5188,84.6544,77.7793
405.7458,211.7344,62.2341,78.1695
405.4812,211.7805,59.5782,78.7724
401.7586,211.8813,62.1248,77.4789
398.0842,212.0219,65.7877,76.8645
396.0871,208.7136,67.1094,79.9928
391.8324,208.6339,70.9183,69.8260
387.8797,206.6084,75.3410,71.6455
383.3282,204.1132,79.1668,74.2264
382.8135,202.2529,78.7785,74.7288
377.3872,202.0347,83.6304,72.7215
379.5330,199.2622,80.8735,77.1280
373.1281,196.9534,90.2071,78.9688
368.4698,195.4726,95.6614,76.5073
402.3647,193.4269,61.5109,78.3922
397.9064,192.3578,57.8410,83.8526
395.7341,190.2737,59.7698,90.7257
392.0983,190.5491,63.1522,86.3116
390.4894,187.5985,66.8930,79.3534
384.4909,186.9141,72.2124,76.4728
381.8797,187.0054,73.8200,73.8006
378.5778,184.0826,82.0799,74.3021
374.4089,185.4870,69.6137,74.2072
374.4189,186.0514,68.8129,72.6450
378.3196,184.8449,62.8632,75.9879
375.9996,181.5684,68.5279,78.2992
372.7983,179.6374,69.7539,78.6405
367.9812,179.9125,71.1466,81.6336
361.7676,180.2024,75.3659,82.1161
365.3481,181.4756,69.9802,82.6345
363.6863,182.4140,69.3273,87.3947
363.2253,181.0307,70.1515,89.2352
361.7764,182.0238,71.3831,84.0512
357.1231,182.1062,72.1781,83.8964
351.1412,181.1856,75.6055,85.2626
354.5742,180.3249,70.4323,85.9191
352.4012,178.5697,72.1601,87.4628
350.3896,185.6303,72.0745,78.5566
348.1706,185.7155,70.6335,79.3817
346.6091,186.1720,72.4443,74.9790
346.8503,187.6128,70.3030,86.3128
345.7126,189.1328,70.7829,84.9194
357.3831,188.3469,59.5747,79.9948
361.7780,192.5116,59.1510,76.9161
362.1899,196.0984,61.6807,70.8720
364.2319,198.1719,63.0102,69.9277
374.2501,200.8564,54.1817,71.9128
375.6557,202.3761,54.6301,79.2550
377.4127,205.0457,54.9376,78.4049
378.0826,206.7232,58.2938,78.9480
371.7372,208.8104,65.2819,80.7318
374.4407,210.2511,66.8964,80.5888
374.4730,211.4473,67.8041,81.5598
372.7346,212.0910,68.8845,83.7703
373.3776,214.7365,77.2158,78.5509
374.8220,215.5876,79.1218,78.8985
373.2472,218.9903,58.9762,79.1160
370.4851,221.4062,60.6777,76.9805
369.6375,222.3042,62.4369,78.0294
369.5738,222.3830,61.7263,85.9424
366.0448,223.9154,67.2537,85.4239
363.3457,224.6653,72.5578,86.9374
369.6868,224.7417,68.0090,92.9392
372.8664,223.6864,66.8295,99.5638
375.3563,222.1521,71.4376,86.9462
375.2893,229.2339,79.4336,78.5469
374.9951,230.2674,80.7372,74.4389
372.1435,233.8158,83.3017,73.7430
371.6913,240.9337,85.5786,69.2901
379.8231,244.1590,79.9961,68.7884
377.8571,244.4419,83.5024,69.6470
377.4323,247.9167,86.7151,65.7121
375.9109,247.8384,90.4573,65.4384
368.9376,243.0109,96.1570,73.0492
367.0806,239.0856,84.6373,78.1847
365.7113,238.7466,86.5167,79.0366
362.5708,238.7008,87.8723,75.6343
390.3564,238.3863,60.2076,75.4040
388.4931,236.6349,62.4539,75.9824
387.2585,236.3957,59.8717,81.2981
386.4860,237.6073,62.4531,73.0694
385.0551,235.3020,63.6165,78.5363
389.1282,236.5053,58.9000,80.8733
388.8622,236.2090,59.6302,81.7616
389.4338,237.6984,59.7592,81.5027
390.2971,233.0328,56.9138,82.7747
391.2653,238.3901,55.9735,74.8940
391.4013,236.4239,54.7469,75.8286
389.7726,233.1878,57.0878,78.0799
386.3921,231.0012,57.8256,79.6200
385.3111,228.1723,58.0935,82.2095
385.6224,220.2787,54.0771,92.6806
385.5115,217.9060,51.4307,91.6791
378.3841,221.3650,56.2443,84.4919
377.7508,214.6918,55.4505,90.1699
375.4918,212.5486,57.5395,89.4862
376.5932,211.2582,54.6398,90.7526
378.5767,211.4468,52.0672,72.2008
377.7665,208.9079,51.4867,72.8308
379.0194,205.6641,49.0030,73.9625
379.4452,202.6951,48.7625,73.5282
379.9989,203.5175,47.3135,78.5838
378.4745,201.1950,48.8836,77.8043
379.3558,198.6958,49.5755,75.5332
382.0883,197.4460,43.4554,74.7469
382.4822,191.7904,44.1053,77.5667
381.0261,187.1398,45.1750,82.9388
382.4034,187.1775,47.5548,84.2115
390.1143,195.4291,39.2350,76.2135
395.5376,194.1622,38.5571,78.2873
398.2372,192.1280,35.4575,78.1548
396.2206,190.6401,38.4012,77.3630
397.8279,188.3813,37.1556,76.9093
400.4899,188.6428,34.3414,75.5307
398.8509,194.2406,35.7707,66.7616
401.9181,197.7524,39.1294,61.6012
404.9146,197.6955,50.6905,58.9048
421.6081,195.0850,48.6820,59.3950
2
0
0
0
0
1
370.8689,116.1117,54.4231,113.2028
368.5692,115.8984,54.7494,121.7491
364.9480,115.9398,59.7821,122.7031
364.7772,119.5510,58.3967,106.0687
363.6889,117.7908,59.8931,107.4733
363.2010,115.2597,64.2094,105.5737
359.2594,114.5715,66.3087,103.4179
359.5196,114.1994,70.6919,106.2959
360.2076,113.2029,70.4821,106.4316
361.1837,113.0370,65.0506,110.1688
361.1816,112.7531,65.6343,111.3925
358.4621,112.7121,68.2012,115.9361
358.7701,112.8283,70.1111,118.8395
360.6100,112.5635,66.6667,123.3959
359.3983,112.5553,67.5537,127.6080
347.6428,113.4913,79.8282,105.9172
346.7755,114.0932,82.0044,107.0956
347.2087,115.1009,83.0046,111.1196
348.1466,118.0690,82.4664,110.8700
347.6768,119.7781,80.0823,109.3932
345.3961,133.5732,82.3769,96.4513
346.0954,135.9283,80.1535,94.0219
344.0826,136.4927,84.0065,95.6863
343.2973,139.9886,87.1966,94.7549
344.2667,141.4775,90.2834,95.8471
342.9304,143.4207,88.7050,95.6653
344.7443,147.0143,88.3944,95.0129
344.4432,149.3279,85.4246,94.9883
344.9771,153.1005,86.9226,99.9079
344.9211,155.5542,61.1716,97.7125
344.8357,156.4260,60.0272,107.5558
344.7590,158.0677,61.0165,107.0852
344.3977,158.5319,60.0638,108.9259
343.8473,158.8897,61.4337,109.4484
342.6384,158.2888,61.3527,108.0834
343.4404,160.1969,60.4838,105.7874
342.5792,161.5218,63.3016,107.0534
343.1935,161.6157,65.4902,109.3984
341.9627,161.8464,63.8948,110.0764
341.6443,163.2507,62.9215,116.8959
340.5811,162.7390,65.1958,114.5127
341.2218,164.6872,63.5898,108.2625
341.2936,161.8687,62.3714,116.0601
340.5194,161.2013,60.4287,115.1273
340.2868,163.2448,55.8960,106.1228
340.4205,162.5576,53.7721,105.1562
339.7237,164.5922,55.9766,105.3557
341.0195,166.2208,53.5904,106.6824
341.2694,167.3971,54.8185,112.1488
340.1121,168.4897,56.2459,112.9516
337.5644,174.7659,59.1463,107.1263
336.4857,174.0766,61.1907,108.0296
334.7034,173.1865,60.4140,108.8185
332.0710,173.5619,62.2853,112.6655
330.4425,169.2246,63.7103,124.1593
330.2227,164.8552,66.2501,129.8515
329.7581,175.2542,67.4172,127.9311
327.4034,178.3145,69.6712,120.5687
326.9446,178.5975,47.9876,114.7354
322.7886,182.4129,50.3000,119.5007
321.7274,184.0175,49.1206,118.7937
320.3083,183.9715,49.6184,119.4454
318.8042,185.4657,47.9327,118.4436
316.9518,185.0662,47.8354,115.8571
314.6617,187.8334,48.2453,111.5031
311.7613,186.9625,48.0406,113.8816
311.1261,186.2753,45.8831,119.3266
308.4563,187.6995,47.3921,120.0287
305.5429,187.7496,47.4243,122.2834
304.2682,186.9461,46.2495,119.6779
300.5570,186.6534,46.0741,122.8155
294.8461,188.2484,50.5577,120.2942
292.4425,189.6505,50.1318,117.6808
291.5023,191.0137,49.7107,115.9847
288.3382,188.3073,49.3614,119.5460
285.4880,188.7461,48.7726,118.9747
283.3300,187.3965,48.4035,121.5199
280.5946,186.8667,49.7061,122.0591
277.0356,187.3183,50.4341,119.4062
264.2564,188.9521,60.1591,115.6082
255.5241,189.9338,65.8506,116.5149
253.9903,189.6185,65.4769,115.4206
250.1406,191.7567,65.6985,115.5325
253.8316,192.1769,59.7275,114.2486
253.1819,193.7192,58.8791,113.7729
252.7856,193.0851,57.5981,114.3572
252.1073,196.8818,54.8658,110.6423
252.7890,194.4192,53.0514,113.0124
247.4623,196.0944,55.5980,111.6510
245.3809,197.2610,54.8001,111.9837
241.2878,199.1484,57.1662,111.5773
238.7209,203.2851,57.0883,108.2179
237.9364,204.1223,55.4413,106.9565
234.3632,199.7395,56.6705,111.1027
232.5805,203.3782,56.1701,107.5045
231.7732,202.2085,55.5769,109.9427
229.6502,202.7608,56.4345,109.8608
226.4324,202.8403,60.1440,109.4900
225.7910,203.2647,60.6213,107.6010
227.0977,205.1255,57.1798,104.9759
