1
392.0000,181.0000,42.0000,42.0000
392.0000,181.0000,43.0000,43.0000
392.0000,181.0000,43.0000,43.0000
392.0000,181.0000,43.0000,43.0000
392.0000,181.0000,43.0000,43.0000
392.0000,181.0000,43.0000,43.0000
392.0000,181.0000,43.0000,43.0000
392.0000,181.0000,43.0000,43.0000
392.0000,181.0000,43.0000,43.0000
392.0000,181.0000,43.0000,42.0000
392.0000,181.0000,43.0000,42.0000
392.0000,181.0000,43.0000,42.0000
392.0000,181.0000,43.0000,42.0000
392.0000,181.0000,43.0000,42.0000
392.0000,181.0000,43.0000,42.0000
392.0000,181.0000,43.0000,42.0000
392.0000,181.0000,43.0000,42.0000
395.0000,180.0000,42.0000,43.0000
395.0000,180.0000,42.0000,43.0000
395.0000,180.0000,42.0000,43.0000
395.0000,180.0000,42.0000,43.0000
395.0000,180.0000,42.0000,43.0000
395.0000,180.0000,42.0000,43.0000
395.0000,180.0000,42.0000,43.0000
395.0000,180.0000,42.0000,43.0000
395.0000,179.0000,42.0000,43.0000
395.0000,179.0000,42.0000,43.0000
395.0000,179.0000,42.0000,43.0000
395.0000,179.0000,42.0000,43.0000
395.0000,179.0000,42.0000,43.0000
395.0000,179.0000,42.0000,43.0000
395.0000,179.0000,42.0000,43.0000
395.0000,179.0000,42.0000,43.0000
394.0000,177.0000,42.0000,43.0000
394.0000,177.0000,42.0000,43.0000
394.0000,177.0000,42.0000,43.0000
394.0000,177.0000,42.0000,43.0000
394.0000,177.0000,42.0000,43.0000
394.0000,177.0000,42.0000,43.0000
394.0000,177.0000,42.0000,43.0000
394.0000,177.0000,42.0000,43.0000
395.0000,177.0000,42.0000,43.0000
395.0000,177.0000,42.0000,43.0000
395.0000,177.0000,42.0000,43.0000
395.0000,177.0000,42.0000,43.0000
395.0000,177.0000,42.0000,43.0000
395.0000,177.0000,42.0000,43.0000
395.0000,177.0000,42.0000,43.0000
395.0000,177.0000,42.0000,43.0000
393.0000,179.0000,42.0000,43.0000
393.0000,179.0000,42.0000,43.0000
393.0000,179.0000,42.0000,43.0000
393.0000,179.0000,42.0000,43.0000
393.0000,179.0000,42.0000,43.0000
393.0000,179.0000,42.0000,43.0000
393.0000,179.0000,42.0000,43.0000
393.0000,179.0000,42.0000,43.0000
388.0000,181.0000,44.0000,40.0000
388.0000,181.0000,44.0000,40.0000
388.0000,181.0000,44.0000,40.0000
388.0000,181.0000,44.0000,40.0000
388.0000,181.0000,44.0000,40.0000
388.0000,181.0000,44.0000,40.0000
388.0000,181.0000,44.0000,40.0000
388.0000,181.0000,44.0000,40.0000
387.0000,183.0000,43.0000,39.0000
387.0000,183.0000,43.0000,39.0000
387.0000,183.0000,43.0000,39.0000
387.0000,183.0000,43.0000,39.0000
387.0000,183.0000,43.0000,39.0000
387.0000,183.0000,43.0000,39.0000
387.0000,183.0000,43.0000,39.0000
387.0000,183.0000,43.0000,39.0000
382.0000,184.0000,47.0000,40.0000
382.0000,184.0000,47.0000,40.0000
382.0000,184.0000,47.0000,40.0000
382.0000,184.0000,47.0000,40.0000
382.0000,184.0000,47.0000,40.0000
382.0000,184.0000,47.0000,40.0000
382.0000,184.0000,47.0000,40.0000
382.0000,184.0000,47.0000,40.0000
376.0000,184.0000,49.0000,41.0000
376.0000,184.0000,49.0000,41.0000
376.0000,184.0000,49.0000,41.0000
376.0000,184.0000,49.0000,41.0000
376.0000,184.0000,49.0000,41.0000
376.0000,184.0000,49.0000,41.0000
376.0000,184.0000,49.0000,41.0000
376.0000,184.0000,49.0000,41.0000
369.0000,186.0000,49.0000,41.0000
369.0000,186.0000,49.0000,41.0000
369.0000,186.0000,49.0000,41.0000
369.0000,186.0000,49.0000,41.0000
369.0000,186.0000,49.0000,41.0000
369.0000,186.0000,49.0000,41.0000
369.0000,186.0000,49.0000,41.0000
369.0000,186.0000,49.0000,41.0000
369.0000,186.0000,49.0000,41.0000
359.0000,186.0000,49.0000,41.0000
359.0000,186.0000,49.0000,41.0000
359.0000,186.0000,49.0000,41.0000
359.0000,186.0000,49.0000,41.0000
359.0000,186.0000,49.0000,41.0000
359.0000,186.0000,49.0000,41.0000
359.0000,186.0000,49.0000,41.0000
359.0000,186.0000,49.0000,41.0000
349.0000,188.0000,49.0000,41.0000
349.0000,188.0000,49.0000,41.0000
349.0000,188.0000,49.0000,41.0000
349.0000,188.0000,49.0000,41.0000
349.0000,188.0000,49.0000,41.0000
349.0000,188.0000,49.0000,41.0000
349.0000,188.0000,49.0000,41.0000
349.0000,188.0000,49.0000,41.0000
337.0000,191.0000,49.0000,42.0000
337.0000,191.0000,49.0000,42.0000
337.0000,191.0000,49.0000,42.0000
337.0000,191.0000,49.0000,42.0000
337.0000,191.0000,49.0000,42.0000
337.0000,191.0000,49.0000,42.0000
337.0000,191.0000,49.0000,42.0000
337.0000,191.0000,49.0000,42.0000
326.0000,192.0000,49.0000,42.0000
326.0000,192.0000,49.0000,42.0000
326.0000,192.0000,49.0000,42.0000
326.0000,192.0000,49.0000,42.0000
326.0000,192.0000,49.0000,42.0000
326.0000,192.0000,49.0000,42.0000
326.0000,192.0000,49.0000,42.0000
326.0000,192.0000,49.0000,42.0000
314.0000,194.0000,49.0000,42.0000
314.0000,194.0000,49.0000,42.0000
314.0000,194.0000,49.0000,42.0000
314.0000,194.0000,49.0000,42.0000
314.0000,194.0000,49.0000,42.0000
314.0000,194.0000,49.0000,42.0000
314.0000,194.0000,49.0000,42.0000
314.0000,194.0000,49.0000,42.0000
300.0000,194.0000,53.0000,45.0000
300.0000,194.0000,53.0000,45.0000
300.0000,194.0000,53.0000,45.0000
300.0000,194.0000,53.0000,45.0000
300.0000,194.0000,53.0000,45.0000
300.0000,194.0000,53.0000,45.0000
300.0000,194.0000,53.0000,45.0000
300.0000,194.0000,53.0000,45.0000
284.0000,195.0000,53.0000,45.0000
284.0000,195.0000,53.0000,45.0000
284.0000,195.0000,53.0000,45.0000
284.0000,195.0000,53.0000,45.0000
284.0000,195.0000,53.0000,45.0000
284.0000,195.0000,53.0000,45.0000
284.0000,195.0000,53.0000,45.0000
284.0000,195.0000,53.0000,45.0000
268.0000,195.0000,53.0000,47.0000
268.0000,195.0000,53.0000,47.0000
268.0000,195.0000,53.0000,47.0000
268.0000,195.0000,53.0000,47.0000
268.0000,195.0000,53.0000,47.0000
268.0000,195.0000,53.0000,47.0000
268.0000,195.0000,53.0000,47.0000
268.0000,195.0000,53.0000,47.0000
249.0000,197.0000,53.0000,46.0000
249.0000,197.0000,53.0000,46.0000
249.0000,197.0000,53.0000,46.0000
249.0000,197.0000,53.0000,46.0000
249.0000,197.0000,53.0000,46.0000
249.0000,197.0000,53.0000,46.0000
249.0000,197.0000,53.0000,46.0000
249.0000,197.0000,53.0000,46.0000
226.0000,196.0000,56.0000,47.0000
226.0000,196.0000,56.0000,47.0000
226.0000,196.0000,56.0000,47.0000
226.0000,196.0000,56.0000,47.0000
226.0000,196.0000,56.0000,47.0000
226.0000,196.0000,56.0000,47.0000
226.0000,196.0000,56.0000,47.0000
226.0000,196.0000,56.0000,47.0000
209.0000,198.0000,56.0000,47.0000
209.0000,198.0000,56.0000,47.0000
209.0000,198.0000,56.0000,47.0000
209.0000,198.0000,56.0000,47.0000
209.0000,198.0000,56.0000,47.0000
209.0000,198.0000,56.0000,47.0000
209.0000,198.0000,56.0000,47.0000
209.0000,198.0000,56.0000,47.0000
190.0000,200.0000,58.0000,49.0000
190.0000,200.0000,58.0000,49.0000
190.0000,200.0000,58.0000,49.0000
190.0000,200.0000,58.0000,49.0000
190.0000,200.0000,58.0000,49.0000
190.0000,200.0000,58.0000,49.0000
190.0000,200.0000,58.0000,49.0000
190.0000,200.0000,58.0000,49.0000
164.0000,202.0000,59.0000,50.0000
164.0000,202.0000,59.0000,50.0000
164.0000,202.0000,59.0000,50.0000
164.0000,202.0000,59.0000,50.0000
164.0000,202.0000,59.0000,50.0000
164.0000,202.0000,59.0000,50.0000
164.0000,202.0000,59.0000,50.0000
164.0000,202.0000,59.0000,50.0000
143.0000,208.0000,62.0000,53.0000
143.0000,208.0000,62.0000,53.0000
143.0000,208.0000,62.0000,53.0000
143.0000,208.0000,62.0000,53.0000
143.0000,208.0000,62.0000,53.0000
143.0000,208.0000,62.0000,53.0000
143.0000,208.0000,62.0000,53.0000
143.0000,208.0000,62.0000,53.0000
122.0000,206.0000,64.0000,55.0000
122.0000,206.0000,64.0000,55.0000
122.0000,206.0000,64.0000,55.0000
122.0000,206.0000,64.0000,55.0000
122.0000,206.0000,64.0000,55.0000
122.0000,206.0000,64.0000,55.0000
122.0000,206.0000,64.0000,55.0000
122.0000,206.0000,64.0000,55.0000
103.0000,204.0000,64.0000,55.0000
103.0000,204.0000,64.0000,55.0000
103.0000,204.0000,64.0000,55.0000
103.0000,204.0000,64.0000,55.0000
103.0000,204.0000,64.0000,55.0000
103.0000,204.0000,64.0000,55.0000
103.0000,204.0000,64.0000,55.0000
103.0000,204.0000,64.0000,55.0000
85.0000,203.0000,64.0000,55.0000
85.0000,203.0000,64.0000,55.0000
85.0000,203.0000,64.0000,55.0000
85.0000,203.0000,64.0000,55.0000
85.0000,203.0000,64.0000,55.0000
85.0000,203.0000,64.0000,55.0000
85.0000,203.0000,64.0000,55.0000
85.0000,203.0000,64.0000,55.0000
65.0000,208.0000,63.0000,54.0000
65.0000,208.0000,63.0000,54.0000
65.0000,208.0000,63.0000,54.0000
65.0000,208.0000,63.0000,54.0000
65.0000,208.0000,63.0000,54.0000
65.0000,208.0000,63.0000,54.0000
65.0000,208.0000,63.0000,54.0000
65.0000,208.0000,63.0000,54.0000
43.0000,209.0000,63.0000,54.0000
43.0000,209.0000,63.0000,54.0000
43.0000,209.0000,63.0000,54.0000
43.0000,209.0000,63.0000,54.0000
43.0000,209.0000,63.0000,54.0000
43.0000,209.0000,63.0000,54.0000
43.0000,209.0000,63.0000,54.0000
43.0000,209.0000,63.0000,54.0000
