1
707.5941,231.6670,29.9000,23.1442
711.3730,231.3080,27.2166,23.9630
712.1665,231.4030,24.8400,23.5236
715.0709,231.0011,24.2047,24.2058
714.3442,231.5647,26.8860,23.4695
715.5780,232.1646,28.1505,23.0205
717.5631,232.1046,26.2765,22.2271
718.9942,231.9730,24.9348,22.2939
720.2672,231.7219,27.8683,22.5789
721.3621,231.9337,28.4038,21.9225
722.1888,231.9726,28.0707,22.0137
722.8804,231.5860,26.5917,21.8603
724.8845,231.0699,25.8136,22.3348
724.7422,230.9428,25.6544,22.3091
724.0306,231.0007,26.6796,22.2675
723.6927,230.8151,24.2113,22.4490
722.7868,230.0314,27.2260,23.1429
722.4348,229.1877,29.6584,23.7620
721.2717,229.2658,22.1889,23.2273
720.4561,229.4165,22.2318,24.8818
719.2899,229.5490,23.0170,24.8459
717.3571,229.5719,26.3873,25.3142
716.2081,228.8681,25.8688,26.0958
714.8466,228.9949,24.6141,26.3538
713.0100,228.8312,22.8347,27.4903
709.6831,228.9945,26.1462,26.0973
704.2579,229.1887,28.6501,26.0801
700.5126,229.1820,30.7624,26.3531
703.0370,229.0013,27.0863,28.0635
700.8224,229.0924,27.7175,27.1491
698.1755,228.8918,26.8445,26.8342
694.5088,229.4463,25.9889,25.8378
691.0092,229.3116,26.0538,25.6930
686.4070,229.5343,26.0338,25.7497
684.2791,228.6864,27.7444,30.1030
680.9349,228.8786,31.0478,29.1627
675.9597,229.1720,29.1329,29.8846
672.6378,229.2916,27.1641,26.5814
665.9997,227.3352,29.5860,30.4198
661.2302,226.7772,24.8652,30.6560
655.5986,228.9554,26.2014,24.9134
643.7383,230.7557,29.6255,23.7579
640.0740,230.3593,29.0602,24.4033
631.3401,229.6266,30.1707,25.9167
629.9413,231.8721,26.8288,23.8756
627.4219,233.0036,27.1896,21.3737
621.5117,235.8816,29.2465,16.6740
622.2674,235.7347,30.4297,15.9721
621.5479,235.1304,29.9601,16.4541
2
0
0
0
0
1
696.1423,229.6399,26.4612,29.5600
701.7277,229.9872,27.2978,29.2268
705.5568,230.1911,28.5188,29.5149
711.0743,230.2589,28.1716,28.7514
715.2668,229.2895,26.4852,30.6294
718.8433,229.4324,24.9274,31.1615
722.9006,226.4662,25.6174,34.1441
725.6300,229.3163,26.7603,31.6009
729.0344,229.3249,28.6540,31.7567
730.0306,234.7458,30.0051,26.6430
730.9497,235.0684,29.4827,26.2145
732.1986,234.8461,27.5894,26.4133
736.3157,235.7794,23.9266,25.5235
736.6206,235.8647,25.3757,27.0180
736.9376,235.3243,25.6490,27.8608
737.3815,234.7502,25.9359,27.6287
736.2389,234.7108,25.3716,27.0596
735.7617,234.4889,25.2690,26.8068
735.2537,233.8431,24.5463,28.2235
732.6006,233.0227,27.2930,29.1672
730.2826,232.5552,28.0822,28.8742
725.0943,232.2113,32.2679,30.6145
724.9316,231.0202,32.0324,30.9769
725.2269,231.5888,29.4409,32.1017
723.3546,233.8677,30.1399,29.1004
718.8745,228.2597,30.9131,36.1339
713.9347,227.4338,32.7698,38.2252
711.3082,227.4148,31.8533,39.5397
708.6058,234.5503,30.7861,33.4469
704.8241,234.4558,32.0074,34.7901
700.2702,235.8676,31.2512,31.1329
695.6752,236.9581,30.9091,30.4320
691.7452,236.5983,31.3237,32.1665
683.9932,237.4051,31.3337,29.6990
680.5041,236.8176,27.2736,32.2350
672.6883,233.3835,27.0509,35.8631
667.9032,234.7585,27.0627,37.7783
661.5125,233.5021,26.2723,38.4612
653.5172,240.4431,26.9772,25.2742
647.4887,232.3096,24.3189,31.4911
645.0728,232.1821,23.9027,35.7486
635.8989,232.8001,24.9947,33.8963
634.5275,241.1649,25.7226,23.9386
2
0
0
0
0
1
696.5284,239.4631,34.1474,28.2170
703.1413,238.6623,32.2831,29.5568
707.7542,239.6170,32.6453,29.2552
713.7037,239.5994,31.8818,29.8330
717.5516,240.0862,27.1433,29.0189
719.8082,241.2986,28.7041,27.5201
725.5721,241.2435,27.9005,28.6894
726.9337,241.4052,29.2877,30.7491
728.3453,241.5381,30.8758,32.0833
729.7824,243.9241,32.9086,27.9179
731.7639,243.8955,30.4732,27.6823
732.0712,243.3867,32.0853,29.7723
731.8464,244.8179,34.1185,27.9220
734.0932,244.7794,31.8792,27.9424
736.0641,244.1107,30.5781,28.5294
736.7670,244.1737,29.1511,28.1791
737.9653,248.2785,30.2502,23.9206
736.8484,249.0039,32.0728,22.7866
735.6873,249.3819,34.5216,21.9640
734.6862,250.3622,33.7101,21.3886
733.3061,250.2823,32.8367,21.9263
731.6218,250.6490,34.0269,22.0109
728.3638,250.9079,35.8125,21.4303
727.7782,250.5089,35.3565,22.0059
726.3835,250.2631,35.4441,23.2437
726.9410,250.0014,34.9632,22.8440
723.7095,249.3266,32.2749,21.3937
719.2831,248.7793,35.8939,20.7948
716.9471,246.9766,37.8811,22.5570
708.9515,246.2755,31.9032,23.6953
704.1050,247.1052,30.7745,22.8812
697.3246,245.7109,29.1108,28.4238
690.6846,245.7910,32.5285,28.2874
684.6951,246.0392,35.6285,26.3783
676.7250,245.1823,29.6985,23.4603
670.7874,245.0001,30.0724,24.1835
661.1205,242.8811,29.1131,26.2397
653.9415,243.0997,27.0947,26.3025
647.0494,243.4464,26.1008,24.9410
635.1345,242.8498,28.2529,24.9063
626.2534,241.7777,32.4010,29.9277
2
0
0
0
0
1
693.3912,241.8054,30.7523,25.3857
701.4848,241.8422,29.5533,30.7297
703.4678,239.9912,33.4951,33.1034
712.0081,242.2836,28.8406,31.6622
716.1984,240.8024,28.7789,36.7081
720.6645,240.8445,28.7031,36.4706
727.2960,240.7377,27.9440,36.1377
729.7483,242.7614,28.3201,31.6781
729.6493,241.0658,30.2680,32.4292
730.2921,245.3036,34.0540,29.5925
738.2749,249.8331,27.3770,27.3663
741.3779,250.9751,27.3715,28.7762
740.8743,249.5438,29.2488,31.7425
740.1914,256.2919,30.5287,25.3535
740.7484,256.6219,30.9288,21.6756
741.3249,256.6260,31.0730,22.0939
739.8661,256.5604,33.8486,22.6947
738.5518,256.8427,36.8283,22.1660
736.9108,257.7761,39.4534,21.2699
735.9561,257.7940,38.9237,25.0015
733.1060,257.7691,42.3933,24.7303
735.9984,257.2377,34.6774,25.7771
733.9054,256.4929,35.1867,22.0609
737.7254,254.6861,33.1711,25.8916
735.4243,255.2291,31.0061,26.2062
729.4583,254.6530,33.8538,28.3086
723.9382,253.7424,32.5887,29.2896
721.4917,252.9374,32.0182,20.8930
718.5156,251.7459,31.4108,22.8120
714.0706,250.6569,30.0309,24.1906
707.9124,251.3672,33.3287,22.9755
699.8706,250.8823,35.2667,23.1408
694.7022,249.9927,34.7946,24.1142
689.9213,250.1680,35.1605,26.0325
687.8595,250.4608,30.7865,25.2785
682.5709,250.1765,32.7264,25.7690
676.3702,248.4122,30.7381,25.0802
670.2250,246.7613,31.1065,27.2741
664.3899,246.5130,31.6436,26.9602
654.6202,245.6637,30.3507,28.4496
647.2968,245.3821,30.4512,28.4535
640.0843,246.6907,30.7518,25.2023
638.4352,246.9348,28.6331,25.3059
2
0
0
0
0
1
695.5102,240.9688,33.2694,32.5317
698.3779,240.6131,34.7662,33.6933
703.1765,243.5457,31.9084,31.5584
706.1826,244.1693,33.7700,31.2702
707.7350,243.8427,40.6334,32.7912
711.1877,244.2418,39.3018,32.4612
713.1984,245.1355,29.1876,31.0888
711.9813,245.5579,30.8203,31.1210
715.2010,246.6183,28.2481,28.4741
715.8321,246.7144,27.7486,27.2825
717.1955,246.3530,28.9013,27.3238
716.3172,245.1134,31.0346,27.7024
715.6807,244.7125,31.9562,28.7362
717.1794,245.8216,32.3091,26.6167
719.0889,245.9731,31.3662,26.1439
723.9626,245.8916,30.8469,25.2430
725.6341,242.8255,31.7926,26.4286
728.2228,239.6984,30.5539,29.2625
726.2894,235.7503,33.8360,33.3740
724.2508,230.4025,36.5106,39.9357
727.8922,231.4714,35.7876,38.4872
725.6937,241.1671,36.5786,28.8518
731.8082,241.1183,35.6120,29.2143
733.1016,237.8521,37.0080,32.3337
734.2083,233.4944,39.5408,35.8881
736.7377,248.5569,38.4808,21.7897
2
0
0
0
0
1
682.8065,236.2891,30.9231,34.0224
683.4617,233.5430,28.6310,37.1795
682.3014,231.1654,28.5094,40.1063
679.6451,232.8660,37.7188,36.8110
678.0425,235.1951,36.3931,33.1939
672.5082,237.1489,35.9489,35.1678
673.8463,235.2037,38.0208,34.5979
669.0236,235.5622,41.1446,30.1222
672.1519,231.6622,39.9697,35.3331
2
0
0
0
0
1
654.4729,231.4236,30.3545,32.1761
656.1487,227.0941,32.3281,36.1069
656.6912,227.5885,34.8623,36.3598
657.3835,226.9623,34.2567,36.5315
661.1742,223.2241,35.0739,41.6853
661.4250,229.7466,37.0488,33.2132
664.0350,227.3870,37.4305,36.2779
665.2466,226.9386,40.4700,40.0770
666.2641,227.5345,42.2504,36.3197
667.2764,230.7068,33.6323,33.0330
668.2976,228.6799,33.9007,36.7656
670.2346,226.3866,34.5031,37.6534
670.4161,225.8668,37.3968,37.0723
670.1909,233.9039,37.1246,29.0250
681.6099,233.3502,29.0973,29.3477
683.5149,234.0486,27.2048,29.2986
685.8321,234.5871,26.4977,28.4592
682.8105,233.7455,28.8524,27.8348
682.9973,233.1619,29.8266,31.0348
684.2206,234.4496,28.4723,29.7149
683.8773,231.1482,30.9808,32.8208
685.5378,230.3156,24.9221,36.8410
685.5693,229.8036,27.3597,35.1684
685.2926,228.9920,26.8750,40.2175
684.6180,234.0578,28.1547,35.4532
686.2768,232.6094,27.5898,35.7850
687.9120,240.9798,27.1528,26.0628
687.9204,240.7455,27.6012,26.6561
689.0099,241.5551,26.1067,26.5170
689.2138,241.7881,26.9483,27.1107
690.3746,241.1274,31.4364,28.7727
690.3326,241.3611,31.6100,28.6341
691.6390,240.6997,30.8614,29.6671
693.0258,241.1528,31.0686,27.4565
694.1622,241.7770,31.3442,25.9995
692.3706,238.9954,33.1418,31.6768
693.6042,238.9708,31.1798,31.4439
693.7098,236.4101,30.4484,35.4430
693.6817,236.6079,30.7227,35.1692
694.3034,238.8067,35.0971,32.9888
695.1813,237.2536,34.5678,31.8814
696.0610,235.9880,34.0888,33.5440
696.6661,235.3626,33.0524,35.4254
691.9991,235.7970,35.8811,29.1747
695.0284,235.5345,31.9238,28.5761
692.8860,235.8656,33.2257,27.9793
691.2271,234.3168,35.3588,25.8437
688.5447,234.8933,38.1304,24.6017
692.0975,232.5168,35.8417,26.4718
692.6796,232.5029,34.1668,26.3205
692.9166,240.4812,33.8455,18.7084
694.1441,242.1393,33.5298,16.3589
691.3307,242.0195,35.7387,16.9482
691.9077,242.4523,36.9069,20.3702
691.3915,242.4516,34.8351,20.9564
688.4747,244.5051,33.9009,21.4712
686.7133,243.3844,41.5008,21.7686
688.3402,243.3113,39.4296,22.2328
686.8751,244.8016,39.7907,21.1736
686.6074,244.5978,39.4620,26.0758
686.0345,244.6006,39.0785,26.0904
686.3279,244.1854,39.0548,28.4620
684.5309,244.8247,46.2325,27.6931
685.1058,245.5289,46.9020,20.9317
691.4755,244.1716,36.7378,22.0128
692.4879,243.5485,33.0704,24.5908
692.9100,243.9340,36.9094,25.6979
692.5090,244.2241,36.7808,25.5293
695.9260,244.2427,35.1788,13.8456
692.4896,243.0518,39.7889,14.7170
694.5083,243.0655,37.9215,15.3936
696.5344,241.4236,37.6054,24.1860
701.5928,240.1261,40.4089,26.4348
704.6887,242.5836,45.2859,23.1014
723.4485,242.7817,29.9033,22.6524
2
0
0
0
0
1
687.7946,232.6756,36.3340,32.5825
685.1824,233.0658,35.5719,32.7099
682.0102,233.0161,42.2736,33.3024
680.0368,233.2405,43.6531,37.0334
678.2586,232.0263,42.5332,36.2661
676.4406,231.8448,44.6746,33.7624
674.4193,232.4258,31.5260,34.8502
672.1996,232.4717,33.8087,34.8900
669.8931,231.6295,34.1650,34.8369
667.9232,230.7549,33.4537,37.2903
666.8481,234.9325,31.6740,33.1728
664.3071,235.3388,31.3745,33.8795
662.4528,235.4930,35.0761,32.6607
660.5530,235.0410,32.4674,34.0884
659.1475,234.7495,33.8730,33.7110
657.5605,235.6049,33.2189,33.5793
