1
524.6000,57.4000,25.6000,25.6000
523.0306,64.9139,24.9445,24.4767
519.5898,80.5346,26.3042,24.5252
518.6000,89.4000,26.8000,25.4000
513.9661,105.2116,28.3944,24.5973
513.8802,115.9388,28.0271,24.5874
514.3922,124.0345,21.2460,27.2905
510.6937,140.4030,22.4731,29.8678
506.2443,151.1253,27.1153,29.0406
517.7454,164.0487,23.1496,28.6749
527.2000,167.0000,23.0000,28.4000
537.6000,172.8000,23.0000,28.2000
549.8000,183.2000,23.0000,28.0000
557.6000,188.2000,22.8000,27.8000
569.2000,197.0000,22.4000,27.4000
577.0000,205.2000,22.4000,27.4000
582.0000,215.4000,22.4000,27.4000
590.6000,227.2000,22.4000,27.6000
598.0000,234.4000,22.6000,27.6000
603.2000,254.2000,22.4000,27.4000
608.4000,256.6000,22.0000,27.0000
607.6000,260.0000,22.0000,26.8000
612.0000,256.6000,22.4000,27.0000
615.2000,255.2000,22.4000,27.0000
620.4000,257.8000,22.6000,27.4000
621.4000,258.6000,23.0000,28.0000
621.9034,261.0514,28.2084,28.9439
626.2000,263.8000,28.4000,29.0000
621.9408,268.7426,32.8865,25.7521
626.3702,266.0751,39.4977,26.1182
623.6409,265.3329,45.8100,24.2623
615.7884,263.9818,52.3716,23.7809
617.7933,267.0782,59.3591,24.5052
617.1102,266.9699,62.7001,25.8632
613.6460,270.1257,65.8251,24.2588
608.0825,272.0213,72.2203,23.5853
607.3830,275.5060,78.7848,21.8622
613.3395,274.3095,78.8851,20.2242
610.5106,277.8528,82.3593,19.4861
608.0655,277.7750,84.7056,18.8883
