0.000176
0.054728
0.025771
0.025456
0.025007
0.025336
0.025645
0.026586
0.025594
0.025908
0.025939
0.025454
0.024252
NaN
NaN
NaN
NaN
0.000172
0.062924
0.02992
0.030093
0.030655
0.031584
0.03125
0.030303
0.03084
0.031139
0.031045
0.031372
0.027965
0.030135
0.031037
0.030884
0.030985
0.028376
0.032072
0.030285
0.027973
0.030949
0.032079
0.030279
0.031543
0.03103
0.030863
0.031022
0.031023
0.031582
0.031232
0.029969
0.030766
0.031012
0.031103
0.031131
0.03149
0.030346
0.031319
0.03107
0.031502
0.030241
0.029945
0.029512
0.031494
0.031404
0.030173
0.030042
0.029975
0.030888
0.03123
0.031323
0.031231
0.030205
0.031036
0.0294
0.029868
0.030111
0.03036
0.031995
0.031132
0.031416
0.031432
0.031198
0.031309
0.031112
0.031094
0.029457
0.030245
0.032262
0.030831
0.030794
0.031052
0.031216
0.031975
0.031098
0.030804
0.031196
0.031873
0.029474
0.029926
0.03044
0.030835
0.030854
0.031457
0.030284
0.030122
0.030174
0.0306
0.030739
0.030171
0.029426
0.029854
0.030429
0.03069
0.030262
0.031596
0.030343
0.030609
0.032523
0.030588
0.030142
0.030051
0.029428
0.030444
0.031254
0.032641
0.030957
0.032303
0.031329
0.031856
0.030612
0.03051
0.031337
0.03032
0.029771
0.030249
0.030653
0.030556
0.030418
0.030905
0.02999
0.031259
0.031068
0.03086
0.030211
0.032404
0.029737
0.03218
0.031578
0.031374
0.031062
0.031092
0.031701
0.031426
0.030605
0.030692
0.030292
0.031209
0.029669
0.030814
0.031215
0.031082
0.031968
0.031172
0.032638
0.031266
0.032717
0.03213
0.031345
0.031325
0.030879
0.031748
0.031366
0.030631
0.031413
0.031548
0.031923
0.032459
0.031395
0.030415
0.030782
0.031419
0.027469
0.030764
0.027812
0.027778
0.028082
0.028939
0.030556
0.030651
0.030463
0.031425
0.030267
0.031951
0.02916
0.0313
0.032987
0.031975
0.030723
0.031101
0.031007
0.031249
0.030668
0.031501
0.0319
0.031834
0.030298
0.031829
0.03167
0.032037
0.032009
0.032113
0.032026
0.032265
0.032229
0.03238
0.032223
0.032905
0.031601
0.030505
0.030846
0.031364
0.030477
0.030862
0.031874
0.031255
0.030948
0.03205
0.031454
0.030591
0.030824
0.030685
0.03188
0.031084
0.032304
0.032779
0.033369
0.030413
0.030666
0.030955
0.030988
0.030558
0.031188
0.030714
0.031487
0.032194
0.030923
0.030913
0.030442
0.030666
0.032095
0.031129
0.032294
0.032052
NaN
NaN
NaN
NaN
0.00018
0.065422
0.031552
0.030966
0.030209
0.031583
0.030834
0.031174
0.029642
0.030625
0.028198
0.030527
0.028649
0.030233
0.03061
0.030694
0.031693
0.031257
0.030486
0.031891
0.030199
0.031136
0.032142
0.031895
0.034424
0.031069
0.033039
0.033847
0.033827
0.031626
0.034355
0.032719
0.032666
0.033017
0.032983
0.030352
0.029558
0.029789
0.031209
0.031244
0.031416
0.032581
0.033206
0.031594
0.030747
0.032271
0.031982
0.031058
0.032608
0.031184
0.032286
0.031971
0.031556
0.031099
0.031977
0.032199
0.027047
0.028858
0.03145
0.032246
0.032109
0.030032
0.032595
0.031828
0.032041
0.032906
0.031971
0.031865
0.02997
0.031939
0.032214
0.031597
0.031338
0.030676
0.031936
0.031872
0.031415
0.03191
0.031113
0.031831
0.030175
0.030587
0.030626
0.030627
0.031884
0.03175
0.030849
0.031167
0.032127
0.031678
0.031514
0.031755
0.031246
0.031197
0.031329
0.031052
0.032182
0.032156
0.028562
NaN
NaN
NaN
NaN
0.000172
0.060501
0.030558
0.027841
0.027108
0.030726
0.027353
0.032129
0.030258
0.030962
0.031126
0.030957
0.033305
0.029758
0.033054
0.030758
0.031444
0.031779
0.030964
0.031561
0.03073
0.032649
0.033077
0.032196
0.031318
0.030016
0.03171
0.031344
0.030999
0.030613
0.03025
0.030187
0.030646
0.030185
0.030456
0.030469
0.031566
0.029396
0.03086
0.030062
0.031057
