1
330.0000,162.0000,37.0000,49.0000
330.0000,162.0000,36.0000,48.0000
326.0000,162.0000,36.0000,48.0000
326.0000,162.0000,36.0000,48.0000
314.0000,158.0000,36.0000,48.0000
306.0000,158.0000,36.0000,48.0000
306.0000,158.0000,36.0000,48.0000
298.0000,158.0000,36.0000,48.0000
2
0
0
0
0
1
326.0000,168.0000,28.0000,67.0000
314.0000,168.0000,28.0000,67.0000
310.0000,164.0000,28.0000,67.0000
314.0000,164.0000,28.0000,67.0000
338.0000,168.0000,28.0000,67.0000
334.0000,168.0000,27.0000,66.0000
330.0000,164.0000,28.0000,67.0000
326.0000,164.0000,29.0000,68.0000
330.0000,160.0000,28.0000,67.0000
334.0000,160.0000,28.0000,67.0000
330.0000,160.0000,28.0000,67.0000
326.0000,160.0000,28.0000,67.0000
326.0000,160.0000,28.0000,67.0000
338.0000,156.0000,27.0000,66.0000
338.0000,160.0000,26.0000,65.0000
338.0000,160.0000,25.0000,64.0000
334.0000,160.0000,25.0000,64.0000
330.0000,160.0000,25.0000,64.0000
330.0000,156.0000,25.0000,64.0000
334.0000,152.0000,25.0000,64.0000
334.0000,152.0000,25.0000,64.0000
330.0000,160.0000,25.0000,64.0000
326.0000,160.0000,25.0000,64.0000
326.0000,160.0000,25.0000,64.0000
333.0000,160.0000,25.0000,64.0000
333.0000,160.0000,25.0000,64.0000
337.0000,156.0000,25.0000,64.0000
337.0000,160.0000,25.0000,64.0000
333.0000,160.0000,25.0000,64.0000
333.0000,156.0000,25.0000,64.0000
333.0000,156.0000,25.0000,64.0000
333.0000,152.0000,25.0000,64.0000
333.0000,156.0000,25.0000,64.0000
329.0000,160.0000,25.0000,64.0000
336.0000,156.0000,25.0000,64.0000
336.0000,152.0000,24.0000,63.0000
336.0000,156.0000,25.0000,64.0000
336.0000,160.0000,25.0000,64.0000
336.0000,160.0000,25.0000,64.0000
336.0000,156.0000,25.0000,64.0000
336.0000,156.0000,26.0000,65.0000
336.0000,156.0000,27.0000,66.0000
336.0000,156.0000,28.0000,67.0000
336.0000,156.0000,28.0000,67.0000
336.0000,156.0000,28.0000,67.0000
336.0000,152.0000,28.0000,67.0000
336.0000,152.0000,28.0000,67.0000
332.0000,152.0000,28.0000,67.0000
332.0000,156.0000,28.0000,67.0000
328.0000,156.0000,28.0000,67.0000
328.0000,152.0000,28.0000,67.0000
324.0000,152.0000,28.0000,67.0000
324.0000,152.0000,28.0000,67.0000
324.0000,156.0000,27.0000,66.0000
320.0000,156.0000,28.0000,67.0000
320.0000,156.0000,27.0000,66.0000
324.0000,156.0000,26.0000,65.0000
324.0000,152.0000,25.0000,64.0000
320.0000,156.0000,25.0000,64.0000
324.0000,156.0000,25.0000,64.0000
324.0000,152.0000,25.0000,64.0000
320.0000,152.0000,25.0000,64.0000
324.0000,152.0000,25.0000,64.0000
324.0000,156.0000,25.0000,64.0000
320.0000,160.0000,25.0000,64.0000
320.0000,160.0000,25.0000,64.0000
324.0000,156.0000,25.0000,64.0000
324.0000,156.0000,25.0000,64.0000
320.0000,156.0000,25.0000,64.0000
320.0000,160.0000,25.0000,64.0000
324.0000,160.0000,25.0000,64.0000
324.0000,156.0000,25.0000,64.0000
324.0000,152.0000,25.0000,64.0000
324.0000,152.0000,25.0000,64.0000
324.0000,156.0000,25.0000,64.0000
324.0000,156.0000,25.0000,64.0000
328.0000,156.0000,25.0000,64.0000
332.0000,156.0000,25.0000,64.0000
332.0000,156.0000,25.0000,64.0000
332.0000,156.0000,25.0000,64.0000
332.0000,160.0000,25.0000,64.0000
336.0000,160.0000,25.0000,64.0000
336.0000,156.0000,25.0000,64.0000
336.0000,152.0000,25.0000,64.0000
336.0000,152.0000,25.0000,64.0000
336.0000,156.0000,25.0000,64.0000
336.0000,156.0000,25.0000,64.0000
336.0000,156.0000,25.0000,64.0000
336.0000,156.0000,25.0000,64.0000
336.0000,156.0000,25.0000,64.0000
340.0000,160.0000,25.0000,64.0000
340.0000,160.0000,25.0000,64.0000
344.0000,156.0000,25.0000,64.0000
344.0000,152.0000,25.0000,64.0000
344.0000,152.0000,25.0000,64.0000
344.0000,156.0000,25.0000,64.0000
348.0000,160.0000,25.0000,64.0000
348.0000,160.0000,25.0000,64.0000
355.0000,156.0000,25.0000,64.0000
355.0000,156.0000,25.0000,64.0000
355.0000,160.0000,25.0000,64.0000
359.0000,164.0000,25.0000,64.0000
363.0000,164.0000,25.0000,64.0000
363.0000,160.0000,25.0000,64.0000
366.0000,156.0000,26.0000,65.0000
366.0000,156.0000,27.0000,66.0000
362.0000,160.0000,28.0000,67.0000
366.0000,160.0000,28.0000,67.0000
366.0000,160.0000,27.0000,66.0000
370.0000,160.0000,27.0000,66.0000
366.0000,160.0000,28.0000,67.0000
366.0000,164.0000,28.0000,67.0000
366.0000,164.0000,28.0000,67.0000
370.0000,164.0000,28.0000,67.0000
370.0000,160.0000,29.0000,68.0000
370.0000,164.0000,29.0000,68.0000
370.0000,164.0000,30.0000,69.0000
370.0000,164.0000,29.0000,68.0000
374.0000,168.0000,28.0000,67.0000
374.0000,168.0000,27.0000,66.0000
378.0000,168.0000,28.0000,67.0000
382.0000,168.0000,28.0000,67.0000
382.0000,172.0000,28.0000,67.0000
386.0000,172.0000,28.0000,67.0000
386.0000,172.0000,28.0000,67.0000
390.0000,168.0000,28.0000,67.0000
390.0000,168.0000,28.0000,67.0000
390.0000,172.0000,28.0000,67.0000
394.0000,176.0000,27.0000,66.0000
394.0000,176.0000,28.0000,67.0000
398.0000,172.0000,28.0000,67.0000
402.0000,172.0000,28.0000,67.0000
402.0000,172.0000,29.0000,68.0000
402.0000,176.0000,29.0000,68.0000
406.0000,176.0000,28.0000,67.0000
410.0000,172.0000,28.0000,67.0000
410.0000,172.0000,29.0000,68.0000
410.0000,172.0000,28.0000,67.0000
410.0000,172.0000,29.0000,68.0000
410.0000,172.0000,29.0000,68.0000
410.0000,172.0000,29.0000,68.0000
410.0000,172.0000,28.0000,67.0000
410.0000,172.0000,27.0000,66.0000
410.0000,172.0000,27.0000,66.0000
410.0000,176.0000,27.0000,66.0000
414.0000,172.0000,28.0000,67.0000
414.0000,172.0000,28.0000,67.0000
414.0000,172.0000,27.0000,66.0000
414.0000,176.0000,27.0000,66.0000
418.0000,176.0000,28.0000,67.0000
422.0000,176.0000,28.0000,67.0000
422.0000,176.0000,29.0000,68.0000
426.0000,176.0000,28.0000,67.0000
438.0000,176.0000,28.0000,67.0000
442.0000,176.0000,29.0000,68.0000
446.0000,180.0000,28.0000,67.0000
450.0000,176.0000,28.0000,67.0000
454.0000,172.0000,28.0000,67.0000
454.0000,172.0000,29.0000,68.0000
458.0000,172.0000,29.0000,68.0000
458.0000,172.0000,30.0000,69.0000
462.0000,168.0000,30.0000,69.0000
462.0000,164.0000,30.0000,69.0000
462.0000,164.0000,30.0000,69.0000
462.0000,164.0000,30.0000,69.0000
462.0000,164.0000,31.0000,70.0000
462.0000,164.0000,32.0000,71.0000
467.0000,164.0000,32.0000,71.0000
466.0000,164.0000,33.0000,72.0000
466.0000,164.0000,32.0000,71.0000
466.0000,164.0000,33.0000,72.0000
466.0000,169.0000,34.0000,73.0000
466.0000,170.0000,33.0000,72.0000
466.0000,170.0000,32.0000,71.0000
466.0000,170.0000,31.0000,70.0000
466.0000,170.0000,32.0000,71.0000
462.0000,174.0000,31.0000,70.0000
462.0000,174.0000,32.0000,71.0000
457.0000,174.0000,33.0000,72.0000
456.0000,169.0000,34.0000,73.0000
451.0000,174.0000,33.0000,72.0000
451.0000,174.0000,33.0000,72.0000
450.0000,174.0000,34.0000,73.0000
450.0000,170.0000,33.0000,72.0000
450.0000,170.0000,32.0000,71.0000
450.0000,166.0000,33.0000,72.0000
450.0000,170.0000,32.0000,71.0000
450.0000,170.0000,31.0000,70.0000
454.0000,170.0000,30.0000,69.0000
454.0000,166.0000,30.0000,69.0000
454.0000,166.0000,29.0000,68.0000
454.0000,166.0000,28.0000,67.0000
454.0000,166.0000,28.0000,67.0000
454.0000,166.0000,28.0000,67.0000
450.0000,166.0000,28.0000,67.0000
450.0000,162.0000,28.0000,67.0000
450.0000,158.0000,29.0000,68.0000
446.0000,162.0000,29.0000,68.0000
446.0000,162.0000,29.0000,68.0000
446.0000,166.0000,29.0000,68.0000
446.0000,162.0000,28.0000,67.0000
446.0000,158.0000,29.0000,68.0000
446.0000,158.0000,29.0000,68.0000
446.0000,158.0000,29.0000,68.0000
446.0000,158.0000,29.0000,68.0000
450.0000,162.0000,28.0000,67.0000
450.0000,158.0000,28.0000,67.0000
450.0000,158.0000,29.0000,68.0000
450.0000,158.0000,29.0000,68.0000
450.0000,158.0000,29.0000,68.0000
450.0000,158.0000,29.0000,68.0000
450.0000,158.0000,28.0000,67.0000
450.0000,154.0000,28.0000,67.0000
450.0000,150.0000,28.0000,67.0000
454.0000,150.0000,28.0000,67.0000
454.0000,150.0000,28.0000,67.0000
454.0000,150.0000,29.0000,68.0000
458.0000,154.0000,28.0000,67.0000
458.0000,150.0000,29.0000,68.0000
462.0000,150.0000,29.0000,68.0000
466.0000,150.0000,29.0000,68.0000
470.0000,150.0000,29.0000,68.0000
474.0000,146.0000,29.0000,68.0000
482.0000,146.0000,29.0000,68.0000
495.0000,142.0000,30.0000,69.0000
503.0000,138.0000,31.0000,70.0000
503.0000,138.0000,31.0000,70.0000
508.0000,138.0000,30.0000,69.0000
517.0000,134.0000,31.0000,70.0000
526.0000,134.0000,31.0000,70.0000
526.0000,130.0000,31.0000,70.0000
530.0000,130.0000,31.0000,70.0000
534.0000,130.0000,30.0000,69.0000
534.0000,130.0000,29.0000,68.0000
534.0000,130.0000,28.0000,67.0000
534.0000,126.0000,28.0000,67.0000
534.0000,122.0000,28.0000,67.0000
534.0000,122.0000,28.0000,67.0000
530.0000,122.0000,28.0000,67.0000
530.0000,122.0000,28.0000,67.0000
526.0000,126.0000,28.0000,67.0000
522.0000,126.0000,28.0000,67.0000
522.0000,126.0000,28.0000,67.0000
518.0000,122.0000,28.0000,67.0000
518.0000,122.0000,28.0000,67.0000
518.0000,126.0000,28.0000,67.0000
514.0000,126.0000,29.0000,68.0000
510.0000,122.0000,30.0000,69.0000
506.0000,118.0000,31.0000,70.0000
506.0000,118.0000,31.0000,70.0000
501.0000,118.0000,32.0000,71.0000
501.0000,118.0000,32.0000,71.0000
498.0000,114.0000,31.0000,70.0000
498.0000,114.0000,31.0000,70.0000
498.0000,114.0000,30.0000,69.0000
494.0000,110.0000,31.0000,70.0000
489.0000,106.0000,32.0000,71.0000
488.0000,106.0000,33.0000,72.0000
483.0000,101.0000,34.0000,73.0000
482.0000,100.0000,35.0000,74.0000
482.0000,95.0000,36.0000,75.0000
482.0000,96.0000,35.0000,73.0000
482.0000,92.0000,34.0000,72.0000
482.0000,92.0000,33.0000,71.0000
482.0000,92.0000,33.0000,71.0000
482.0000,92.0000,34.0000,72.0000
482.0000,92.0000,35.0000,73.0000
482.0000,92.0000,35.0000,73.0000
482.0000,87.0000,35.0000,73.0000
482.0000,86.0000,36.0000,74.0000
482.0000,91.0000,36.0000,74.0000
487.0000,86.0000,36.0000,74.0000
487.0000,86.0000,36.0000,74.0000
488.0000,86.0000,35.0000,73.0000
488.0000,81.0000,35.0000,73.0000
488.0000,81.0000,35.0000,73.0000
488.0000,85.0000,36.0000,74.0000
488.0000,85.0000,36.0000,74.0000
488.0000,85.0000,36.0000,74.0000
488.0000,86.0000,35.0000,73.0000
488.0000,86.0000,34.0000,72.0000
483.0000,86.0000,35.0000,73.0000
482.0000,86.0000,36.0000,74.0000
482.0000,86.0000,35.0000,73.0000
477.0000,86.0000,35.0000,73.0000
476.0000,86.0000,36.0000,74.0000
471.0000,86.0000,35.0000,73.0000
467.0000,86.0000,34.0000,72.0000
462.0000,86.0000,34.0000,72.0000
457.0000,86.0000,34.0000,72.0000
453.0000,90.0000,33.0000,71.0000
452.0000,90.0000,34.0000,72.0000
447.0000,90.0000,34.0000,72.0000
437.0000,94.0000,34.0000,72.0000
436.0000,94.0000,35.0000,73.0000
436.0000,94.0000,34.0000,72.0000
431.0000,94.0000,34.0000,72.0000
431.0000,94.0000,34.0000,72.0000
431.0000,94.0000,34.0000,72.0000
431.0000,94.0000,34.0000,72.0000
427.0000,94.0000,33.0000,71.0000
426.0000,94.0000,34.0000,72.0000
426.0000,94.0000,33.0000,71.0000
426.0000,94.0000,34.0000,72.0000
426.0000,98.0000,33.0000,71.0000
426.0000,98.0000,34.0000,72.0000
426.0000,98.0000,35.0000,73.0000
426.0000,93.0000,36.0000,74.0000
426.0000,94.0000,35.0000,73.0000
426.0000,98.0000,34.0000,72.0000
421.0000,94.0000,34.0000,72.0000
421.0000,94.0000,34.0000,72.0000
422.0000,94.0000,33.0000,71.0000
422.0000,94.0000,32.0000,70.0000
417.0000,94.0000,33.0000,71.0000
416.0000,94.0000,34.0000,72.0000
411.0000,89.0000,35.0000,73.0000
407.0000,90.0000,34.0000,72.0000
408.0000,90.0000,33.0000,71.0000
403.0000,94.0000,34.0000,72.0000
404.0000,94.0000,33.0000,71.0000
404.0000,94.0000,32.0000,70.0000
404.0000,94.0000,31.0000,69.0000
399.0000,90.0000,32.0000,70.0000
398.0000,90.0000,33.0000,71.0000
393.0000,94.0000,32.0000,70.0000
392.0000,94.0000,33.0000,71.0000
387.0000,90.0000,34.0000,72.0000
386.0000,90.0000,35.0000,73.0000
381.0000,90.0000,34.0000,72.0000
376.0000,90.0000,34.0000,72.0000
371.0000,90.0000,34.0000,72.0000
370.0000,90.0000,35.0000,73.0000
370.0000,90.0000,34.0000,72.0000
370.0000,90.0000,33.0000,71.0000
