1
143.0000,124.0000,84.0000,196.0000
143.0000,124.0000,84.0000,196.0000
143.0000,124.0000,84.0000,196.0000
135.0000,124.0000,84.0000,196.0000
135.0000,124.0000,84.0000,196.0000
136.0000,118.0000,82.0000,192.0000
136.0000,118.0000,82.0000,192.0000
136.0000,118.0000,82.0000,192.0000
137.0000,127.0000,80.0000,188.0000
137.0000,127.0000,80.0000,188.0000
131.0000,137.0000,79.0000,184.0000
131.0000,137.0000,79.0000,184.0000
122.0000,135.0000,80.0000,188.0000
122.0000,135.0000,80.0000,188.0000
107.0000,98.0000,80.0000,188.0000
107.0000,98.0000,80.0000,188.0000
101.0000,100.0000,79.0000,184.0000
101.0000,100.0000,79.0000,184.0000
100.0000,98.0000,80.0000,188.0000
100.0000,98.0000,80.0000,188.0000
100.0000,98.0000,80.0000,188.0000
92.0000,96.0000,82.0000,192.0000
92.0000,96.0000,82.0000,192.0000
92.0000,103.0000,82.0000,192.0000
92.0000,103.0000,82.0000,192.0000
92.0000,103.0000,82.0000,192.0000
92.0000,103.0000,82.0000,192.0000
91.0000,101.0000,84.0000,196.0000
91.0000,101.0000,84.0000,196.0000
91.0000,101.0000,84.0000,196.0000
91.0000,101.0000,84.0000,196.0000
91.0000,109.0000,84.0000,196.0000
91.0000,109.0000,84.0000,196.0000
91.0000,109.0000,84.0000,196.0000
91.0000,109.0000,84.0000,196.0000
91.0000,109.0000,84.0000,196.0000
91.0000,109.0000,84.0000,196.0000
91.0000,109.0000,84.0000,196.0000
91.0000,109.0000,84.0000,196.0000
91.0000,109.0000,84.0000,196.0000
91.0000,109.0000,84.0000,196.0000
91.0000,109.0000,84.0000,196.0000
91.0000,108.0000,85.0000,199.0000
91.0000,108.0000,85.0000,199.0000
91.0000,108.0000,85.0000,199.0000
91.0000,108.0000,85.0000,199.0000
91.0000,108.0000,85.0000,199.0000
91.0000,108.0000,85.0000,199.0000
91.0000,108.0000,85.0000,199.0000
98.0000,108.0000,85.0000,199.0000
98.0000,108.0000,85.0000,199.0000
106.0000,155.0000,85.0000,199.0000
106.0000,155.0000,85.0000,199.0000
99.0000,148.0000,84.0000,196.0000
99.0000,148.0000,84.0000,196.0000
99.0000,148.0000,84.0000,196.0000
99.0000,148.0000,84.0000,196.0000
99.0000,156.0000,84.0000,196.0000
99.0000,156.0000,84.0000,196.0000
99.0000,156.0000,84.0000,196.0000
99.0000,156.0000,84.0000,196.0000
99.0000,156.0000,84.0000,196.0000
107.0000,150.0000,82.0000,192.0000
107.0000,150.0000,82.0000,192.0000
108.0000,160.0000,80.0000,188.0000
108.0000,160.0000,80.0000,188.0000
101.0000,167.0000,80.0000,188.0000
101.0000,167.0000,80.0000,188.0000
108.0000,160.0000,80.0000,188.0000
108.0000,160.0000,80.0000,188.0000
109.0000,162.0000,79.0000,184.0000
109.0000,162.0000,79.0000,184.0000
109.0000,162.0000,79.0000,184.0000
109.0000,162.0000,79.0000,184.0000
109.0000,162.0000,79.0000,184.0000
109.0000,162.0000,79.0000,184.0000
109.0000,162.0000,79.0000,184.0000
109.0000,162.0000,79.0000,184.0000
109.0000,162.0000,79.0000,184.0000
110.0000,164.0000,77.0000,181.0000
110.0000,164.0000,77.0000,181.0000
110.0000,171.0000,77.0000,181.0000
110.0000,171.0000,77.0000,181.0000
110.0000,171.0000,77.0000,181.0000
110.0000,171.0000,77.0000,181.0000
110.0000,171.0000,77.0000,181.0000
110.0000,171.0000,77.0000,181.0000
110.0000,171.0000,77.0000,181.0000
110.0000,171.0000,77.0000,181.0000
110.0000,171.0000,77.0000,181.0000
110.0000,178.0000,77.0000,181.0000
110.0000,178.0000,77.0000,181.0000
117.0000,178.0000,77.0000,181.0000
117.0000,178.0000,77.0000,181.0000
117.0000,178.0000,77.0000,181.0000
117.0000,178.0000,77.0000,181.0000
117.0000,185.0000,77.0000,181.0000
117.0000,185.0000,77.0000,181.0000
117.0000,185.0000,77.0000,181.0000
117.0000,185.0000,77.0000,181.0000
117.0000,185.0000,77.0000,181.0000
124.0000,185.0000,77.0000,181.0000
124.0000,185.0000,77.0000,181.0000
124.0000,185.0000,77.0000,181.0000
124.0000,185.0000,77.0000,181.0000
124.0000,185.0000,77.0000,181.0000
124.0000,185.0000,77.0000,181.0000
124.0000,185.0000,77.0000,181.0000
124.0000,185.0000,77.0000,181.0000
131.0000,185.0000,77.0000,181.0000
131.0000,185.0000,77.0000,181.0000
131.0000,185.0000,77.0000,181.0000
131.0000,185.0000,77.0000,181.0000
131.0000,185.0000,77.0000,181.0000
131.0000,185.0000,77.0000,181.0000
131.0000,185.0000,77.0000,181.0000
131.0000,185.0000,77.0000,181.0000
131.0000,185.0000,77.0000,181.0000
131.0000,185.0000,77.0000,181.0000
131.0000,185.0000,77.0000,181.0000
131.0000,185.0000,77.0000,181.0000
131.0000,185.0000,77.0000,181.0000
131.0000,185.0000,77.0000,181.0000
131.0000,185.0000,77.0000,181.0000
131.0000,185.0000,77.0000,181.0000
131.0000,185.0000,77.0000,181.0000
131.0000,185.0000,77.0000,181.0000
139.0000,185.0000,77.0000,181.0000
139.0000,185.0000,77.0000,181.0000
139.0000,178.0000,77.0000,181.0000
139.0000,178.0000,77.0000,181.0000
139.0000,178.0000,77.0000,181.0000
139.0000,178.0000,77.0000,181.0000
139.0000,178.0000,77.0000,181.0000
139.0000,178.0000,77.0000,181.0000
131.0000,178.0000,77.0000,181.0000
131.0000,178.0000,77.0000,181.0000
131.0000,171.0000,77.0000,181.0000
131.0000,171.0000,77.0000,181.0000
131.0000,171.0000,77.0000,181.0000
131.0000,171.0000,77.0000,181.0000
131.0000,171.0000,77.0000,181.0000
124.0000,171.0000,77.0000,181.0000
124.0000,171.0000,77.0000,181.0000
117.0000,164.0000,77.0000,181.0000
117.0000,164.0000,77.0000,181.0000
117.0000,164.0000,77.0000,181.0000
117.0000,164.0000,77.0000,181.0000
103.0000,166.0000,76.0000,177.0000
103.0000,166.0000,76.0000,177.0000
96.0000,166.0000,76.0000,177.0000
96.0000,166.0000,76.0000,177.0000
96.0000,166.0000,76.0000,177.0000
96.0000,166.0000,76.0000,177.0000
96.0000,166.0000,76.0000,177.0000
89.0000,166.0000,76.0000,177.0000
89.0000,166.0000,76.0000,177.0000
89.0000,159.0000,76.0000,177.0000
89.0000,159.0000,76.0000,177.0000
89.0000,159.0000,76.0000,177.0000
89.0000,159.0000,76.0000,177.0000
90.0000,160.0000,74.0000,174.0000
90.0000,160.0000,74.0000,174.0000
97.0000,160.0000,74.0000,174.0000
97.0000,160.0000,74.0000,174.0000
97.0000,160.0000,74.0000,174.0000
97.0000,160.0000,74.0000,174.0000
104.0000,153.0000,74.0000,174.0000
104.0000,153.0000,74.0000,174.0000
104.0000,153.0000,74.0000,174.0000
111.0000,146.0000,74.0000,174.0000
111.0000,146.0000,74.0000,174.0000
97.0000,98.0000,74.0000,174.0000
97.0000,98.0000,74.0000,174.0000
104.0000,126.0000,74.0000,174.0000
104.0000,126.0000,74.0000,174.0000
97.0000,126.0000,74.0000,174.0000
97.0000,126.0000,74.0000,174.0000
90.0000,126.0000,74.0000,174.0000
90.0000,126.0000,74.0000,174.0000
104.0000,139.0000,74.0000,174.0000
104.0000,139.0000,74.0000,174.0000
70.0000,112.0000,74.0000,174.0000
70.0000,112.0000,74.0000,174.0000
70.0000,112.0000,74.0000,174.0000
56.0000,85.0000,74.0000,174.0000
56.0000,85.0000,74.0000,174.0000
29.0000,91.0000,74.0000,174.0000
29.0000,91.0000,74.0000,174.0000
15.0000,105.0000,74.0000,174.0000
15.0000,105.0000,74.0000,174.0000
14.0000,104.0000,76.0000,177.0000
14.0000,104.0000,76.0000,177.0000
0.0000,125.0000,76.0000,177.0000
0.0000,125.0000,76.0000,177.0000
57.0000,152.0000,77.0000,181.0000
57.0000,152.0000,77.0000,181.0000
64.0000,173.0000,77.0000,181.0000
64.0000,173.0000,77.0000,181.0000
64.0000,173.0000,77.0000,181.0000
93.0000,159.0000,77.0000,181.0000
93.0000,159.0000,77.0000,181.0000
78.0000,137.0000,77.0000,181.0000
78.0000,137.0000,77.0000,181.0000
64.0000,123.0000,77.0000,181.0000
64.0000,123.0000,77.0000,181.0000
78.0000,130.0000,77.0000,181.0000
78.0000,130.0000,77.0000,181.0000
114.0000,109.0000,77.0000,181.0000
114.0000,109.0000,77.0000,181.0000
127.0000,107.0000,79.0000,184.0000
127.0000,107.0000,79.0000,184.0000
127.0000,107.0000,79.0000,184.0000
113.0000,107.0000,79.0000,184.0000
113.0000,107.0000,79.0000,184.0000
135.0000,100.0000,79.0000,184.0000
135.0000,100.0000,79.0000,184.0000
142.0000,100.0000,79.0000,184.0000
142.0000,100.0000,79.0000,184.0000
143.0000,109.0000,77.0000,181.0000
143.0000,109.0000,77.0000,181.0000
143.0000,109.0000,77.0000,181.0000
143.0000,109.0000,77.0000,181.0000
150.0000,102.0000,77.0000,181.0000
150.0000,102.0000,77.0000,181.0000
150.0000,102.0000,77.0000,181.0000
150.0000,102.0000,77.0000,181.0000
150.0000,102.0000,77.0000,181.0000
150.0000,109.0000,77.0000,181.0000
150.0000,109.0000,77.0000,181.0000
157.0000,102.0000,77.0000,181.0000
157.0000,102.0000,77.0000,181.0000
163.0000,92.0000,79.0000,184.0000
163.0000,92.0000,79.0000,184.0000
171.0000,92.0000,79.0000,184.0000
171.0000,92.0000,79.0000,184.0000
178.0000,85.0000,79.0000,184.0000
178.0000,85.0000,79.0000,184.0000
171.0000,92.0000,79.0000,184.0000
171.0000,92.0000,79.0000,184.0000
163.0000,100.0000,79.0000,184.0000
163.0000,100.0000,79.0000,184.0000
163.0000,100.0000,79.0000,184.0000
2
0
0
0
0
1
219.0000,194.0000,63.0000,126.0000
213.0000,189.0000,62.0000,124.0000
213.0000,189.0000,62.0000,124.0000
212.0000,187.0000,65.0000,129.0000
212.0000,187.0000,65.0000,129.0000
222.0000,174.0000,66.0000,132.0000
222.0000,174.0000,66.0000,132.0000
212.0000,176.0000,65.0000,129.0000
212.0000,176.0000,65.0000,129.0000
212.0000,176.0000,65.0000,129.0000
195.0000,157.0000,66.0000,132.0000
195.0000,157.0000,66.0000,132.0000
212.0000,139.0000,67.0000,134.0000
212.0000,139.0000,67.0000,134.0000
200.0000,123.0000,66.0000,132.0000
200.0000,123.0000,66.0000,132.0000
178.0000,117.0000,66.0000,132.0000
178.0000,117.0000,66.0000,132.0000
168.0000,108.0000,65.0000,129.0000
168.0000,108.0000,65.0000,129.0000
150.0000,95.0000,66.0000,132.0000
150.0000,95.0000,66.0000,132.0000
195.0000,163.0000,65.0000,129.0000
195.0000,163.0000,65.0000,129.0000
195.0000,163.0000,65.0000,129.0000
206.0000,169.0000,65.0000,129.0000
206.0000,169.0000,65.0000,129.0000
206.0000,174.0000,65.0000,129.0000
206.0000,174.0000,65.0000,129.0000
217.0000,147.0000,65.0000,129.0000
217.0000,147.0000,65.0000,129.0000
229.0000,164.0000,63.0000,126.0000
229.0000,164.0000,63.0000,126.0000
251.0000,175.0000,63.0000,126.0000
251.0000,175.0000,63.0000,126.0000
2
0
0
0
0
1
386.0000,211.0000,253.0000,226.0000
