0.000863
1.0455
0.095509
0.098827
0.1026
0.083389
0.086396
0.093408
0.084417
0.082491
0.1096
0.097225
0.1214
0.1292
0.12637
0.085373
0.087261
0.08941
0.083741
0.10726
0.13287
0.13044
0.13478
0.11919
0.078807
0.089528
0.097635
0.081094
0.088156
0.10137
0.088395
0.10111
0.13303
0.095556
0.084076
0.077681
0.083594
0.040924
0.089678
0.104
0.099759
0.088756
0.097518
0.091135
0.088417
0.097644
0.082987
0.088995
0.084672
0.085327
0.092157
0.090244
0.094836
0.099562
0.09358
0.088655
0.10065
0.079755
0.085384
0.089961
0.084675
0.034597
0.11033
0.10226
0.093284
0.086298
0.10129
0.1352
0.078459
0.09036
0.09739
0.098707
0.08855
0.092412
0.084568
0.094764
0.087887
0.087667
0.093073
0.078691
0.086042
0.088537
0.080854
0.082219
0.089923
0.097333
0.093817
0.093077
0.093713
0.091299
0.08069
0.086452
0.091226
0.10201
0.12601
0.099995
0.08969
0.084906
0.097605
0.088182
0.085051
0.075886
0.08212
0.085654
0.084519
0.094581
0.094646
0.083818
0.093681
0.087167
0.085661
0.092858
0.075793
0.080465
0.080436
0.084722
0.08139
0.17068
0.12112
0.1313
0.10662
0.10497
0.075429
0.089763
0.090787
0.083044
0.08289
0.094085
0.095799
0.087442
0.084853
0.094538
0.07701
0.088147
0.0741
0.087269
0.085907
0.084176
0.090576
0.096022
0.084556
0.095105
0.12991
0.091053
0.083419
0.031361
0.08284
0.085834
0.084859
0.084012
0.093869
0.097331
0.092526
0.085017
0.094968
0.088429
0.081517
0.079441
0.085344
0.084732
0.084872
0.093882
0.10235
0.086784
0.087816
0.10328
0.086627
0.086265
0.069959
0.087101
0.086202
0.085463
0.087375
0.094247
0.086434
0.097376
0.098349
0.084365
0.092408
0.083123
0.08455
0.08575
0.082747
0.10586
0.14371
0.13367
0.12665
0.13116
0.073329
0.088537
0.10175
0.085023
0.17391
0.13673
0.14279
0.14094
0.074337
0.085673
0.088793
0.084182
0.1475
0.13657
0.094249
0.12017
0.086239
0.087466
0.074726
0.092752
0.094292
0.090462
0.08896
0.097259
0.10983
0.14598
0.13453
0.085887
0.10153
0.10328
0.083979
0.12333
0.10233
0.093857
0.084103
0.099884
0.096388
0.08331
0.093231
0.099927
0.079894
0.10423
0.11429
0.094706
0.089048
0.1196
0.089553
0.084108
0.077055
0.10257
0.098284
0.096261
0.09734
0.089598
0.092983
0.10678
0.092501
0.097442
0.081999
0.10345
0.11646
0.1037
0.096864
0.12046
0.12796
0.042852
0.10669
0.092022
0.084297
0.10261
0.090237
0.10908
0.090761
0.088906
0.10706
0.10347
0.1515
0.10888
0.087822
0.09426
0.095569
0.092432
0.10065
0.12036
0.089653
0.086621
0.10078
0.08851
0.083506
0.075888
0.090556
0.098512
0.086722
0.10516
0.096622
0.10408
0.08777
0.11801
0.096441
0.090056
0.10281
0.10347
0.1022
0.13028
0.095346
0.095399
0.09951
0.10596
0.093245
0.077521
0.097821
0.098386
0.083644
0.10975
0.10074
0.092173
0.081103
0.09905
0.087445
0.083604
0.074761
0.091071
0.093292
0.085385
0.093782
0.11269
0.085281
0.08299
0.10879
0.086869
0.083111
0.076018
0.086783
0.095909
0.085256
0.10054
0.097721
0.085284
0.08677
0.099095
0.083791
0.087334
0.078249
0.096439
0.086892
0.084914
0.094278
0.093585
0.08239
0.092295
0.097836
0.08614
0.097285
0.075178
0.093934
0.098398
0.083964
0.092599
0.096938
0.084502
0.088578
0.1162
0.087352
0.085401
0.075161
0.091062
0.093641
0.087451
0.095493
0.10119
0.087851
0.087103
0.10305
0.034973
0.083218
0.085811
0.093414
0.10521
0.10911
0.1388
0.09199
0.099994
0.097914
0.093974
0.094205
0.079194
0.10587
0.12076
0.11135
0.092295
0.090964
0.09482
0.094262
0.097288
0.091111
0.082666
0.090419
0.10959
0.10026
0.14367
0.09799
0.10344
0.11734
0.10874
0.084719
0.077259
0.088575
0.093616
0.084616
0.098218
0.099598
0.090549
