1
331.2000,162.4000,37.8000,50.4000
331.4081,162.0854,34.9884,51.4888
329.2000,162.2000,35.8000,52.2000
331.2815,162.5128,33.8076,56.1600
329.4000,161.6000,33.8000,56.0000
325.2000,162.0000,33.6000,55.6000
322.6000,167.6000,33.4000,54.8000
322.4000,168.8000,33.8000,55.4000
329.2000,168.4000,33.0000,54.0000
337.4000,157.8000,33.0000,54.0000
328.0000,163.0000,32.2000,52.4000
324.9373,159.5806,37.4087,55.5491
322.6663,160.1950,34.7015,55.1085
324.2000,166.0000,34.2000,54.6000
320.2734,159.6178,38.5380,55.5450
319.8390,157.7773,39.2537,61.8768
320.2000,161.4000,39.2000,61.6000
314.4000,161.6000,38.6000,60.8000
320.8000,161.6000,39.4000,62.0000
320.4202,157.7998,41.8490,61.9643
319.1696,157.2441,43.6522,60.6131
319.4044,154.4754,44.3884,59.2246
320.8654,153.6904,43.4737,60.9081
321.1303,152.9360,45.2788,60.4204
318.0000,153.6000,46.0000,61.4000
318.2000,154.4000,45.4000,60.2000
319.2523,153.4519,45.2208,60.9813
320.1400,150.6749,42.2775,61.6400
320.3357,154.3454,40.6428,58.6205
320.0489,153.3748,42.0292,59.0918
318.3036,153.6711,44.0185,60.0737
320.7156,149.7582,44.5482,60.4748
323.1068,147.8090,44.5255,61.5785
323.9391,146.0337,43.7597,64.4429
322.3262,146.9122,45.1445,63.0700
320.3099,147.6082,47.2346,59.2905
320.5797,147.4653,46.7116,60.8534
322.3121,148.1172,44.7201,62.3435
324.8906,151.4990,42.4496,61.1571
324.9784,150.8062,42.2842,59.8955
323.5092,151.6661,43.7527,59.0594
323.0847,146.6025,48.1448,60.0151
323.5905,146.8734,47.7793,58.3487
323.1765,143.7663,47.8037,58.7296
320.0641,144.4816,50.4344,58.5971
317.4174,144.4263,52.0289,57.9496
317.1630,147.6941,55.4114,56.5738
318.6000,153.4000,55.6000,56.6000
320.6810,152.2699,51.8230,59.0615
320.1438,157.7540,49.5701,57.0124
322.6125,152.3954,48.7395,55.9838
325.0267,147.1250,51.3139,57.2976
324.7768,137.2411,55.2098,59.4525
323.6034,137.4689,56.2677,62.2261
324.3801,137.3878,58.4388,65.7404
322.8850,139.6220,57.9274,65.2897
324.1356,139.8542,57.6448,64.7499
323.1451,138.9148,59.9723,67.6784
324.4603,141.9606,60.2276,68.1685
324.1237,142.1743,62.3515,68.5168
319.7791,143.9818,64.0040,67.7976
316.1313,140.8564,64.1285,68.0654
317.4277,136.3209,63.0183,72.1282
314.6122,136.5441,61.8030,73.5598
316.2509,135.0097,58.3383,72.4354
312.8465,132.2943,58.1754,71.2902
306.8583,135.9157,57.5588,67.3721
305.3776,137.0388,58.2035,67.1869
309.3954,140.6474,58.9238,70.2060
311.0784,141.6532,57.3618,71.1973
312.3376,142.5690,56.0580,69.4988
310.3365,143.9322,55.4885,67.8323
313.2341,143.4529,54.8520,65.3263
311.7024,141.4003,52.5845,68.5910
313.8981,137.3112,51.7921,72.4020
312.8631,138.1132,52.3063,73.3620
313.9895,137.7868,53.8019,71.4001
311.6118,136.7486,55.4498,71.0393
310.8737,135.3881,57.6634,73.3278
310.0840,137.8381,56.8502,77.2257
310.3756,139.5709,55.9318,75.0719
313.0074,144.2464,53.9372,69.2431
311.8187,142.2912,54.2477,69.5915
310.5692,142.5101,53.8938,72.2183
310.5312,141.7905,53.8926,74.3540
313.9758,139.8873,51.4545,72.8327
313.9843,140.9468,51.1808,70.8781
311.4908,138.1808,53.4909,71.1042
313.6296,138.2990,54.1154,73.2808
313.3472,135.6726,55.9842,77.1413
316.4575,141.2235,52.6884,76.7060
319.6097,143.1870,52.4458,74.1402
321.1378,146.2820,50.2133,69.7865
319.5089,142.5810,50.3317,70.5450
318.4420,138.8377,50.9835,72.4785
321.8589,144.3847,49.5586,70.6998
324.1248,138.7072,48.5185,72.8374
324.2119,139.3260,48.1131,70.1963
322.4744,140.4405,50.5425,68.9056
323.2960,139.4354,51.8946,71.3621
327.2733,142.0661,50.6013,75.8058
327.9001,143.4781,50.6686,74.1603
326.0368,140.2862,51.7848,76.8441
324.7925,140.3855,53.0790,73.0542
324.8204,141.9912,54.2446,73.6045
326.7369,142.3022,53.1855,72.1259
330.6040,140.1674,50.6968,76.4336
330.4975,136.8015,50.4124,74.0727
331.9914,141.8774,52.2455,67.9691
332.6359,141.0622,53.6460,66.4933
330.8640,138.9355,53.8941,68.8662
337.2580,145.1148,53.9143,72.2195
340.1959,141.4593,54.0474,76.0863
344.1357,144.0675,54.8478,73.1486
342.3943,143.0403,57.0770,71.4866
347.4528,136.8640,58.9372,76.0308
348.7467,137.2267,59.4804,80.6102
348.4987,136.9235,55.5136,80.4328
350.8408,134.6926,53.1265,78.9451
348.7429,136.4121,55.0799,75.5807
351.8718,133.7823,54.2002,72.5193
355.3031,147.3623,54.0036,74.4567
355.4484,149.0288,53.4626,73.8292
353.5945,149.7168,53.4877,71.4042
352.1955,151.2915,53.6389,69.7956
351.9933,146.0764,55.2074,71.4001
350.8233,138.2062,53.9285,71.4865
353.1588,149.9997,53.7195,71.0970
348.2854,136.9294,52.6838,74.4602
352.0629,138.9984,48.7510,69.4976
356.8873,142.2077,49.8385,66.9642
352.9420,144.1394,50.9231,65.0346
369.9680,157.4796,49.9763,64.0387
371.0135,162.3688,50.1382,59.9918
369.9690,165.3849,53.4153,58.7357
365.9783,172.7035,54.6165,54.2348
357.2148,148.5591,53.0624,59.2348
369.0569,156.6239,53.2674,62.7175
373.7036,162.1753,50.6065,63.1666
376.4737,156.1759,49.7033,66.8120
377.8231,160.6360,49.0179,63.2724
374.5976,154.9043,51.4171,64.3068
378.6196,167.3925,52.9109,64.5629
383.7346,168.3184,53.7130,65.5906
387.9987,170.3417,54.1770,64.8098
386.5453,165.9699,56.4545,64.0822
384.5233,168.4825,58.4567,61.4586
387.1235,166.4160,59.4520,63.6302
389.8733,158.9221,56.3666,68.4767
394.7162,156.5872,56.2811,70.9817
395.4350,150.3620,55.7361,74.7795
394.7158,153.2474,56.1938,69.0743
390.3118,156.7448,58.1370,66.8041
395.0840,158.7995,59.5850,70.2595
399.3395,161.9660,57.7056,69.1014
395.2016,155.8709,59.9530,71.4678
391.4507,159.2167,63.5820,69.5344
385.9478,151.3559,64.5190,65.7859
387.5159,151.1178,64.3563,67.8054
389.0619,154.1151,61.3632,69.8540
390.1211,153.1386,56.8213,67.7693
393.7666,155.1653,54.3301,65.7180
395.2913,159.7536,52.5165,58.1994
398.6783,160.8055,53.6848,55.4353
407.6382,172.4191,54.0817,59.6385
413.7242,171.6235,54.0342,62.3439
417.4482,166.0454,55.0504,65.7254
424.6948,163.8929,54.9377,64.8707
427.9546,161.0446,53.9503,63.2927
428.3305,162.6670,53.2873,62.5912
437.0132,161.6169,51.9941,65.1765
441.4193,160.9517,49.6469,63.1690
444.4215,162.9162,50.0796,60.8648
443.0046,159.6285,50.4339,56.8835
444.9424,160.2399,53.6796,58.8221
451.7810,161.6309,54.4295,64.4091
451.2857,158.3587,54.0103,66.3272
450.5727,156.6414,56.2089,67.7840
452.2111,153.6871,55.0147,67.1803
451.4974,150.9776,55.6053,67.9273
449.5896,152.0675,57.0402,67.6825
450.2046,149.1893,55.5158,70.4948
453.4864,151.3325,56.1829,67.7474
448.7349,156.9362,59.2829,64.9875
446.9205,156.4367,57.7092,59.1896
450.6017,159.7931,60.1317,61.7127
451.6967,160.7090,63.8208,65.8983
453.9341,161.8468,64.5539,66.1153
448.8442,162.8424,66.9524,66.7138
444.1199,164.0993,68.0058,64.7105
438.7575,163.6568,66.8397,63.0139
441.8739,165.6737,66.5380,65.8889
438.1483,160.2106,66.0529,67.2147
434.0718,163.1982,66.8709,63.9673
426.6384,167.0642,67.2560,57.2453
429.4998,161.0116,66.8227,56.6111
431.8000,165.6000,66.6000,56.2000
431.6381,167.8647,69.9964,60.6279
431.3076,165.0310,71.7300,62.9857
428.3109,163.0847,71.4108,64.6561
430.5326,165.2775,71.3821,62.7727
430.2473,160.3201,74.4615,61.9738
426.9010,160.0818,70.6970,64.7822
426.8927,160.6629,68.6385,64.7101
430.2556,156.4727,73.0053,65.0601
423.9040,156.5923,72.3527,61.0442
423.5992,156.9899,74.2693,57.2668
427.7541,154.0325,79.2587,59.0864
423.9063,152.2735,81.5799,62.3973
421.0737,150.6358,80.0593,61.7047
420.0557,149.7381,79.9346,63.9609
419.8232,150.8157,79.8893,62.3754
416.8509,145.2648,80.8662,63.2083
417.0236,147.7195,80.2371,61.7893
414.8814,145.2729,79.9376,64.4679
419.8059,146.9843,78.4706,62.6946
418.0076,148.9173,74.5588,60.3107
424.2165,148.0327,73.5650,58.1451
418.7758,150.8552,72.9926,57.5276
419.5265,152.6330,71.5530,58.7823
421.7342,156.4730,64.0092,59.1732
428.7639,155.1837,60.4660,58.2690
429.7527,153.7928,57.2707,55.2568
431.4731,152.9195,53.5649,52.2404
431.9984,150.6837,51.4543,51.7005
434.7725,150.0007,55.3747,53.8327
432.9291,147.3561,58.7015,58.0592
433.3223,148.9307,61.9693,58.1894
433.1393,148.4987,63.9327,58.3458
432.1793,151.4415,61.5001,54.8993
432.5255,150.0146,58.6684,52.4310
434.1108,147.7433,56.9137,52.7521
441.5302,146.2201,57.4004,51.9439
440.7797,142.9617,59.6611,53.1225
441.1013,142.4046,62.8192,56.1398
446.6368,141.3532,64.4828,56.1730
448.8455,143.7096,67.7899,52.5151
451.7255,143.3801,75.7100,53.5416
467.7250,140.2727,80.7723,54.7546
469.9941,134.4825,82.4114,55.5873
472.0381,136.0466,82.0582,55.2473
476.6867,138.8138,84.6244,52.0623
482.8745,124.7382,82.7702,53.5847
486.5905,122.2726,81.1710,53.3672
489.0872,127.0188,83.3366,53.1193
491.8123,124.1675,84.3826,53.3214
492.9634,122.8235,81.4225,52.4145
499.5833,125.0335,79.9213,51.2028
501.7837,123.2230,80.1484,52.0230
500.8859,122.6932,84.3676,53.5586
501.0214,118.5632,86.6976,55.6392
494.7964,122.7300,87.0711,55.2128
490.8000,121.2000,87.2000,55.6000
492.3184,118.5156,90.9553,55.7173
485.0605,113.4104,91.2593,55.1770
483.3533,117.5868,90.1792,54.1672
478.0200,113.0716,88.3238,55.2122
478.5925,112.3607,86.6142,55.0914
477.6397,112.9939,82.4274,51.7384
477.5540,111.9193,84.7921,51.5993
470.1010,111.4151,87.1992,51.1161
467.2000,119.0000,87.4000,51.6000
465.8000,116.6000,86.6000,51.0000
459.8000,106.0000,87.8000,52.0000
452.6000,97.8000,88.4000,52.6000
451.0627,92.9768,83.3687,53.0293
452.0000,93.6000,83.2000,53.2000
463.9564,110.8828,78.9792,53.2567
467.3425,110.3310,74.5552,53.9597
466.1971,108.5522,69.4221,56.6820
468.1800,107.5935,65.9183,58.6131
467.9796,104.7290,64.1935,59.2008
465.3426,101.0393,61.7939,60.8161
467.9465,98.7588,59.3002,62.6773
469.1317,97.5984,56.0974,65.0713
475.4696,95.3676,52.8530,64.8462
474.9153,92.6473,52.3717,66.1978
470.6462,89.0549,50.2939,64.8011
472.0975,91.2613,47.2570,63.4345
475.2380,91.1599,44.7057,62.8790
475.5687,91.3328,42.0404,63.3082
476.6563,87.9232,41.6771,64.5072
477.2762,85.3795,44.1829,66.7943
478.1349,84.7127,45.0598,65.9521
476.4104,85.3519,46.5134,64.2905
477.4428,85.9483,45.4682,64.3439
480.2936,85.9905,43.9425,65.8701
483.0378,83.1179,43.2406,65.8906
488.2675,83.8091,43.7490,65.8620
487.0024,81.3054,45.8155,67.2161
484.4550,80.7499,46.3880,66.2462
481.5870,80.2039,46.5000,65.2333
476.8000,83.4000,46.0000,64.4000
478.2050,81.1108,45.6614,64.8416
476.4656,80.8744,43.7559,64.5766
475.5147,78.9902,44.5061,67.8154
477.5283,82.4010,45.7626,70.0783
477.3151,85.1002,45.5967,70.8500
472.2011,82.9478,43.4914,72.8906
470.1631,80.3793,41.4773,74.3226
468.0467,80.4255,40.8759,73.4563
462.8701,78.0486,41.2451,73.5646
455.4553,73.5817,37.9325,74.2082
443.4000,73.6000,37.4000,73.4000
451.4074,81.2586,40.2372,71.2155
445.6177,84.1946,40.5883,70.6375
443.5990,82.5002,41.6575,75.0777
432.6234,83.3834,41.8059,80.6698
428.8633,82.2556,42.9761,81.7690
426.9313,84.1017,42.9944,81.8801
425.6837,84.8912,41.8662,80.4797
424.3794,88.2683,39.3805,76.6397
430.0174,88.5081,39.2740,73.2454
426.9550,89.3408,39.7205,71.3323
425.3434,89.8718,40.8535,69.1513
421.4504,89.9311,43.5739,64.5058
418.5151,88.3067,41.6104,61.1029
420.4277,91.3528,41.6201,60.3804
419.9402,93.6636,41.2972,59.9259
419.0033,93.9545,39.0343,57.6927
417.8691,92.4147,38.2188,56.1626
416.0023,96.5559,37.6303,54.6920
418.7968,95.5170,40.3338,56.9608
420.7034,93.7476,43.4091,58.3287
420.2037,89.4094,47.9467,61.3292
415.4767,89.0917,49.1171,65.2275
411.6510,84.6658,49.6986,69.7590
411.4971,79.9787,50.5578,73.3679
409.0305,83.0527,49.0057,73.5174
407.1260,84.3282,46.9156,72.9729
403.7150,84.2393,42.4043,72.4329
404.3116,84.8091,38.5983,70.7299
407.0252,83.3168,36.2291,72.2312
406.6556,83.8658,35.2018,71.7318
405.3364,83.4871,34.7217,72.8810
404.0164,82.1705,35.2735,73.5908
402.0320,85.2421,35.3046,72.1869
390.9600,81.6659,37.1750,70.5756
391.6937,82.4083,39.2893,72.8500
385.2414,85.0758,38.3854,72.3059
383.1334,85.7428,38.8352,70.0680
383.0078,86.0050,39.0149,69.9836
381.1023,85.9002,38.3737,68.3866
377.1847,87.5757,39.2072,67.3485
370.2797,87.8901,40.4723,64.4092
364.4027,89.9442,43.5149,63.7856
360.2326,90.9359,46.3641,64.1186
360.1788,90.1415,47.3484,63.4601
359.2050,88.9100,48.0634,62.6289
