1
331.6000,162.6000,37.8000,50.2000
329.6852,162.8326,36.4127,50.9356
326.0000,164.8000,36.8000,51.4000
330.0000,167.0000,36.8000,51.6000
327.2000,166.2000,36.4000,51.4000
323.8000,162.6000,36.8000,51.8000
325.0000,165.6000,36.2000,50.8000
323.4000,168.8000,36.8000,51.4000
325.4000,169.8000,36.4000,51.2000
332.6000,161.0000,36.4000,50.8000
329.0000,161.8000,36.8000,51.2000
323.7376,159.3991,39.7270,53.6884
321.2000,159.4000,39.4000,53.4000
318.6000,158.0000,39.4000,53.4000
317.6924,159.8323,39.2590,56.2783
318.0682,159.1180,40.5754,60.9555
318.4000,161.2000,40.0000,60.2000
316.2000,159.8000,40.0000,60.4000
322.4000,167.8000,40.0000,60.6000
318.9781,160.2047,42.8010,55.8675
317.1949,161.3711,47.2095,54.9138
315.5267,155.7525,49.4384,55.0954
317.5390,154.9157,48.1493,56.3472
316.1611,154.6800,51.4386,55.2506
307.8000,157.2000,51.4000,55.4000
315.8000,156.8000,50.4000,54.2000
315.1161,151.9363,51.1099,53.4856
314.8750,151.1753,51.9103,56.2975
313.5767,151.9304,52.9501,57.4749
313.0876,150.0416,55.7590,58.7868
309.7158,152.1769,56.9908,57.4148
310.0000,152.2000,57.0000,57.6000
317.1016,148.0846,58.2328,55.6866
317.4537,147.8342,57.3925,54.0744
313.4000,145.8000,56.4000,53.0000
316.0280,146.8530,57.4971,52.9769
315.0074,147.0698,56.4731,54.1964
316.9680,145.7926,56.3335,59.9182
318.5777,148.6126,53.1970,60.6713
318.0734,150.0780,53.2078,59.7042
317.9116,148.6790,55.6081,57.9384
316.0023,146.4502,61.0242,57.0253
316.4716,145.1432,61.4870,54.3306
317.3092,144.1084,60.2429,53.1600
311.0053,144.6980,54.1316,51.1992
316.1948,144.7605,52.1423,50.9250
318.3127,147.8578,53.2591,51.2047
318.8000,148.4000,53.2000,51.2000
319.4577,152.4348,50.1411,54.6360
319.0948,153.9322,51.0923,55.5567
318.7509,151.9512,52.2384,57.0759
319.2391,144.2591,57.0339,55.0210
324.8000,135.0000,56.2000,54.2000
319.0069,138.7603,57.3579,54.3120
319.3181,137.3911,57.0231,56.6525
319.8571,141.6813,58.2166,57.7218
318.9443,142.9921,59.4064,59.5382
318.8929,139.9825,62.4060,62.8006
323.3442,141.4873,63.4131,63.5771
322.2081,139.1250,62.0008,63.7932
319.6376,137.4628,61.6982,64.9254
315.0239,140.0607,61.2408,66.3763
313.4071,140.3045,61.0277,66.6439
312.4269,135.9803,59.5084,64.8132
314.0775,136.4935,57.6365,64.7882
310.8039,135.0453,58.3431,64.4847
307.1686,135.0932,55.6745,61.4749
305.8510,136.4133,52.3918,59.7319
305.7279,140.3560,52.3792,61.8715
312.1058,144.9966,52.7846,64.2166
312.7114,144.6190,52.7948,63.8288
310.4930,144.1016,52.9239,63.6515
308.6827,141.2810,53.6619,65.3656
309.4936,140.3932,56.2672,65.8063
310.4653,137.4491,54.4778,66.9416
308.7778,138.6021,54.4954,65.6719
309.1478,137.0022,54.6286,67.8854
306.8602,133.7900,53.6883,67.1632
307.1145,136.4759,54.4041,71.5093
309.3733,141.1647,55.0780,72.3104
310.0815,140.1084,52.8141,71.8634
309.7290,142.6455,53.5659,67.9596
310.6584,142.7316,54.7669,68.6844
308.2411,142.3464,54.5828,69.8208
309.8260,138.8645,54.5992,69.9618
311.1256,137.5237,52.6195,70.0889
310.6855,136.5764,52.3800,69.0853
310.4965,138.4982,53.5278,67.9542
308.2849,137.7198,53.4053,67.4763
311.1165,138.6021,54.6000,68.0719
315.3771,143.6078,51.9882,69.6627
316.4780,143.3741,52.3983,69.3792
317.2350,142.7941,52.5643,67.7130
316.6907,141.9926,52.2898,67.9175
318.3811,137.9337,51.3866,67.8015
320.7941,144.2521,52.4778,66.0448
319.6592,139.8141,50.4263,64.4347
321.5699,140.4857,52.2834,63.4772
319.4482,137.3967,54.2518,63.4340
321.0645,138.4977,54.1433,64.7033
325.6732,142.5223,52.3247,68.1185
326.1617,143.1075,51.9069,70.5602
324.8838,142.1823,52.8417,72.3774
321.1391,139.5582,53.4764,71.5147
322.4015,139.2089,53.1167,69.5210
324.5081,144.9376,52.2039,65.7367
327.2196,144.3199,52.5013,67.2180
328.3867,141.7934,52.1192,66.7214
328.5287,139.6354,54.8220,66.2144
327.2414,137.3315,55.5788,64.3078
328.7015,141.8675,55.3614,65.8267
334.7636,146.4337,53.7701,66.3905
340.2172,144.7778,52.5232,68.4542
337.9236,147.2713,56.4850,68.2964
341.0035,141.8506,60.4633,68.1429
341.8270,138.1371,62.2009,68.1965
344.0425,140.4727,62.5642,68.6030
346.7822,138.0589,56.5650,69.7171
346.7791,134.8998,53.5854,70.6476
348.0811,133.7271,55.9904,74.2465
350.5955,130.6800,53.4962,69.8484
351.9988,155.6669,52.6311,68.6604
355.0672,158.2058,52.8260,64.8511
349.3954,156.8512,53.0424,61.4810
350.0000,159.8000,53.0000,61.4000
351.6954,145.1830,52.1599,66.9032
349.6291,144.3853,49.4037,67.6640
352.5705,156.2498,51.2962,67.0244
350.2000,139.4000,51.2000,66.6000
360.2000,157.4000,50.4000,65.4000
355.2237,146.8492,51.2381,65.4998
356.9521,147.6822,51.8441,64.6396
363.7109,156.5410,53.6442,65.7211
366.2940,162.3239,54.3405,62.1335
362.6819,164.0597,56.2724,59.3149
360.7523,169.8578,57.2528,59.0885
362.3836,153.7586,58.0412,61.4741
365.4477,158.8297,59.7148,65.3147
369.8629,158.6941,55.5051,64.8759
372.5822,156.2737,54.5068,65.5663
373.3875,157.6593,55.2080,65.3203
372.8279,155.5990,52.8959,64.2970
376.0040,161.4125,55.1254,67.1109
379.3238,166.6377,56.0049,66.3520
383.4084,169.3080,57.6732,64.5654
382.7778,167.2781,58.6494,64.9493
381.6793,164.3456,58.6644,63.2123
385.5488,167.6537,57.2127,62.3066
394.4763,160.7145,54.0991,63.9552
388.9302,160.4863,53.5174,62.4112
388.5962,156.4591,55.4662,65.7431
387.9229,156.8214,57.0808,64.7868
390.4363,154.8000,55.9046,63.7442
394.5655,164.4156,55.0329,64.2950
398.2343,166.8472,52.1860,61.1856
399.0229,166.0927,52.2836,60.1220
392.5834,167.7140,54.3198,60.9716
388.1061,148.6260,54.6066,60.6570
389.9356,157.1053,53.0172,58.7728
395.9061,161.3068,52.8029,60.4977
396.9489,158.8750,50.8033,62.3313
391.6393,157.5853,50.0722,59.6718
397.1654,162.8325,51.7578,55.6609
397.9097,160.6252,51.7934,52.3883
405.9290,174.9159,53.6269,55.4470
414.0908,177.1894,51.5278,54.5023
416.1185,174.9029,52.5415,54.0695
421.7333,170.0512,57.7530,56.1112
424.0383,163.9416,57.2813,56.0516
421.8848,164.3615,55.8416,55.7651
432.7244,164.9965,55.4305,56.6069
435.5607,167.5058,53.6510,54.8414
439.9215,162.9513,54.7514,52.1928
435.8629,164.3099,56.2063,50.8621
440.0000,163.0000,56.4000,51.0000
451.8674,168.4529,55.6785,54.4295
451.3631,167.4672,54.3724,55.0660
447.9012,165.3287,55.4909,56.3025
449.2812,161.4386,58.7181,59.6880
443.6027,152.7819,62.4335,61.5276
445.4256,152.2527,63.1030,63.2766
443.6283,148.4499,59.3631,64.7784
447.5383,151.9326,60.6016,64.1886
444.2035,156.1917,63.1331,63.5592
443.9861,154.6966,60.1626,60.0240
445.9622,151.9391,65.2552,64.2508
451.7723,161.7192,65.4649,64.4141
453.7201,161.3131,65.7568,65.9378
449.2584,163.3538,66.1819,64.4641
446.8017,162.9382,67.8569,65.9400
439.1260,162.2814,66.7273,65.3255
441.0322,163.3165,65.2263,65.6930
437.8697,162.1917,63.7548,65.1504
430.6692,161.2092,62.5433,61.6423
428.5302,165.6602,62.9596,58.3899
429.7470,158.0802,66.0709,59.2431
431.1308,160.2317,72.8733,63.8892
431.0479,163.0359,74.5395,64.5880
428.6227,163.7055,73.5808,63.8353
429.3454,165.9882,73.8096,62.8100
430.3829,164.5769,75.5570,63.6579
428.1118,159.3077,77.5655,65.2085
422.8707,159.0844,72.6238,66.6892
422.2606,157.2247,69.7288,63.8976
427.4568,155.4342,71.9843,64.2735
423.0477,156.5635,69.1012,61.1811
421.2402,155.6203,66.4753,56.3786
428.9604,152.9513,71.5019,58.0822
426.3821,151.8899,74.0118,61.9978
423.9783,149.8746,76.3688,62.9063
419.0698,148.9890,79.6587,64.1102
416.7438,142.8587,82.6149,66.2056
412.9343,138.6313,80.6663,68.2606
412.0266,147.0904,79.2606,65.3962
411.8864,144.1423,83.0609,64.3113
415.3708,148.5915,86.2077,62.6539
415.5096,146.7849,84.7666,59.8345
419.2643,142.9575,83.1346,56.2854
411.6463,147.0825,84.4391,55.2105
401.5806,145.8883,86.2737,55.9495
406.1234,148.4916,83.4059,57.3537
417.6525,151.2436,80.6664,60.3589
417.2071,145.4530,76.9558,60.4066
420.1051,140.5265,80.3088,63.1082
413.8489,134.8062,81.0492,65.5130
416.2349,133.5254,89.4902,68.9926
408.9842,135.7908,95.1563,69.1946
402.6675,135.7583,104.3301,69.0182
379.0870,139.1194,103.6340,63.0786
370.2000,140.4000,105.0000,63.8000
391.0302,137.9356,100.1724,60.4508
409.3441,138.1878,99.0943,60.5623
409.7207,141.3020,103.6383,58.2715
412.3182,136.9365,103.6059,57.1540
411.1794,138.0335,98.7653,55.7759
407.1185,141.5441,94.1893,52.3008
417.4676,141.6761,93.9490,50.5281
431.6501,137.5236,100.5516,53.3395
442.3499,139.6952,104.4758,52.2420
447.9991,134.9109,107.3331,52.5520
445.6756,132.1117,108.9482,52.3761
449.6802,132.7471,104.7977,50.7542
469.6732,124.9981,114.6423,53.2843
449.8863,120.4891,118.7935,53.5340
448.5970,119.0462,122.8079,53.6375
447.0365,117.0894,133.9044,55.5845
438.0450,121.1092,138.8092,54.6225
439.7375,124.8888,136.7879,52.3440
435.4000,123.4000,136.6000,52.2000
448.2092,123.5422,133.3116,50.9794
458.8000,119.6000,133.8000,51.2000
456.0903,120.7972,130.4459,50.9563
448.5343,118.1249,129.9030,47.8662
451.0111,121.3189,123.8653,45.7016
449.2104,120.9966,118.5690,44.2365
450.9328,118.5150,115.8147,43.4759
441.7243,116.6021,116.7803,42.7930
441.0563,117.3151,113.2553,40.4063
436.5465,117.6487,109.0838,37.5425
447.1553,112.1142,107.4046,36.8577
440.1702,111.8830,110.2252,36.7448
426.0847,111.5428,114.9755,37.0711
431.8000,108.0000,116.8000,37.8000
417.6550,108.6063,120.0528,38.4325
421.4356,104.1354,117.3455,39.1829
424.2643,99.0514,116.9190,41.0299
419.9117,94.3444,114.1860,42.7494
425.2384,92.4476,106.2391,43.2933
422.3608,91.7268,97.7637,42.0685
413.6564,92.5465,95.9792,41.8873
431.5580,98.3426,91.1718,41.2628
454.3742,116.4289,82.4770,42.7513
451.8000,114.0000,82.6000,42.8000
458.2387,109.3344,71.4377,42.6280
460.9165,113.1887,65.6099,43.2609
463.4486,110.0409,60.3058,45.0735
463.9734,99.0777,53.6822,46.2509
469.4963,90.1270,49.8486,47.2466
470.2012,92.2136,47.7953,48.6178
473.6841,99.5903,46.2558,48.9036
470.3460,91.5242,45.9718,50.6878
475.3148,95.2425,44.8209,51.4833
474.6614,90.8825,49.3684,52.9034
473.9987,90.7393,51.9162,53.0597
470.0390,90.2063,47.6996,50.0421
478.3721,91.1794,46.9758,52.9043
477.3358,90.1515,47.1135,56.6793
483.5636,89.5129,46.0257,58.7304
486.0168,88.4125,47.1112,59.7320
479.7431,78.2946,48.3267,61.7697
478.7507,78.1994,48.9893,61.7951
479.0065,77.9349,47.1920,62.6446
478.3489,81.5127,46.5055,61.4904
475.6583,85.0535,48.8184,58.7604
470.1340,84.6148,47.7265,55.6317
466.8224,84.8242,48.3816,54.1890
469.5539,89.6429,52.0428,55.4971
466.8490,89.8611,53.9273,59.5126
463.5280,89.5448,54.5216,62.6094
460.5486,93.2239,55.5667,64.6021
456.8917,92.2659,55.7449,65.6388
452.6878,83.6655,59.2893,68.0576
445.1268,79.5742,60.1098,71.0684
439.0319,76.6674,60.2241,74.4043
431.0847,83.1365,59.2727,75.2496
427.4964,82.5232,61.4623,76.3810
420.4000,91.2000,63.0000,78.0000
419.6384,92.3415,60.3978,78.5006
418.3233,92.0585,59.8266,75.2258
418.2364,92.6299,61.1873,75.5473
416.9749,89.1529,59.1963,73.7422
415.4334,92.9643,54.3413,74.4569
414.1097,90.0731,52.2222,77.8353
412.0186,90.5179,50.4038,80.2902
414.0000,87.2000,51.4000,81.8000
410.4614,89.5621,55.7740,75.0892
410.6793,89.7239,58.1499,70.8471
410.3558,90.3177,57.0436,68.6170
411.4677,92.8234,55.9733,65.5092
410.8572,90.6491,56.1993,64.2789
410.0789,90.0155,55.4088,63.4593
410.7134,91.6975,55.5538,62.6380
409.3858,89.0264,55.5816,62.8281
407.9056,94.3561,53.5544,63.0783
408.8738,91.1080,57.0951,63.7646
406.1860,90.9279,60.5991,65.7844
401.3744,85.0914,66.4700,66.7157
392.9507,83.3533,71.0764,67.4718
391.3409,86.6153,73.4332,68.6323
391.3336,86.4902,73.4372,69.1058
383.1829,89.0593,73.4636,68.8997
382.1267,86.8680,71.7478,66.8848
380.9886,86.2489,69.2196,64.5925
379.4444,87.4137,66.6017,63.1108
381.0125,91.9734,60.5049,58.5633
382.9453,88.1648,57.4853,57.1992
382.3583,94.6686,54.4833,55.0766
378.4161,88.3791,56.3735,56.2838
375.1823,89.4275,59.7209,58.1082
368.0388,91.5240,60.1995,57.5244
366.4262,92.4768,58.7388,57.3971
366.3714,92.4927,60.1006,58.1208
362.4473,92.0359,60.0509,56.6904
359.7792,90.7457,60.7274,55.2739
354.1233,95.0922,58.2793,52.9489
352.2791,96.8393,58.0070,52.2919
351.6729,94.3826,59.5150,51.6621
350.9708,97.0423,59.3688,50.1860
348.7198,102.1047,59.1294,49.0968
