0.00038721,0.00038955,0.00038166,0,0,0,0,0,0,0,0,0,0,0,0
1.2413,0.86291,0.86573,0,0,0,0,0,0,0,0,0,0,0,0
0.32135,0.31943,0.31473,0,0,0,0,0,0,0,0,0,0,0,0
0.25371,0.25673,0.25358,0,0,0,0,0,0,0,0,0,0,0,0
0.24511,0.25022,0.24668,0,0,0,0,0,0,0,0,0,0,0,0
0.28558,0.28928,0.28603,0,0,0,0,0,0,0,0,0,0,0,0
0.238,0.23163,0.22481,0,0,0,0,0,0,0,0,0,0,0,0
0.23524,0.23132,0.22569,0,0,0,0,0,0,0,0,0,0,0,0
0.22281,0.22597,0.22505,0,0,0,0,0,0,0,0,0,0,0,0
0.23618,0.22321,0.22203,0,0,0,0,0,0,0,0,0,0,0,0
0.22476,0.22072,0.22492,0,0,0,0,0,0,0,0,0,0,0,0
0.22809,0.21956,0.22676,0,0,0,0,0,0,0,0,0,0,0,0
0.22776,0.22531,0.22783,0,0,0,0,0,0,0,0,0,0,0,0
0.23935,0.22725,0.22845,0,0,0,0,0,0,0,0,0,0,0,0
0.22379,0.2241,0.22341,0,0,0,0,0,0,0,0,0,0,0,0
0.23102,0.2273,0.21739,0,0,0,0,0,0,0,0,0,0,0,0
0.22512,0.22303,0.21863,0,0,0,0,0,0,0,0,0,0,0,0
0.22588,0.22564,0.23762,0,0,0,0,0,0,0,0,0,0,0,0
0.22585,0.23107,0.23177,0,0,0,0,0,0,0,0,0,0,0,0
0.23164,0.24442,0.22391,0,0,0,0,0,0,0,0,0,0,0,0
0.22821,0.22552,0.22195,0,0,0,0,0,0,0,0,0,0,0,0
0.22798,0.23465,0.23231,0,0,0,0,0,0,0,0,0,0,0,0
0.23299,0.22744,0.22665,0,0,0,0,0,0,0,0,0,0,0,0
0.22677,0.2267,0.23058,0,0,0,0,0,0,0,0,0,0,0,0
0.22997,0.22571,0.23752,0,0,0,0,0,0,0,0,0,0,0,0
0.23051,0.23481,0.23722,0,0,0,0,0,0,0,0,0,0,0,0
0.23468,0.24037,0.24631,0,0,0,0,0,0,0,0,0,0,0,0
0.23645,0.23719,0.23294,0,0,0,0,0,0,0,0,0,0,0,0
0.23473,0.22338,0.23268,0,0,0,0,0,0,0,0,0,0,0,0
0.23205,0.22879,0.24824,0,0,0,0,0,0,0,0,0,0,0,0
0.23762,0.23236,0.22844,0,0,0,0,0,0,0,0,0,0,0,0
0.2354,0.23435,0.24594,0,0,0,0,0,0,0,0,0,0,0,0
0.23544,0.23867,0.23746,0,0,0,0,0,0,0,0,0,0,0,0
0.23514,0.22923,0.22986,0,0,0,0,0,0,0,0,0,0,0,0
0.23007,0.24367,0.23982,0,0,0,0,0,0,0,0,0,0,0,0
0.23808,0.23002,0.23144,0,0,0,0,0,0,0,0,0,0,0,0
0.23897,0.2321,0.22875,0,0,0,0,0,0,0,0,0,0,0,0
0.23382,0.23351,0.2272,0,0,0,0,0,0,0,0,0,0,0,0
0.22821,0.2269,0.22817,0,0,0,0,0,0,0,0,0,0,0,0
0.24673,0.23629,0.2411,0,0,0,0,0,0,0,0,0,0,0,0
0.23789,0.23252,0.22765,0,0,0,0,0,0,0,0,0,0,0,0
0.23093,0.23017,0.24025,0,0,0,0,0,0,0,0,0,0,0,0
0.23891,0.22415,0.22594,0,0,0,0,0,0,0,0,0,0,0,0
0.22618,0.22567,0.2257,0,0,0,0,0,0,0,0,0,0,0,0
0.2229,0.2206,0.21931,0,0,0,0,0,0,0,0,0,0,0,0
0.25803,0.24857,0.2487,0,0,0,0,0,0,0,0,0,0,0,0
0.22538,0.22417,0.22147,0,0,0,0,0,0,0,0,0,0,0,0
0.22504,0.22018,0.22054,0,0,0,0,0,0,0,0,0,0,0,0
0.22605,0.21906,0.22361,0,0,0,0,0,0,0,0,0,0,0,0
0.226,0.22417,0.21528,0,0,0,0,0,0,0,0,0,0,0,0
0.23107,0.21737,0.21645,0,0,0,0,0,0,0,0,0,0,0,0
0.21395,0.21672,0.21471,0,0,0,0,0,0,0,0,0,0,0,0
0.21978,0.21752,0.22265,0,0,0,0,0,0,0,0,0,0,0,0
0.21898,0.21672,0.21574,0,0,0,0,0,0,0,0,0,0,0,0
0.22198,0.21715,0.22097,0,0,0,0,0,0,0,0,0,0,0,0
0.21868,0.21874,0.22054,0,0,0,0,0,0,0,0,0,0,0,0
0.21692,0.21937,0.22054,0,0,0,0,0,0,0,0,0,0,0,0
0.21671,0.21824,0.21923,0,0,0,0,0,0,0,0,0,0,0,0
0.2182,0.2192,0.23478,0,0,0,0,0,0,0,0,0,0,0,0
0.22202,0.22762,0.22534,0,0,0,0,0,0,0,0,0,0,0,0
0.22615,0.2268,0.22036,0,0,0,0,0,0,0,0,0,0,0,0
0.22732,0.21995,0.22661,0,0,0,0,0,0,0,0,0,0,0,0
0.22799,0.22269,0.22582,0,0,0,0,0,0,0,0,0,0,0,0
0.22237,0.22789,0.22604,0,0,0,0,0,0,0,0,0,0,0,0
0.23023,0.2235,0.22472,0,0,0,0,0,0,0,0,0,0,0,0
0.23334,0.22405,0.22745,0,0,0,0,0,0,0,0,0,0,0,0
0.23253,0.22558,0.23349,0,0,0,0,0,0,0,0,0,0,0,0
0.23173,0.23146,0.24078,0,0,0,0,0,0,0,0,0,0,0,0
0.23559,0.23635,0.234,0,0,0,0,0,0,0,0,0,0,0,0
0.23325,0.23243,0.2321,0,0,0,0,0,0,0,0,0,0,0,0
0.23047,0.23256,0.23218,0,0,0,0,0,0,0,0,0,0,0,0
0.2417,0.23611,0.23219,0,0,0,0,0,0,0,0,0,0,0,0
0.24518,0.2441,0.24275,0,0,0,0,0,0,0,0,0,0,0,0
0.22884,0.23164,0.23819,0,0,0,0,0,0,0,0,0,0,0,0
0.2343,0.22852,0.23033,0,0,0,0,0,0,0,0,0,0,0,0
0.23575,0.23496,0.22843,0,0,0,0,0,0,0,0,0,0,0,0
0.24282,0.23719,0.23946,0,0,0,0,0,0,0,0,0,0,0,0
0.23149,0.2312,0.23204,0,0,0,0,0,0,0,0,0,0,0,0
0.23599,0.22865,0.23036,0,0,0,0,0,0,0,0,0,0,0,0
0.22609,0.22784,0.24406,0,0,0,0,0,0,0,0,0,0,0,0
0.23347,0.23514,0.23868,0,0,0,0,0,0,0,0,0,0,0,0
0.23237,0.2336,0.22956,0,0,0,0,0,0,0,0,0,0,0,0
0.23558,0.22821,0.22893,0,0,0,0,0,0,0,0,0,0,0,0
0.23244,0.22731,0.23687,0,0,0,0,0,0,0,0,0,0,0,0
0.23138,0.2258,0.22673,0,0,0,0,0,0,0,0,0,0,0,0
0.22148,0.22769,0.22324,0,0,0,0,0,0,0,0,0,0,0,0
0.22652,0.22692,0.23335,0,0,0,0,0,0,0,0,0,0,0,0
0.22516,0.22189,0.2185,0,0,0,0,0,0,0,0,0,0,0,0
0.22097,0.21873,0.22323,0,0,0,0,0,0,0,0,0,0,0,0
0.22336,0.21656,0.21651,0,0,0,0,0,0,0,0,0,0,0,0
0.22521,0.21723,0.22016,0,0,0,0,0,0,0,0,0,0,0,0
0.2236,0.22098,0.21641,0,0,0,0,0,0,0,0,0,0,0,0
0.22036,0.22053,0.21711,0,0,0,0,0,0,0,0,0,0,0,0
0.22343,0.22428,0.22409,0,0,0,0,0,0,0,0,0,0,0,0
0.2221,0.2189,0.22397,0,0,0,0,0,0,0,0,0,0,0,0
0.22223,0.2237,0.2272,0,0,0,0,0,0,0,0,0,0,0,0
0.22332,0.2242,0.2274,0,0,0,0,0,0,0,0,0,0,0,0
0.22927,0.22589,0.22388,0,0,0,0,0,0,0,0,0,0,0,0
0.22931,0.2319,0.2352,0,0,0,0,0,0,0,0,0,0,0,0
0.23436,0.23021,0.24128,0,0,0,0,0,0,0,0,0,0,0,0
0.23366,0.24003,0.2388,0,0,0,0,0,0,0,0,0,0,0,0
0.23998,0.23648,0.2409,0,0,0,0,0,0,0,0,0,0,0,0
NaN,NaN,NaN,0,0,0,0,0,0,0,0,0,0,0,0
NaN,NaN,NaN,0,0,0,0,0,0,0,0,0,0,0,0
NaN,NaN,NaN,0,0,0,0,0,0,0,0,0,0,0,0
NaN,NaN,NaN,0,0,0,0,0,0,0,0,0,0,0,0
0.00040971,0.00043251,0.00041819,0,0,0,0,0,0,0,0,0,0,0,0
0.79621,0.79874,0.7676,0,0,0,0,0,0,0,0,0,0,0,0
0.20546,0.21318,0.20753,0,0,0,0,0,0,0,0,0,0,0,0
0.14231,0.14827,0.15253,0,0,0,0,0,0,0,0,0,0,0,0
0.14183,0.13665,0.14094,0,0,0,0,0,0,0,0,0,0,0,0
0.18151,0.17288,0.16686,0,0,0,0,0,0,0,0,0,0,0,0
0.11778,0.1188,0.11565,0,0,0,0,0,0,0,0,0,0,0,0
0.1134,0.11049,0.11011,0,0,0,0,0,0,0,0,0,0,0,0
0.11157,0.10882,0.11077,0,0,0,0,0,0,0,0,0,0,0,0
0.10975,0.10715,0.10915,0,0,0,0,0,0,0,0,0,0,0,0
0.11243,0.10705,0.11188,0,0,0,0,0,0,0,0,0,0,0,0
0.11158,0.11146,0.11865,0,0,0,0,0,0,0,0,0,0,0,0
0.11714,0.1139,0.11705,0,0,0,0,0,0,0,0,0,0,0,0
0.11757,0.11427,0.11399,0,0,0,0,0,0,0,0,0,0,0,0
0.11182,0.11026,0.11314,0,0,0,0,0,0,0,0,0,0,0,0
0.1144,0.11112,0.11351,0,0,0,0,0,0,0,0,0,0,0,0
0.11371,0.11214,0.11828,0,0,0,0,0,0,0,0,0,0,0,0
0.10908,0.10945,0.11359,0,0,0,0,0,0,0,0,0,0,0,0
0.1154,0.11043,0.10672,0,0,0,0,0,0,0,0,0,0,0,0
0.10949,0.10659,0.11194,0,0,0,0,0,0,0,0,0,0,0,0
0.11248,0.10723,0.11299,0,0,0,0,0,0,0,0,0,0,0,0
0.11161,0.10784,0.10782,0,0,0,0,0,0,0,0,0,0,0,0
0.10898,0.10594,0.1024,0,0,0,0,0,0,0,0,0,0,0,0
0.10617,0.1062,0.11222,0,0,0,0,0,0,0,0,0,0,0,0
0.10559,0.10479,0.10266,0,0,0,0,0,0,0,0,0,0,0,0
0.10479,0.10317,0.10098,0,0,0,0,0,0,0,0,0,0,0,0
0.10835,0.11032,0.10674,0,0,0,0,0,0,0,0,0,0,0,0
0.10816,0.1043,0.10352,0,0,0,0,0,0,0,0,0,0,0,0
0.10568,0.10249,0.10918,0,0,0,0,0,0,0,0,0,0,0,0
0.10505,0.10492,0.10284,0,0,0,0,0,0,0,0,0,0,0,0
0.11022,0.10418,0.10484,0,0,0,0,0,0,0,0,0,0,0,0
0.10867,0.10965,0.11066,0,0,0,0,0,0,0,0,0,0,0,0
0.11135,0.11034,0.11061,0,0,0,0,0,0,0,0,0,0,0,0
0.11274,0.11192,0.11097,0,0,0,0,0,0,0,0,0,0,0,0
0.11283,0.1122,0.11209,0,0,0,0,0,0,0,0,0,0,0,0
0.11798,0.12062,0.11028,0,0,0,0,0,0,0,0,0,0,0,0
0.11297,0.12986,0.11166,0,0,0,0,0,0,0,0,0,0,0,0
0.11481,0.11718,0.11134,0,0,0,0,0,0,0,0,0,0,0,0
0.11073,0.11079,0.11294,0,0,0,0,0,0,0,0,0,0,0,0
0.12215,0.11997,0.12333,0,0,0,0,0,0,0,0,0,0,0,0
0.10864,0.11187,0.10755,0,0,0,0,0,0,0,0,0,0,0,0
0.11225,0.10918,0.11924,0,0,0,0,0,0,0,0,0,0,0,0
0.11548,0.11243,0.1119,0,0,0,0,0,0,0,0,0,0,0,0
0.11687,0.11258,0.11335,0,0,0,0,0,0,0,0,0,0,0,0
0.12251,0.11398,0.11625,0,0,0,0,0,0,0,0,0,0,0,0
0.1264,0.1305,0.12985,0,0,0,0,0,0,0,0,0,0,0,0
0.1226,0.11881,0.13647,0,0,0,0,0,0,0,0,0,0,0,0
0.11622,0.11539,0.12111,0,0,0,0,0,0,0,0,0,0,0,0
0.11564,0.11284,0.11407,0,0,0,0,0,0,0,0,0,0,0,0
0.11252,0.11415,0.11561,0,0,0,0,0,0,0,0,0,0,0,0
0.11075,0.11283,0.11456,0,0,0,0,0,0,0,0,0,0,0,0
0.11143,0.11242,0.11315,0,0,0,0,0,0,0,0,0,0,0,0
0.1171,0.11377,0.11615,0,0,0,0,0,0,0,0,0,0,0,0
0.11127,0.11142,0.11368,0,0,0,0,0,0,0,0,0,0,0,0
0.11393,0.112,0.11479,0,0,0,0,0,0,0,0,0,0,0,0
0.11467,0.10823,0.11374,0,0,0,0,0,0,0,0,0,0,0,0
0.11204,0.11339,0.1207,0,0,0,0,0,0,0,0,0,0,0,0
0.10994,0.10903,0.1149,0,0,0,0,0,0,0,0,0,0,0,0
NaN,NaN,NaN,0,0,0,0,0,0,0,0,0,0,0,0
NaN,NaN,NaN,0,0,0,0,0,0,0,0,0,0,0,0
NaN,NaN,NaN,0,0,0,0,0,0,0,0,0,0,0,0
NaN,NaN,NaN,0,0,0,0,0,0,0,0,0,0,0,0
0.00037085,0.00040475,0.00037523,0,0,0,0,0,0,0,0,0,0,0,0
0.76297,0.80893,0.80453,0,0,0,0,0,0,0,0,0,0,0,0
0.20793,0.20656,0.2043,0,0,0,0,0,0,0,0,0,0,0,0
0.14929,0.15016,0.14951,0,0,0,0,0,0,0,0,0,0,0,0
0.13771,0.13972,0.14362,0,0,0,0,0,0,0,0,0,0,0,0
0.16755,0.17337,0.172,0,0,0,0,0,0,0,0,0,0,0,0
0.12811,0.12838,0.12112,0,0,0,0,0,0,0,0,0,0,0,0
0.12106,0.13069,0.11703,0,0,0,0,0,0,0,0,0,0,0,0
0.11489,0.12433,0.11365,0,0,0,0,0,0,0,0,0,0,0,0
0.12075,0.12254,0.11527,0,0,0,0,0,0,0,0,0,0,0,0
0.12764,0.1224,0.11803,0,0,0,0,0,0,0,0,0,0,0,0
0.12499,0.12367,0.11947,0,0,0,0,0,0,0,0,0,0,0,0
0.13212,0.1307,0.12508,0,0,0,0,0,0,0,0,0,0,0,0
0.13763,0.12978,0.12542,0,0,0,0,0,0,0,0,0,0,0,0
0.12464,0.1262,0.11886,0,0,0,0,0,0,0,0,0,0,0,0
0.12412,0.12361,0.11676,0,0,0,0,0,0,0,0,0,0,0,0
0.11741,0.11999,0.11331,0,0,0,0,0,0,0,0,0,0,0,0
0.12002,0.11958,0.11485,0,0,0,0,0,0,0,0,0,0,0,0
0.11964,0.11612,0.11389,0,0,0,0,0,0,0,0,0,0,0,0
0.12158,0.11747,0.11289,0,0,0,0,0,0,0,0,0,0,0,0
0.11779,0.11661,0.11529,0,0,0,0,0,0,0,0,0,0,0,0
0.12085,0.11661,0.11406,0,0,0,0,0,0,0,0,0,0,0,0
0.11491,0.11415,0.11162,0,0,0,0,0,0,0,0,0,0,0,0
0.11826,0.11552,0.11315,0,0,0,0,0,0,0,0,0,0,0,0
0.11734,0.11487,0.11529,0,0,0,0,0,0,0,0,0,0,0,0
0.11172,0.11344,0.11497,0,0,0,0,0,0,0,0,0,0,0,0
0.11478,0.11129,0.11248,0,0,0,0,0,0,0,0,0,0,0,0
0.12067,0.1138,0.11749,0,0,0,0,0,0,0,0,0,0,0,0
0.11979,0.11245,0.1129,0,0,0,0,0,0,0,0,0,0,0,0
0.11702,0.11429,0.11841,0,0,0,0,0,0,0,0,0,0,0,0
0.12097,0.11101,0.10883,0,0,0,0,0,0,0,0,0,0,0,0
0.11081,0.11609,0.1191,0,0,0,0,0,0,0,0,0,0,0,0
0.11302,0.11124,0.11956,0,0,0,0,0,0,0,0,0,0,0,0
0.114,0.11081,0.10942,0,0,0,0,0,0,0,0,0,0,0,0
0.11612,0.11465,0.1135,0,0,0,0,0,0,0,0,0,0,0,0
0.11421,0.1173,0.11112,0,0,0,0,0,0,0,0,0,0,0,0
0.11715,0.10974,0.11712,0,0,0,0,0,0,0,0,0,0,0,0
0.11785,0.11718,0.11281,0,0,0,0,0,0,0,0,0,0,0,0
0.12073,0.11504,0.1112,0,0,0,0,0,0,0,0,0,0,0,0
0.12591,0.12602,0.12348,0,0,0,0,0,0,0,0,0,0,0,0
0.11771,0.11255,0.1126,0,0,0,0,0,0,0,0,0,0,0,0
0.11726,0.11818,0.11278,0,0,0,0,0,0,0,0,0,0,0,0
0.11482,0.11835,0.11548,0,0,0,0,0,0,0,0,0,0,0,0
0.11767,0.11833,0.12206,0,0,0,0,0,0,0,0,0,0,0,0
0.12613,0.12166,0.13055,0,0,0,0,0,0,0,0,0,0,0,0
0.14886,0.14717,0.14418,0,0,0,0,0,0,0,0,0,0,0,0
0.13059,0.13773,0.12505,0,0,0,0,0,0,0,0,0,0,0,0
0.12464,0.1281,0.12116,0,0,0,0,0,0,0,0,0,0,0,0
0.12523,0.11855,0.11986,0,0,0,0,0,0,0,0,0,0,0,0
0.1258,0.13183,0.12531,0,0,0,0,0,0,0,0,0,0,0,0
0.12404,0.1242,0.12048,0,0,0,0,0,0,0,0,0,0,0,0
0.12863,0.12061,0.11746,0,0,0,0,0,0,0,0,0,0,0,0
0.12486,0.12489,0.12449,0,0,0,0,0,0,0,0,0,0,0,0
0.12168,0.12362,0.12497,0,0,0,0,0,0,0,0,0,0,0,0
0.12399,0.12084,0.11963,0,0,0,0,0,0,0,0,0,0,0,0
0.12135,0.12015,0.12116,0,0,0,0,0,0,0,0,0,0,0,0
0.12369,0.12532,0.12067,0,0,0,0,0,0,0,0,0,0,0,0
0.12115,0.12206,0.12127,0,0,0,0,0,0,0,0,0,0,0,0
0.12398,0.11987,0.12326,0,0,0,0,0,0,0,0,0,0,0,0
0.12717,0.12669,0.12221,0,0,0,0,0,0,0,0,0,0,0,0
0.13052,0.12803,0.12116,0,0,0,0,0,0,0,0,0,0,0,0
0.12238,0.1226,0.12026,0,0,0,0,0,0,0,0,0,0,0,0
0.12721,0.12126,0.12687,0,0,0,0,0,0,0,0,0,0,0,0
0.13195,0.12634,0.12536,0,0,0,0,0,0,0,0,0,0,0,0
0.11957,0.12009,0.11988,0,0,0,0,0,0,0,0,0,0,0,0
0.12401,0.12411,0.12367,0,0,0,0,0,0,0,0,0,0,0,0
0.12584,0.12331,0.12234,0,0,0,0,0,0,0,0,0,0,0,0
0.12044,0.12468,0.12316,0,0,0,0,0,0,0,0,0,0,0,0
0.12822,0.12246,0.12174,0,0,0,0,0,0,0,0,0,0,0,0
0.12221,0.12234,0.12096,0,0,0,0,0,0,0,0,0,0,0,0
0.1256,0.12232,0.12285,0,0,0,0,0,0,0,0,0,0,0,0
0.12265,0.12198,0.12872,0,0,0,0,0,0,0,0,0,0,0,0
0.12633,0.12595,0.1288,0,0,0,0,0,0,0,0,0,0,0,0
0.13069,0.12101,0.12076,0,0,0,0,0,0,0,0,0,0,0,0
0.1279,0.12571,0.1203,0,0,0,0,0,0,0,0,0,0,0,0
0.12659,0.12541,0.12107,0,0,0,0,0,0,0,0,0,0,0,0
0.12549,0.12177,0.11887,0,0,0,0,0,0,0,0,0,0,0,0
0.12958,0.12068,0.13104,0,0,0,0,0,0,0,0,0,0,0,0
0.12672,0.12568,0.12454,0,0,0,0,0,0,0,0,0,0,0,0
0.12447,0.12843,0.12647,0,0,0,0,0,0,0,0,0,0,0,0
0.12213,0.12237,0.1228,0,0,0,0,0,0,0,0,0,0,0,0
0.1219,0.12015,0.123,0,0,0,0,0,0,0,0,0,0,0,0
0.12607,0.12125,0.12243,0,0,0,0,0,0,0,0,0,0,0,0
0.12408,0.12113,0.12206,0,0,0,0,0,0,0,0,0,0,0,0
0.12213,0.12005,0.12084,0,0,0,0,0,0,0,0,0,0,0,0
0.11912,0.11773,0.11787,0,0,0,0,0,0,0,0,0,0,0,0
0.12751,0.11707,0.11564,0,0,0,0,0,0,0,0,0,0,0,0
0.12349,0.11724,0.11881,0,0,0,0,0,0,0,0,0,0,0,0
0.12171,0.12297,0.12703,0,0,0,0,0,0,0,0,0,0,0,0
0.12427,0.11808,0.11924,0,0,0,0,0,0,0,0,0,0,0,0
0.12388,0.12435,0.12357,0,0,0,0,0,0,0,0,0,0,0,0
0.12094,0.11775,0.11952,0,0,0,0,0,0,0,0,0,0,0,0
0.11833,0.12613,0.12246,0,0,0,0,0,0,0,0,0,0,0,0
0.12768,0.11612,0.11988,0,0,0,0,0,0,0,0,0,0,0,0
0.1237,0.12208,0.11752,0,0,0,0,0,0,0,0,0,0,0,0
0.12219,0.11912,0.11777,0,0,0,0,0,0,0,0,0,0,0,0
0.1227,0.12327,0.11951,0,0,0,0,0,0,0,0,0,0,0,0
0.1228,0.11619,0.11701,0,0,0,0,0,0,0,0,0,0,0,0
0.12071,0.12316,0.11852,0,0,0,0,0,0,0,0,0,0,0,0
