1
585.0000,193.0000,61.0000,56.0000
583.0000,192.0000,62.0000,57.0000
583.0000,192.0000,62.0000,57.0000
583.0000,192.0000,62.0000,57.0000
583.0000,192.0000,62.0000,57.0000
583.0000,192.0000,62.0000,57.0000
583.0000,192.0000,62.0000,57.0000
583.0000,192.0000,62.0000,57.0000
583.0000,192.0000,62.0000,57.0000
583.0000,192.0000,62.0000,57.0000
583.0000,192.0000,62.0000,57.0000
583.0000,192.0000,62.0000,57.0000
583.0000,192.0000,62.0000,57.0000
583.0000,192.0000,62.0000,57.0000
583.0000,192.0000,62.0000,57.0000
583.0000,192.0000,62.0000,57.0000
583.0000,192.0000,62.0000,57.0000
583.0000,192.0000,62.0000,57.0000
583.0000,192.0000,62.0000,57.0000
583.0000,192.0000,62.0000,57.0000
583.0000,192.0000,62.0000,57.0000
583.0000,192.0000,62.0000,57.0000
583.0000,192.0000,62.0000,57.0000
583.0000,192.0000,62.0000,57.0000
583.0000,192.0000,62.0000,57.0000
583.0000,192.0000,62.0000,57.0000
583.0000,192.0000,62.0000,57.0000
583.0000,192.0000,62.0000,57.0000
583.0000,192.0000,62.0000,57.0000
583.0000,192.0000,62.0000,57.0000
583.0000,192.0000,62.0000,57.0000
583.0000,192.0000,62.0000,57.0000
583.0000,192.0000,62.0000,57.0000
583.0000,190.0000,59.0000,59.0000
583.0000,190.0000,59.0000,59.0000
583.0000,190.0000,59.0000,59.0000
583.0000,190.0000,59.0000,59.0000
583.0000,190.0000,59.0000,59.0000
583.0000,190.0000,59.0000,59.0000
583.0000,190.0000,59.0000,59.0000
583.0000,190.0000,59.0000,59.0000
583.0000,190.0000,59.0000,59.0000
583.0000,190.0000,59.0000,59.0000
583.0000,190.0000,59.0000,59.0000
583.0000,190.0000,59.0000,59.0000
583.0000,190.0000,59.0000,59.0000
583.0000,190.0000,59.0000,59.0000
583.0000,190.0000,59.0000,59.0000
583.0000,190.0000,59.0000,59.0000
583.0000,190.0000,59.0000,59.0000
583.0000,190.0000,59.0000,59.0000
583.0000,190.0000,59.0000,59.0000
583.0000,190.0000,59.0000,59.0000
583.0000,190.0000,59.0000,59.0000
583.0000,190.0000,59.0000,59.0000
583.0000,190.0000,59.0000,59.0000
583.0000,190.0000,59.0000,59.0000
583.0000,190.0000,59.0000,59.0000
583.0000,190.0000,59.0000,59.0000
583.0000,190.0000,59.0000,59.0000
583.0000,190.0000,59.0000,59.0000
583.0000,190.0000,59.0000,59.0000
583.0000,190.0000,59.0000,59.0000
583.0000,190.0000,59.0000,59.0000
583.0000,190.0000,59.0000,59.0000
583.0000,190.0000,59.0000,59.0000
583.0000,190.0000,59.0000,59.0000
583.0000,190.0000,59.0000,59.0000
583.0000,190.0000,59.0000,59.0000
583.0000,190.0000,59.0000,59.0000
583.0000,190.0000,59.0000,59.0000
583.0000,190.0000,59.0000,59.0000
583.0000,190.0000,59.0000,59.0000
583.0000,190.0000,59.0000,59.0000
583.0000,190.0000,59.0000,59.0000
583.0000,190.0000,59.0000,59.0000
583.0000,190.0000,59.0000,59.0000
583.0000,190.0000,59.0000,59.0000
583.0000,190.0000,59.0000,59.0000
583.0000,190.0000,59.0000,59.0000
583.0000,190.0000,59.0000,59.0000
583.0000,190.0000,59.0000,59.0000
583.0000,190.0000,59.0000,59.0000
583.0000,190.0000,59.0000,59.0000
583.0000,190.0000,59.0000,59.0000
583.0000,190.0000,59.0000,59.0000
583.0000,190.0000,59.0000,59.0000
583.0000,190.0000,59.0000,59.0000
583.0000,190.0000,59.0000,59.0000
583.0000,190.0000,59.0000,59.0000
583.0000,190.0000,59.0000,59.0000
583.0000,190.0000,59.0000,59.0000
583.0000,190.0000,59.0000,59.0000
583.0000,190.0000,59.0000,59.0000
583.0000,190.0000,59.0000,59.0000
583.0000,190.0000,59.0000,59.0000
583.0000,190.0000,59.0000,59.0000
583.0000,190.0000,59.0000,59.0000
583.0000,190.0000,59.0000,59.0000
583.0000,190.0000,59.0000,59.0000
583.0000,190.0000,59.0000,59.0000
583.0000,190.0000,59.0000,59.0000
583.0000,190.0000,59.0000,59.0000
583.0000,190.0000,59.0000,59.0000
583.0000,190.0000,59.0000,59.0000
583.0000,190.0000,59.0000,59.0000
583.0000,190.0000,59.0000,59.0000
583.0000,190.0000,59.0000,59.0000
583.0000,190.0000,59.0000,59.0000
583.0000,190.0000,59.0000,59.0000
583.0000,190.0000,59.0000,59.0000
583.0000,190.0000,59.0000,59.0000
583.0000,190.0000,59.0000,59.0000
583.0000,190.0000,59.0000,59.0000
583.0000,190.0000,59.0000,59.0000
583.0000,190.0000,59.0000,59.0000
583.0000,190.0000,59.0000,59.0000
583.0000,190.0000,59.0000,59.0000
583.0000,190.0000,59.0000,59.0000
583.0000,190.0000,59.0000,59.0000
583.0000,190.0000,59.0000,59.0000
583.0000,190.0000,59.0000,59.0000
583.0000,190.0000,59.0000,59.0000
583.0000,190.0000,59.0000,59.0000
583.0000,190.0000,59.0000,59.0000
583.0000,190.0000,59.0000,59.0000
583.0000,190.0000,59.0000,59.0000
583.0000,190.0000,59.0000,59.0000
583.0000,190.0000,59.0000,59.0000
583.0000,190.0000,59.0000,59.0000
583.0000,190.0000,59.0000,59.0000
583.0000,190.0000,59.0000,59.0000
583.0000,190.0000,59.0000,59.0000
583.0000,190.0000,59.0000,59.0000
583.0000,190.0000,59.0000,59.0000
583.0000,190.0000,59.0000,59.0000
583.0000,190.0000,59.0000,59.0000
565.0000,171.0000,61.0000,55.0000
565.0000,171.0000,61.0000,55.0000
565.0000,171.0000,61.0000,55.0000
565.0000,171.0000,61.0000,55.0000
565.0000,171.0000,61.0000,55.0000
565.0000,171.0000,61.0000,55.0000
565.0000,171.0000,61.0000,55.0000
565.0000,171.0000,61.0000,55.0000
565.0000,171.0000,61.0000,55.0000
565.0000,171.0000,61.0000,55.0000
565.0000,171.0000,61.0000,55.0000
565.0000,171.0000,61.0000,55.0000
565.0000,171.0000,61.0000,55.0000
565.0000,171.0000,61.0000,55.0000
565.0000,171.0000,61.0000,55.0000
565.0000,171.0000,61.0000,55.0000
565.0000,171.0000,61.0000,55.0000
565.0000,171.0000,61.0000,55.0000
565.0000,171.0000,61.0000,55.0000
565.0000,171.0000,61.0000,55.0000
565.0000,171.0000,61.0000,55.0000
565.0000,171.0000,61.0000,55.0000
565.0000,171.0000,61.0000,55.0000
565.0000,171.0000,61.0000,55.0000
565.0000,171.0000,61.0000,55.0000
565.0000,171.0000,61.0000,55.0000
565.0000,171.0000,61.0000,55.0000
565.0000,171.0000,61.0000,55.0000
565.0000,171.0000,61.0000,55.0000
565.0000,171.0000,61.0000,55.0000
565.0000,171.0000,61.0000,55.0000
565.0000,171.0000,61.0000,55.0000
565.0000,171.0000,61.0000,55.0000
565.0000,171.0000,61.0000,55.0000
565.0000,171.0000,61.0000,55.0000
565.0000,171.0000,61.0000,55.0000
565.0000,171.0000,61.0000,55.0000
2
0
0
0
0
0
0
0
0
0
0
0
0
0
0
0
0
0
0
0
0
0
0
0
0
0
0
0
0
0
0
0
0
0
0
0
0
0
0
0
0
0
0
0
0
0
0
0
0
0
0
0
0
0
0
0
0
0
0
0
0
0
0
0
0
0
0
0
590.0000,189.0000,62.0000,56.0000
0
0
0
0
1
480.0000,204.0000,91.0000,84.0000
475.0000,204.0000,91.0000,85.0000
475.0000,204.0000,91.0000,85.0000
475.0000,204.0000,91.0000,85.0000
475.0000,204.0000,91.0000,85.0000
475.0000,204.0000,91.0000,85.0000
475.0000,204.0000,91.0000,85.0000
475.0000,204.0000,91.0000,85.0000
475.0000,204.0000,91.0000,85.0000
475.0000,204.0000,91.0000,85.0000
475.0000,204.0000,91.0000,85.0000
475.0000,204.0000,91.0000,85.0000
475.0000,204.0000,91.0000,85.0000
475.0000,204.0000,91.0000,85.0000
475.0000,204.0000,91.0000,85.0000
475.0000,204.0000,91.0000,85.0000
475.0000,204.0000,91.0000,85.0000
475.0000,204.0000,91.0000,85.0000
475.0000,204.0000,91.0000,85.0000
475.0000,204.0000,91.0000,85.0000
0
0
0
0
0
0
0
0
0
0
0
2
0
0
0
0
1
407.0000,227.0000,84.0000,67.0000
406.0000,228.0000,84.0000,66.0000
406.0000,228.0000,84.0000,66.0000
406.0000,228.0000,84.0000,66.0000
406.0000,228.0000,84.0000,66.0000
406.0000,228.0000,84.0000,66.0000
406.0000,228.0000,84.0000,66.0000
406.0000,228.0000,84.0000,66.0000
406.0000,228.0000,84.0000,66.0000
406.0000,228.0000,84.0000,66.0000
406.0000,228.0000,84.0000,66.0000
406.0000,228.0000,84.0000,66.0000
406.0000,228.0000,84.0000,66.0000
406.0000,228.0000,84.0000,66.0000
406.0000,228.0000,84.0000,66.0000
406.0000,228.0000,84.0000,66.0000
406.0000,228.0000,84.0000,66.0000
406.0000,228.0000,84.0000,66.0000
406.0000,228.0000,84.0000,66.0000
406.0000,228.0000,84.0000,66.0000
406.0000,228.0000,84.0000,66.0000
406.0000,228.0000,84.0000,66.0000
406.0000,228.0000,84.0000,66.0000
406.0000,228.0000,84.0000,66.0000
406.0000,228.0000,84.0000,66.0000
406.0000,228.0000,84.0000,66.0000
406.0000,228.0000,84.0000,66.0000
406.0000,228.0000,84.0000,66.0000
406.0000,228.0000,84.0000,66.0000
406.0000,228.0000,84.0000,66.0000
406.0000,228.0000,84.0000,66.0000
406.0000,228.0000,84.0000,66.0000
406.0000,228.0000,84.0000,66.0000
406.0000,228.0000,84.0000,66.0000
405.0000,229.0000,84.0000,68.0000
405.0000,229.0000,84.0000,68.0000
405.0000,229.0000,84.0000,68.0000
405.0000,229.0000,84.0000,68.0000
405.0000,229.0000,84.0000,68.0000
405.0000,229.0000,84.0000,68.0000
405.0000,229.0000,84.0000,68.0000
405.0000,229.0000,84.0000,68.0000
405.0000,229.0000,84.0000,68.0000
405.0000,229.0000,84.0000,68.0000
405.0000,229.0000,84.0000,68.0000
405.0000,229.0000,84.0000,68.0000
405.0000,229.0000,84.0000,68.0000
405.0000,229.0000,84.0000,68.0000
405.0000,229.0000,84.0000,68.0000
405.0000,229.0000,84.0000,68.0000
405.0000,229.0000,84.0000,68.0000
405.0000,229.0000,84.0000,68.0000
405.0000,229.0000,84.0000,68.0000
405.0000,229.0000,84.0000,68.0000
405.0000,229.0000,84.0000,68.0000
405.0000,229.0000,84.0000,68.0000
405.0000,229.0000,84.0000,68.0000
405.0000,229.0000,84.0000,68.0000
405.0000,229.0000,84.0000,68.0000
405.0000,229.0000,84.0000,68.0000
0
0
0
0
0
2
0
0
0
0
1
529.0000,229.0000,31.0000,59.0000
533.0000,228.0000,32.0000,60.0000
533.0000,228.0000,32.0000,60.0000
533.0000,228.0000,32.0000,60.0000
533.0000,228.0000,32.0000,60.0000
533.0000,228.0000,32.0000,60.0000
533.0000,228.0000,32.0000,60.0000
533.0000,228.0000,32.0000,60.0000
533.0000,228.0000,32.0000,60.0000
533.0000,228.0000,32.0000,60.0000
533.0000,228.0000,32.0000,60.0000
533.0000,228.0000,32.0000,60.0000
533.0000,228.0000,32.0000,60.0000
533.0000,228.0000,32.0000,60.0000
533.0000,228.0000,32.0000,60.0000
533.0000,228.0000,32.0000,60.0000
533.0000,228.0000,32.0000,60.0000
533.0000,228.0000,32.0000,60.0000
533.0000,228.0000,32.0000,60.0000
533.0000,228.0000,32.0000,60.0000
533.0000,228.0000,32.0000,60.0000
533.0000,228.0000,32.0000,60.0000
533.0000,228.0000,32.0000,60.0000
533.0000,228.0000,32.0000,60.0000
533.0000,228.0000,32.0000,60.0000
533.0000,228.0000,32.0000,60.0000
0
0
0
0
0
0
0
0
2
0
0
0
0
1
558.0000,161.0000,58.0000,77.0000
541.0000,159.0000,73.0000,74.0000
541.0000,159.0000,73.0000,74.0000
541.0000,159.0000,73.0000,74.0000
541.0000,159.0000,73.0000,74.0000
541.0000,159.0000,73.0000,74.0000
541.0000,159.0000,73.0000,74.0000
541.0000,159.0000,73.0000,74.0000
541.0000,159.0000,73.0000,74.0000
541.0000,159.0000,73.0000,74.0000
541.0000,159.0000,73.0000,74.0000
541.0000,159.0000,73.0000,74.0000
541.0000,159.0000,73.0000,74.0000
541.0000,159.0000,73.0000,74.0000
541.0000,159.0000,73.0000,74.0000
541.0000,159.0000,73.0000,74.0000
541.0000,159.0000,73.0000,74.0000
541.0000,159.0000,73.0000,74.0000
541.0000,159.0000,73.0000,74.0000
541.0000,159.0000,73.0000,74.0000
541.0000,159.0000,73.0000,74.0000
541.0000,159.0000,73.0000,74.0000
541.0000,159.0000,73.0000,74.0000
541.0000,159.0000,73.0000,74.0000
541.0000,159.0000,73.0000,74.0000
541.0000,159.0000,73.0000,74.0000
541.0000,159.0000,73.0000,74.0000
541.0000,159.0000,73.0000,74.0000
541.0000,159.0000,73.0000,74.0000
541.0000,159.0000,73.0000,74.0000
541.0000,159.0000,73.0000,74.0000
541.0000,159.0000,73.0000,74.0000
541.0000,159.0000,73.0000,74.0000
541.0000,159.0000,73.0000,74.0000
541.0000,159.0000,73.0000,74.0000
541.0000,159.0000,73.0000,74.0000
541.0000,159.0000,73.0000,74.0000
541.0000,159.0000,73.0000,74.0000
541.0000,159.0000,73.0000,74.0000
541.0000,159.0000,73.0000,74.0000
541.0000,159.0000,73.0000,74.0000
541.0000,159.0000,73.0000,74.0000
541.0000,159.0000,73.0000,74.0000
541.0000,159.0000,73.0000,74.0000
541.0000,159.0000,73.0000,74.0000
541.0000,159.0000,73.0000,74.0000
541.0000,159.0000,73.0000,74.0000
541.0000,159.0000,73.0000,74.0000
541.0000,159.0000,73.0000,74.0000
541.0000,159.0000,73.0000,74.0000
541.0000,159.0000,73.0000,74.0000
541.0000,159.0000,73.0000,74.0000
541.0000,159.0000,73.0000,74.0000
541.0000,159.0000,73.0000,74.0000
541.0000,159.0000,73.0000,74.0000
541.0000,159.0000,73.0000,74.0000
541.0000,159.0000,73.0000,74.0000
541.0000,159.0000,73.0000,74.0000
541.0000,159.0000,73.0000,74.0000
541.0000,159.0000,73.0000,74.0000
541.0000,159.0000,73.0000,74.0000
541.0000,159.0000,73.0000,74.0000
541.0000,159.0000,73.0000,74.0000
541.0000,159.0000,73.0000,74.0000
541.0000,159.0000,73.0000,74.0000
541.0000,159.0000,73.0000,74.0000
541.0000,159.0000,73.0000,74.0000
541.0000,159.0000,73.0000,74.0000
541.0000,159.0000,73.0000,74.0000
541.0000,159.0000,73.0000,74.0000
541.0000,159.0000,73.0000,74.0000
541.0000,159.0000,73.0000,74.0000
541.0000,159.0000,73.0000,74.0000
541.0000,159.0000,73.0000,74.0000
541.0000,159.0000,73.0000,74.0000
541.0000,159.0000,73.0000,74.0000
541.0000,159.0000,73.0000,74.0000
541.0000,159.0000,73.0000,74.0000
541.0000,159.0000,73.0000,74.0000
541.0000,159.0000,73.0000,74.0000
541.0000,159.0000,73.0000,74.0000
541.0000,159.0000,73.0000,74.0000
541.0000,159.0000,73.0000,74.0000
541.0000,159.0000,73.0000,74.0000
541.0000,159.0000,73.0000,74.0000
541.0000,159.0000,73.0000,74.0000
541.0000,159.0000,73.0000,74.0000
541.0000,159.0000,73.0000,74.0000
541.0000,159.0000,73.0000,74.0000
541.0000,159.0000,73.0000,74.0000
541.0000,159.0000,73.0000,74.0000
541.0000,159.0000,73.0000,74.0000
541.0000,159.0000,73.0000,74.0000
541.0000,159.0000,73.0000,74.0000
541.0000,159.0000,73.0000,74.0000
541.0000,159.0000,73.0000,74.0000
541.0000,159.0000,73.0000,74.0000
541.0000,159.0000,73.0000,74.0000
541.0000,159.0000,73.0000,74.0000
541.0000,159.0000,73.0000,74.0000
541.0000,159.0000,73.0000,74.0000
541.0000,159.0000,73.0000,74.0000
541.0000,159.0000,73.0000,74.0000
545.0000,163.0000,73.0000,74.0000
545.0000,163.0000,73.0000,74.0000
545.0000,163.0000,73.0000,74.0000
545.0000,163.0000,73.0000,74.0000
545.0000,163.0000,73.0000,74.0000
545.0000,163.0000,73.0000,74.0000
545.0000,163.0000,73.0000,74.0000
545.0000,163.0000,73.0000,74.0000
545.0000,163.0000,73.0000,74.0000
545.0000,163.0000,73.0000,74.0000
545.0000,163.0000,73.0000,74.0000
545.0000,163.0000,73.0000,74.0000
545.0000,163.0000,73.0000,74.0000
545.0000,163.0000,73.0000,74.0000
545.0000,163.0000,73.0000,74.0000
545.0000,163.0000,73.0000,74.0000
545.0000,163.0000,73.0000,74.0000
545.0000,163.0000,73.0000,74.0000
545.0000,163.0000,73.0000,74.0000
545.0000,163.0000,73.0000,74.0000
545.0000,163.0000,73.0000,74.0000
545.0000,163.0000,73.0000,74.0000
545.0000,163.0000,73.0000,74.0000
545.0000,163.0000,73.0000,74.0000
545.0000,163.0000,73.0000,74.0000
545.0000,163.0000,73.0000,74.0000
545.0000,163.0000,73.0000,74.0000
545.0000,163.0000,73.0000,74.0000
545.0000,163.0000,73.0000,74.0000
545.0000,163.0000,73.0000,74.0000
545.0000,163.0000,73.0000,74.0000
545.0000,163.0000,73.0000,74.0000
545.0000,163.0000,73.0000,74.0000
545.0000,163.0000,73.0000,74.0000
545.0000,163.0000,73.0000,74.0000
545.0000,163.0000,73.0000,74.0000
545.0000,163.0000,73.0000,74.0000
545.0000,163.0000,73.0000,74.0000
545.0000,163.0000,73.0000,74.0000
545.0000,163.0000,73.0000,74.0000
545.0000,163.0000,73.0000,74.0000
545.0000,163.0000,73.0000,74.0000
545.0000,163.0000,73.0000,74.0000
545.0000,163.0000,73.0000,74.0000
545.0000,163.0000,73.0000,74.0000
545.0000,163.0000,73.0000,74.0000
545.0000,163.0000,73.0000,74.0000
545.0000,163.0000,73.0000,74.0000
545.0000,163.0000,73.0000,74.0000
2
0
0
0
0
0
0
0
0
0
0
0
0
0
0
0
0
0
0
0
0
0
0
0
0
0
0
0
0
0
0
0
0
0
0
0
0
0
0
0
0
0
0
0
0
0
0
0
0
0
0
0
0
508.0000,152.0000,73.0000,74.0000
0
0
0
0
1
494.0000,103.0000,80.0000,69.0000
495.0000,103.0000,79.0000,69.0000
495.0000,103.0000,79.0000,69.0000
495.0000,103.0000,79.0000,69.0000
495.0000,103.0000,79.0000,69.0000
495.0000,103.0000,79.0000,69.0000
495.0000,103.0000,79.0000,69.0000
495.0000,103.0000,79.0000,69.0000
495.0000,103.0000,79.0000,69.0000
495.0000,103.0000,79.0000,69.0000
495.0000,103.0000,79.0000,69.0000
495.0000,103.0000,79.0000,69.0000
495.0000,103.0000,79.0000,69.0000
495.0000,103.0000,79.0000,69.0000
495.0000,103.0000,79.0000,69.0000
495.0000,103.0000,79.0000,69.0000
495.0000,103.0000,79.0000,69.0000
495.0000,103.0000,79.0000,69.0000
495.0000,103.0000,79.0000,69.0000
495.0000,103.0000,79.0000,69.0000
495.0000,103.0000,79.0000,69.0000
495.0000,103.0000,79.0000,69.0000
495.0000,103.0000,79.0000,69.0000
495.0000,103.0000,79.0000,69.0000
495.0000,103.0000,79.0000,69.0000
495.0000,103.0000,79.0000,69.0000
495.0000,103.0000,79.0000,69.0000
495.0000,103.0000,79.0000,69.0000
495.0000,103.0000,79.0000,69.0000
495.0000,103.0000,79.0000,69.0000
495.0000,103.0000,79.0000,69.0000
495.0000,103.0000,79.0000,69.0000
495.0000,103.0000,79.0000,69.0000
495.0000,103.0000,79.0000,69.0000
495.0000,103.0000,79.0000,69.0000
495.0000,103.0000,79.0000,69.0000
495.0000,103.0000,79.0000,69.0000
495.0000,103.0000,79.0000,69.0000
495.0000,103.0000,79.0000,69.0000
495.0000,103.0000,79.0000,69.0000
495.0000,103.0000,79.0000,69.0000
495.0000,103.0000,79.0000,69.0000
495.0000,103.0000,79.0000,69.0000
495.0000,103.0000,79.0000,69.0000
495.0000,103.0000,79.0000,69.0000
495.0000,103.0000,79.0000,69.0000
495.0000,103.0000,79.0000,69.0000
495.0000,103.0000,79.0000,69.0000
495.0000,103.0000,79.0000,69.0000
495.0000,103.0000,79.0000,69.0000
495.0000,103.0000,79.0000,69.0000
495.0000,103.0000,79.0000,69.0000
495.0000,103.0000,79.0000,69.0000
495.0000,103.0000,79.0000,69.0000
495.0000,103.0000,79.0000,69.0000
495.0000,103.0000,79.0000,69.0000
495.0000,103.0000,79.0000,69.0000
495.0000,103.0000,79.0000,69.0000
495.0000,103.0000,79.0000,69.0000
495.0000,103.0000,79.0000,69.0000
495.0000,103.0000,79.0000,69.0000
495.0000,103.0000,79.0000,69.0000
495.0000,103.0000,79.0000,69.0000
495.0000,103.0000,79.0000,69.0000
495.0000,103.0000,79.0000,69.0000
495.0000,103.0000,79.0000,69.0000
495.0000,103.0000,79.0000,69.0000
495.0000,103.0000,79.0000,69.0000
495.0000,103.0000,79.0000,69.0000
495.0000,103.0000,79.0000,69.0000
495.0000,103.0000,79.0000,69.0000
495.0000,103.0000,79.0000,69.0000
495.0000,103.0000,79.0000,69.0000
495.0000,103.0000,79.0000,69.0000
495.0000,103.0000,79.0000,69.0000
495.0000,103.0000,79.0000,69.0000
495.0000,103.0000,79.0000,69.0000
495.0000,103.0000,79.0000,69.0000
495.0000,103.0000,79.0000,69.0000
495.0000,103.0000,79.0000,69.0000
495.0000,103.0000,79.0000,69.0000
495.0000,103.0000,79.0000,69.0000
495.0000,103.0000,79.0000,69.0000
495.0000,103.0000,79.0000,69.0000
495.0000,103.0000,79.0000,69.0000
495.0000,103.0000,79.0000,69.0000
495.0000,103.0000,79.0000,69.0000
495.0000,103.0000,79.0000,69.0000
495.0000,103.0000,79.0000,69.0000
495.0000,103.0000,79.0000,69.0000
495.0000,103.0000,79.0000,69.0000
495.0000,103.0000,79.0000,69.0000
495.0000,103.0000,79.0000,69.0000
495.0000,103.0000,79.0000,69.0000
495.0000,103.0000,79.0000,69.0000
495.0000,103.0000,80.0000,69.0000
495.0000,103.0000,80.0000,69.0000
495.0000,103.0000,80.0000,69.0000
495.0000,103.0000,80.0000,69.0000
495.0000,103.0000,80.0000,69.0000
495.0000,103.0000,80.0000,69.0000
495.0000,103.0000,80.0000,69.0000
495.0000,103.0000,80.0000,69.0000
495.0000,103.0000,80.0000,69.0000
495.0000,103.0000,80.0000,69.0000
495.0000,103.0000,80.0000,69.0000
495.0000,103.0000,80.0000,69.0000
495.0000,103.0000,80.0000,69.0000
495.0000,103.0000,80.0000,69.0000
495.0000,103.0000,80.0000,69.0000
495.0000,103.0000,80.0000,69.0000
495.0000,103.0000,80.0000,69.0000
495.0000,103.0000,80.0000,69.0000
495.0000,103.0000,80.0000,69.0000
495.0000,103.0000,80.0000,69.0000
495.0000,103.0000,80.0000,69.0000
495.0000,103.0000,80.0000,69.0000
495.0000,103.0000,80.0000,69.0000
495.0000,103.0000,80.0000,69.0000
495.0000,103.0000,80.0000,69.0000
495.0000,103.0000,80.0000,69.0000
495.0000,103.0000,80.0000,69.0000
495.0000,103.0000,80.0000,69.0000
495.0000,103.0000,80.0000,69.0000
495.0000,103.0000,80.0000,69.0000
495.0000,103.0000,80.0000,69.0000
495.0000,103.0000,80.0000,69.0000
495.0000,103.0000,80.0000,69.0000
495.0000,103.0000,80.0000,69.0000
495.0000,103.0000,80.0000,69.0000
495.0000,103.0000,80.0000,69.0000
495.0000,103.0000,80.0000,69.0000
495.0000,103.0000,80.0000,69.0000
495.0000,103.0000,80.0000,69.0000
495.0000,103.0000,80.0000,69.0000
495.0000,103.0000,80.0000,69.0000
495.0000,103.0000,80.0000,69.0000
495.0000,103.0000,80.0000,69.0000
495.0000,103.0000,80.0000,69.0000
495.0000,103.0000,80.0000,69.0000
495.0000,103.0000,80.0000,69.0000
495.0000,103.0000,80.0000,69.0000
495.0000,103.0000,80.0000,69.0000
495.0000,103.0000,80.0000,69.0000
495.0000,103.0000,80.0000,69.0000
495.0000,103.0000,80.0000,69.0000
2
0
0
0
0
0
0
0
0
0
0
0
0
0
0
0
0
0
0
0
0
0
0
0
0
0
0
0
0
0
0
0
0
0
0
0
0
0
0
0
0
0
0
0
0
0
0
0
0
0
0
0
0
518.0000,145.0000,76.0000,68.0000
0
0
0
0
1
541.0000,100.0000,79.0000,63.0000
541.0000,100.0000,79.0000,64.0000
541.0000,100.0000,79.0000,64.0000
541.0000,100.0000,79.0000,64.0000
541.0000,100.0000,79.0000,64.0000
541.0000,100.0000,79.0000,64.0000
541.0000,100.0000,79.0000,64.0000
541.0000,100.0000,79.0000,64.0000
541.0000,100.0000,79.0000,64.0000
541.0000,100.0000,79.0000,64.0000
541.0000,100.0000,79.0000,64.0000
541.0000,100.0000,79.0000,64.0000
541.0000,100.0000,79.0000,64.0000
541.0000,100.0000,79.0000,64.0000
541.0000,100.0000,79.0000,64.0000
541.0000,100.0000,79.0000,64.0000
541.0000,100.0000,79.0000,64.0000
541.0000,100.0000,79.0000,64.0000
541.0000,100.0000,79.0000,64.0000
541.0000,100.0000,79.0000,64.0000
541.0000,100.0000,79.0000,64.0000
541.0000,100.0000,79.0000,64.0000
541.0000,100.0000,79.0000,64.0000
541.0000,100.0000,79.0000,64.0000
541.0000,100.0000,79.0000,64.0000
541.0000,100.0000,79.0000,64.0000
541.0000,100.0000,79.0000,64.0000
541.0000,100.0000,79.0000,64.0000
541.0000,100.0000,79.0000,64.0000
541.0000,100.0000,79.0000,64.0000
541.0000,100.0000,79.0000,64.0000
541.0000,100.0000,79.0000,64.0000
541.0000,100.0000,79.0000,64.0000
541.0000,100.0000,79.0000,64.0000
541.0000,100.0000,79.0000,64.0000
541.0000,100.0000,79.0000,64.0000
541.0000,100.0000,79.0000,64.0000
541.0000,100.0000,79.0000,64.0000
541.0000,100.0000,79.0000,64.0000
541.0000,100.0000,79.0000,64.0000
541.0000,100.0000,79.0000,64.0000
541.0000,100.0000,79.0000,64.0000
541.0000,100.0000,79.0000,64.0000
541.0000,100.0000,79.0000,64.0000
541.0000,100.0000,79.0000,64.0000
541.0000,100.0000,79.0000,64.0000
541.0000,100.0000,79.0000,64.0000
541.0000,100.0000,79.0000,64.0000
541.0000,100.0000,79.0000,64.0000
541.0000,100.0000,79.0000,64.0000
541.0000,100.0000,79.0000,64.0000
541.0000,100.0000,79.0000,64.0000
541.0000,100.0000,79.0000,64.0000
541.0000,100.0000,79.0000,64.0000
541.0000,100.0000,79.0000,64.0000
541.0000,100.0000,79.0000,64.0000
541.0000,100.0000,79.0000,64.0000
541.0000,100.0000,79.0000,64.0000
541.0000,100.0000,79.0000,64.0000
541.0000,100.0000,79.0000,64.0000
541.0000,100.0000,79.0000,64.0000
541.0000,100.0000,79.0000,64.0000
541.0000,100.0000,79.0000,64.0000
541.0000,100.0000,79.0000,64.0000
541.0000,100.0000,79.0000,64.0000
541.0000,100.0000,79.0000,64.0000
541.0000,100.0000,79.0000,64.0000
541.0000,100.0000,79.0000,64.0000
541.0000,100.0000,79.0000,64.0000
541.0000,100.0000,79.0000,64.0000
541.0000,100.0000,79.0000,64.0000
541.0000,100.0000,79.0000,64.0000
541.0000,100.0000,79.0000,64.0000
541.0000,100.0000,79.0000,64.0000
541.0000,100.0000,79.0000,64.0000
541.0000,100.0000,79.0000,64.0000
541.0000,100.0000,79.0000,64.0000
541.0000,100.0000,79.0000,64.0000
541.0000,100.0000,79.0000,64.0000
541.0000,100.0000,79.0000,64.0000
541.0000,100.0000,79.0000,64.0000
541.0000,100.0000,79.0000,64.0000
541.0000,100.0000,79.0000,64.0000
541.0000,100.0000,79.0000,64.0000
541.0000,100.0000,79.0000,64.0000
541.0000,100.0000,79.0000,64.0000
541.0000,100.0000,79.0000,64.0000
541.0000,100.0000,79.0000,64.0000
541.0000,100.0000,79.0000,64.0000
541.0000,100.0000,79.0000,64.0000
541.0000,100.0000,79.0000,64.0000
541.0000,100.0000,79.0000,64.0000
541.0000,100.0000,79.0000,64.0000
541.0000,100.0000,79.0000,64.0000
541.0000,100.0000,79.0000,64.0000
541.0000,100.0000,79.0000,64.0000
541.0000,100.0000,79.0000,64.0000
541.0000,100.0000,79.0000,64.0000
541.0000,100.0000,79.0000,64.0000
541.0000,100.0000,79.0000,64.0000
541.0000,100.0000,79.0000,64.0000
541.0000,100.0000,79.0000,64.0000
541.0000,100.0000,79.0000,64.0000
541.0000,100.0000,79.0000,64.0000
541.0000,100.0000,79.0000,64.0000
541.0000,100.0000,79.0000,64.0000
541.0000,100.0000,79.0000,64.0000
541.0000,100.0000,79.0000,64.0000
541.0000,100.0000,79.0000,64.0000
541.0000,100.0000,79.0000,64.0000
541.0000,100.0000,79.0000,64.0000
541.0000,100.0000,79.0000,64.0000
541.0000,100.0000,79.0000,64.0000
541.0000,100.0000,79.0000,64.0000
541.0000,100.0000,79.0000,64.0000
541.0000,100.0000,79.0000,64.0000
541.0000,100.0000,79.0000,64.0000
541.0000,100.0000,79.0000,64.0000
541.0000,100.0000,79.0000,64.0000
541.0000,100.0000,79.0000,64.0000
541.0000,100.0000,79.0000,64.0000
541.0000,100.0000,79.0000,64.0000
541.0000,100.0000,79.0000,64.0000
541.0000,100.0000,79.0000,64.0000
541.0000,100.0000,79.0000,64.0000
541.0000,100.0000,79.0000,64.0000
541.0000,100.0000,79.0000,64.0000
541.0000,100.0000,79.0000,64.0000
541.0000,100.0000,79.0000,64.0000
541.0000,100.0000,79.0000,64.0000
541.0000,100.0000,79.0000,64.0000
541.0000,100.0000,79.0000,64.0000
541.0000,100.0000,79.0000,64.0000
541.0000,100.0000,79.0000,64.0000
541.0000,100.0000,79.0000,64.0000
541.0000,100.0000,79.0000,64.0000
541.0000,100.0000,79.0000,64.0000
541.0000,100.0000,79.0000,64.0000
541.0000,100.0000,79.0000,64.0000
541.0000,100.0000,79.0000,64.0000
541.0000,100.0000,79.0000,64.0000
541.0000,100.0000,79.0000,64.0000
541.0000,100.0000,79.0000,64.0000
541.0000,100.0000,79.0000,64.0000
541.0000,100.0000,79.0000,64.0000
541.0000,100.0000,79.0000,64.0000
541.0000,100.0000,79.0000,64.0000
541.0000,100.0000,79.0000,64.0000
541.0000,100.0000,79.0000,64.0000
541.0000,100.0000,79.0000,64.0000
541.0000,100.0000,79.0000,64.0000
541.0000,100.0000,79.0000,64.0000
541.0000,100.0000,79.0000,64.0000
541.0000,100.0000,79.0000,64.0000
541.0000,100.0000,79.0000,64.0000
541.0000,100.0000,79.0000,64.0000
541.0000,100.0000,79.0000,64.0000
541.0000,100.0000,79.0000,64.0000
541.0000,100.0000,79.0000,64.0000
541.0000,100.0000,79.0000,64.0000
541.0000,100.0000,79.0000,64.0000
541.0000,100.0000,79.0000,64.0000
541.0000,100.0000,79.0000,64.0000
541.0000,100.0000,79.0000,64.0000
541.0000,100.0000,79.0000,64.0000
541.0000,100.0000,79.0000,64.0000
541.0000,100.0000,79.0000,64.0000
541.0000,100.0000,79.0000,64.0000
541.0000,100.0000,79.0000,64.0000
541.0000,100.0000,79.0000,64.0000
541.0000,100.0000,79.0000,64.0000
541.0000,100.0000,79.0000,64.0000
541.0000,100.0000,79.0000,64.0000
541.0000,100.0000,79.0000,64.0000
541.0000,100.0000,79.0000,64.0000
541.0000,100.0000,79.0000,64.0000
541.0000,100.0000,79.0000,64.0000
541.0000,100.0000,79.0000,64.0000
541.0000,100.0000,79.0000,64.0000
541.0000,100.0000,79.0000,64.0000
541.0000,100.0000,79.0000,64.0000
541.0000,100.0000,79.0000,64.0000
541.0000,100.0000,79.0000,64.0000
541.0000,100.0000,79.0000,64.0000
541.0000,100.0000,79.0000,64.0000
541.0000,100.0000,79.0000,64.0000
541.0000,100.0000,79.0000,64.0000
541.0000,100.0000,79.0000,64.0000
541.0000,100.0000,79.0000,64.0000
541.0000,100.0000,79.0000,64.0000
541.0000,100.0000,79.0000,64.0000
541.0000,100.0000,79.0000,64.0000
541.0000,100.0000,79.0000,64.0000
541.0000,100.0000,79.0000,64.0000
541.0000,100.0000,79.0000,64.0000
541.0000,100.0000,79.0000,64.0000
541.0000,100.0000,79.0000,64.0000
541.0000,100.0000,79.0000,64.0000
541.0000,100.0000,79.0000,64.0000
541.0000,100.0000,79.0000,64.0000
541.0000,100.0000,79.0000,64.0000
541.0000,100.0000,79.0000,64.0000
541.0000,100.0000,79.0000,64.0000
541.0000,100.0000,79.0000,64.0000
541.0000,100.0000,79.0000,64.0000
542.0000,133.0000,82.0000,67.0000
542.0000,133.0000,82.0000,67.0000
542.0000,133.0000,82.0000,67.0000
542.0000,133.0000,82.0000,67.0000
542.0000,133.0000,82.0000,67.0000
542.0000,133.0000,82.0000,67.0000
542.0000,133.0000,82.0000,67.0000
542.0000,133.0000,82.0000,67.0000
542.0000,133.0000,82.0000,67.0000
542.0000,133.0000,82.0000,67.0000
542.0000,133.0000,82.0000,67.0000
542.0000,133.0000,82.0000,67.0000
542.0000,133.0000,82.0000,67.0000
542.0000,133.0000,82.0000,67.0000
542.0000,133.0000,82.0000,67.0000
542.0000,133.0000,82.0000,67.0000
542.0000,133.0000,82.0000,67.0000
542.0000,133.0000,82.0000,67.0000
542.0000,133.0000,82.0000,67.0000
542.0000,133.0000,82.0000,67.0000
542.0000,133.0000,82.0000,67.0000
542.0000,133.0000,82.0000,67.0000
542.0000,133.0000,82.0000,67.0000
542.0000,133.0000,82.0000,67.0000
542.0000,133.0000,82.0000,67.0000
542.0000,133.0000,82.0000,67.0000
542.0000,133.0000,82.0000,67.0000
542.0000,133.0000,82.0000,67.0000
0
0
0
0
0
0
0
0
0
0
0
0
0
0
0
0
0
0
0
0
0
0
0
0
0
0
0
0
0
0
0
0
0
0
0
0
0
0
0
0
0
0
0
0
0
0
0
0
0
0
0
0
0
0
0
0
0
0
0
0
0
0
0
0
0
0
0
0
0
0
0
0
0
0
0
0
0
0
0
0
2
0
0
0
0
1
643.0000,87.0000,80.0000,69.0000
644.0000,87.0000,79.0000,69.0000
644.0000,87.0000,79.0000,69.0000
644.0000,87.0000,79.0000,69.0000
644.0000,87.0000,79.0000,69.0000
644.0000,87.0000,79.0000,69.0000
644.0000,87.0000,79.0000,69.0000
644.0000,87.0000,79.0000,69.0000
644.0000,87.0000,79.0000,69.0000
644.0000,87.0000,79.0000,69.0000
644.0000,87.0000,79.0000,69.0000
644.0000,87.0000,79.0000,69.0000
644.0000,87.0000,79.0000,69.0000
644.0000,87.0000,79.0000,69.0000
644.0000,87.0000,79.0000,69.0000
644.0000,87.0000,79.0000,69.0000
644.0000,87.0000,79.0000,69.0000
644.0000,87.0000,79.0000,69.0000
644.0000,87.0000,79.0000,69.0000
644.0000,87.0000,79.0000,69.0000
644.0000,87.0000,79.0000,69.0000
644.0000,87.0000,79.0000,69.0000
644.0000,87.0000,79.0000,69.0000
644.0000,87.0000,79.0000,69.0000
644.0000,87.0000,79.0000,69.0000
644.0000,87.0000,79.0000,69.0000
644.0000,87.0000,79.0000,69.0000
644.0000,87.0000,79.0000,69.0000
644.0000,87.0000,79.0000,69.0000
644.0000,87.0000,79.0000,69.0000
644.0000,87.0000,79.0000,69.0000
644.0000,87.0000,79.0000,69.0000
644.0000,87.0000,79.0000,69.0000
644.0000,87.0000,79.0000,69.0000
644.0000,87.0000,79.0000,69.0000
644.0000,87.0000,79.0000,69.0000
644.0000,87.0000,79.0000,69.0000
644.0000,87.0000,79.0000,69.0000
644.0000,87.0000,79.0000,69.0000
644.0000,87.0000,79.0000,69.0000
644.0000,87.0000,79.0000,69.0000
644.0000,87.0000,79.0000,69.0000
644.0000,87.0000,79.0000,69.0000
644.0000,87.0000,79.0000,69.0000
644.0000,87.0000,79.0000,69.0000
644.0000,87.0000,79.0000,69.0000
644.0000,87.0000,79.0000,69.0000
644.0000,87.0000,79.0000,69.0000
644.0000,87.0000,79.0000,69.0000
644.0000,87.0000,79.0000,69.0000
644.0000,87.0000,79.0000,69.0000
644.0000,87.0000,79.0000,69.0000
644.0000,87.0000,79.0000,69.0000
644.0000,87.0000,79.0000,69.0000
644.0000,87.0000,79.0000,69.0000
644.0000,87.0000,79.0000,69.0000
644.0000,87.0000,79.0000,69.0000
644.0000,87.0000,79.0000,69.0000
644.0000,87.0000,79.0000,69.0000
644.0000,87.0000,79.0000,69.0000
644.0000,87.0000,79.0000,69.0000
644.0000,87.0000,79.0000,69.0000
644.0000,87.0000,79.0000,69.0000
644.0000,87.0000,79.0000,69.0000
644.0000,87.0000,79.0000,69.0000
644.0000,87.0000,79.0000,69.0000
644.0000,87.0000,79.0000,69.0000
644.0000,87.0000,79.0000,69.0000
644.0000,87.0000,79.0000,69.0000
644.0000,87.0000,79.0000,69.0000
644.0000,87.0000,79.0000,69.0000
644.0000,87.0000,79.0000,69.0000
644.0000,87.0000,79.0000,69.0000
644.0000,87.0000,79.0000,69.0000
644.0000,87.0000,79.0000,69.0000
644.0000,87.0000,79.0000,69.0000
644.0000,87.0000,79.0000,69.0000
644.0000,87.0000,79.0000,69.0000
644.0000,87.0000,79.0000,69.0000
644.0000,87.0000,79.0000,69.0000
644.0000,87.0000,79.0000,69.0000
644.0000,87.0000,79.0000,69.0000
644.0000,87.0000,79.0000,69.0000
644.0000,87.0000,79.0000,69.0000
644.0000,87.0000,79.0000,69.0000
644.0000,87.0000,79.0000,69.0000
644.0000,87.0000,79.0000,69.0000
644.0000,87.0000,79.0000,69.0000
644.0000,87.0000,79.0000,69.0000
644.0000,87.0000,79.0000,69.0000
644.0000,87.0000,79.0000,69.0000
644.0000,87.0000,79.0000,69.0000
644.0000,87.0000,79.0000,69.0000
644.0000,87.0000,79.0000,69.0000
644.0000,87.0000,79.0000,69.0000
644.0000,87.0000,79.0000,69.0000
644.0000,87.0000,79.0000,69.0000
644.0000,87.0000,79.0000,69.0000
644.0000,87.0000,79.0000,69.0000
644.0000,87.0000,79.0000,69.0000
644.0000,87.0000,79.0000,69.0000
644.0000,87.0000,79.0000,69.0000
644.0000,87.0000,79.0000,69.0000
644.0000,87.0000,79.0000,69.0000
644.0000,87.0000,79.0000,69.0000
644.0000,87.0000,79.0000,69.0000
644.0000,87.0000,79.0000,69.0000
644.0000,87.0000,79.0000,69.0000
644.0000,87.0000,79.0000,69.0000
644.0000,87.0000,79.0000,69.0000
644.0000,87.0000,79.0000,69.0000
644.0000,87.0000,79.0000,69.0000
644.0000,87.0000,79.0000,69.0000
644.0000,87.0000,79.0000,69.0000
644.0000,87.0000,79.0000,69.0000
644.0000,87.0000,79.0000,69.0000
644.0000,87.0000,79.0000,69.0000
644.0000,87.0000,79.0000,69.0000
644.0000,87.0000,79.0000,69.0000
644.0000,87.0000,79.0000,69.0000
644.0000,87.0000,79.0000,69.0000
644.0000,87.0000,79.0000,69.0000
644.0000,87.0000,79.0000,69.0000
644.0000,87.0000,79.0000,69.0000
644.0000,87.0000,79.0000,69.0000
644.0000,87.0000,79.0000,69.0000
644.0000,87.0000,79.0000,69.0000
644.0000,87.0000,79.0000,69.0000
644.0000,87.0000,79.0000,69.0000
644.0000,87.0000,79.0000,69.0000
664.0000,101.0000,79.0000,69.0000
664.0000,101.0000,79.0000,69.0000
664.0000,101.0000,79.0000,69.0000
664.0000,101.0000,79.0000,69.0000
664.0000,101.0000,79.0000,69.0000
664.0000,101.0000,79.0000,69.0000
664.0000,101.0000,79.0000,69.0000
664.0000,101.0000,79.0000,69.0000
664.0000,101.0000,79.0000,69.0000
664.0000,101.0000,79.0000,69.0000
664.0000,101.0000,79.0000,69.0000
664.0000,101.0000,79.0000,69.0000
664.0000,101.0000,79.0000,69.0000
664.0000,101.0000,79.0000,69.0000
664.0000,101.0000,79.0000,69.0000
664.0000,101.0000,79.0000,69.0000
664.0000,101.0000,79.0000,69.0000
664.0000,101.0000,79.0000,69.0000
664.0000,101.0000,79.0000,69.0000
2
0
0
0
0
0
0
0
0
0
0
0
0
0
0
0
0
0
0
0
0
0
0
0
0
0
0
0
0
0
0
0
0
0
0
0
0
0
0
0
0
0
0
0
0
0
0
0
0
0
0
0
0
0
0
0
0
0
0
0
0
0
0
0
0
0
0
0
0
0
0
0
0
0
0
0
0
0
0
0
0
679.0000,138.0000,79.0000,69.0000
0
0
0
0
1
685.0000,181.0000,21.0000,55.0000
681.0000,197.0000,20.0000,52.0000
681.0000,197.0000,20.0000,52.0000
681.0000,197.0000,20.0000,52.0000
2
0
0
0
0
