0.000152
0.038987
0.021865
0.021348
0.022675
0.021912
0.021715
0.02201
0.021317
0.022094
0.02193
0.02164
0.022429
0.022067
0.022425
0.022093
0.022312
0.022305
0.022272
0.022272
0.022927
0.022096
0.021659
0.022048
0.022208
0.022239
0.021706
0.021857
0.022255
0.022306
0.022031
0.021046
0.021772
0.021739
0.021628
0.021878
0.021488
0.022517
0.021173
0.021184
0.021046
0.021392
0.021234
0.020814
0.022331
0.021088
0.02197
0.021534
0.018289
0.0181
0.017648
0.017483
0.021217
0.021192
0.02138
0.021748
0.018177
0.02126
0.018765
0.021934
0.02178
0.022002
0.019095
0.021522
0.021171
0.021068
0.020936
0.022435
0.02165
0.02179
0.021869
0.022289
0.021269
0.021982
0.022205
0.021776
0.02111
0.021177
0.021342
0.021633
0.020745
0.021501
0.020814
0.020963
0.02149
0.021194
0.021873
0.02195
0.021703
0.02151
0.021512
0.021333
0.022436
0.021806
0.02139
0.021821
0.021921
0.021966
0.022495
0.018703
0.019
0.022269
0.019167
0.023485
0.019092
0.022156
0.022766
0.02265
0.023071
0.019751
0.022314
0.019104
0.019661
0.021941
0.022358
0.022351
0.022672
0.018618
0.021701
0.018932
0.018953
0.018775
0.021853
0.019559
0.01985
0.020677
0.022497
0.02253
0.019221
0.021694
0.021406
0.023189
0.021701
0.018741
0.019218
0.02265
0.022485
0.022523
0.021563
0.022144
0.022032
0.022542
0.021814
0.021634
0.021944
0.018745
0.018958
0.023263
0.022809
0.018974
0.022236
0.01881
0.022408
0.022549
0.022497
0.022461
0.019035
0.018962
0.018843
0.022504
0.018852
0.022365
0.021929
0.02268
0.021759
0.021973
0.018681
0.022859
0.022824
0.019765
0.019882
0.019734
0.019899
0.022717
0.023133
0.023028
0.020358
0.019126
0.019069
0.018792
0.022246
0.018728
0.022118
0.022523
0.022824
0.022859
0.01903
0.018653
0.019148
0.022281
0.019378
0.019518
0.022953
0.020164
0.019204
0.019141
0.018543
0.02181
0.02191
0.021722
0.022029
0.018389
0.019043
0.018274
0.022213
0.018281
0.018439
0.018516
0.018639
0.018174
0.018128
0.018449
0.018539
0.018499
0.018437
0.021675
0.018238
0.019986
0.019033
0.020898
0.02159
0.022234
0.021546
0.020982
0.021143
0.021824
0.021307
0.021098
0.02119
0.020819
0.021091
0.021252
0.021076
0.021015
0.021784
0.020879
0.021334
0.021969
0.021641
0.020786
0.020962
0.021007
0.021019
0.021113
0.021532
0.021071
0.020712
0.021245
0.021155
0.021544
0.021493
0.021701
0.021241
0.021237
0.021173
0.021187
0.021509
0.021562
0.020914
0.021084
0.021152
0.022297
0.021999
0.021403
0.021606
0.021542
0.021209
0.02112
0.021205
0.021235
0.021395
0.021136
0.021338
0.021292
0.020904
0.021419
0.02141
0.02141
0.021004
0.02088
0.021126
0.021476
0.021356
0.021237
0.020904
0.022621
0.021436
0.021825
0.022361
0.02289
0.022129
0.022205
0.022745
0.021833
0.021966
0.021404
0.021764
0.022538
0.021553
0.021837
0.021605
0.021736
0.022092
0.022057
0.021269
0.021449
0.021542
0.022013
0.022321
0.021862
0.021566
0.0217
0.02157
0.022162
0.022311
0.02169
0.022105
0.02201
0.022227
0.021985
0.021974
0.021846
0.021583
0.02153
0.02131
0.021472
0.021307
0.020702
0.02241
0.021434
0.021405
0.021487
0.022612
0.021916
0.022026
0.021905
0.02143
0.021937
0.021533
0.021655
0.02224
0.021586
0.021779
0.022735
0.022593
0.022986
0.022558
0.02245
0.021814
0.021221
0.02173
0.022081
0.022665
0.021217
0.023102
0.021849
0.024142
0.022117
0.021085
0.021954
0.022695
0.022832
0.021896
0.02202
0.022201
0.022451
0.023243
0.022623
0.023189
0.022204
0.02225
0.021548
0.022002
0.022705
0.021863
0.022238
0.023374
0.021715
0.021673
0.021831
0.021733
0.021969
0.021666
0.021717
0.021446
0.021751
0.021553
0.022256
0.021933
0.021368
0.022439
0.021284
0.021592
0.021111
0.022662
0.021483
0.021179
0.021238
0.021074
0.021088
0.021195
0.020855
0.021219
0.020827
0.021141
0.020935
0.021195
0.020918
0.021677
0.021539
0.021918
0.021848
0.021871
0.021201
0.020886
0.020724
0.020712
0.020451
0.021124
0.021185
0.021126
0.020819
0.02126
0.020813
0.020979
0.020877
0.020963
0.021158
0.021035
0.021036
0.020645
0.021
0.022117
0.021349
0.020943
0.02103
0.021325
0.020859
0.020496
0.02152
0.021169
0.021166
0.020985
0.02151
0.020709
0.022041
0.021447
0.021561
0.021606
0.02087
0.020964
0.020514
0.020623
0.020397
0.020281
0.020334
0.020697
0.021291
0.020895
0.020999
0.021001
0.020945
0.020792
0.021303
0.021377
0.020794
0.021081
0.021712
0.021809
0.021472
0.021225
0.021795
0.021051
0.020031
0.020086
0.021856
0.020608
0.020938
0.020166
0.020695
0.020954
0.022226
0.020345
0.020138
0.019497
0.020348
0.020307
0.019861
0.020113
0.020815
0.019971
0.019675
0.020729
0.019887
0.018938
0.018735
0.019868
0.019742
0.020573
0.019665
0.019659
0.020008
0.019377
0.019564
0.020149
0.020126
0.019866
0.019974
0.02071
0.020003
0.020152
0.021067
0.02019
0.019987
0.020043
0.020049
0.020194
0.020594
0.020499
0.02021
0.021558
0.021067
0.021629
0.020751
0.021113
0.020828
0.021002
0.02064
0.020743
0.021734
0.020434
0.020381
0.020679
0.020488
0.020526
0.020312
0.02056
0.020537
0.02043
0.020525
0.020918
0.020276
0.01963
0.020181
0.019802
0.020624
0.020119
0.020824
0.017202
0.021557
0.020108
0.019932
0.020726
0.020473
0.02175
0.021454
0.020462
0.020675
0.020397
0.02157
0.020543
0.021214
0.020559
0.020506
0.021223
0.020784
0.021671
0.020571
0.020379
0.020865
0.021011
0.020551
0.020566
0.020348
0.021732
0.020498
0.020743
0.02114
0.020684
0.020608
0.020246
0.021079
0.019842
0.020533
0.019586
0.019578
0.020014
0.019456
0.020629
0.019992
0.020569
0.021195
0.019751
0.020727
0.021621
0.021679
0.021987
0.021514
0.020467
0.020953
0.021627
0.021254
0.020624
0.018969
0.021998
0.019784
0.021063
0.020676
0.0209
0.021095
0.021524
0.019374
0.019545
0.019554
0.022405
0.020331
0.019475
0.020435
0.020599
0.020292
0.020535
0.020602
0.022281
0.022663
0.02058
0.020607
0.020628
0.020826
0.019999
0.02001
0.020056
0.020137
0.020369
0.020502
0.020526
0.020157
0.020639
0.021073
0.020433
0.020736
0.020503
0.020352
0.020242
0.020209
0.019394
0.020401
0.020825
0.020078
0.02036
0.020346
0.019684
0.020475
0.020567
0.020657
0.019614
0.020332
0.019805
0.020421
0.019779
0.021606
0.020461
