0.031081
0.040509
0.029423
0.026923
0.030355
0.033058
0.028222
0.027275
0.023045
0.021912
0.020985
0.020395
0.019906
0.019545
0.020165
0.019588
0.019457
0.019521
0.023006
0.023344
0.020655
0.020051
0.019791
0.019614
0.019864
0.019813
0.019691
0.025151
0.019808
0.01984
0.020472
0.01965
0.019835
0.021107
0.020638
0.019652
0.01984
0.024136
0.022217
0.019721
0.02361
0.019609
0.019813
0.020639
0.019999
0.019865
0.019679
0.019787
0.019858
0.019786
0.021234
0.019785
0.020467
0.019699
0.019776
0.020008
0.019789
0.019597
0.019796
0.020104
0.024861
0.02043
0.02251
0.026596
0.021407
0.025672
0.023203
0.022082
0.02158
0.021077
0.02044
0.020067
0.019744
0.019718
0.021976
0.024387
0.02662
0.020888
0.021546
0.019901
0.020716
0.020098
0.019748
0.021718
0.019947
0.021047
0.019879
0.019724
0.019861
0.024253
0.020767
0.02008
0.020607
0.020149
0.019712
0.020984
0.019965
0.019771
0.019806
0.019626
0.019778
0.023089
0.020119
0.020921
0.019847
0.019726
0.020903
0.020033
0.020418
0.020064
0.019884
0.019845
0.019703
0.019987
0.020856
0.019769
0.019808
0.02093
0.022946
0.024859
0.021852
0.020734
0.020066
0.021196
0.019702
0.019687
0.019769
0.020806
0.019754
0.022307
0.02066
0.020184
0.019924
0.01965
0.019627
0.021011
0.020858
0.019681
