0.000492,0.001761,0.000781,0,0,0,0,0,0,0,0,0,0,0,0
6.7177,6.9158,6.4069,0,0,0,0,0,0,0,0,0,0,0,0
0.13075,0.15159,0.12767,0,0,0,0,0,0,0,0,0,0,0,0
0.11761,0.12315,0.093765,0,0,0,0,0,0,0,0,0,0,0,0
0.10255,0.1025,0.10896,0,0,0,0,0,0,0,0,0,0,0,0
0.10548,0.13261,0.11713,0,0,0,0,0,0,0,0,0,0,0,0
0.10433,0.14882,0.11352,0,0,0,0,0,0,0,0,0,0,0,0
0.12705,0.14544,0.11645,0,0,0,0,0,0,0,0,0,0,0,0
0.1172,0.095523,0.10133,0,0,0,0,0,0,0,0,0,0,0,0
0.11081,0.1036,0.10567,0,0,0,0,0,0,0,0,0,0,0,0
0.10708,0.16358,0.14234,0,0,0,0,0,0,0,0,0,0,0,0
0.10591,0.15969,0.16007,0,0,0,0,0,0,0,0,0,0,0,0
0.11524,0.095356,0.13951,0,0,0,0,0,0,0,0,0,0,0,0
0.1247,0.10674,0.09677,0,0,0,0,0,0,0,0,0,0,0,0
0.1076,0.11077,0.10563,0,0,0,0,0,0,0,0,0,0,0,0
0.094625,0.11155,0.17703,0,0,0,0,0,0,0,0,0,0,0,0
0.10169,0.11454,0.15806,0,0,0,0,0,0,0,0,0,0,0,0
0.126,0.10974,0.092651,0,0,0,0,0,0,0,0,0,0,0,0
0.11637,0.09059,0.10844,0,0,0,0,0,0,0,0,0,0,0,0
0.12267,0.098927,0.12799,0,0,0,0,0,0,0,0,0,0,0,0
0.091307,0.12929,0.11599,0,0,0,0,0,0,0,0,0,0,0,0
0.10382,0.1031,0.10969,0,0,0,0,0,0,0,0,0,0,0,0
0.11989,0.11441,0.098456,0,0,0,0,0,0,0,0,0,0,0,0
0.11681,0.091812,0.11831,0,0,0,0,0,0,0,0,0,0,0,0
0.11281,0.10333,0.1129,0,0,0,0,0,0,0,0,0,0,0,0
0.099351,0.10265,0.12062,0,0,0,0,0,0,0,0,0,0,0,0
0.10227,0.12759,0.11458,0,0,0,0,0,0,0,0,0,0,0,0
0.10544,0.10945,0.10307,0,0,0,0,0,0,0,0,0,0,0,0
0.10915,0.11098,0.10945,0,0,0,0,0,0,0,0,0,0,0,0
0.12502,0.0982,0.13582,0,0,0,0,0,0,0,0,0,0,0,0
0.11226,0.098134,0.11539,0,0,0,0,0,0,0,0,0,0,0,0
0.090149,0.11845,0.1228,0,0,0,0,0,0,0,0,0,0,0,0
0.10563,0.11327,0.09738,0,0,0,0,0,0,0,0,0,0,0,0
0.13011,0.11782,0.11373,0,0,0,0,0,0,0,0,0,0,0,0
0.11022,0.090965,0.11512,0,0,0,0,0,0,0,0,0,0,0,0
0.11781,0.10402,0.12311,0,0,0,0,0,0,0,0,0,0,0,0
0.09177,0.10895,0.10553,0,0,0,0,0,0,0,0,0,0,0,0
0.10242,0.10867,0.10705,0,0,0,0,0,0,0,0,0,0,0,0
0.11557,0.11075,0.10632,0,0,0,0,0,0,0,0,0,0,0,0
0.12713,0.10733,0.10875,0,0,0,0,0,0,0,0,0,0,0,0
0.11089,0.093789,0.12419,0,0,0,0,0,0,0,0,0,0,0,0
0.10641,0.10302,0.11841,0,0,0,0,0,0,0,0,0,0,0,0
0.10311,0.12543,0.10793,0,0,0,0,0,0,0,0,0,0,0,0
0.1086,0.10549,0.094608,0,0,0,0,0,0,0,0,0,0,0,0
0.12417,0.12414,0.10032,0,0,0,0,0,0,0,0,0,0,0,0
0.12009,0.087683,0.12127,0,0,0,0,0,0,0,0,0,0,0,0
0.11068,0.10495,0.10723,0,0,0,0,0,0,0,0,0,0,0,0
0.094691,0.10607,0.11728,0,0,0,0,0,0,0,0,0,0,0,0
0.10417,0.11072,0.088026,0,0,0,0,0,0,0,0,0,0,0,0
0.12557,0.11049,0.10293,0,0,0,0,0,0,0,0,0,0,0,0
0.11641,0.10604,0.10659,0,0,0,0,0,0,0,0,0,0,0,0
0.11728,0.094452,0.11954,0,0,0,0,0,0,0,0,0,0,0,0
0.089231,0.099816,0.11026,0,0,0,0,0,0,0,0,0,0,0,0
0.10249,0.12205,0.10723,0,0,0,0,0,0,0,0,0,0,0,0
0.12022,0.10533,0.094271,0,0,0,0,0,0,0,0,0,0,0,0
0.11609,0.11675,0.10376,0,0,0,0,0,0,0,0,0,0,0,0
0.11538,0.092956,0.12188,0,0,0,0,0,0,0,0,0,0,0,0
0.098374,0.10231,0.14923,0,0,0,0,0,0,0,0,0,0,0,0
0.10105,0.098216,0.12458,0,0,0,0,0,0,0,0,0,0,0,0
0.11068,0.10763,0.10353,0,0,0,0,0,0,0,0,0,0,0,0
0.12529,0.1259,0.11595,0,0,0,0,0,0,0,0,0,0,0,0
0.11537,0.10802,0.11255,0,0,0,0,0,0,0,0,0,0,0,0
0.10949,0.094812,0.11626,0,0,0,0,0,0,0,0,0,0,0,0
0.093561,0.09826,0.11032,0,0,0,0,0,0,0,0,0,0,0,0
0.10513,0.11366,0.086824,0,0,0,0,0,0,0,0,0,0,0,0
0.12724,0.10896,0.10368,0,0,0,0,0,0,0,0,0,0,0,0
0.12414,0.11246,0.11218,0,0,0,0,0,0,0,0,0,0,0,0
0.10964,0.0959,0.11594,0,0,0,0,0,0,0,0,0,0,0,0
0.087488,0.097269,0.11083,0,0,0,0,0,0,0,0,0,0,0,0
0.099847,0.10473,0.098432,0,0,0,0,0,0,0,0,0,0,0,0
0.11891,0.11466,0.095083,0,0,0,0,0,0,0,0,0,0,0,0
0.11409,0.10608,0.095434,0,0,0,0,0,0,0,0,0,0,0,0
0.10663,0.10698,0.11543,0,0,0,0,0,0,0,0,0,0,0,0
0.10468,0.086756,0.10735,0,0,0,0,0,0,0,0,0,0,0,0
0.099828,0.10365,0.15465,0,0,0,0,0,0,0,0,0,0,0,0
0.10543,0.11585,0.096906,0,0,0,0,0,0,0,0,0,0,0,0
0.11612,0.11192,0.10011,0,0,0,0,0,0,0,0,0,0,0,0
0.1112,0.10231,0.14086,0,0,0,0,0,0,0,0,0,0,0,0
0.11016,0.10044,0.14985,0,0,0,0,0,0,0,0,0,0,0,0
0.08932,0.094769,0.1215,0,0,0,0,0,0,0,0,0,0,0,0
0.10283,0.097156,0.092685,0,0,0,0,0,0,0,0,0,0,0,0
0.11793,0.10802,0.12013,0,0,0,0,0,0,0,0,0,0,0,0
0.12061,0.11538,0.15314,0,0,0,0,0,0,0,0,0,0,0,0
0.14865,0.11487,0.11552,0,0,0,0,0,0,0,0,0,0,0,0
0.086025,0.08696,0.09215,0,0,0,0,0,0,0,0,0,0,0,0
0.096851,0.10253,0.096127,0,0,0,0,0,0,0,0,0,0,0,0
0.15014,0.10254,0.11069,0,0,0,0,0,0,0,0,0,0,0,0
0.15079,0.10888,0.10551,0,0,0,0,0,0,0,0,0,0,0,0
0.12373,0.11249,0.094892,0,0,0,0,0,0,0,0,0,0,0,0
0.10518,0.10202,0.1501,0,0,0,0,0,0,0,0,0,0,0,0
0.1223,0.090303,0.083968,0,0,0,0,0,0,0,0,0,0,0,0
0.11543,0.098134,0.10765,0,0,0,0,0,0,0,0,0,0,0,0
0.11091,0.1176,0.14315,0,0,0,0,0,0,0,0,0,0,0,0
0.10286,0.10963,0.1502,0,0,0,0,0,0,0,0,0,0,0,0
0.091448,0.10338,0.12101,0,0,0,0,0,0,0,0,0,0,0,0
0.0981,0.09514,0.09038,0,0,0,0,0,0,0,0,0,0,0,0
0.11823,0.094923,0.094211,0,0,0,0,0,0,0,0,0,0,0,0
0.10449,0.097155,0.17805,0,0,0,0,0,0,0,0,0,0,0,0
0.12225,0.10788,0.16014,0,0,0,0,0,0,0,0,0,0,0,0
0.1001,0.10525,0.08722,0,0,0,0,0,0,0,0,0,0,0,0
0.11628,0.11503,0.097752,0,0,0,0,0,0,0,0,0,0,0,0
0.1291,0.093048,0.14611,0,0,0,0,0,0,0,0,0,0,0,0
0.09824,0.099646,0.15223,0,0,0,0,0,0,0,0,0,0,0,0
0.1059,0.10274,0.12168,0,0,0,0,0,0,0,0,0,0,0,0
0.096739,0.1092,0.092105,0,0,0,0,0,0,0,0,0,0,0,0
0.088074,0.11627,0.092567,0,0,0,0,0,0,0,0,0,0,0,0
0.10016,0.10242,0.17206,0,0,0,0,0,0,0,0,0,0,0,0
0.11392,0.08625,0.16057,0,0,0,0,0,0,0,0,0,0,0,0
0.11012,0.096249,0.089469,0,0,0,0,0,0,0,0,0,0,0,0
0.10682,0.1031,0.096453,0,0,0,0,0,0,0,0,0,0,0,0
0.097909,0.11302,0.15436,0,0,0,0,0,0,0,0,0,0,0,0
0.095108,0.10826,0.15621,0,0,0,0,0,0,0,0,0,0,0,0
0.095748,0.10629,0.12182,0,0,0,0,0,0,0,0,0,0,0,0
0.11423,0.090826,0.095042,0,0,0,0,0,0,0,0,0,0,0,0
0.10829,0.097093,0.11424,0,0,0,0,0,0,0,0,0,0,0,0
0.11522,0.11644,0.16065,0,0,0,0,0,0,0,0,0,0,0,0
0.086115,0.10586,0.15191,0,0,0,0,0,0,0,0,0,0,0,0
0.10463,0.15199,0.087476,0,0,0,0,0,0,0,0,0,0,0,0
0.10609,0.086842,0.10598,0,0,0,0,0,0,0,0,0,0,0,0
0.11358,0.095534,0.1476,0,0,0,0,0,0,0,0,0,0,0,0
0.10972,0.15046,0.12903,0,0,0,0,0,0,0,0,0,0,0,0
0.1019,0.1533,0.09813,0,0,0,0,0,0,0,0,0,0,0,0
0.090354,0.12156,0.093279,0,0,0,0,0,0,0,0,0,0,0,0
0.094869,0.095414,0.094837,0,0,0,0,0,0,0,0,0,0,0,0
0.12778,0.11619,0.10822,0,0,0,0,0,0,0,0,0,0,0,0
0.1044,0.15973,0.12416,0,0,0,0,0,0,0,0,0,0,0,0
0.1391,0.14764,0.12299,0,0,0,0,0,0,0,0,0,0,0,0
0.085611,0.085816,0.11942,0,0,0,0,0,0,0,0,0,0,0,0
0.10058,0.098434,0.091696,0,0,0,0,0,0,0,0,0,0,0,0
0.10199,0.15291,0.09395,0,0,0,0,0,0,0,0,0,0,0,0
0.11756,0.15663,0.15385,0,0,0,0,0,0,0,0,0,0,0,0
0.10838,0.12451,0.13114,0,0,0,0,0,0,0,0,0,0,0,0
0.10622,0.094199,0.10488,0,0,0,0,0,0,0,0,0,0,0,0
0.095025,0.095338,0.090826,0,0,0,0,0,0,0,0,0,0,0,0
0.099277,0.18081,0.093829,0,0,0,0,0,0,0,0,0,0,0,0
0.12233,0.16573,0.18148,0,0,0,0,0,0,0,0,0,0,0,0
0.098987,0.091763,0.15629,0,0,0,0,0,0,0,0,0,0,0,0
0.10985,0.10086,0.090374,0,0,0,0,0,0,0,0,0,0,0,0
0.094413,0.14616,0.11086,0,0,0,0,0,0,0,0,0,0,0,0
0.095625,0.15275,0.1358,0,0,0,0,0,0,0,0,0,0,0,0
0.096896,0.12041,0.14616,0,0,0,0,0,0,0,0,0,0,0,0
0.10735,0.090292,0.12124,0,0,0,0,0,0,0,0,0,0,0,0
0.1085,0.096637,0.094148,0,0,0,0,0,0,0,0,0,0,0,0
0.11486,0.17197,0.11224,0,0,0,0,0,0,0,0,0,0,0,0
0.084167,0.15962,0.11237,0,0,0,0,0,0,0,0,0,0,0,0
0.10403,0.083914,0.11812,0,0,0,0,0,0,0,0,0,0,0,0
0.10408,0.096754,0.10841,0,0,0,0,0,0,0,0,0,0,0,0
0.11271,0.15299,0.086481,0,0,0,0,0,0,0,0,0,0,0,0
0.11579,0.155,0.098784,0,0,0,0,0,0,0,0,0,0,0,0
0.10275,0.12206,0.10934,0,0,0,0,0,0,0,0,0,0,0,0
0.088753,0.093735,0.11739,0,0,0,0,0,0,0,0,0,0,0,0
0.098622,0.092955,0.10832,0,0,0,0,0,0,0,0,0,0,0,0
0.12115,0.17943,0.10073,0,0,0,0,0,0,0,0,0,0,0,0
0.09994,0.15468,0.091,0,0,0,0,0,0,0,0,0,0,0,0
0.10434,0.09167,0.098546,0,0,0,0,0,0,0,0,0,0,0,0
0.098778,0.10079,0.12299,0,0,0,0,0,0,0,0,0,0,0,0
0.093257,0.1471,0.10752,0,0,0,0,0,0,0,0,0,0,0,0
0.096053,0.152,0.1202,0,0,0,0,0,0,0,0,0,0,0,0
0.11145,0.12093,0.087436,0,0,0,0,0,0,0,0,0,0,0,0
0.10132,0.096081,0.10368,0,0,0,0,0,0,0,0,0,0,0,0
0.11932,0.094597,0.10819,0,0,0,0,0,0,0,0,0,0,0,0
0.090976,0.16031,0.11906,0,0,0,0,0,0,0,0,0,0,0,0
0.10324,0.16242,0.10724,0,0,0,0,0,0,0,0,0,0,0,0
0.098645,0.086402,0.10838,0,0,0,0,0,0,0,0,0,0,0,0
0.15266,0.097851,0.098867,0,0,0,0,0,0,0,0,0,0,0,0
0.15612,0.152,0.10322,0,0,0,0,0,0,0,0,0,0,0,0
0.09551,0.15091,0.10988,0,0,0,0,0,0,0,0,0,0,0,0
0.10026,0.11843,0.10021,0,0,0,0,0,0,0,0,0,0,0,0
0.13145,0.09299,0.11039,0,0,0,0,0,0,0,0,0,0,0,0
0.10933,0.10119,0.091449,0,0,0,0,0,0,0,0,0,0,0,0
0.12062,0.19025,0.098845,0,0,0,0,0,0,0,0,0,0,0,0
0.085043,0.16784,0.1021,0,0,0,0,0,0,0,0,0,0,0,0
0.10232,0.12366,0.11871,0,0,0,0,0,0,0,0,0,0,0,0
0.11069,0.15495,0.11428,0,0,0,0,0,0,0,0,0,0,0,0
0.12235,0.16149,0.10018,0,0,0,0,0,0,0,0,0,0,0,0
0.1075,0.15604,0.089622,0,0,0,0,0,0,0,0,0,0,0,0
0.10513,0.087531,0.093325,0,0,0,0,0,0,0,0,0,0,0,0
0.091076,0.10303,0.10336,0,0,0,0,0,0,0,0,0,0,0,0
0.099819,0.12057,0.10971,0,0,0,0,0,0,0,0,0,0,0,0
0.12316,0.11207,0.10803,0,0,0,0,0,0,0,0,0,0,0,0
0.1068,0.10311,0.10323,0,0,0,0,0,0,0,0,0,0,0,0
0.10854,0.10356,0.090991,0,0,0,0,0,0,0,0,0,0,0,0
0.09632,0.093131,0.096039,0,0,0,0,0,0,0,0,0,0,0,0
0.096882,0.097102,0.1059,0,0,0,0,0,0,0,0,0,0,0,0
0.094916,0.12037,0.11119,0,0,0,0,0,0,0,0,0,0,0,0
0.11404,0.1128,0.10322,0,0,0,0,0,0,0,0,0,0,0,0
0.098463,0.11456,0.093245,0,0,0,0,0,0,0,0,0,0,0,0
0.11959,0.087925,0.095079,0,0,0,0,0,0,0,0,0,0,0,0
0.090933,0.10203,0.092151,0,0,0,0,0,0,0,0,0,0,0,0
0.098798,0.1035,0.094344,0,0,0,0,0,0,0,0,0,0,0,0
0.10227,0.10761,0.10916,0,0,0,0,0,0,0,0,0,0,0,0
0.10841,0.1148,0.10798,0,0,0,0,0,0,0,0,0,0,0,0
0.11097,0.096261,0.10538,0,0,0,0,0,0,0,0,0,0,0,0
0.12436,0.093688,0.094316,0,0,0,0,0,0,0,0,0,0,0,0
0.090598,0.097003,0.097538,0,0,0,0,0,0,0,0,0,0,0,0
0.096533,0.12237,0.10646,0,0,0,0,0,0,0,0,0,0,0,0
0.14544,0.10493,0.11021,0,0,0,0,0,0,0,0,0,0,0,0
0.14805,0.10057,0.11441,0,0,0,0,0,0,0,0,0,0,0,0
0.1202,0.099778,0.093026,0,0,0,0,0,0,0,0,0,0,0,0
0.091127,0.0927,0.09625,0,0,0,0,0,0,0,0,0,0,0,0
0.10991,0.094217,0.091674,0,0,0,0,0,0,0,0,0,0,0,0
0.16009,0.11618,0.10594,0,0,0,0,0,0,0,0,0,0,0,0
0.15525,0.11109,0.11115,0,0,0,0,0,0,0,0,0,0,0,0
0.080989,0.11457,0.12906,0,0,0,0,0,0,0,0,0,0,0,0
0.098331,0.086833,0.088239,0,0,0,0,0,0,0,0,0,0,0,0
0.14733,0.11352,0.097152,0,0,0,0,0,0,0,0,0,0,0,0
0.10252,0.12033,0.14437,0,0,0,0,0,0,0,0,0,0,0,0
0.12963,0.10949,0.15345,0,0,0,0,0,0,0,0,0,0,0,0
0.088256,0.10793,0.12342,0,0,0,0,0,0,0,0,0,0,0,0
0.1012,0.098381,0.097726,0,0,0,0,0,0,0,0,0,0,0,0
0.11003,0.092412,0.11114,0,0,0,0,0,0,0,0,0,0,0,0
0.12298,0.095068,0.15949,0,0,0,0,0,0,0,0,0,0,0,0
0.11011,0.11369,0.15272,0,0,0,0,0,0,0,0,0,0,0,0
0.106,0.10333,0.081027,0,0,0,0,0,0,0,0,0,0,0,0
0.093208,0.11889,0.097976,0,0,0,0,0,0,0,0,0,0,0,0
0.097994,0.085963,0.15305,0,0,0,0,0,0,0,0,0,0,0,0
0.12616,0.10241,0.15494,0,0,0,0,0,0,0,0,0,0,0,0
0.10557,0.10017,0.12221,0,0,0,0,0,0,0,0,0,0,0,0
0.12097,0.10621,0.091506,0,0,0,0,0,0,0,0,0,0,0,0
0.091738,0.12354,0.10728,0,0,0,0,0,0,0,0,0,0,0,0
0.097973,0.10275,0.18038,0,0,0,0,0,0,0,0,0,0,0,0
0.10699,0.081565,0.16673,0,0,0,0,0,0,0,0,0,0,0,0
0.1105,0.092633,0.11543,0,0,0,0,0,0,0,0,0,0,0,0
0.11585,0.11625,0.099011,0,0,0,0,0,0,0,0,0,0,0,0
0.10275,0.11581,0.12585,0,0,0,0,0,0,0,0,0,0,0,0
0.087809,0.10589,0.11171,0,0,0,0,0,0,0,0,0,0,0,0
0.10586,0.10266,0.11199,0,0,0,0,0,0,0,0,0,0,0,0
0.10164,0.093279,0.087833,0,0,0,0,0,0,0,0,0,0,0,0
0.11083,0.093672,0.096178,0,0,0,0,0,0,0,0,0,0,0,0
0.10107,0.11614,0.094634,0,0,0,0,0,0,0,0,0,0,0,0
0.10014,0.10579,0.10818,0,0,0,0,0,0,0,0,0,0,0,0
0.092581,0.11479,0.11003,0,0,0,0,0,0,0,0,0,0,0,0
0.095941,0.087015,0.11416,0,0,0,0,0,0,0,0,0,0,0,0
0.11192,0.096569,0.08334,0,0,0,0,0,0,0,0,0,0,0,0
0.10387,0.095018,0.10053,0,0,0,0,0,0,0,0,0,0,0,0
0.11671,0.10524,0.10724,0,0,0,0,0,0,0,0,0,0,0,0
0.090181,0.10874,0.13477,0,0,0,0,0,0,0,0,0,0,0,0
0.096367,0.1086,0.15657,0,0,0,0,0,0,0,0,0,0,0,0
0.10603,0.084299,0.095499,0,0,0,0,0,0,0,0,0,0,0,0
0.10592,0.098287,0.096189,0,0,0,0,0,0,0,0,0,0,0,0
0.11296,0.10137,0.14153,0,0,0,0,0,0,0,0,0,0,0,0
0.10355,0.10651,0.16196,0,0,0,0,0,0,0,0,0,0,0,0
0.08241,0.11136,0.12041,0,0,0,0,0,0,0,0,0,0,0,0
0.098752,0.098716,0.096389,0,0,0,0,0,0,0,0,0,0,0,0
0.10672,0.092014,0.094424,0,0,0,0,0,0,0,0,0,0,0,0
0.11987,0.099005,0.14982,0,0,0,0,0,0,0,0,0,0,0,0
0.1064,0.10111,0.11487,0,0,0,0,0,0,0,0,0,0,0,0
0.10608,0.11476,0.10523,0,0,0,0,0,0,0,0,0,0,0,0
0.094865,0.10397,0.087222,0,0,0,0,0,0,0,0,0,0,0,0
0.10117,0.1066,0.096733,0,0,0,0,0,0,0,0,0,0,0,0
0.11516,0.092075,0.1232,0,0,0,0,0,0,0,0,0,0,0,0
0.11965,0.098608,0.10443,0,0,0,0,0,0,0,0,0,0,0,0
0.10961,0.11074,0.11133,0,0,0,0,0,0,0,0,0,0,0,0
0.083745,0.10207,0.096078,0,0,0,0,0,0,0,0,0,0,0,0
0.10071,0.10467,0.094961,0,0,0,0,0,0,0,0,0,0,0,0
0.11398,0.095184,0.099367,0,0,0,0,0,0,0,0,0,0,0,0
0.13446,0.10229,0.1609,0,0,0,0,0,0,0,0,0,0,0,0
0.14836,0.10985,0.15388,0,0,0,0,0,0,0,0,0,0,0,0
0.082105,0.10072,0.087606,0,0,0,0,0,0,0,0,0,0,0,0
0.096464,0.11147,0.10516,0,0,0,0,0,0,0,0,0,0,0,0
0.14621,0.10556,0.15254,0,0,0,0,0,0,0,0,0,0,0,0
0.15065,0.084733,0.15291,0,0,0,0,0,0,0,0,0,0,0,0
0.11857,0.0944,0.1192,0,0,0,0,0,0,0,0,0,0,0,0
0.091132,0.10743,0.098007,0,0,0,0,0,0,0,0,0,0,0,0
0.095087,0.10324,0.13835,0,0,0,0,0,0,0,0,0,0,0,0
0.11996,0.10002,0.10895,0,0,0,0,0,0,0,0,0,0,0,0
0.11372,0.10531,0.11111,0,0,0,0,0,0,0,0,0,0,0,0
0.11693,0.088502,0.10415,0,0,0,0,0,0,0,0,0,0,0,0
0.083431,0.10017,0.092755,0,0,0,0,0,0,0,0,0,0,0,0
0.10287,0.10328,0.10659,0,0,0,0,0,0,0,0,0,0,0,0
0.10772,0.099927,0.11769,0,0,0,0,0,0,0,0,0,0,0,0
0.1139,0.10082,0.098007,0,0,0,0,0,0,0,0,0,0,0,0
0.10928,0.10707,0.11801,0,0,0,0,0,0,0,0,0,0,0,0
0.10497,0.083459,0.091988,0,0,0,0,0,0,0,0,0,0,0,0
0.092717,0.098977,0.094825,0,0,0,0,0,0,0,0,0,0,0,0
0.10946,0.10485,0.090264,0,0,0,0,0,0,0,0,0,0,0,0
0.12464,0.10545,0.11074,0,0,0,0,0,0,0,0,0,0,0,0
0.11925,0.10789,0.11522,0,0,0,0,0,0,0,0,0,0,0,0
0.11177,0.10409,0.10877,0,0,0,0,0,0,0,0,0,0,0,0
0.08638,0.085478,0.081678,0,0,0,0,0,0,0,0,0,0,0,0
0.11094,0.099092,0.10308,0,0,0,0,0,0,0,0,0,0,0,0
0.10889,0.10254,0.10305,0,0,0,0,0,0,0,0,0,0,0,0
0.12837,0.11612,0.11375,0,0,0,0,0,0,0,0,0,0,0,0
0.11622,0.10845,0.10848,0,0,0,0,0,0,0,0,0,0,0,0
0.1005,0.10095,0.10605,0,0,0,0,0,0,0,0,0,0,0,0
0.098298,0.093423,0.090164,0,0,0,0,0,0,0,0,0,0,0,0
0.09911,0.092791,0.097495,0,0,0,0,0,0,0,0,0,0,0,0
0.10965,0.11226,0.12252,0,0,0,0,0,0,0,0,0,0,0,0
0.11206,0.097241,0.10697,0,0,0,0,0,0,0,0,0,0,0,0
0.10092,0.10334,0.11468,0,0,0,0,0,0,0,0,0,0,0,0
0.09777,0.094065,0.091628,0,0,0,0,0,0,0,0,0,0,0,0
0.090344,0.091645,0.094497,0,0,0,0,0,0,0,0,0,0,0,0
0.097301,0.094854,0.11285,0,0,0,0,0,0,0,0,0,0,0,0
0.12213,0.11197,0.11727,0,0,0,0,0,0,0,0,0,0,0,0
0.10156,0.10283,0.11288,0,0,0,0,0,0,0,0,0,0,0,0
0.11673,0.10666,0.097222,0,0,0,0,0,0,0,0,0,0,0,0
0.088657,0.091064,0.090093,0,0,0,0,0,0,0,0,0,0,0,0
0.099313,0.093751,0.095742,0,0,0,0,0,0,0,0,0,0,0,0
0.10317,0.089813,0.10781,0,0,0,0,0,0,0,0,0,0,0,0
0.1173,0.11042,0.11156,0,0,0,0,0,0,0,0,0,0,0,0
0.11869,0.12035,0.10661,0,0,0,0,0,0,0,0,0,0,0,0
0.10007,0.10945,0.098577,0,0,0,0,0,0,0,0,0,0,0,0
0.085566,0.083758,0.095786,0,0,0,0,0,0,0,0,0,0,0,0
0.095067,0.10276,0.094564,0,0,0,0,0,0,0,0,0,0,0,0
0.12056,0.10463,0.11306,0,0,0,0,0,0,0,0,0,0,0,0
0.10884,0.10524,0.097008,0,0,0,0,0,0,0,0,0,0,0,0
0.12322,0.10835,0.11611,0,0,0,0,0,0,0,0,0,0,0,0
0.092001,0.10073,0.088041,0,0,0,0,0,0,0,0,0,0,0,0
0.096864,0.082445,0.10497,0,0,0,0,0,0,0,0,0,0,0,0
0.089506,0.09613,0.11254,0,0,0,0,0,0,0,0,0,0,0,0
0.10714,0.098052,0.12191,0,0,0,0,0,0,0,0,0,0,0,0
0.10597,0.10479,0.10586,0,0,0,0,0,0,0,0,0,0,0,0
0.11902,0.092992,0.10883,0,0,0,0,0,0,0,0,0,0,0,0
0.084436,0.11286,0.090688,0,0,0,0,0,0,0,0,0,0,0,0
0.10618,0.083383,0.099329,0,0,0,0,0,0,0,0,0,0,0,0
0.11045,0.096586,0.11029,0,0,0,0,0,0,0,0,0,0,0,0
0.11171,0.090319,0.10059,0,0,0,0,0,0,0,0,0,0,0,0
0.10495,0.10229,0.11199,0,0,0,0,0,0,0,0,0,0,0,0
0.098458,0.11771,0.094452,0,0,0,0,0,0,0,0,0,0,0,0
0.087486,0.10794,0.095272,0,0,0,0,0,0,0,0,0,0,0,0
0.096997,0.083381,0.11732,0,0,0,0,0,0,0,0,0,0,0,0
0.12938,0.097488,0.10585,0,0,0,0,0,0,0,0,0,0,0,0
0.099719,0.10379,0.1113,0,0,0,0,0,0,0,0,0,0,0,0
0.1315,0.11152,0.10585,0,0,0,0,0,0,0,0,0,0,0,0
0.085227,0.11281,0.083455,0,0,0,0,0,0,0,0,0,0,0,0
0.098404,0.096305,0.10194,0,0,0,0,0,0,0,0,0,0,0,0
0.091923,0.089781,0.12266,0,0,0,0,0,0,0,0,0,0,0,0
0.10047,0.09239,0.10789,0,0,0,0,0,0,0,0,0,0,0,0
0.10479,0.094612,0.10366,0,0,0,0,0,0,0,0,0,0,0,0
0.1102,0.10289,0.099981,0,0,0,0,0,0,0,0,0,0,0,0
0.082959,0.11188,0.095517,0,0,0,0,0,0,0,0,0,0,0,0
0.10102,0.10172,0.096158,0,0,0,0,0,0,0,0,0,0,0,0
0.10672,0.091982,0.11695,0,0,0,0,0,0,0,0,0,0,0,0
0.11197,0.10933,0.1058,0,0,0,0,0,0,0,0,0,0,0,0
0.10844,0.10773,0.10663,0,0,0,0,0,0,0,0,0,0,0,0
0.095632,0.10028,0.086617,0,0,0,0,0,0,0,0,0,0,0,0
0.082241,0.11589,0.098958,0,0,0,0,0,0,0,0,0,0,0,0
0.096543,0.09183,0.11608,0,0,0,0,0,0,0,0,0,0,0,0
0.10218,0.09192,0.1146,0,0,0,0,0,0,0,0,0,0,0,0
0.11163,0.095364,0.10833,0,0,0,0,0,0,0,0,0,0,0,0
0.1046,0.11094,0.10397,0,0,0,0,0,0,0,0,0,0,0,0
0.098447,0.098821,0.088132,0,0,0,0,0,0,0,0,0,0,0,0
0.087234,0.11509,0.099562,0,0,0,0,0,0,0,0,0,0,0,0
0.09116,0.085323,0.12861,0,0,0,0,0,0,0,0,0,0,0,0
0.14983,0.11202,0.10203,0,0,0,0,0,0,0,0,0,0,0,0
0.1453,0.11394,0.10583,0,0,0,0,0,0,0,0,0,0,0,0
0.11617,0.11111,0.095609,0,0,0,0,0,0,0,0,0,0,0,0
0.090438,0.10341,0.10628,0,0,0,0,0,0,0,0,0,0,0,0
0.094233,0.098345,0.10846,0,0,0,0,0,0,0,0,0,0,0,0
0.17626,0.095985,0.10109,0,0,0,0,0,0,0,0,0,0,0,0
0.15194,0.093949,0.11085,0,0,0,0,0,0,0,0,0,0,0,0
0.085639,0.11087,0.10858,0,0,0,0,0,0,0,0,0,0,0,0
0.098378,0.097912,0.089291,0,0,0,0,0,0,0,0,0,0,0,0
0.11054,0.10571,0.10022,0,0,0,0,0,0,0,0,0,0,0,0
0.11733,0.095522,0.10689,0,0,0,0,0,0,0,0,0,0,0,0
0.1049,0.095964,0.10718,0,0,0,0,0,0,0,0,0,0,0,0
0.1027,0.096649,0.10682,0,0,0,0,0,0,0,0,0,0,0,0
0.091382,0.10731,0.10096,0,0,0,0,0,0,0,0,0,0,0,0
0.097435,0.098159,0.086918,0,0,0,0,0,0,0,0,0,0,0,0
0.11538,0.10425,0.10016,0,0,0,0,0,0,0,0,0,0,0,0
0.1034,0.093109,0.10611,0,0,0,0,0,0,0,0,0,0,0,0
0.10276,0.085813,0.11091,0,0,0,0,0,0,0,0,0,0,0,0
0.099889,0.085613,0.1055,0,0,0,0,0,0,0,0,0,0,0,0
0.094161,0.11076,0.10262,0,0,0,0,0,0,0,0,0,0,0,0
0.094322,0.096622,0.099151,0,0,0,0,0,0,0,0,0,0,0,0
0.11411,0.10461,0.094686,0,0,0,0,0,0,0,0,0,0,0,0
0.10673,0.094044,0.10018,0,0,0,0,0,0,0,0,0,0,0,0
0.11459,0.090933,0.10799,0,0,0,0,0,0,0,0,0,0,0,0
0.085077,0.091056,0.11572,0,0,0,0,0,0,0,0,0,0,0,0
0.10861,0.10737,0.089271,0,0,0,0,0,0,0,0,0,0,0,0
0.11064,0.098094,0.094098,0,0,0,0,0,0,0,0,0,0,0,0
0.11394,0.11394,0.10908,0,0,0,0,0,0,0,0,0,0,0,0
0.10521,0.087906,0.11318,0,0,0,0,0,0,0,0,0,0,0,0
0.10244,0.092399,0.11268,0,0,0,0,0,0,0,0,0,0,0,0
0.090492,0.11878,0.10213,0,0,0,0,0,0,0,0,0,0,0,0
0.098047,0.14642,0.087613,0,0,0,0,0,0,0,0,0,0,0,0
0.11866,0.14933,0.10192,0,0,0,0,0,0,0,0,0,0,0,0
0.10048,0.084957,0.10252,0,0,0,0,0,0,0,0,0,0,0,0
0.12326,0.1142,0.10963,0,0,0,0,0,0,0,0,0,0,0,0
0.086918,0.17609,0.10809,0,0,0,0,0,0,0,0,0,0,0,0
0.10052,0.14675,0.10448,0,0,0,0,0,0,0,0,0,0,0,0
0.10232,0.092285,0.090586,0,0,0,0,0,0,0,0,0,0,0,0
0.14925,0.1138,0.098389,0,0,0,0,0,0,0,0,0,0,0,0
0.14872,0.14703,0.12703,0,0,0,0,0,0,0,0,0,0,0,0
0.081233,0.15153,0.1017,0,0,0,0,0,0,0,0,0,0,0,0
0.094743,0.11949,0.10393,0,0,0,0,0,0,0,0,0,0,0,0
0.15033,0.094951,0.094324,0,0,0,0,0,0,0,0,0,0,0,0
0.15275,0.11116,0.08739,0,0,0,0,0,0,0,0,0,0,0,0
0.12005,0.16083,0.097651,0,0,0,0,0,0,0,0,0,0,0,0
0.092281,0.15177,0.14999,0,0,0,0,0,0,0,0,0,0,0,0
0.093515,0.087509,0.1434,0,0,0,0,0,0,0,0,0,0,0,0
0.1698,0.10902,0.12381,0,0,0,0,0,0,0,0,0,0,0,0
0.15123,0.13699,0.092512,0,0,0,0,0,0,0,0,0,0,0,0
0.082858,0.14478,0.096081,0,0,0,0,0,0,0,0,0,0,0,0
0.10667,0.11959,0.15783,0,0,0,0,0,0,0,0,0,0,0,0
0.11171,0.096179,0.10023,0,0,0,0,0,0,0,0,0,0,0,0
0.11567,0.089322,0.09798,0,0,0,0,0,0,0,0,0,0,0,0
0.1035,0.10513,0.084966,0,0,0,0,0,0,0,0,0,0,0,0
0.10512,0.10447,0.095818,0,0,0,0,0,0,0,0,0,0,0,0
0.091632,0.10057,0.10801,0,0,0,0,0,0,0,0,0,0,0,0
0.10765,0.090387,0.10874,0,0,0,0,0,0,0,0,0,0,0,0
0.1233,0.095283,0.11547,0,0,0,0,0,0,0,0,0,0,0,0
0.10528,0.10922,0.10305,0,0,0,0,0,0,0,0,0,0,0,0
0.097888,0.15962,0.088335,0,0,0,0,0,0,0,0,0,0,0,0
0.090805,0.14935,0.097552,0,0,0,0,0,0,0,0,0,0,0,0
0.093419,0.087064,0.11324,0,0,0,0,0,0,0,0,0,0,0,0
0.090127,0.11196,0.11236,0,0,0,0,0,0,0,0,0,0,0,0
0.1162,0.13981,0.10409,0,0,0,0,0,0,0,0,0,0,0,0
0.10539,0.14315,0.10042,0,0,0,0,0,0,0,0,0,0,0,0
0.11496,0.11337,0.095898,0,0,0,0,0,0,0,0,0,0,0,0
0.084259,0.090523,0.096041,0,0,0,0,0,0,0,0,0,0,0,0
0.093929,0.09139,0.12248,0,0,0,0,0,0,0,0,0,0,0,0
0.097352,0.1382,0.10916,0,0,0,0,0,0,0,0,0,0,0,0
0.15209,0.15159,0.1261,0,0,0,0,0,0,0,0,0,0,0,0
0.15949,0.11872,0.103,0,0,0,0,0,0,0,0,0,0,0,0
0.091257,0.094456,0.10601,0,0,0,0,0,0,0,0,0,0,0,0
0.096472,0.11673,0.11003,0,0,0,0,0,0,0,0,0,0,0,0
0.1067,0.17035,0.10537,0,0,0,0,0,0,0,0,0,0,0,0
0.11436,0.16482,0.10818,0,0,0,0,0,0,0,0,0,0,0,0
0.10706,0.11547,0.10917,0,0,0,0,0,0,0,0,0,0,0,0
0.10044,0.10508,0.086429,0,0,0,0,0,0,0,0,0,0,0,0
0.086674,0.1127,0.098513,0,0,0,0,0,0,0,0,0,0,0,0
0.097214,0.098477,0.10059,0,0,0,0,0,0,0,0,0,0,0,0
0.11728,0.098691,0.10831,0,0,0,0,0,0,0,0,0,0,0,0
0.10605,0.097009,0.11608,0,0,0,0,0,0,0,0,0,0,0,0
0.10302,0.094093,0.10018,0,0,0,0,0,0,0,0,0,0,0,0
0.096945,0.1113,0.092871,0,0,0,0,0,0,0,0,0,0,0,0
0.084898,0.11874,0.10575,0,0,0,0,0,0,0,0,0,0,0,0
0.091703,0.10267,0.10581,0,0,0,0,0,0,0,0,0,0,0,0
0.10839,0.11366,0.10335,0,0,0,0,0,0,0,0,0,0,0,0
0.10065,0.095457,0.10475,0,0,0,0,0,0,0,0,0,0,0,0
0.10613,0.10777,0.0986,0,0,0,0,0,0,0,0,0,0,0,0
0.10057,0.10164,0.091496,0,0,0,0,0,0,0,0,0,0,0,0
0.089832,0.10651,0.12654,0,0,0,0,0,0,0,0,0,0,0,0
0.091892,0.1028,0.11574,0,0,0,0,0,0,0,0,0,0,0,0
0.11132,0.10241,0.10497,0,0,0,0,0,0,0,0,0,0,0,0
0.10775,0.090683,0.10681,0,0,0,0,0,0,0,0,0,0,0,0
0.10175,0.10084,0.084084,0,0,0,0,0,0,0,0,0,0,0,0
0.10342,0.12366,0.097859,0,0,0,0,0,0,0,0,0,0,0,0
0.095088,0.10206,0.10095,0,0,0,0,0,0,0,0,0,0,0,0
0.099735,0.1102,0.10921,0,0,0,0,0,0,0,0,0,0,0,0
0.12015,0.091405,0.10743,0,0,0,0,0,0,0,0,0,0,0,0
0.14549,0.096748,0.10158,0,0,0,0,0,0,0,0,0,0,0,0
0.12251,0.09655,0.087607,0,0,0,0,0,0,0,0,0,0,0,0
0.094227,0.10552,0.10964,0,0,0,0,0,0,0,0,0,0,0,0
0.11969,0.10905,0.11951,0,0,0,0,0,0,0,0,0,0,0,0
0.17539,0.10817,0.1041,0,0,0,0,0,0,0,0,0,0,0,0
0.14232,0.086184,0.10846,0,0,0,0,0,0,0,0,0,0,0,0
0.084779,0.095925,0.088923,0,0,0,0,0,0,0,0,0,0,0,0
0.097447,0.10381,0.09877,0,0,0,0,0,0,0,0,0,0,0,0
0.10621,0.1165,0.10046,0,0,0,0,0,0,0,0,0,0,0,0
0.12252,0.10635,0.11213,0,0,0,0,0,0,0,0,0,0,0,0
0.10981,0.10342,0.10992,0,0,0,0,0,0,0,0,0,0,0,0
0.10201,0.090697,0.10471,0,0,0,0,0,0,0,0,0,0,0,0
0.088012,0.095958,0.086784,0,0,0,0,0,0,0,0,0,0,0,0
0.1043,0.13542,0.09601,0,0,0,0,0,0,0,0,0,0,0,0
0.12204,0.1476,0.10723,0,0,0,0,0,0,0,0,0,0,0,0
0.10347,0.11939,0.1352,0,0,0,0,0,0,0,0,0,0,0,0
0.11068,0.093845,0.11288,0,0,0,0,0,0,0,0,0,0,0,0
0.092117,0.10782,0.09983,0,0,0,0,0,0,0,0,0,0,0,0
0.093663,0.16137,0.09381,0,0,0,0,0,0,0,0,0,0,0,0
0.096852,0.15158,0.092672,0,0,0,0,0,0,0,0,0,0,0,0
0.11007,0.083893,0.12462,0,0,0,0,0,0,0,0,0,0,0,0
0.10808,0.094357,0.11006,0,0,0,0,0,0,0,0,0,0,0,0
0.10971,0.15026,0.11081,0,0,0,0,0,0,0,0,0,0,0,0
0.08326,0.15125,0.086572,0,0,0,0,0,0,0,0,0,0,0,0
0.10007,0.12293,0.096192,0,0,0,0,0,0,0,0,0,0,0,0
0.10196,0.099795,0.092172,0,0,0,0,0,0,0,0,0,0,0,0
0.10802,0.12517,0.10232,0,0,0,0,0,0,0,0,0,0,0,0
0.10629,0.14566,0.10003,0,0,0,0,0,0,0,0,0,0,0,0
0.10238,0.14188,0.11583,0,0,0,0,0,0,0,0,0,0,0,0
0.085447,0.086322,0.086199,0,0,0,0,0,0,0,0,0,0,0,0
0.096959,0.10086,0.10263,0,0,0,0,0,0,0,0,0,0,0,0
0.10459,0.14687,0.10199,0,0,0,0,0,0,0,0,0,0,0,0
0.11001,0.15388,0.10879,0,0,0,0,0,0,0,0,0,0,0,0
0.10921,0.12015,0.105,0,0,0,0,0,0,0,0,0,0,0,0
0.1085,0.09308,0.10128,0,0,0,0,0,0,0,0,0,0,0,0
0.087808,0.09205,0.086727,0,0,0,0,0,0,0,0,0,0,0,0
0.086572,0.13297,0.099784,0,0,0,0,0,0,0,0,0,0,0,0
0.097209,0.13686,0.10078,0,0,0,0,0,0,0,0,0,0,0,0
0.11036,0.10456,0.10433,0,0,0,0,0,0,0,0,0,0,0,0
0.10992,0.092287,0.10763,0,0,0,0,0,0,0,0,0,0,0,0
0.10439,0.097764,0.10767,0,0,0,0,0,0,0,0,0,0,0,0
0.089345,0.10922,0.084146,0,0,0,0,0,0,0,0,0,0,0,0
0.098223,0.11753,0.097722,0,0,0,0,0,0,0,0,0,0,0,0
0.11413,0.10366,0.10424,0,0,0,0,0,0,0,0,0,0,0,0
0.10981,0.10102,0.11034,0,0,0,0,0,0,0,0,0,0,0,0
0.11519,0.10501,0.10825,0,0,0,0,0,0,0,0,0,0,0,0
0.094006,0.11748,0.098223,0,0,0,0,0,0,0,0,0,0,0,0
0.097774,0.10251,0.089316,0,0,0,0,0,0,0,0,0,0,0,0
0.091816,0.11139,0.099742,0,0,0,0,0,0,0,0,0,0,0,0
0.1189,0.10398,0.12586,0,0,0,0,0,0,0,0,0,0,0,0
0.11182,0.08532,0.10119,0,0,0,0,0,0,0,0,0,0,0,0
0.10782,0.099825,0.11246,0,0,0,0,0,0,0,0,0,0,0,0
0.08586,0.099486,0.091994,0,0,0,0,0,0,0,0,0,0,0,0
0.098099,0.10943,0.10953,0,0,0,0,0,0,0,0,0,0,0,0
0.10229,0.10601,0.10229,0,0,0,0,0,0,0,0,0,0,0,0
0.11135,0.10145,0.14375,0,0,0,0,0,0,0,0,0,0,0,0
0.11123,0.092367,0.13633,0,0,0,0,0,0,0,0,0,0,0,0
0.10263,0.096925,0.10146,0,0,0,0,0,0,0,0,0,0,0,0
0.095125,0.10715,0.09737,0,0,0,0,0,0,0,0,0,0,0,0
0.093751,0.10884,0.11109,0,0,0,0,0,0,0,0,0,0,0,0
0.11181,0.10679,0.14042,0,0,0,0,0,0,0,0,0,0,0,0
0.11512,0.094311,0.10329,0,0,0,0,0,0,0,0,0,0,0,0
0.11402,0.097219,0.10428,0,0,0,0,0,0,0,0,0,0,0,0
0.092299,0.11621,0.090654,0,0,0,0,0,0,0,0,0,0,0,0
0.095543,0.14896,0.098767,0,0,0,0,0,0,0,0,0,0,0,0
0.097943,0.14899,0.11096,0,0,0,0,0,0,0,0,0,0,0,0
0.10785,0.085132,0.10059,0,0,0,0,0,0,0,0,0,0,0,0
0.11701,0.10179,0.10711,0,0,0,0,0,0,0,0,0,0,0,0
0.10938,0.1439,0.094664,0,0,0,0,0,0,0,0,0,0,0,0
0.084575,0.15653,0.091198,0,0,0,0,0,0,0,0,0,0,0,0
0.094442,0.11949,0.092207,0,0,0,0,0,0,0,0,0,0,0,0
0.11135,0.097437,0.11414,0,0,0,0,0,0,0,0,0,0,0,0
0.10948,0.1091,0.097364,0,0,0,0,0,0,0,0,0,0,0,0
0.10845,0.11617,0.10659,0,0,0,0,0,0,0,0,0,0,0,0
0.10615,0.10157,0.092786,0,0,0,0,0,0,0,0,0,0,0,0
0.087907,0.11356,0.094457,0,0,0,0,0,0,0,0,0,0,0,0
0.099956,0.087082,0.099416,0,0,0,0,0,0,0,0,0,0,0,0
