1
42.0000,568.0000,65.0000,66.0000
68.0000,578.0000,66.0000,68.0000
90.0000,587.0000,69.0000,69.0000
117.0000,596.0000,68.0000,70.0000
142.0000,606.0000,69.0000,70.0000
170.0000,613.0000,66.0000,69.0000
195.0000,621.0000,67.0000,67.0000
221.0000,626.0000,70.0000,68.0000
250.0000,633.0000,69.0000,66.0000
283.0000,640.0000,67.0000,66.0000
315.0000,647.0000,68.0000,64.0000
348.0000,650.0000,66.0000,65.0000
379.0000,654.0000,66.0000,65.0000
414.0000,656.0000,64.0000,68.0000
447.0000,655.0000,65.0000,71.0000
480.0000,655.0000,66.0000,73.0000
511.0000,654.0000,66.0000,73.0000
542.0000,648.0000,66.0000,72.0000
574.0000,643.0000,64.0000,71.0000
603.0000,638.0000,64.0000,69.0000
632.0000,632.0000,64.0000,69.0000
658.5000,626.0000,64.0000,68.0000
682.0000,620.0000,64.0000,66.0000
703.0000,615.0000,64.0000,66.0000
721.0000,610.0000,64.0000,66.0000
739.0000,605.0000,64.0000,66.0000
757.0000,603.0000,64.0000,66.0000
777.0000,598.0000,64.0000,66.0000
795.0000,595.0000,64.0000,66.0000
812.0000,590.0000,64.0000,66.0000
829.0000,586.0000,64.0000,68.0000
845.0000,584.0000,64.0000,68.0000
861.0000,581.0000,64.0000,68.0000
877.0000,577.0000,64.0000,68.0000
893.0000,574.0000,64.0000,68.0000
907.0000,572.0000,64.0000,68.0000
921.0000,568.0000,64.0000,63.0000
933.0000,568.5000,64.0000,63.0000
945.5000,566.0000,64.0000,63.0000
955.0000,565.0000,64.0000,63.0000
967.0000,560.0000,64.0000,66.0000
975.0000,553.0000,64.0000,70.0000
983.5000,550.0000,64.0000,72.0000
990.5000,546.0000,64.0000,70.0000
997.5000,542.0000,64.0000,70.0000
1004.0000,535.0000,64.0000,69.0000
1010.5000,527.0000,64.0000,69.0000
1016.5000,519.0000,64.0000,67.0000
1026.5000,509.0000,64.0000,65.0000
1033.0000,498.0000,64.0000,64.0000
1038.0000,486.5000,64.0000,63.0000
1041.5000,479.5000,64.0000,63.0000
1044.0000,468.0000,64.0000,63.0000
1051.0000,463.0000,64.0000,64.0000
1050.0000,449.0000,64.0000,64.0000
1054.0000,441.5000,64.0000,63.0000
1053.0000,439.0000,64.0000,63.0000
1062.0000,455.0000,64.0000,63.0000
1054.0000,454.0000,64.0000,63.0000
2
0
0
0
0
1
1071.0000,398.0000,29.0000,11.0000
1071.0000,392.0000,29.0000,11.0000
1070.0000,385.0000,29.0000,11.0000
1069.0000,379.0000,29.0000,11.0000
1068.0000,372.0000,29.0000,11.0000
1070.0000,364.0000,25.0000,10.0000
1068.0000,358.0000,25.0000,10.0000
1066.0000,354.0000,25.0000,11.0000
1065.0000,350.0000,25.0000,11.0000
1062.0000,348.0000,25.0000,11.0000
1062.0000,346.0000,23.0000,10.0000
1061.0000,342.0000,23.0000,10.0000
1061.0000,339.0000,23.0000,10.0000
1061.0000,336.0000,23.0000,10.0000
1062.0000,335.0000,22.0000,10.0000
1062.0000,334.0000,22.0000,10.0000
1063.0000,335.0000,22.0000,10.0000
1065.0000,336.0000,22.0000,10.0000
1067.0000,337.0000,22.0000,10.0000
1070.0000,339.0000,22.0000,10.0000
1072.0000,342.0000,22.0000,10.0000
1076.0000,345.0000,22.0000,10.0000
1080.0000,346.0000,22.0000,10.0000
1085.0000,344.0000,22.0000,10.0000
1089.0000,344.0000,22.0000,10.0000
1093.0000,346.0000,22.0000,10.0000
1098.0000,346.0000,22.0000,10.0000
1103.0000,343.0000,22.0000,10.0000
1107.0000,339.0000,22.0000,10.0000
1112.0000,335.0000,22.0000,10.0000
1116.0000,332.0000,22.0000,10.0000
1119.0000,328.0000,22.0000,10.0000
1121.0000,325.0000,22.0000,10.0000
1122.0000,322.0000,22.0000,10.0000
1122.0000,320.0000,22.0000,10.0000
1122.0000,317.0000,22.0000,10.0000
1121.0000,316.0000,22.0000,10.0000
1119.0000,315.0000,22.0000,10.0000
1117.0000,316.0000,22.0000,10.0000
1115.0000,317.0000,22.0000,10.0000
1112.0000,317.0000,22.0000,10.0000
1110.0000,317.0000,22.0000,10.0000
1108.0000,317.0000,22.0000,10.0000
1105.0000,316.0000,22.0000,10.0000
1103.0000,315.0000,22.0000,10.0000
1102.0000,314.0000,21.0000,9.0000
1101.0000,313.0000,22.0000,8.0000
1101.0000,313.0000,21.0000,8.0000
1101.0000,314.0000,21.0000,8.0000
1101.0000,315.0000,21.0000,8.0000
1100.0000,315.0000,22.0000,9.0000
1101.0000,316.0000,22.0000,9.0000
1104.0000,316.0000,22.0000,9.0000
1106.0000,318.0000,21.0000,9.0000
1108.0000,321.0000,21.0000,9.0000
1111.0000,324.0000,20.0000,9.0000
1113.0000,324.0000,20.0000,9.0000
1116.0000,322.0000,20.0000,9.0000
1118.0000,320.0000,20.0000,9.0000
1120.0000,318.0000,20.0000,9.0000
1123.0000,316.0000,20.0000,9.0000
1124.0000,312.0000,22.0000,10.0000
1124.0000,309.0000,22.0000,10.0000
1124.0000,307.0000,23.0000,10.0000
1125.0000,305.0000,22.0000,10.0000
1124.0000,303.0000,23.0000,10.0000
1123.0000,303.0000,23.0000,10.0000
1122.0000,303.0000,23.0000,10.0000
1120.0000,304.0000,23.0000,10.0000
1117.0000,304.0000,23.0000,10.0000
1115.0000,304.0000,23.0000,10.0000
1112.0000,304.0000,23.0000,10.0000
1110.0000,303.0000,23.0000,10.0000
1107.0000,302.0000,23.0000,10.0000
1104.0000,303.0000,23.0000,10.0000
1102.0000,304.0000,23.0000,10.0000
1099.0000,303.0000,23.0000,10.0000
1096.0000,300.0000,23.0000,10.0000
1094.0000,298.0000,23.0000,10.0000
1091.0000,297.0000,23.0000,10.0000
1088.0000,295.0000,23.0000,10.0000
