1
452.7463,382.3134,490.1577,366.8251,476.9225,334.8396,439.5111,350.3280
452.4452,381.5527,488.7983,365.8470,475.3771,334.7662,439.0239,350.4719
452.4452,381.5527,488.7983,365.8470,475.3771,334.7662,439.0239,350.4719
452.4452,381.5527,488.7983,365.8470,475.3771,334.7662,439.0239,350.4719
451.4692,380.6621,486.9118,365.6458,474.0798,335.3436,438.6372,350.3600
451.4692,380.6621,486.9118,365.6458,474.0798,335.3436,438.6372,350.3600
451.4692,380.6621,486.9118,365.6458,474.0798,335.3436,438.6372,350.3600
451.4692,380.6621,486.9118,365.6458,474.0798,335.3436,438.6372,350.3600
451.5981,381.5161,487.5867,364.5369,473.0768,333.7675,437.0880,350.7467
451.5981,381.5161,487.5867,364.5369,473.0768,333.7675,437.0880,350.7467
451.5981,381.5161,487.5867,364.5369,473.0768,333.7675,437.0880,350.7467
449.6383,381.3544,486.1061,362.3829,469.8929,331.2036,433.4250,350.1752
449.6383,381.3544,486.1061,362.3829,469.8929,331.2036,433.4250,350.1752
449.6383,381.3544,486.1061,362.3829,469.8929,331.2036,433.4250,350.1752
446.4449,381.7947,482.5047,361.2857,464.9770,330.4550,428.9172,350.9641
446.4449,381.7947,482.5047,361.2857,464.9770,330.4550,428.9172,350.9641
446.4449,381.7947,482.5047,361.2857,464.9770,330.4550,428.9172,350.9641
446.4449,381.7947,482.5047,361.2857,464.9770,330.4550,428.9172,350.9641
446.4449,381.7947,482.5047,361.2857,464.9770,330.4550,428.9172,350.9641
446.4449,381.7947,482.5047,361.2857,464.9770,330.4550,428.9172,350.9641
438.1330,377.6816,474.8491,357.8912,457.9359,326.4996,421.2198,346.2900
438.1330,377.6816,474.8491,357.8912,457.9359,326.4996,421.2198,346.2900
438.1330,377.6816,474.8491,357.8912,457.9359,326.4996,421.2198,346.2900
438.1330,377.6816,474.8491,357.8912,457.9359,326.4996,421.2198,346.2900
438.1330,377.6816,474.8491,357.8912,457.9359,326.4996,421.2198,346.2900
428.8138,375.9216,469.3783,354.6777,451.2231,319.9958,410.6586,341.2397
428.8138,375.9216,469.3783,354.6777,451.2231,319.9958,410.6586,341.2397
428.8138,375.9216,469.3783,354.6777,451.2231,319.9958,410.6586,341.2397
429.2808,371.4028,470.6689,349.2252,451.7156,313.8390,410.3275,336.0166
429.2808,371.4028,470.6689,349.2252,451.7156,313.8390,410.3275,336.0166
429.2808,371.4028,470.6689,349.2252,451.7156,313.8390,410.3275,336.0166
436.8367,367.1921,476.7489,346.1934,458.8032,312.0692,418.8910,333.0679
436.8367,367.1921,476.7489,346.1934,458.8032,312.0692,418.8910,333.0679
436.8367,367.1921,476.7489,346.1934,458.8032,312.0692,418.8910,333.0679
436.8367,367.1921,476.7489,346.1934,458.8032,312.0692,418.8910,333.0679
436.8367,367.1921,476.7489,346.1934,458.8032,312.0692,418.8910,333.0679
436.8367,367.1921,476.7489,346.1934,458.8032,312.0692,418.8910,333.0679
449.6970,367.4665,490.5025,342.9652,469.5626,308.0768,428.7571,332.5780
449.6970,367.4665,490.5025,342.9652,469.5626,308.0768,428.7571,332.5780
449.6970,367.4665,490.5025,342.9652,469.5626,308.0768,428.7571,332.5780
449.6970,367.4665,490.5025,342.9652,469.5626,308.0768,428.7571,332.5780
449.6970,367.4665,490.5025,342.9652,469.5626,308.0768,428.7571,332.5780
449.6970,367.4665,490.5025,342.9652,469.5626,308.0768,428.7571,332.5780
449.6970,367.4665,490.5025,342.9652,469.5626,308.0768,428.7571,332.5780
449.6970,367.4665,490.5025,342.9652,469.5626,308.0768,428.7571,332.5780
449.6970,367.4665,490.5025,342.9652,469.5626,308.0768,428.7571,332.5780
449.6970,367.4665,490.5025,342.9652,469.5626,308.0768,428.7571,332.5780
449.6970,367.4665,490.5025,342.9652,469.5626,308.0768,428.7571,332.5780
449.6970,367.4665,490.5025,342.9652,469.5626,308.0768,428.7571,332.5780
449.6970,367.4665,490.5025,342.9652,469.5626,308.0768,428.7571,332.5780
449.6970,367.4665,490.5025,342.9652,469.5626,308.0768,428.7571,332.5780
455.4485,361.4754,487.4581,332.6363,462.8084,305.2668,430.7988,334.1059
0
0
0
0
0
0
0
0
0
0
0
0
2
0
0
0
0
1
447.5807,241.4965,477.5818,275.1432,516.5266,240.4111,486.5255,206.7644
447.9654,241.3424,477.3555,274.8183,516.1027,240.7934,486.7125,207.3176
447.9654,241.3424,477.3555,274.8183,516.1027,240.7934,486.7125,207.3176
447.9654,241.3424,477.3555,274.8183,516.1027,240.7934,486.7125,207.3176
447.7609,241.4617,478.2839,273.2480,515.0753,237.9120,484.5522,206.1257
447.7609,241.4617,478.2839,273.2480,515.0753,237.9120,484.5522,206.1257
447.7609,241.4617,478.2839,273.2480,515.0753,237.9120,484.5522,206.1257
447.7609,241.4617,478.2839,273.2480,515.0753,237.9120,484.5522,206.1257
447.7609,241.4617,478.2839,273.2480,515.0753,237.9120,484.5522,206.1257
447.7609,241.4617,478.2839,273.2480,515.0753,237.9120,484.5522,206.1257
454.2559,239.3074,483.6573,272.2290,521.7628,238.1912,492.3614,205.2697
454.2559,239.3074,483.6573,272.2290,521.7628,238.1912,492.3614,205.2697
0
0
0
0
0
0
0
0
0
0
0
0
0
0
0
0
0
0
0
2
0
0
0
0
1
631.9019,360.1750,677.7920,379.8493,702.7728,321.5696,656.8826,301.8954
631.6845,361.4934,678.5381,381.7910,704.3105,322.2877,657.4568,301.9901
631.6845,361.4934,678.5381,381.7910,704.3105,322.2877,657.4568,301.9901
631.6845,361.4934,678.5381,381.7910,704.3105,322.2877,657.4568,301.9901
632.4149,363.1356,679.7379,382.7191,704.6033,322.6197,657.2803,303.0362
632.4149,363.1356,679.7379,382.7191,704.6033,322.6197,657.2803,303.0362
632.4149,363.1356,679.7379,382.7191,704.6033,322.6197,657.2803,303.0362
632.4149,363.1356,679.7379,382.7191,704.6033,322.6197,657.2803,303.0362
636.1322,365.3135,685.3322,383.6380,708.5985,321.1552,659.3986,302.8307
636.1322,365.3135,685.3322,383.6380,708.5985,321.1552,659.3986,302.8307
636.1322,365.3135,685.3322,383.6380,708.5985,321.1552,659.3986,302.8307
641.4482,362.0125,687.3891,379.9749,710.1960,321.6310,664.2551,303.6685
641.4482,362.0125,687.3891,379.9749,710.1960,321.6310,664.2551,303.6685
641.4482,362.0125,687.3891,379.9749,710.1960,321.6310,664.2551,303.6685
641.4482,362.0125,687.3891,379.9749,710.1960,321.6310,664.2551,303.6685
634.7365,360.3341,681.4174,378.2612,704.1793,318.9775,657.4984,301.0504
634.7365,360.3341,681.4174,378.2612,704.1793,318.9775,657.4984,301.0504
634.7365,360.3341,681.4174,378.2612,704.1793,318.9775,657.4984,301.0504
626.3785,361.6555,676.0516,378.1574,697.0032,315.0739,647.3302,298.5721
626.3785,361.6555,676.0516,378.1574,697.0032,315.0739,647.3302,298.5721
626.3785,361.6555,676.0516,378.1574,697.0032,315.0739,647.3302,298.5721
626.3785,361.6555,676.0516,378.1574,697.0032,315.0739,647.3302,298.5721
626.3785,361.6555,676.0516,378.1574,697.0032,315.0739,647.3302,298.5721
626.3785,361.6555,676.0516,378.1574,697.0032,315.0739,647.3302,298.5721
626.3785,361.6555,676.0516,378.1574,697.0032,315.0739,647.3302,298.5721
626.3785,361.6555,676.0516,378.1574,697.0032,315.0739,647.3302,298.5721
626.3785,361.6555,676.0516,378.1574,697.0032,315.0739,647.3302,298.5721
626.3785,361.6555,676.0516,378.1574,697.0032,315.0739,647.3302,298.5721
626.3785,361.6555,676.0516,378.1574,697.0032,315.0739,647.3302,298.5721
626.3785,361.6555,676.0516,378.1574,697.0032,315.0739,647.3302,298.5721
626.3785,361.6555,676.0516,378.1574,697.0032,315.0739,647.3302,298.5721
626.3785,361.6555,676.0516,378.1574,697.0032,315.0739,647.3302,298.5721
626.3785,361.6555,676.0516,378.1574,697.0032,315.0739,647.3302,298.5721
626.3785,361.6555,676.0516,378.1574,697.0032,315.0739,647.3302,298.5721
626.3785,361.6555,676.0516,378.1574,697.0032,315.0739,647.3302,298.5721
626.3785,361.6555,676.0516,378.1574,697.0032,315.0739,647.3302,298.5721
626.3785,361.6555,676.0516,378.1574,697.0032,315.0739,647.3302,298.5721
626.3785,361.6555,676.0516,378.1574,697.0032,315.0739,647.3302,298.5721
626.3785,361.6555,676.0516,378.1574,697.0032,315.0739,647.3302,298.5721
626.3785,361.6555,676.0516,378.1574,697.0032,315.0739,647.3302,298.5721
627.3423,367.6258,683.3666,366.3561,681.7488,295.2088,625.7246,296.4785
0
0
0
0
0
0
0
0
0
0
0
0
0
0
0
0
0
0
0
0
0
0
0
0
0
0
0
0
0
0
2
0
0
0
0
1
420.4794,304.7986,463.3302,281.5114,437.0773,233.2097,394.2265,256.5071
420.7279,304.6385,462.9425,281.4331,436.7819,233.8485,394.5674,257.0640
420.7279,304.6385,462.9425,281.4331,436.7819,233.8485,394.5674,257.0640
420.7279,304.6385,462.9425,281.4331,436.7819,233.8485,394.5674,257.0640
411.6634,302.8007,454.3099,279.9398,428.5376,231.8684,385.8911,254.7394
411.6634,302.8007,454.3099,279.9398,428.5376,231.8684,385.8911,254.7394
411.6634,302.8007,454.3099,279.9398,428.5376,231.8684,385.8911,254.7394
411.6634,302.8007,454.3099,279.9398,428.5376,231.8684,385.8911,254.7394
411.6634,302.8007,454.3099,279.9398,428.5376,231.8684,385.8911,254.7394
411.6634,302.8007,454.3099,279.9398,428.5376,231.8684,385.8911,254.7394
411.6634,302.8007,454.3099,279.9398,428.5376,231.8684,385.8911,254.7394
2
0
0
0
389.2372,300.8222,430.7963,279.8792,407.1860,233.0333,365.6265,253.9861
0
0
0
0
1
344.7378,351.1184,384.7853,351.2941,385.0211,296.0004,344.9736,295.8247
346.3731,357.5700,386.0653,357.1684,385.5040,302.3655,345.8119,302.7671
346.3731,357.5700,386.0653,357.1684,385.5040,302.3655,345.8119,302.7671
346.3731,357.5700,386.0653,357.1684,385.5040,302.3655,345.8119,302.7671
348.4467,364.3391,388.4882,363.8708,387.8348,308.5855,347.7933,309.0538
348.4467,364.3391,388.4882,363.8708,387.8348,308.5855,347.7933,309.0538
348.4467,364.3391,388.4882,363.8708,387.8348,308.5855,347.7933,309.0538
348.4467,364.3391,388.4882,363.8708,387.8348,308.5855,347.7933,309.0538
348.4467,364.3391,388.4882,363.8708,387.8348,308.5855,347.7933,309.0538
348.4467,364.3391,388.4882,363.8708,387.8348,308.5855,347.7933,309.0538
348.4467,364.3391,388.4882,363.8708,387.8348,308.5855,347.7933,309.0538
348.4467,364.3391,388.4882,363.8708,387.8348,308.5855,347.7933,309.0538
352.6879,370.9275,389.9575,373.7549,393.8549,322.2961,356.5853,319.4688
352.6879,370.9275,389.9575,373.7549,393.8549,322.2961,356.5853,319.4688
352.6879,370.9275,389.9575,373.7549,393.8549,322.2961,356.5853,319.4688
352.6879,370.9275,389.9575,373.7549,393.8549,322.2961,356.5853,319.4688
352.6879,370.9275,389.9575,373.7549,393.8549,322.2961,356.5853,319.4688
352.6879,370.9275,389.9575,373.7549,393.8549,322.2961,356.5853,319.4688
352.6879,370.9275,389.9575,373.7549,393.8549,322.2961,356.5853,319.4688
352.6879,370.9275,389.9575,373.7549,393.8549,322.2961,356.5853,319.4688
352.6879,370.9275,389.9575,373.7549,393.8549,322.2961,356.5853,319.4688
352.6879,370.9275,389.9575,373.7549,393.8549,322.2961,356.5853,319.4688
352.6879,370.9275,389.9575,373.7549,393.8549,322.2961,356.5853,319.4688
352.6879,370.9275,389.9575,373.7549,393.8549,322.2961,356.5853,319.4688
367.1612,385.1956,404.0522,390.8190,411.8102,339.8826,374.9192,334.2592
367.1612,385.1956,404.0522,390.8190,411.8102,339.8826,374.9192,334.2592
367.1612,385.1956,404.0522,390.8190,411.8102,339.8826,374.9192,334.2592
367.1612,385.1956,404.0522,390.8190,411.8102,339.8826,374.9192,334.2592
367.1612,385.1956,404.0522,390.8190,411.8102,339.8826,374.9192,334.2592
367.1612,385.1956,404.0522,390.8190,411.8102,339.8826,374.9192,334.2592
367.1612,385.1956,404.0522,390.8190,411.8102,339.8826,374.9192,334.2592
367.1612,385.1956,404.0522,390.8190,411.8102,339.8826,374.9192,334.2592
367.1612,385.1956,404.0522,390.8190,411.8102,339.8826,374.9192,334.2592
367.1612,385.1956,404.0522,390.8190,411.8102,339.8826,374.9192,334.2592
367.1612,385.1956,404.0522,390.8190,411.8102,339.8826,374.9192,334.2592
367.1612,385.1956,404.0522,390.8190,411.8102,339.8826,374.9192,334.2592
367.1612,385.1956,404.0522,390.8190,411.8102,339.8826,374.9192,334.2592
367.1612,385.1956,404.0522,390.8190,411.8102,339.8826,374.9192,334.2592
367.1612,385.1956,404.0522,390.8190,411.8102,339.8826,374.9192,334.2592
367.1612,385.1956,404.0522,390.8190,411.8102,339.8826,374.9192,334.2592
367.1612,385.1956,404.0522,390.8190,411.8102,339.8826,374.9192,334.2592
367.1612,385.1956,404.0522,390.8190,411.8102,339.8826,374.9192,334.2592
380.3148,373.9569,415.0807,380.2888,423.8173,332.2864,389.0514,325.9545
380.3148,373.9569,415.0807,380.2888,423.8173,332.2864,389.0514,325.9545
380.3148,373.9569,415.0807,380.2888,423.8173,332.2864,389.0514,325.9545
380.3148,373.9569,415.0807,380.2888,423.8173,332.2864,389.0514,325.9545
380.3148,373.9569,415.0807,380.2888,423.8173,332.2864,389.0514,325.9545
380.3148,373.9569,415.0807,380.2888,423.8173,332.2864,389.0514,325.9545
0
0
0
0
0
0
0
0
0
0
0
0
0
0
0
0
0
0
0
0
0
0
0
0
0
0
0
2
0
0
0
0
1
333.5388,345.4827,368.1575,345.9619,368.7364,303.4758,334.1280,302.9965
334.9464,345.5604,369.1342,345.5759,369.1441,303.6188,334.9665,303.6031
334.9464,345.5604,369.1342,345.5759,369.1441,303.6188,334.9665,303.6031
334.9464,345.5604,369.1342,345.5759,369.1441,303.6188,334.9665,303.6031
335.2929,345.1031,369.1202,345.4012,369.4769,303.8864,335.6596,303.5882
335.2929,345.1031,369.1202,345.4012,369.4769,303.8864,335.6596,303.5882
335.2929,345.1031,369.1202,345.4012,369.4769,303.8864,335.6596,303.5882
335.2929,345.1031,369.1202,345.4012,369.4769,303.8864,335.6596,303.5882
331.2563,337.9475,365.1683,339.6619,367.2632,298.0427,333.3613,296.3287
331.2563,337.9475,365.1683,339.6619,367.2632,298.0427,333.3613,296.3287
331.1767,328.6964,363.9923,330.1008,365.7070,289.8273,332.9011,288.4232
331.1767,328.6964,363.9923,330.1008,365.7070,289.8273,332.9011,288.4232
331.1767,328.6964,363.9923,330.1008,365.7070,289.8273,332.9011,288.4232
331.1767,328.6964,363.9923,330.1008,365.7070,289.8273,332.9011,288.4232
324.1619,317.1991,355.1655,321.1548,360.0117,283.1044,329.0173,279.1497
324.1619,317.1991,355.1655,321.1548,360.0117,283.1044,329.0173,279.1497
324.1619,317.1991,355.1655,321.1548,360.0117,283.1044,329.0173,279.1497
324.1619,317.1991,355.1655,321.1548,360.0117,283.1044,329.0173,279.1497
324.1619,317.1991,355.1655,321.1548,360.0117,283.1044,329.0173,279.1497
324.1619,317.1991,355.1655,321.1548,360.0117,283.1044,329.0173,279.1497
2
312.7079,303.3785,344.7660,308.5001,351.0428,269.1552,318.9943,264.0350
0
0
0
0
1
272.6543,271.8682,302.1151,276.6812,308.7956,235.7685,279.3348,230.9554
266.8873,269.6267,296.6415,275.1595,304.3215,233.8392,274.5674,228.3064
266.8873,269.6267,296.6415,275.1595,304.3215,233.8392,274.5674,228.3064
266.8873,269.6267,296.6415,275.1595,304.3215,233.8392,274.5674,228.3064
261.8778,267.4710,291.1473,274.0093,300.2236,233.3620,270.9541,226.8238
261.8778,267.4710,291.1473,274.0093,300.2236,233.3620,270.9541,226.8238
261.8778,267.4710,291.1473,274.0093,300.2236,233.3620,270.9541,226.8238
261.8778,267.4710,291.1473,274.0093,300.2236,233.3620,270.9541,226.8238
261.8778,267.4710,291.1473,274.0093,300.2236,233.3620,270.9541,226.8238
261.8778,267.4710,291.1473,274.0093,300.2236,233.3620,270.9541,226.8238
2
0
249.9328,264.9992,278.9171,272.4493,289.2597,232.1980,260.2754,224.7479
0
0
0
0
1
230.1975,294.2510,248.8883,311.9907,281.4162,277.7191,262.7253,259.9794
232.5385,299.6337,249.9251,317.7900,283.2170,285.9099,265.8304,267.7536
232.5385,299.6337,249.9251,317.7900,283.2170,285.9099,265.8304,267.7536
232.5385,299.6337,249.9251,317.7900,283.2170,285.9099,265.8304,267.7536
237.7431,307.7715,256.1854,324.8360,287.4753,291.0202,269.0330,273.9557
237.7431,307.7715,256.1854,324.8360,287.4753,291.0202,269.0330,273.9557
0
0
0
0
0
0
2
0
0
0
0
1
239.4440,348.1337,285.6193,340.0294,281.5475,316.8078,235.3621,324.9117
236.7471,346.5119,281.9753,335.0943,276.2373,312.3487,230.9989,323.7666
236.7471,346.5119,281.9753,335.0943,276.2373,312.3487,230.9989,323.7666
236.7471,346.5119,281.9753,335.0943,276.2373,312.3487,230.9989,323.7666
231.8531,343.6806,276.0612,333.0804,270.7342,310.8479,226.5162,321.4482
231.8531,343.6806,276.0612,333.0804,270.7342,310.8479,226.5162,321.4482
231.8531,343.6806,276.0612,333.0804,270.7342,310.8479,226.5162,321.4482
231.8531,343.6806,276.0612,333.0804,270.7342,310.8479,226.5162,321.4482
231.8531,343.6806,276.0612,333.0804,270.7342,310.8479,226.5162,321.4482
0
2
0
0
0
0
1
143.7781,325.0211,188.9182,318.9003,185.6839,295.0309,140.5340,301.1617
144.0643,323.4610,186.6124,318.2291,183.8481,295.7303,141.2905,300.9715
144.0643,323.4610,186.6124,318.2291,183.8481,295.7303,141.2905,300.9715
144.0643,323.4610,186.6124,318.2291,183.8481,295.7303,141.2905,300.9715
137.3218,322.7171,178.7843,318.8537,176.7435,296.9290,135.2716,300.8013
137.3218,322.7171,178.7843,318.8537,176.7435,296.9290,135.2716,300.8013
137.3218,322.7171,178.7843,318.8537,176.7435,296.9290,135.2716,300.8013
137.3218,322.7171,178.7843,318.8537,176.7435,296.9290,135.2716,300.8013
137.3218,322.7171,178.7843,318.8537,176.7435,296.9290,135.2716,300.8013
137.3218,322.7171,178.7843,318.8537,176.7435,296.9290,135.2716,300.8013
135.6341,323.9829,178.9534,321.8983,177.8533,298.9919,134.5238,301.0852
0
0
0
0
0
0
0
0
0
0
0
0
0
0
0
0
0
0
0
0
0
0
0
0
0
0
0
0
0
0
0
0
0
0
0
0
2
0
0
0
0
1
471.8338,474.3116,505.6485,447.9590,484.3884,420.6812,450.5738,447.0339
472.5015,478.4955,512.2462,447.1494,486.9577,415.0881,447.2131,446.4342
472.5015,478.4955,512.2462,447.1494,486.9577,415.0881,447.2131,446.4342
472.5015,478.4955,512.2462,447.1494,486.9577,415.0881,447.2131,446.4342
480.4218,479.2955,519.7738,448.7475,495.1292,417.0030,455.7773,447.5509
480.4218,479.2955,519.7738,448.7475,495.1292,417.0030,455.7773,447.5509
480.4218,479.2955,519.7738,448.7475,495.1292,417.0030,455.7773,447.5509
480.4218,479.2955,519.7738,448.7475,495.1292,417.0030,455.7773,447.5509
0
0
2
0
0
0
0
1
604.7672,450.0225,648.6537,452.0215,650.4278,413.2108,606.5311,411.2016
615.6068,449.7065,659.5872,449.8546,659.7245,410.9606,615.7335,410.8028
615.6068,449.7065,659.5872,449.8546,659.7245,410.9606,615.7335,410.8028
615.6068,449.7065,659.5872,449.8546,659.7245,410.9606,615.7335,410.8028
621.9662,447.5292,665.0905,447.3097,664.9025,409.1728,621.7678,409.3829
621.9662,447.5292,665.0905,447.3097,664.9025,409.1728,621.7678,409.3829
621.9662,447.5292,665.0905,447.3097,664.9025,409.1728,621.7678,409.3829
621.9662,447.5292,665.0905,447.3097,664.9025,409.1728,621.7678,409.3829
621.9662,447.5292,665.0905,447.3097,664.9025,409.1728,621.7678,409.3829
621.9662,447.5292,665.0905,447.3097,664.9025,409.1728,621.7678,409.3829
624.9137,443.1450,668.5515,444.7402,669.9684,406.1494,626.3205,404.5442
624.9137,443.1450,668.5515,444.7402,669.9684,406.1494,626.3205,404.5442
624.9137,443.1450,668.5515,444.7402,669.9684,406.1494,626.3205,404.5442
618.8138,436.4286,661.9036,435.8824,661.4266,397.7760,618.3265,398.3129
618.8138,436.4286,661.9036,435.8824,661.4266,397.7760,618.3265,398.3129
618.8138,436.4286,661.9036,435.8824,661.4266,397.7760,618.3265,398.3129
606.0712,433.5427,650.8849,431.9870,649.5154,392.3559,604.6907,393.9021
606.0712,433.5427,650.8849,431.9870,649.5154,392.3559,604.6907,393.9021
606.0712,433.5427,650.8849,431.9870,649.5154,392.3559,604.6907,393.9021
595.5067,430.8492,640.2828,430.6052,640.0734,391.0075,595.2866,391.2417
595.5067,430.8492,640.2828,430.6052,640.0734,391.0075,595.2866,391.2417
595.5067,430.8492,640.2828,430.6052,640.0734,391.0075,595.2866,391.2417
595.5067,430.8492,640.2828,430.6052,640.0734,391.0075,595.2866,391.2417
595.5067,430.8492,640.2828,430.6052,640.0734,391.0075,595.2866,391.2417
595.5067,430.8492,640.2828,430.6052,640.0734,391.0075,595.2866,391.2417
595.5067,430.8492,640.2828,430.6052,640.0734,391.0075,595.2866,391.2417
595.5067,430.8492,640.2828,430.6052,640.0734,391.0075,595.2866,391.2417
582.0125,427.2986,625.7863,427.2559,625.7548,388.5446,581.9705,388.5776
582.0125,427.2986,625.7863,427.2559,625.7548,388.5446,581.9705,388.5776
582.0125,427.2986,625.7863,427.2559,625.7548,388.5446,581.9705,388.5776
582.0125,427.2986,625.7863,427.2559,625.7548,388.5446,581.9705,388.5776
582.0125,427.2986,625.7863,427.2559,625.7548,388.5446,581.9705,388.5776
582.0125,427.2986,625.7863,427.2559,625.7548,388.5446,581.9705,388.5776
582.0125,427.2986,625.7863,427.2559,625.7548,388.5446,581.9705,388.5776
582.0125,427.2986,625.7863,427.2559,625.7548,388.5446,581.9705,388.5776
582.0125,427.2986,625.7863,427.2559,625.7548,388.5446,581.9705,388.5776
582.0125,427.2986,625.7863,427.2559,625.7548,388.5446,581.9705,388.5776
557.3555,422.7538,600.6832,422.6847,600.6282,384.3680,557.2902,384.4276
557.3555,422.7538,600.6832,422.6847,600.6282,384.3680,557.2902,384.4276
557.3555,422.7538,600.6832,422.6847,600.6282,384.3680,557.2902,384.4276
557.3555,422.7538,600.6832,422.6847,600.6282,384.3680,557.2902,384.4276
557.3555,422.7538,600.6832,422.6847,600.6282,384.3680,557.2902,384.4276
557.3555,422.7538,600.6832,422.6847,600.6282,384.3680,557.2902,384.4276
557.3555,422.7538,600.6832,422.6847,600.6282,384.3680,557.2902,384.4276
557.3555,422.7538,600.6832,422.6847,600.6282,384.3680,557.2902,384.4276
557.3555,422.7538,600.6832,422.6847,600.6282,384.3680,557.2902,384.4276
557.3555,422.7538,600.6832,422.6847,600.6282,384.3680,557.2902,384.4276
537.8020,417.4122,579.7317,418.8708,581.0275,381.7906,539.0882,380.3224
537.8020,417.4122,579.7317,418.8708,581.0275,381.7906,539.0882,380.3224
537.8020,417.4122,579.7317,418.8708,581.0275,381.7906,539.0882,380.3224
537.8020,417.4122,579.7317,418.8708,581.0275,381.7906,539.0882,380.3224
540.1694,421.0511,582.1119,421.7786,582.7612,384.6870,540.8089,383.9501
540.1694,421.0511,582.1119,421.7786,582.7612,384.6870,540.8089,383.9501
540.1694,421.0511,582.1119,421.7786,582.7612,384.6870,540.8089,383.9501
550.2100,420.9246,592.8095,423.2434,594.8662,385.5709,552.2570,383.2422
550.2100,420.9246,592.8095,423.2434,594.8662,385.5709,552.2570,383.2422
550.2100,420.9246,592.8095,423.2434,594.8662,385.5709,552.2570,383.2422
560.5508,420.4309,602.2767,423.0038,604.5579,386.1040,562.8227,383.5213
560.5508,420.4309,602.2767,423.0038,604.5579,386.1040,562.8227,383.5213
560.5508,420.4309,602.2767,423.0038,604.5579,386.1040,562.8227,383.5213
560.5508,420.4309,602.2767,423.0038,604.5579,386.1040,562.8227,383.5213
560.5508,420.4309,602.2767,423.0038,604.5579,386.1040,562.8227,383.5213
560.5508,420.4309,602.2767,423.0038,604.5579,386.1040,562.8227,383.5213
560.5508,420.4309,602.2767,423.0038,604.5579,386.1040,562.8227,383.5213
0
0
2
0
0
0
0
1
645.1837,404.1969,689.2547,397.5116,684.4941,366.1646,640.4331,372.8499
648.2070,401.7447,692.0289,395.4897,687.5745,364.3199,643.7625,370.5750
648.2070,401.7447,692.0289,395.4897,687.5745,364.3199,643.7625,370.5750
648.2070,401.7447,692.0289,395.4897,687.5745,364.3199,643.7625,370.5750
651.3591,398.2804,695.1443,394.0329,692.1177,362.8889,648.3425,367.1370
651.3591,398.2804,695.1443,394.0329,692.1177,362.8889,648.3425,367.1370
651.3591,398.2804,695.1443,394.0329,692.1177,362.8889,648.3425,367.1370
651.3591,398.2804,695.1443,394.0329,692.1177,362.8889,648.3425,367.1370
651.3591,398.2804,695.1443,394.0329,692.1177,362.8889,648.3425,367.1370
651.3591,398.2804,695.1443,394.0329,692.1177,362.8889,648.3425,367.1370
657.4008,394.1245,699.6835,389.0688,696.0822,358.9936,653.8090,364.0497
657.4008,394.1245,699.6835,389.0688,696.0822,358.9936,653.8090,364.0497
658.9100,385.5297,701.5482,380.2160,697.7634,349.8879,655.1348,355.2020
658.9100,385.5297,701.5482,380.2160,697.7634,349.8879,655.1348,355.2020
658.9100,385.5297,701.5482,380.2160,697.7634,349.8879,655.1348,355.2020
654.2579,382.7287,697.3768,376.8186,693.1677,346.1487,650.0586,352.0590
654.2579,382.7287,697.3768,376.8186,693.1677,346.1487,650.0586,352.0590
654.2579,382.7287,697.3768,376.8186,693.1677,346.1487,650.0586,352.0590
644.8519,377.1626,687.9909,370.4290,683.1961,339.7450,640.0669,346.4785
644.8519,377.1626,687.9909,370.4290,683.1961,339.7450,640.0669,346.4785
644.8519,377.1626,687.9909,370.4290,683.1961,339.7450,640.0669,346.4785
644.8519,377.1626,687.9909,370.4290,683.1961,339.7450,640.0669,346.4785
644.8519,377.1626,687.9909,370.4290,683.1961,339.7450,640.0669,346.4785
644.8519,377.1626,687.9909,370.4290,683.1961,339.7450,640.0669,346.4785
644.8519,377.1626,687.9909,370.4290,683.1961,339.7450,640.0669,346.4785
635.5055,373.2067,679.3499,366.1959,674.3578,335.0101,630.5234,342.0209
635.5055,373.2067,679.3499,366.1959,674.3578,335.0101,630.5234,342.0209
635.5055,373.2067,679.3499,366.1959,674.3578,335.0101,630.5234,342.0209
635.5055,373.2067,679.3499,366.1959,674.3578,335.0101,630.5234,342.0209
635.5055,373.2067,679.3499,366.1959,674.3578,335.0101,630.5234,342.0209
635.5055,373.2067,679.3499,366.1959,674.3578,335.0101,630.5234,342.0209
635.5055,373.2067,679.3499,366.1959,674.3578,335.0101,630.5234,342.0209
635.5055,373.2067,679.3499,366.1959,674.3578,335.0101,630.5234,342.0209
635.5055,373.2067,679.3499,366.1959,674.3578,335.0101,630.5234,342.0209
635.5055,373.2067,679.3499,366.1959,674.3578,335.0101,630.5234,342.0209
635.5055,373.2067,679.3499,366.1959,674.3578,335.0101,630.5234,342.0209
635.5055,373.2067,679.3499,366.1959,674.3578,335.0101,630.5234,342.0209
635.5055,373.2067,679.3499,366.1959,674.3578,335.0101,630.5234,342.0209
637.2633,363.8931,675.7445,360.6237,673.4142,333.2523,634.9417,336.5224
637.2633,363.8931,675.7445,360.6237,673.4142,333.2523,634.9417,336.5224
637.2633,363.8931,675.7445,360.6237,673.4142,333.2523,634.9417,336.5224
637.2633,363.8931,675.7445,360.6237,673.4142,333.2523,634.9417,336.5224
637.2633,363.8931,675.7445,360.6237,673.4142,333.2523,634.9417,336.5224
637.2633,363.8931,675.7445,360.6237,673.4142,333.2523,634.9417,336.5224
637.2633,363.8931,675.7445,360.6237,673.4142,333.2523,634.9417,336.5224
637.2633,363.8931,675.7445,360.6237,673.4142,333.2523,634.9417,336.5224
629.2679,362.6017,673.2846,358.3617,670.2633,327.0531,626.2566,331.2937
629.2679,362.6017,673.2846,358.3617,670.2633,327.0531,626.2566,331.2937
629.2679,362.6017,673.2846,358.3617,670.2633,327.0531,626.2566,331.2937
630.3442,354.6842,675.7921,351.2721,673.3596,318.9453,627.9219,322.3582
630.3442,354.6842,675.7921,351.2721,673.3596,318.9453,627.9219,322.3582
