1
187.0000,212.0000,40.0000,100.0000
185.0000,213.0000,40.0000,100.0000
185.0000,213.0000,40.0000,100.0000
185.0000,213.0000,40.0000,100.0000
185.0000,213.0000,40.0000,100.0000
185.0000,213.0000,40.0000,100.0000
185.0000,213.0000,40.0000,100.0000
185.0000,213.0000,40.0000,100.0000
185.0000,213.0000,40.0000,100.0000
185.0000,213.0000,40.0000,100.0000
184.0000,212.0000,40.0000,100.0000
184.0000,212.0000,40.0000,100.0000
184.0000,212.0000,40.0000,100.0000
184.0000,212.0000,40.0000,100.0000
184.0000,212.0000,40.0000,100.0000
184.0000,212.0000,40.0000,100.0000
184.0000,212.0000,40.0000,100.0000
184.0000,212.0000,40.0000,100.0000
184.0000,212.0000,40.0000,100.0000
184.0000,212.0000,40.0000,100.0000
184.0000,229.0000,40.0000,100.0000
184.0000,229.0000,40.0000,100.0000
184.0000,229.0000,40.0000,100.0000
184.0000,229.0000,40.0000,100.0000
184.0000,229.0000,40.0000,100.0000
184.0000,229.0000,40.0000,100.0000
2
0
0
0
0
1
255.0000,228.0000,44.0000,84.0000
259.0000,226.0000,44.0000,84.0000
259.0000,226.0000,44.0000,84.0000
259.0000,226.0000,44.0000,84.0000
259.0000,226.0000,44.0000,84.0000
259.0000,226.0000,44.0000,84.0000
259.0000,226.0000,44.0000,84.0000
259.0000,226.0000,44.0000,84.0000
259.0000,226.0000,44.0000,84.0000
263.0000,226.0000,44.0000,84.0000
263.0000,226.0000,44.0000,84.0000
263.0000,226.0000,44.0000,84.0000
263.0000,226.0000,44.0000,84.0000
263.0000,226.0000,44.0000,84.0000
263.0000,226.0000,44.0000,84.0000
263.0000,226.0000,44.0000,84.0000
263.0000,226.0000,44.0000,84.0000
290.0000,237.0000,44.0000,84.0000
290.0000,237.0000,44.0000,84.0000
290.0000,237.0000,44.0000,84.0000
290.0000,237.0000,44.0000,84.0000
290.0000,237.0000,44.0000,84.0000
290.0000,237.0000,44.0000,84.0000
290.0000,237.0000,44.0000,84.0000
290.0000,237.0000,44.0000,84.0000
290.0000,237.0000,44.0000,84.0000
283.0000,224.0000,44.0000,84.0000
283.0000,224.0000,44.0000,84.0000
283.0000,224.0000,44.0000,84.0000
283.0000,224.0000,44.0000,84.0000
283.0000,224.0000,44.0000,84.0000
283.0000,224.0000,44.0000,84.0000
283.0000,224.0000,44.0000,84.0000
270.0000,225.0000,44.0000,84.0000
270.0000,225.0000,44.0000,84.0000
270.0000,225.0000,44.0000,84.0000
270.0000,225.0000,44.0000,84.0000
270.0000,225.0000,44.0000,84.0000
2
0
0
0
1
177.0000,240.0000,52.0000,76.0000
169.0000,240.0000,52.0000,76.0000
169.0000,240.0000,52.0000,76.0000
169.0000,240.0000,52.0000,76.0000
169.0000,240.0000,52.0000,76.0000
169.0000,240.0000,52.0000,76.0000
169.0000,240.0000,52.0000,76.0000
169.0000,240.0000,52.0000,76.0000
169.0000,240.0000,52.0000,76.0000
169.0000,240.0000,52.0000,76.0000
162.0000,240.0000,52.0000,76.0000
162.0000,240.0000,52.0000,76.0000
162.0000,240.0000,52.0000,76.0000
162.0000,240.0000,52.0000,76.0000
162.0000,240.0000,52.0000,76.0000
2
0
0
0
1
102.0000,224.0000,52.0000,72.0000
103.0000,225.0000,52.0000,72.0000
103.0000,225.0000,52.0000,72.0000
103.0000,225.0000,52.0000,72.0000
103.0000,225.0000,52.0000,72.0000
103.0000,225.0000,52.0000,72.0000
103.0000,225.0000,52.0000,72.0000
103.0000,225.0000,52.0000,72.0000
103.0000,225.0000,52.0000,72.0000
104.0000,226.0000,52.0000,72.0000
104.0000,226.0000,52.0000,72.0000
104.0000,226.0000,52.0000,72.0000
104.0000,226.0000,52.0000,72.0000
104.0000,226.0000,52.0000,72.0000
104.0000,226.0000,52.0000,72.0000
104.0000,226.0000,52.0000,72.0000
104.0000,226.0000,52.0000,72.0000
117.0000,214.0000,52.0000,72.0000
117.0000,214.0000,52.0000,72.0000
117.0000,214.0000,52.0000,72.0000
117.0000,214.0000,52.0000,72.0000
117.0000,214.0000,52.0000,72.0000
117.0000,214.0000,52.0000,72.0000
2
0
0
1
181.0000,183.0000,44.0000,92.0000
184.0000,181.0000,44.0000,92.0000
184.0000,181.0000,44.0000,92.0000
184.0000,181.0000,44.0000,92.0000
184.0000,181.0000,44.0000,92.0000
184.0000,181.0000,44.0000,92.0000
184.0000,181.0000,44.0000,92.0000
184.0000,181.0000,44.0000,92.0000
184.0000,181.0000,44.0000,92.0000
184.0000,181.0000,44.0000,92.0000
186.0000,179.0000,44.0000,92.0000
186.0000,179.0000,44.0000,92.0000
186.0000,179.0000,44.0000,92.0000
186.0000,179.0000,44.0000,92.0000
186.0000,179.0000,44.0000,92.0000
186.0000,179.0000,44.0000,92.0000
186.0000,179.0000,44.0000,92.0000
186.0000,179.0000,44.0000,92.0000
186.0000,179.0000,44.0000,92.0000
208.0000,173.0000,44.0000,92.0000
208.0000,173.0000,44.0000,92.0000
208.0000,173.0000,44.0000,92.0000
208.0000,173.0000,44.0000,92.0000
208.0000,173.0000,44.0000,92.0000
208.0000,173.0000,44.0000,92.0000
208.0000,173.0000,44.0000,92.0000
208.0000,173.0000,44.0000,92.0000
208.0000,173.0000,44.0000,92.0000
218.0000,165.0000,44.0000,92.0000
218.0000,165.0000,44.0000,92.0000
218.0000,165.0000,44.0000,92.0000
218.0000,165.0000,44.0000,92.0000
218.0000,165.0000,44.0000,92.0000
218.0000,165.0000,44.0000,92.0000
218.0000,165.0000,44.0000,92.0000
218.0000,165.0000,44.0000,92.0000
218.0000,165.0000,44.0000,92.0000
234.0000,164.0000,44.0000,92.0000
234.0000,164.0000,44.0000,92.0000
234.0000,164.0000,44.0000,92.0000
234.0000,164.0000,44.0000,92.0000
234.0000,164.0000,44.0000,92.0000
234.0000,164.0000,44.0000,92.0000
234.0000,164.0000,44.0000,92.0000
234.0000,164.0000,44.0000,92.0000
234.0000,164.0000,44.0000,92.0000
249.0000,156.0000,44.0000,92.0000
249.0000,156.0000,44.0000,92.0000
249.0000,156.0000,44.0000,92.0000
249.0000,156.0000,44.0000,92.0000
249.0000,156.0000,44.0000,92.0000
249.0000,156.0000,44.0000,92.0000
249.0000,156.0000,44.0000,92.0000
249.0000,156.0000,44.0000,92.0000
269.0000,164.0000,44.0000,92.0000
269.0000,164.0000,44.0000,92.0000
269.0000,164.0000,44.0000,92.0000
269.0000,164.0000,44.0000,92.0000
269.0000,164.0000,44.0000,92.0000
269.0000,164.0000,44.0000,92.0000
269.0000,164.0000,44.0000,92.0000
269.0000,164.0000,44.0000,92.0000
269.0000,164.0000,44.0000,92.0000
281.0000,154.0000,44.0000,92.0000
281.0000,154.0000,44.0000,92.0000
281.0000,154.0000,44.0000,92.0000
281.0000,154.0000,44.0000,92.0000
281.0000,154.0000,44.0000,92.0000
281.0000,154.0000,44.0000,92.0000
281.0000,154.0000,44.0000,92.0000
281.0000,154.0000,44.0000,92.0000
278.0000,158.0000,44.0000,92.0000
278.0000,158.0000,44.0000,92.0000
278.0000,158.0000,44.0000,92.0000
278.0000,158.0000,44.0000,92.0000
278.0000,158.0000,44.0000,92.0000
278.0000,158.0000,44.0000,92.0000
278.0000,158.0000,44.0000,92.0000
278.0000,158.0000,44.0000,92.0000
278.0000,158.0000,44.0000,92.0000
283.0000,165.0000,44.0000,92.0000
283.0000,165.0000,44.0000,92.0000
283.0000,165.0000,44.0000,92.0000
283.0000,165.0000,44.0000,92.0000
283.0000,165.0000,44.0000,92.0000
283.0000,165.0000,44.0000,92.0000
283.0000,165.0000,44.0000,92.0000
283.0000,165.0000,44.0000,92.0000
283.0000,165.0000,44.0000,92.0000
278.0000,164.0000,44.0000,92.0000
278.0000,164.0000,44.0000,92.0000
278.0000,164.0000,44.0000,92.0000
278.0000,164.0000,44.0000,92.0000
278.0000,164.0000,44.0000,92.0000
278.0000,164.0000,44.0000,92.0000
278.0000,164.0000,44.0000,92.0000
278.0000,164.0000,44.0000,92.0000
278.0000,164.0000,44.0000,92.0000
281.0000,166.0000,44.0000,92.0000
281.0000,166.0000,44.0000,92.0000
281.0000,166.0000,44.0000,92.0000
281.0000,166.0000,44.0000,92.0000
281.0000,166.0000,44.0000,92.0000
281.0000,166.0000,44.0000,92.0000
281.0000,166.0000,44.0000,92.0000
281.0000,166.0000,44.0000,92.0000
280.0000,163.0000,44.0000,92.0000
280.0000,163.0000,44.0000,92.0000
280.0000,163.0000,44.0000,92.0000
280.0000,163.0000,44.0000,92.0000
280.0000,163.0000,44.0000,92.0000
280.0000,163.0000,44.0000,92.0000
280.0000,163.0000,44.0000,92.0000
280.0000,163.0000,44.0000,92.0000
280.0000,163.0000,44.0000,92.0000
265.0000,172.0000,44.0000,92.0000
265.0000,172.0000,44.0000,92.0000
265.0000,172.0000,44.0000,92.0000
265.0000,172.0000,44.0000,92.0000
265.0000,172.0000,44.0000,92.0000
265.0000,172.0000,44.0000,92.0000
265.0000,172.0000,44.0000,92.0000
265.0000,172.0000,44.0000,92.0000
2
0
1
223.0000,187.0000,40.0000,108.0000
220.0000,185.0000,40.0000,108.0000
220.0000,185.0000,40.0000,108.0000
220.0000,185.0000,40.0000,108.0000
220.0000,185.0000,40.0000,108.0000
220.0000,185.0000,40.0000,108.0000
220.0000,185.0000,40.0000,108.0000
220.0000,185.0000,40.0000,108.0000
220.0000,185.0000,40.0000,108.0000
220.0000,185.0000,40.0000,108.0000
220.0000,185.0000,40.0000,108.0000
218.0000,185.0000,40.0000,108.0000
218.0000,185.0000,40.0000,108.0000
218.0000,185.0000,40.0000,108.0000
218.0000,185.0000,40.0000,108.0000
218.0000,185.0000,40.0000,108.0000
218.0000,185.0000,40.0000,108.0000
218.0000,185.0000,40.0000,108.0000
218.0000,185.0000,40.0000,108.0000
218.0000,185.0000,40.0000,108.0000
218.0000,185.0000,40.0000,108.0000
203.0000,190.0000,40.0000,108.0000
203.0000,190.0000,40.0000,108.0000
203.0000,190.0000,40.0000,108.0000
203.0000,190.0000,40.0000,108.0000
203.0000,190.0000,40.0000,108.0000
203.0000,190.0000,40.0000,108.0000
203.0000,190.0000,40.0000,108.0000
203.0000,190.0000,40.0000,108.0000
203.0000,190.0000,40.0000,108.0000
203.0000,190.0000,40.0000,108.0000
203.0000,190.0000,40.0000,108.0000
191.0000,187.0000,40.0000,108.0000
191.0000,187.0000,40.0000,108.0000
191.0000,187.0000,40.0000,108.0000
191.0000,187.0000,40.0000,108.0000
191.0000,187.0000,40.0000,108.0000
191.0000,187.0000,40.0000,108.0000
191.0000,187.0000,40.0000,108.0000
191.0000,187.0000,40.0000,108.0000
191.0000,187.0000,40.0000,108.0000
191.0000,187.0000,40.0000,108.0000
182.0000,176.0000,40.0000,108.0000
182.0000,176.0000,40.0000,108.0000
182.0000,176.0000,40.0000,108.0000
182.0000,176.0000,40.0000,108.0000
182.0000,176.0000,40.0000,108.0000
182.0000,176.0000,40.0000,108.0000
182.0000,176.0000,40.0000,108.0000
182.0000,176.0000,40.0000,108.0000
182.0000,176.0000,40.0000,108.0000
187.0000,189.0000,40.0000,108.0000
187.0000,189.0000,40.0000,108.0000
187.0000,189.0000,40.0000,108.0000
187.0000,189.0000,40.0000,108.0000
187.0000,189.0000,40.0000,108.0000
187.0000,189.0000,40.0000,108.0000
187.0000,189.0000,40.0000,108.0000
187.0000,189.0000,40.0000,108.0000
187.0000,189.0000,40.0000,108.0000
187.0000,189.0000,40.0000,108.0000
176.0000,197.0000,40.0000,108.0000
176.0000,197.0000,40.0000,108.0000
176.0000,197.0000,40.0000,108.0000
176.0000,197.0000,40.0000,108.0000
176.0000,197.0000,40.0000,108.0000
176.0000,197.0000,40.0000,108.0000
176.0000,197.0000,40.0000,108.0000
176.0000,197.0000,40.0000,108.0000
176.0000,197.0000,40.0000,108.0000
150.0000,212.0000,40.0000,108.0000
150.0000,212.0000,40.0000,108.0000
150.0000,212.0000,40.0000,108.0000
150.0000,212.0000,40.0000,108.0000
150.0000,212.0000,40.0000,108.0000
150.0000,212.0000,40.0000,108.0000
150.0000,212.0000,40.0000,108.0000
150.0000,212.0000,40.0000,108.0000
150.0000,212.0000,40.0000,108.0000
150.0000,212.0000,40.0000,108.0000
137.0000,227.0000,40.0000,108.0000
137.0000,227.0000,40.0000,108.0000
137.0000,227.0000,40.0000,108.0000
137.0000,227.0000,40.0000,108.0000
137.0000,227.0000,40.0000,108.0000
137.0000,227.0000,40.0000,108.0000
137.0000,227.0000,40.0000,108.0000
137.0000,227.0000,40.0000,108.0000
137.0000,227.0000,40.0000,108.0000
137.0000,227.0000,40.0000,108.0000
132.0000,220.0000,40.0000,108.0000
132.0000,220.0000,40.0000,108.0000
132.0000,220.0000,40.0000,108.0000
132.0000,220.0000,40.0000,108.0000
132.0000,220.0000,40.0000,108.0000
132.0000,220.0000,40.0000,108.0000
132.0000,220.0000,40.0000,108.0000
132.0000,220.0000,40.0000,108.0000
132.0000,220.0000,40.0000,108.0000
139.0000,223.0000,40.0000,108.0000
139.0000,223.0000,40.0000,108.0000
139.0000,223.0000,40.0000,108.0000
139.0000,223.0000,40.0000,108.0000
139.0000,223.0000,40.0000,108.0000
139.0000,223.0000,40.0000,108.0000
139.0000,223.0000,40.0000,108.0000
139.0000,223.0000,40.0000,108.0000
139.0000,223.0000,40.0000,108.0000
139.0000,223.0000,40.0000,108.0000
139.0000,223.0000,40.0000,108.0000
143.0000,223.0000,40.0000,108.0000
143.0000,223.0000,40.0000,108.0000
143.0000,223.0000,40.0000,108.0000
143.0000,223.0000,40.0000,108.0000
143.0000,223.0000,40.0000,108.0000
143.0000,223.0000,40.0000,108.0000
143.0000,223.0000,40.0000,108.0000
143.0000,223.0000,40.0000,108.0000
143.0000,223.0000,40.0000,108.0000
136.0000,228.0000,40.0000,108.0000
136.0000,228.0000,40.0000,108.0000
136.0000,228.0000,40.0000,108.0000
136.0000,228.0000,40.0000,108.0000
136.0000,228.0000,40.0000,108.0000
136.0000,228.0000,40.0000,108.0000
136.0000,228.0000,40.0000,108.0000
136.0000,228.0000,40.0000,108.0000
136.0000,228.0000,40.0000,108.0000
136.0000,228.0000,40.0000,108.0000
140.0000,235.0000,40.0000,108.0000
140.0000,235.0000,40.0000,108.0000
140.0000,235.0000,40.0000,108.0000
140.0000,235.0000,40.0000,108.0000
140.0000,235.0000,40.0000,108.0000
140.0000,235.0000,40.0000,108.0000
140.0000,235.0000,40.0000,108.0000
140.0000,235.0000,40.0000,108.0000
140.0000,235.0000,40.0000,108.0000
147.0000,236.0000,40.0000,108.0000
147.0000,236.0000,40.0000,108.0000
147.0000,236.0000,40.0000,108.0000
147.0000,236.0000,40.0000,108.0000
147.0000,236.0000,40.0000,108.0000
147.0000,236.0000,40.0000,108.0000
147.0000,236.0000,40.0000,108.0000
147.0000,236.0000,40.0000,108.0000
147.0000,236.0000,40.0000,108.0000
147.0000,236.0000,40.0000,108.0000
151.0000,238.0000,40.0000,108.0000
151.0000,238.0000,40.0000,108.0000
151.0000,238.0000,40.0000,108.0000
151.0000,238.0000,40.0000,108.0000
151.0000,238.0000,40.0000,108.0000
151.0000,238.0000,40.0000,108.0000
151.0000,238.0000,40.0000,108.0000
151.0000,238.0000,40.0000,108.0000
151.0000,238.0000,40.0000,108.0000
151.0000,238.0000,40.0000,108.0000
155.0000,241.0000,40.0000,108.0000
155.0000,241.0000,40.0000,108.0000
155.0000,241.0000,40.0000,108.0000
155.0000,241.0000,40.0000,108.0000
155.0000,241.0000,40.0000,108.0000
155.0000,241.0000,40.0000,108.0000
155.0000,241.0000,40.0000,108.0000
155.0000,241.0000,40.0000,108.0000
155.0000,241.0000,40.0000,108.0000
155.0000,241.0000,40.0000,108.0000
161.0000,241.0000,40.0000,108.0000
161.0000,241.0000,40.0000,108.0000
161.0000,241.0000,40.0000,108.0000
161.0000,241.0000,40.0000,108.0000
161.0000,241.0000,40.0000,108.0000
161.0000,241.0000,40.0000,108.0000
161.0000,241.0000,40.0000,108.0000
161.0000,241.0000,40.0000,108.0000
161.0000,241.0000,40.0000,108.0000
166.0000,235.0000,40.0000,108.0000
166.0000,235.0000,40.0000,108.0000
166.0000,235.0000,40.0000,108.0000
166.0000,235.0000,40.0000,108.0000
166.0000,235.0000,40.0000,108.0000
166.0000,235.0000,40.0000,108.0000
166.0000,235.0000,40.0000,108.0000
166.0000,235.0000,40.0000,108.0000
166.0000,235.0000,40.0000,108.0000
166.0000,235.0000,40.0000,108.0000
169.0000,238.0000,40.0000,108.0000
169.0000,238.0000,40.0000,108.0000
169.0000,238.0000,40.0000,108.0000
169.0000,238.0000,40.0000,108.0000
169.0000,238.0000,40.0000,108.0000
169.0000,238.0000,40.0000,108.0000
169.0000,238.0000,40.0000,108.0000
169.0000,238.0000,40.0000,108.0000
169.0000,238.0000,40.0000,108.0000
169.0000,238.0000,40.0000,108.0000
185.0000,239.0000,40.0000,108.0000
185.0000,239.0000,40.0000,108.0000
185.0000,239.0000,40.0000,108.0000
185.0000,239.0000,40.0000,108.0000
185.0000,239.0000,40.0000,108.0000
185.0000,239.0000,40.0000,108.0000
185.0000,239.0000,40.0000,108.0000
185.0000,239.0000,40.0000,108.0000
185.0000,239.0000,40.0000,108.0000
201.0000,213.0000,40.0000,108.0000
201.0000,213.0000,40.0000,108.0000
201.0000,213.0000,40.0000,108.0000
201.0000,213.0000,40.0000,108.0000
201.0000,213.0000,40.0000,108.0000
201.0000,213.0000,40.0000,108.0000
201.0000,213.0000,40.0000,108.0000
201.0000,213.0000,40.0000,108.0000
2
0
0
1
276.0000,230.0000,40.0000,108.0000
281.0000,230.0000,40.0000,108.0000
281.0000,230.0000,40.0000,108.0000
281.0000,230.0000,40.0000,108.0000
281.0000,230.0000,40.0000,108.0000
281.0000,230.0000,40.0000,108.0000
281.0000,230.0000,40.0000,108.0000
281.0000,230.0000,40.0000,108.0000
2
0
0
0
1
364.0000,228.0000,48.0000,80.0000
370.0000,227.0000,48.0000,80.0000
370.0000,227.0000,48.0000,80.0000
370.0000,227.0000,48.0000,80.0000
370.0000,227.0000,48.0000,80.0000
370.0000,227.0000,48.0000,80.0000
370.0000,227.0000,48.0000,80.0000
370.0000,227.0000,48.0000,80.0000
370.0000,227.0000,48.0000,80.0000
383.0000,227.0000,48.0000,80.0000
383.0000,227.0000,48.0000,80.0000
383.0000,227.0000,48.0000,80.0000
383.0000,227.0000,48.0000,80.0000
383.0000,227.0000,48.0000,80.0000
383.0000,227.0000,48.0000,80.0000
383.0000,227.0000,48.0000,80.0000
383.0000,227.0000,48.0000,80.0000
383.0000,227.0000,48.0000,80.0000
422.0000,229.0000,48.0000,80.0000
422.0000,229.0000,48.0000,80.0000
422.0000,229.0000,48.0000,80.0000
422.0000,229.0000,48.0000,80.0000
422.0000,229.0000,48.0000,80.0000
422.0000,229.0000,48.0000,80.0000
422.0000,229.0000,48.0000,80.0000
422.0000,229.0000,48.0000,80.0000
2
0
1
364.0000,189.0000,44.0000,100.0000
361.0000,189.0000,44.0000,100.0000
361.0000,189.0000,44.0000,100.0000
361.0000,189.0000,44.0000,100.0000
361.0000,189.0000,44.0000,100.0000
361.0000,189.0000,44.0000,100.0000
361.0000,189.0000,44.0000,100.0000
361.0000,189.0000,44.0000,100.0000
361.0000,189.0000,44.0000,100.0000
361.0000,189.0000,44.0000,100.0000
361.0000,189.0000,44.0000,100.0000
358.0000,189.0000,44.0000,100.0000
358.0000,189.0000,44.0000,100.0000
358.0000,189.0000,44.0000,100.0000
358.0000,189.0000,44.0000,100.0000
358.0000,189.0000,44.0000,100.0000
358.0000,189.0000,44.0000,100.0000
358.0000,189.0000,44.0000,100.0000
358.0000,189.0000,44.0000,100.0000
358.0000,189.0000,44.0000,100.0000
358.0000,189.0000,44.0000,100.0000
358.0000,189.0000,44.0000,100.0000
346.0000,178.0000,44.0000,100.0000
346.0000,178.0000,44.0000,100.0000
346.0000,178.0000,44.0000,100.0000
346.0000,178.0000,44.0000,100.0000
346.0000,178.0000,44.0000,100.0000
346.0000,178.0000,44.0000,100.0000
346.0000,178.0000,44.0000,100.0000
346.0000,178.0000,44.0000,100.0000
346.0000,178.0000,44.0000,100.0000
346.0000,178.0000,44.0000,100.0000
338.0000,192.0000,44.0000,100.0000
338.0000,192.0000,44.0000,100.0000
338.0000,192.0000,44.0000,100.0000
338.0000,192.0000,44.0000,100.0000
338.0000,192.0000,44.0000,100.0000
338.0000,192.0000,44.0000,100.0000
338.0000,192.0000,44.0000,100.0000
338.0000,192.0000,44.0000,100.0000
338.0000,192.0000,44.0000,100.0000
331.0000,190.0000,44.0000,100.0000
331.0000,190.0000,44.0000,100.0000
331.0000,190.0000,44.0000,100.0000
331.0000,190.0000,44.0000,100.0000
331.0000,190.0000,44.0000,100.0000
331.0000,190.0000,44.0000,100.0000
331.0000,190.0000,44.0000,100.0000
331.0000,190.0000,44.0000,100.0000
331.0000,190.0000,44.0000,100.0000
331.0000,190.0000,44.0000,100.0000
320.0000,201.0000,44.0000,100.0000
320.0000,201.0000,44.0000,100.0000
320.0000,201.0000,44.0000,100.0000
320.0000,201.0000,44.0000,100.0000
320.0000,201.0000,44.0000,100.0000
320.0000,201.0000,44.0000,100.0000
320.0000,201.0000,44.0000,100.0000
320.0000,201.0000,44.0000,100.0000
320.0000,201.0000,44.0000,100.0000
308.0000,186.0000,44.0000,100.0000
308.0000,186.0000,44.0000,100.0000
308.0000,186.0000,44.0000,100.0000
308.0000,186.0000,44.0000,100.0000
308.0000,186.0000,44.0000,100.0000
308.0000,186.0000,44.0000,100.0000
308.0000,186.0000,44.0000,100.0000
308.0000,186.0000,44.0000,100.0000
308.0000,186.0000,44.0000,100.0000
296.0000,180.0000,44.0000,100.0000
296.0000,180.0000,44.0000,100.0000
296.0000,180.0000,44.0000,100.0000
296.0000,180.0000,44.0000,100.0000
296.0000,180.0000,44.0000,100.0000
296.0000,180.0000,44.0000,100.0000
296.0000,180.0000,44.0000,100.0000
296.0000,180.0000,44.0000,100.0000
296.0000,180.0000,44.0000,100.0000
296.0000,180.0000,44.0000,100.0000
293.0000,174.0000,44.0000,100.0000
293.0000,174.0000,44.0000,100.0000
293.0000,174.0000,44.0000,100.0000
293.0000,174.0000,44.0000,100.0000
293.0000,174.0000,44.0000,100.0000
293.0000,174.0000,44.0000,100.0000
293.0000,174.0000,44.0000,100.0000
293.0000,174.0000,44.0000,100.0000
293.0000,174.0000,44.0000,100.0000
287.0000,172.0000,44.0000,100.0000
287.0000,172.0000,44.0000,100.0000
287.0000,172.0000,44.0000,100.0000
287.0000,172.0000,44.0000,100.0000
287.0000,172.0000,44.0000,100.0000
287.0000,172.0000,44.0000,100.0000
287.0000,172.0000,44.0000,100.0000
287.0000,172.0000,44.0000,100.0000
287.0000,172.0000,44.0000,100.0000
287.0000,172.0000,44.0000,100.0000
290.0000,168.0000,44.0000,100.0000
290.0000,168.0000,44.0000,100.0000
290.0000,168.0000,44.0000,100.0000
290.0000,168.0000,44.0000,100.0000
290.0000,168.0000,44.0000,100.0000
290.0000,168.0000,44.0000,100.0000
290.0000,168.0000,44.0000,100.0000
290.0000,168.0000,44.0000,100.0000
290.0000,168.0000,44.0000,100.0000
313.0000,160.0000,44.0000,100.0000
313.0000,160.0000,44.0000,100.0000
313.0000,160.0000,44.0000,100.0000
313.0000,160.0000,44.0000,100.0000
313.0000,160.0000,44.0000,100.0000
313.0000,160.0000,44.0000,100.0000
313.0000,160.0000,44.0000,100.0000
313.0000,160.0000,44.0000,100.0000
313.0000,160.0000,44.0000,100.0000
313.0000,160.0000,44.0000,100.0000
329.0000,155.0000,44.0000,100.0000
329.0000,155.0000,44.0000,100.0000
329.0000,155.0000,44.0000,100.0000
329.0000,155.0000,44.0000,100.0000
329.0000,155.0000,44.0000,100.0000
329.0000,155.0000,44.0000,100.0000
329.0000,155.0000,44.0000,100.0000
329.0000,155.0000,44.0000,100.0000
329.0000,155.0000,44.0000,100.0000
330.0000,137.0000,44.0000,100.0000
330.0000,137.0000,44.0000,100.0000
330.0000,137.0000,44.0000,100.0000
330.0000,137.0000,44.0000,100.0000
330.0000,137.0000,44.0000,100.0000
330.0000,137.0000,44.0000,100.0000
330.0000,137.0000,44.0000,100.0000
330.0000,137.0000,44.0000,100.0000
330.0000,137.0000,44.0000,100.0000
330.0000,137.0000,44.0000,100.0000
321.0000,189.0000,44.0000,100.0000
321.0000,189.0000,44.0000,100.0000
321.0000,189.0000,44.0000,100.0000
321.0000,189.0000,44.0000,100.0000
321.0000,189.0000,44.0000,100.0000
321.0000,189.0000,44.0000,100.0000
321.0000,189.0000,44.0000,100.0000
321.0000,189.0000,44.0000,100.0000
321.0000,189.0000,44.0000,100.0000
324.0000,243.0000,44.0000,100.0000
324.0000,243.0000,44.0000,100.0000
324.0000,243.0000,44.0000,100.0000
324.0000,243.0000,44.0000,100.0000
324.0000,243.0000,44.0000,100.0000
324.0000,243.0000,44.0000,100.0000
324.0000,243.0000,44.0000,100.0000
324.0000,243.0000,44.0000,100.0000
324.0000,243.0000,44.0000,100.0000
324.0000,243.0000,44.0000,100.0000
336.0000,227.0000,44.0000,100.0000
336.0000,227.0000,44.0000,100.0000
336.0000,227.0000,44.0000,100.0000
336.0000,227.0000,44.0000,100.0000
336.0000,227.0000,44.0000,100.0000
336.0000,227.0000,44.0000,100.0000
336.0000,227.0000,44.0000,100.0000
336.0000,227.0000,44.0000,100.0000
336.0000,227.0000,44.0000,100.0000
336.0000,227.0000,44.0000,100.0000
337.0000,231.0000,44.0000,100.0000
337.0000,231.0000,44.0000,100.0000
337.0000,231.0000,44.0000,100.0000
337.0000,231.0000,44.0000,100.0000
337.0000,231.0000,44.0000,100.0000
337.0000,231.0000,44.0000,100.0000
337.0000,231.0000,44.0000,100.0000
337.0000,231.0000,44.0000,100.0000
337.0000,231.0000,44.0000,100.0000
340.0000,236.0000,44.0000,100.0000
340.0000,236.0000,44.0000,100.0000
340.0000,236.0000,44.0000,100.0000
340.0000,236.0000,44.0000,100.0000
340.0000,236.0000,44.0000,100.0000
340.0000,236.0000,44.0000,100.0000
340.0000,236.0000,44.0000,100.0000
340.0000,236.0000,44.0000,100.0000
340.0000,236.0000,44.0000,100.0000
350.0000,219.0000,44.0000,100.0000
350.0000,219.0000,44.0000,100.0000
350.0000,219.0000,44.0000,100.0000
350.0000,219.0000,44.0000,100.0000
350.0000,219.0000,44.0000,100.0000
350.0000,219.0000,44.0000,100.0000
350.0000,219.0000,44.0000,100.0000
350.0000,219.0000,44.0000,100.0000
350.0000,219.0000,44.0000,100.0000
350.0000,219.0000,44.0000,100.0000
342.0000,205.0000,44.0000,100.0000
342.0000,205.0000,44.0000,100.0000
342.0000,205.0000,44.0000,100.0000
342.0000,205.0000,44.0000,100.0000
342.0000,205.0000,44.0000,100.0000
342.0000,205.0000,44.0000,100.0000
342.0000,205.0000,44.0000,100.0000
342.0000,205.0000,44.0000,100.0000
342.0000,205.0000,44.0000,100.0000
337.0000,205.0000,44.0000,100.0000
337.0000,205.0000,44.0000,100.0000
337.0000,205.0000,44.0000,100.0000
337.0000,205.0000,44.0000,100.0000
337.0000,205.0000,44.0000,100.0000
337.0000,205.0000,44.0000,100.0000
337.0000,205.0000,44.0000,100.0000
337.0000,205.0000,44.0000,100.0000
337.0000,205.0000,44.0000,100.0000
337.0000,205.0000,44.0000,100.0000
337.0000,210.0000,44.0000,100.0000
337.0000,210.0000,44.0000,100.0000
337.0000,210.0000,44.0000,100.0000
337.0000,210.0000,44.0000,100.0000
