1
436.0000,175.0000,44.0000,48.0000
434.0000,175.0000,44.0000,48.0000
434.0000,175.0000,44.0000,48.0000
431.0000,175.0000,44.0000,48.0000
431.0000,175.0000,44.0000,48.0000
422.0000,175.0000,45.0000,49.0000
422.0000,175.0000,45.0000,49.0000
415.0000,169.0000,46.0000,50.0000
415.0000,169.0000,46.0000,50.0000
410.0000,167.0000,46.0000,50.0000
410.0000,167.0000,46.0000,50.0000
410.0000,167.0000,46.0000,50.0000
404.0000,161.0000,46.0000,50.0000
404.0000,161.0000,46.0000,50.0000
398.0000,159.0000,46.0000,50.0000
398.0000,159.0000,46.0000,50.0000
400.0000,152.0000,46.0000,50.0000
400.0000,152.0000,46.0000,50.0000
400.0000,149.0000,46.0000,50.0000
400.0000,149.0000,46.0000,50.0000
416.0000,140.0000,46.0000,50.0000
416.0000,140.0000,46.0000,50.0000
424.0000,133.0000,49.0000,53.0000
424.0000,133.0000,49.0000,53.0000
434.0000,129.0000,49.0000,53.0000
434.0000,129.0000,49.0000,53.0000
452.0000,124.0000,49.0000,53.0000
452.0000,124.0000,49.0000,53.0000
467.0000,108.0000,49.0000,54.0000
467.0000,108.0000,49.0000,54.0000
483.0000,87.0000,50.0000,56.0000
483.0000,87.0000,50.0000,56.0000
483.0000,87.0000,50.0000,56.0000
488.0000,67.0000,52.0000,57.0000
488.0000,67.0000,52.0000,57.0000
486.0000,44.0000,52.0000,57.0000
486.0000,44.0000,52.0000,57.0000
464.0000,39.0000,54.0000,58.0000
464.0000,39.0000,54.0000,58.0000
436.0000,32.0000,54.0000,58.0000
436.0000,32.0000,54.0000,58.0000
447.0000,19.0000,54.0000,60.0000
447.0000,19.0000,54.0000,60.0000
447.0000,19.0000,54.0000,60.0000
447.0000,19.0000,54.0000,60.0000
440.0000,1.0000,54.0000,60.0000
440.0000,1.0000,54.0000,60.0000
440.0000,1.0000,54.0000,60.0000
440.0000,1.0000,54.0000,60.0000
440.0000,1.0000,54.0000,60.0000
440.0000,1.0000,54.0000,60.0000
408.0000,8.0000,54.0000,58.0000
408.0000,8.0000,54.0000,58.0000
408.0000,8.0000,54.0000,58.0000
419.0000,8.0000,54.0000,58.0000
0
2
0
0
0
0
1
33.0000,11.0000,265.0000,308.0000
33.0000,11.0000,265.0000,308.0000
33.0000,11.0000,265.0000,308.0000
48.0000,7.0000,269.0000,314.0000
48.0000,7.0000,269.0000,314.0000
99.0000,21.0000,276.0000,321.0000
99.0000,21.0000,276.0000,321.0000
99.0000,21.0000,276.0000,321.0000
151.0000,17.0000,281.0000,328.0000
151.0000,17.0000,281.0000,328.0000
204.0000,15.0000,286.0000,334.0000
204.0000,15.0000,286.0000,334.0000
242.0000,33.0000,286.0000,334.0000
242.0000,33.0000,286.0000,334.0000
242.0000,33.0000,286.0000,334.0000
258.0000,48.0000,292.0000,341.0000
258.0000,48.0000,292.0000,341.0000
291.0000,41.0000,304.0000,354.0000
291.0000,41.0000,304.0000,354.0000
310.0000,21.0000,304.0000,354.0000
310.0000,21.0000,304.0000,354.0000
310.0000,21.0000,304.0000,354.0000
310.0000,21.0000,304.0000,354.0000
310.0000,21.0000,304.0000,354.0000
312.0000,25.0000,298.0000,348.0000
312.0000,25.0000,298.0000,348.0000
448.0000,25.0000,298.0000,348.0000
448.0000,25.0000,298.0000,348.0000
448.0000,45.0000,298.0000,348.0000
448.0000,45.0000,298.0000,348.0000
423.0000,19.0000,310.0000,361.0000
423.0000,19.0000,310.0000,361.0000
423.0000,19.0000,310.0000,361.0000
423.0000,19.0000,310.0000,361.0000
423.0000,19.0000,310.0000,361.0000
426.0000,21.0000,304.0000,354.0000
426.0000,21.0000,304.0000,354.0000
426.0000,21.0000,304.0000,354.0000
0
0
2
0
0
0
0
1
259.0000,113.0000,81.0000,98.0000
255.0000,119.0000,78.0000,96.0000
255.0000,119.0000,78.0000,96.0000
250.0000,124.0000,78.0000,96.0000
250.0000,124.0000,78.0000,96.0000
251.0000,137.0000,76.0000,92.0000
251.0000,137.0000,76.0000,92.0000
255.0000,143.0000,74.0000,90.0000
255.0000,143.0000,74.0000,90.0000
262.0000,145.0000,72.0000,86.0000
262.0000,145.0000,72.0000,86.0000
262.0000,145.0000,72.0000,86.0000
266.0000,145.0000,72.0000,86.0000
266.0000,145.0000,72.0000,86.0000
276.0000,133.0000,73.0000,89.0000
276.0000,133.0000,73.0000,89.0000
276.0000,148.0000,73.0000,89.0000
276.0000,148.0000,73.0000,89.0000
304.0000,108.0000,74.0000,90.0000
304.0000,108.0000,74.0000,90.0000
2
0
