1
376.0000,460.0000,82.0000,87.0000
384.0000,452.0000,82.0000,87.0000
392.0000,452.0000,82.0000,87.0000
391.0000,443.0000,84.0000,89.0000
390.0000,442.0000,86.0000,91.0000
380.0000,441.0000,88.0000,93.0000
371.0000,449.0000,88.0000,93.0000
355.0000,467.0000,86.0000,91.0000
348.0000,476.0000,84.0000,89.0000
374.0000,493.0000,82.0000,87.0000
381.0000,492.0000,84.0000,89.0000
398.0000,484.0000,84.0000,89.0000
406.0000,475.0000,86.0000,91.0000
2
0
0
0
0
1
908.0000,376.0000,98.0000,58.0000
969.0000,369.0000,100.0000,59.0000
1023.0000,360.0000,102.0000,60.0000
1078.0000,352.0000,102.0000,60.0000
1133.0000,345.0000,100.0000,59.0000
1187.0000,330.0000,100.0000,59.0000
1233.0000,323.0000,100.0000,59.0000
1287.0000,316.0000,100.0000,59.0000
1333.0000,309.0000,98.0000,58.0000
1370.0000,301.0000,100.0000,59.0000
1409.0000,288.0000,98.0000,58.0000
1446.0000,281.0000,100.0000,59.0000
1476.0000,272.0000,102.0000,60.0000
1476.0000,272.0000,102.0000,60.0000
1477.0000,279.0000,100.0000,59.0000
1501.0000,280.0000,98.0000,58.0000
1523.0000,280.0000,100.0000,59.0000
1547.0000,287.0000,98.0000,58.0000
1547.0000,309.0000,98.0000,58.0000
1555.0000,310.0000,96.0000,57.0000
1569.0000,317.0000,98.0000,58.0000
1577.0000,325.0000,96.0000,57.0000
1585.0000,319.0000,94.0000,56.0000
1584.0000,304.0000,96.0000,57.0000
1583.0000,297.0000,98.0000,58.0000
1582.0000,289.0000,100.0000,59.0000
1582.0000,282.0000,100.0000,59.0000
1583.0000,275.0000,98.0000,58.0000
1584.0000,269.0000,96.0000,57.0000
1584.0000,262.0000,96.0000,57.0000
1583.0000,255.0000,98.0000,58.0000
1582.0000,239.0000,100.0000,59.0000
1582.0000,232.0000,100.0000,59.0000
1583.0000,232.0000,98.0000,58.0000
1584.0000,225.0000,96.0000,57.0000
1577.0000,218.0000,96.0000,57.0000
1571.0000,218.0000,94.0000,56.0000
1564.0000,211.0000,94.0000,56.0000
1557.0000,211.0000,94.0000,56.0000
1550.0000,204.0000,94.0000,56.0000
1542.0000,204.0000,96.0000,57.0000
1533.0000,197.0000,98.0000,58.0000
1534.0000,191.0000,96.0000,57.0000
1527.0000,191.0000,96.0000,57.0000
1520.0000,191.0000,96.0000,57.0000
1521.0000,185.0000,94.0000,56.0000
1522.0000,186.0000,92.0000,55.0000
1509.0000,193.0000,90.0000,54.0000
1496.0000,201.0000,88.0000,53.0000
1474.0000,200.0000,90.0000,54.0000
1439.0000,200.0000,90.0000,54.0000
1393.0000,220.0000,88.0000,53.0000
1337.0000,227.0000,90.0000,54.0000
1279.0000,240.0000,92.0000,55.0000
1227.0000,254.0000,94.0000,56.0000
1167.0000,254.0000,96.0000,57.0000
1128.0000,276.0000,98.0000,58.0000
1073.0000,283.0000,100.0000,59.0000
1025.0000,290.0000,102.0000,60.0000
976.0000,305.0000,104.0000,61.0000
926.0000,312.0000,106.0000,62.0000
883.0000,328.0000,108.0000,63.0000
831.0000,344.0000,110.0000,64.0000
787.0000,360.0000,112.0000,65.0000
733.0000,376.0000,114.0000,66.0000
687.0000,393.0000,116.0000,67.0000
641.0000,418.0000,118.0000,68.0000
594.0000,435.0000,120.0000,69.0000
548.0000,452.0000,120.0000,69.0000
502.0000,469.0000,120.0000,69.0000
463.0000,494.0000,122.0000,70.0000
414.0000,512.0000,124.0000,71.0000
406.0000,512.0000,122.0000,70.0000
395.0000,512.0000,124.0000,71.0000
387.0000,512.0000,122.0000,70.0000
379.0000,521.0000,120.0000,69.0000
380.0000,530.0000,118.0000,68.0000
380.0000,564.0000,118.0000,68.0000
380.0000,564.0000,118.0000,68.0000
380.0000,572.0000,118.0000,68.0000
381.0000,572.0000,116.0000,67.0000
400.0000,531.0000,114.0000,66.0000
401.0000,524.0000,112.0000,65.0000
410.0000,524.0000,112.0000,65.0000
367.0000,565.0000,112.0000,65.0000
375.0000,556.0000,114.0000,66.0000
374.0000,548.0000,116.0000,67.0000
382.0000,540.0000,118.0000,68.0000
391.0000,532.0000,118.0000,68.0000
390.0000,532.0000,120.0000,69.0000
389.0000,532.0000,122.0000,70.0000
380.0000,532.0000,122.0000,70.0000
379.0000,532.0000,124.0000,71.0000
378.0000,532.0000,126.0000,72.0000
376.0000,532.0000,129.0000,73.0000
378.0000,532.0000,126.0000,72.0000
380.0000,532.0000,123.0000,71.0000
381.0000,523.0000,121.0000,70.0000
382.0000,524.0000,119.0000,69.0000
373.0000,524.0000,119.0000,69.0000
353.0000,515.0000,121.0000,70.0000
354.0000,507.0000,119.0000,69.0000
364.0000,508.0000,117.0000,68.0000
374.0000,508.0000,115.0000,67.0000
375.0000,508.0000,113.0000,66.0000
374.0000,508.0000,115.0000,67.0000
392.0000,516.0000,113.0000,66.0000
384.0000,508.0000,111.0000,65.0000
385.0000,508.0000,109.0000,64.0000
427.0000,476.0000,111.0000,65.0000
478.0000,451.0000,113.0000,66.0000
548.0000,425.0000,115.0000,67.0000
628.0000,407.0000,117.0000,68.0000
700.0000,397.0000,119.0000,69.0000
773.0000,387.0000,121.0000,70.0000
848.0000,377.0000,123.0000,71.0000
914.0000,367.0000,125.0000,72.0000
991.0000,358.0000,125.0000,72.0000
1058.0000,349.0000,123.0000,71.0000
1124.0000,340.0000,123.0000,71.0000
1190.0000,331.0000,123.0000,71.0000
1256.0000,323.0000,121.0000,70.0000
1312.0000,314.0000,121.0000,70.0000
1368.0000,305.0000,121.0000,70.0000
1424.0000,295.0000,123.0000,71.0000
1481.0000,286.0000,123.0000,71.0000
1538.0000,268.0000,125.0000,72.0000
1567.0000,268.0000,123.0000,71.0000
1568.0000,268.0000,121.0000,70.0000
1569.0000,259.0000,119.0000,69.0000
1570.0000,268.0000,117.0000,68.0000
1571.0000,268.0000,115.0000,67.0000
1581.0000,260.0000,113.0000,66.0000
1591.0000,236.0000,111.0000,65.0000
1591.0000,244.0000,111.0000,65.0000
1582.0000,244.0000,111.0000,65.0000
1581.0000,244.0000,113.0000,66.0000
1573.0000,236.0000,111.0000,65.0000
1574.0000,236.0000,109.0000,64.0000
1564.0000,236.0000,111.0000,65.0000
1554.0000,236.0000,113.0000,66.0000
1553.0000,236.0000,115.0000,67.0000
1553.0000,236.0000,115.0000,67.0000
1552.0000,236.0000,117.0000,68.0000
1544.0000,236.0000,115.0000,67.0000
1534.0000,236.0000,117.0000,68.0000
1526.0000,228.0000,115.0000,67.0000
1517.0000,220.0000,115.0000,67.0000
1518.0000,212.0000,113.0000,66.0000
1517.0000,212.0000,115.0000,67.0000
1508.0000,212.0000,115.0000,67.0000
1509.0000,220.0000,113.0000,66.0000
1501.0000,228.0000,111.0000,65.0000
1494.0000,236.0000,109.0000,64.0000
1487.0000,244.0000,107.0000,63.0000
1480.0000,252.0000,105.0000,62.0000
1465.0000,260.0000,103.0000,61.0000
1443.0000,268.0000,101.0000,60.0000
1404.0000,276.0000,101.0000,60.0000
1348.0000,284.0000,103.0000,61.0000
1300.0000,299.0000,103.0000,61.0000
1251.0000,314.0000,105.0000,62.0000
1203.0000,322.0000,105.0000,62.0000
1153.0000,330.0000,107.0000,63.0000
1102.0000,338.0000,109.0000,64.0000
1058.0000,346.0000,111.0000,65.0000
1015.0000,362.0000,111.0000,65.0000
962.0000,370.0000,113.0000,66.0000
919.0000,378.0000,113.0000,66.0000
874.0000,386.0000,115.0000,67.0000
828.0000,394.0000,117.0000,68.0000
790.0000,403.0000,119.0000,69.0000
746.0000,412.0000,117.0000,68.0000
703.0000,429.0000,115.0000,67.0000
657.0000,436.0000,117.0000,68.0000
619.0000,445.0000,119.0000,69.0000
581.0000,453.0000,121.0000,70.0000
545.0000,454.0000,119.0000,69.0000
507.0000,463.0000,121.0000,70.0000
471.0000,473.0000,119.0000,69.0000
436.0000,482.0000,117.0000,68.0000
402.0000,490.0000,115.0000,67.0000
375.0000,490.0000,115.0000,67.0000
350.0000,498.0000,113.0000,66.0000
315.0000,498.0000,113.0000,66.0000
298.0000,498.0000,113.0000,66.0000
289.0000,490.0000,113.0000,66.0000
290.0000,490.0000,111.0000,65.0000
283.0000,490.0000,109.0000,64.0000
276.0000,490.0000,107.0000,63.0000
258.0000,490.0000,109.0000,64.0000
243.0000,490.0000,107.0000,63.0000
236.0000,490.0000,105.0000,62.0000
243.0000,490.0000,107.0000,63.0000
252.0000,498.0000,105.0000,62.0000
260.0000,498.0000,105.0000,62.0000
261.0000,498.0000,103.0000,61.0000
246.0000,506.0000,101.0000,60.0000
277.0000,536.0000,103.0000,61.0000
278.0000,544.0000,101.0000,60.0000
279.0000,559.0000,99.0000,59.0000
280.0000,567.0000,97.0000,58.0000
309.0000,596.0000,99.0000,59.0000
316.0000,588.0000,101.0000,60.0000
324.0000,588.0000,101.0000,60.0000
355.0000,558.0000,99.0000,59.0000
408.0000,543.0000,99.0000,59.0000
477.0000,527.0000,101.0000,60.0000
547.0000,526.0000,103.0000,61.0000
627.0000,518.0000,105.0000,62.0000
692.0000,510.0000,107.0000,63.0000
766.0000,502.0000,109.0000,64.0000
833.0000,494.0000,111.0000,65.0000
902.0000,494.0000,113.0000,66.0000
972.0000,486.0000,115.0000,67.0000
1034.0000,486.0000,115.0000,67.0000
1096.0000,486.0000,115.0000,67.0000
1158.0000,486.0000,115.0000,67.0000
1220.0000,478.0000,113.0000,66.0000
1272.0000,470.0000,115.0000,67.0000
1334.0000,470.0000,115.0000,67.0000
1387.0000,470.0000,113.0000,66.0000
1439.0000,462.0000,115.0000,67.0000
1483.0000,462.0000,113.0000,66.0000
1535.0000,454.0000,111.0000,65.0000
1534.0000,462.0000,113.0000,66.0000
1544.0000,462.0000,111.0000,65.0000
1586.0000,429.0000,113.0000,66.0000
