1
376.0000,460.0000,82.0000,87.0000
384.0000,452.0000,82.0000,87.0000
392.0000,452.0000,82.0000,87.0000
391.0000,443.0000,84.0000,89.0000
390.0000,442.0000,86.0000,91.0000
381.0000,442.0000,86.0000,91.0000
371.0000,449.0000,88.0000,93.0000
353.0000,466.0000,88.0000,93.0000
361.0000,482.0000,90.0000,95.0000
371.0000,491.0000,88.0000,93.0000
380.0000,491.0000,88.0000,93.0000
398.0000,475.0000,86.0000,91.0000
406.0000,474.0000,88.0000,93.0000
2
0
0
0
0
1
908.0000,376.0000,98.0000,58.0000
969.0000,369.0000,100.0000,59.0000
1023.0000,360.0000,102.0000,60.0000
1078.0000,352.0000,102.0000,60.0000
1133.0000,345.0000,100.0000,59.0000
1187.0000,330.0000,100.0000,59.0000
1233.0000,323.0000,100.0000,59.0000
1287.0000,314.0000,102.0000,60.0000
1334.0000,307.0000,100.0000,59.0000
1372.0000,300.0000,100.0000,59.0000
1411.0000,293.0000,98.0000,58.0000
1449.0000,280.0000,96.0000,57.0000
1486.0000,273.0000,94.0000,56.0000
1487.0000,274.0000,92.0000,55.0000
1487.0000,281.0000,92.0000,55.0000
1509.0000,282.0000,90.0000,54.0000
1524.0000,289.0000,88.0000,53.0000
1538.0000,296.0000,86.0000,52.0000
1552.0000,309.0000,84.0000,51.0000
1558.0000,315.0000,84.0000,51.0000
1570.0000,327.0000,86.0000,52.0000
1583.0000,327.0000,86.0000,52.0000
1589.0000,326.0000,88.0000,53.0000
1581.0000,306.0000,90.0000,54.0000
1580.0000,299.0000,92.0000,55.0000
1581.0000,293.0000,90.0000,54.0000
1581.0000,286.0000,90.0000,54.0000
1582.0000,279.0000,88.0000,53.0000
1583.0000,274.0000,86.0000,52.0000
1578.0000,268.0000,84.0000,51.0000
1573.0000,262.0000,82.0000,50.0000
1568.0000,250.0000,80.0000,49.0000
1569.0000,244.0000,78.0000,48.0000
1564.0000,238.0000,76.0000,47.0000
1570.0000,232.0000,76.0000,47.0000
1582.0000,238.0000,74.0000,46.0000
1576.0000,232.0000,73.0000,45.0000
1570.0000,226.0000,73.0000,45.0000
1564.0000,220.0000,74.0000,46.0000
1558.0000,214.0000,75.0000,47.0000
1551.0000,202.0000,77.0000,48.0000
1544.0000,196.0000,79.0000,49.0000
1538.0000,196.0000,79.0000,49.0000
1538.0000,190.0000,79.0000,49.0000
1532.0000,190.0000,79.0000,49.0000
1525.0000,190.0000,81.0000,50.0000
1520.0000,190.0000,79.0000,49.0000
1508.0000,196.0000,79.0000,49.0000
1503.0000,202.0000,77.0000,48.0000
1484.0000,202.0000,79.0000,49.0000
1439.0000,196.0000,81.0000,50.0000
1395.0000,221.0000,81.0000,50.0000
1337.0000,233.0000,83.0000,51.0000
1284.0000,245.0000,85.0000,52.0000
1229.0000,257.0000,87.0000,53.0000
1166.0000,256.0000,89.0000,54.0000
1130.0000,277.0000,91.0000,55.0000
1079.0000,283.0000,93.0000,56.0000
1034.0000,296.0000,95.0000,57.0000
981.0000,303.0000,97.0000,58.0000
927.0000,317.0000,99.0000,59.0000
887.0000,338.0000,101.0000,60.0000
831.0000,346.0000,103.0000,61.0000
790.0000,362.0000,105.0000,62.0000
740.0000,378.0000,107.0000,63.0000
691.0000,402.0000,107.0000,63.0000
648.0000,418.0000,109.0000,64.0000
604.0000,434.0000,111.0000,65.0000
551.0000,450.0000,113.0000,66.0000
506.0000,467.0000,115.0000,67.0000
460.0000,492.0000,117.0000,68.0000
424.0000,518.0000,117.0000,68.0000
415.0000,510.0000,117.0000,68.0000
398.0000,518.0000,115.0000,67.0000
390.0000,510.0000,113.0000,66.0000
382.0000,518.0000,111.0000,65.0000
383.0000,534.0000,109.0000,64.0000
382.0000,558.0000,111.0000,65.0000
381.0000,566.0000,113.0000,66.0000
381.0000,566.0000,113.0000,66.0000
371.0000,566.0000,115.0000,67.0000
316.0000,566.0000,117.0000,68.0000
297.0000,575.0000,119.0000,69.0000
324.0000,548.0000,121.0000,70.0000
352.0000,557.0000,121.0000,70.0000
362.0000,558.0000,119.0000,69.0000
370.0000,540.0000,121.0000,70.0000
378.0000,540.0000,123.0000,71.0000
388.0000,531.0000,121.0000,70.0000
387.0000,530.0000,123.0000,71.0000
388.0000,530.0000,121.0000,70.0000
380.0000,539.0000,119.0000,69.0000
390.0000,540.0000,117.0000,68.0000
391.0000,540.0000,115.0000,67.0000
392.0000,532.0000,113.0000,66.0000
383.0000,532.0000,113.0000,66.0000
382.0000,532.0000,115.0000,67.0000
383.0000,532.0000,113.0000,66.0000
384.0000,524.0000,111.0000,65.0000
383.0000,524.0000,113.0000,66.0000
357.0000,516.0000,113.0000,66.0000
366.0000,516.0000,113.0000,66.0000
367.0000,508.0000,111.0000,65.0000
376.0000,508.0000,111.0000,65.0000
376.0000,508.0000,111.0000,65.0000
377.0000,508.0000,109.0000,64.0000
386.0000,516.0000,107.0000,63.0000
385.0000,508.0000,109.0000,64.0000
386.0000,508.0000,107.0000,63.0000
427.0000,476.0000,107.0000,63.0000
476.0000,452.0000,109.0000,64.0000
552.0000,428.0000,111.0000,65.0000
629.0000,412.0000,113.0000,66.0000
708.0000,395.0000,115.0000,67.0000
779.0000,386.0000,117.0000,68.0000
851.0000,377.0000,119.0000,69.0000
924.0000,367.0000,121.0000,70.0000
989.0000,358.0000,121.0000,70.0000
1054.0000,349.0000,123.0000,71.0000
1120.0000,340.0000,123.0000,71.0000
1186.0000,331.0000,125.0000,72.0000
1253.0000,323.0000,123.0000,71.0000
1310.0000,314.0000,123.0000,71.0000
1367.0000,305.0000,121.0000,70.0000
1423.0000,295.0000,123.0000,71.0000
1480.0000,286.0000,123.0000,71.0000
1537.0000,268.0000,123.0000,71.0000
1566.0000,268.0000,121.0000,70.0000
1576.0000,268.0000,119.0000,69.0000
1568.0000,260.0000,117.0000,68.0000
1569.0000,268.0000,115.0000,67.0000
1579.0000,268.0000,113.0000,66.0000
1580.0000,260.0000,111.0000,65.0000
1589.0000,236.0000,109.0000,64.0000
1588.0000,244.0000,111.0000,65.0000
1578.0000,244.0000,113.0000,66.0000
1578.0000,244.0000,113.0000,66.0000
1578.0000,236.0000,113.0000,66.0000
1569.0000,236.0000,113.0000,66.0000
1568.0000,236.0000,115.0000,67.0000
1560.0000,236.0000,113.0000,66.0000
1550.0000,236.0000,115.0000,67.0000
1549.0000,236.0000,117.0000,68.0000
1548.0000,236.0000,119.0000,69.0000
1547.0000,236.0000,121.0000,70.0000
1537.0000,227.0000,123.0000,71.0000
1526.0000,217.0000,125.0000,72.0000
1515.0000,216.0000,127.0000,73.0000
1516.0000,207.0000,124.0000,72.0000
1508.0000,208.0000,122.0000,71.0000
1509.0000,217.0000,120.0000,70.0000
1500.0000,217.0000,120.0000,70.0000
1492.0000,227.0000,118.0000,69.0000
1483.0000,236.0000,118.0000,69.0000
1484.0000,244.0000,116.0000,68.0000
1475.0000,252.0000,116.0000,68.0000
1458.0000,260.0000,114.0000,67.0000
1442.0000,260.0000,112.0000,66.0000
1397.0000,268.0000,114.0000,67.0000
1346.0000,284.0000,112.0000,66.0000
1296.0000,300.0000,110.0000,65.0000
1243.0000,308.0000,112.0000,66.0000
1198.0000,316.0000,114.0000,67.0000
1143.0000,324.0000,116.0000,68.0000
1097.0000,333.0000,118.0000,69.0000
1053.0000,342.0000,116.0000,68.0000
1008.0000,359.0000,116.0000,68.0000
962.0000,367.0000,118.0000,69.0000
915.0000,375.0000,120.0000,70.0000
871.0000,385.0000,118.0000,69.0000
826.0000,394.0000,118.0000,69.0000
788.0000,403.0000,120.0000,70.0000
740.0000,411.0000,122.0000,71.0000
701.0000,419.0000,124.0000,72.0000
655.0000,438.0000,122.0000,71.0000
616.0000,438.0000,124.0000,72.0000
579.0000,447.0000,122.0000,71.0000
543.0000,457.0000,120.0000,70.0000
504.0000,465.0000,122.0000,71.0000
466.0000,474.0000,122.0000,71.0000
430.0000,483.0000,120.0000,70.0000
404.0000,484.0000,118.0000,69.0000
368.0000,493.0000,118.0000,69.0000
341.0000,493.0000,118.0000,69.0000
314.0000,493.0000,118.0000,69.0000
285.0000,492.0000,120.0000,70.0000
286.0000,492.0000,118.0000,69.0000
277.0000,483.0000,118.0000,69.0000
268.0000,483.0000,118.0000,69.0000
260.0000,484.0000,116.0000,68.0000
250.0000,484.0000,118.0000,69.0000
233.0000,484.0000,116.0000,68.0000
234.0000,492.0000,114.0000,67.0000
243.0000,492.0000,114.0000,67.0000
242.0000,492.0000,116.0000,68.0000
233.0000,500.0000,116.0000,68.0000
225.0000,508.0000,114.0000,67.0000
226.0000,508.0000,112.0000,66.0000
269.0000,533.0000,114.0000,67.0000
268.0000,549.0000,116.0000,68.0000
269.0000,558.0000,114.0000,67.0000
260.0000,566.0000,114.0000,67.0000
295.0000,592.0000,116.0000,68.0000
312.0000,583.0000,118.0000,69.0000
320.0000,582.0000,120.0000,70.0000
348.0000,556.0000,118.0000,69.0000
403.0000,539.0000,116.0000,68.0000
475.0000,529.0000,118.0000,69.0000
548.0000,519.0000,120.0000,70.0000
622.0000,510.0000,120.0000,70.0000
687.0000,501.0000,122.0000,71.0000
762.0000,500.0000,124.0000,72.0000
829.0000,491.0000,126.0000,73.0000
897.0000,490.0000,129.0000,74.0000
957.0000,481.0000,132.0000,75.0000
1027.0000,482.0000,129.0000,73.0000
1087.0000,482.0000,132.0000,74.0000
1148.0000,482.0000,132.0000,74.0000
1210.0000,473.0000,129.0000,73.0000
1270.0000,473.0000,129.0000,73.0000
1330.0000,465.0000,126.0000,72.0000
1379.0000,466.0000,123.0000,71.0000
1427.0000,466.0000,121.0000,70.0000
1483.0000,457.0000,119.0000,69.0000
1529.0000,450.0000,117.0000,68.0000
1539.0000,458.0000,115.0000,67.0000
1549.0000,466.0000,113.0000,66.0000
1592.0000,433.0000,113.0000,66.0000
