1
762.0000,240.0000,910.0000,240.0000,910.0000,332.0000,762.0000,332.0000
763.0000,241.0000,910.0000,241.0000,910.0000,332.0000,763.0000,332.0000
763.0000,241.0000,910.0000,241.0000,910.0000,332.0000,763.0000,332.0000
763.0000,241.0000,910.0000,241.0000,910.0000,332.0000,763.0000,332.0000
763.0000,241.0000,910.0000,241.0000,910.0000,332.0000,763.0000,332.0000
763.0000,241.0000,910.0000,241.0000,910.0000,332.0000,763.0000,332.0000
763.0000,241.0000,910.0000,241.0000,910.0000,332.0000,763.0000,332.0000
763.0000,241.0000,910.0000,241.0000,910.0000,332.0000,763.0000,332.0000
763.0000,241.0000,910.0000,241.0000,910.0000,332.0000,763.0000,332.0000
763.0000,241.0000,910.0000,241.0000,910.0000,332.0000,763.0000,332.0000
763.0000,241.0000,910.0000,241.0000,910.0000,332.0000,763.0000,332.0000
763.0000,241.0000,910.0000,241.0000,910.0000,332.0000,763.0000,332.0000
763.0000,241.0000,910.0000,241.0000,910.0000,332.0000,763.0000,332.0000
763.0000,241.0000,910.0000,241.0000,910.0000,332.0000,763.0000,332.0000
763.0000,241.0000,910.0000,241.0000,910.0000,332.0000,763.0000,332.0000
763.0000,241.0000,910.0000,241.0000,910.0000,332.0000,763.0000,332.0000
763.0000,241.0000,910.0000,241.0000,910.0000,332.0000,763.0000,332.0000
763.0000,241.0000,910.0000,241.0000,910.0000,332.0000,763.0000,332.0000
764.0000,240.0000,914.0000,240.0000,914.0000,333.0000,764.0000,333.0000
764.0000,240.0000,914.0000,240.0000,914.0000,333.0000,764.0000,333.0000
764.0000,240.0000,914.0000,240.0000,914.0000,333.0000,764.0000,333.0000
764.0000,240.0000,914.0000,240.0000,914.0000,333.0000,764.0000,333.0000
764.0000,240.0000,914.0000,240.0000,914.0000,333.0000,764.0000,333.0000
764.0000,240.0000,914.0000,240.0000,914.0000,333.0000,764.0000,333.0000
764.0000,240.0000,914.0000,240.0000,914.0000,333.0000,764.0000,333.0000
764.0000,240.0000,914.0000,240.0000,914.0000,333.0000,764.0000,333.0000
764.0000,240.0000,914.0000,240.0000,914.0000,333.0000,764.0000,333.0000
764.0000,240.0000,914.0000,240.0000,914.0000,333.0000,764.0000,333.0000
764.0000,240.0000,914.0000,240.0000,914.0000,333.0000,764.0000,333.0000
764.0000,240.0000,914.0000,240.0000,914.0000,333.0000,764.0000,333.0000
764.0000,240.0000,914.0000,240.0000,914.0000,333.0000,764.0000,333.0000
764.0000,240.0000,914.0000,240.0000,914.0000,333.0000,764.0000,333.0000
764.0000,240.0000,914.0000,240.0000,914.0000,333.0000,764.0000,333.0000
764.0000,240.0000,914.0000,240.0000,914.0000,333.0000,764.0000,333.0000
764.0000,240.0000,914.0000,240.0000,914.0000,333.0000,764.0000,333.0000
764.0000,240.0000,914.0000,240.0000,914.0000,333.0000,764.0000,333.0000
764.0000,240.0000,914.0000,240.0000,914.0000,333.0000,764.0000,333.0000
764.0000,240.0000,914.0000,240.0000,914.0000,333.0000,764.0000,333.0000
764.0000,240.0000,914.0000,240.0000,914.0000,333.0000,764.0000,333.0000
764.0000,240.0000,914.0000,240.0000,914.0000,333.0000,764.0000,333.0000
764.0000,240.0000,914.0000,240.0000,914.0000,333.0000,764.0000,333.0000
764.0000,240.0000,914.0000,240.0000,914.0000,333.0000,764.0000,333.0000
764.0000,240.0000,914.0000,240.0000,914.0000,333.0000,764.0000,333.0000
764.0000,240.0000,914.0000,240.0000,914.0000,333.0000,764.0000,333.0000
764.0000,240.0000,914.0000,240.0000,914.0000,333.0000,764.0000,333.0000
764.0000,240.0000,914.0000,240.0000,914.0000,333.0000,764.0000,333.0000
764.0000,240.0000,914.0000,240.0000,914.0000,333.0000,764.0000,333.0000
764.0000,240.0000,914.0000,240.0000,914.0000,333.0000,764.0000,333.0000
764.0000,240.0000,914.0000,240.0000,914.0000,333.0000,764.0000,333.0000
764.0000,240.0000,914.0000,240.0000,914.0000,333.0000,764.0000,333.0000
764.0000,240.0000,914.0000,240.0000,914.0000,333.0000,764.0000,333.0000
764.0000,240.0000,914.0000,240.0000,914.0000,333.0000,764.0000,333.0000
764.0000,240.0000,914.0000,240.0000,914.0000,333.0000,764.0000,333.0000
764.0000,240.0000,914.0000,240.0000,914.0000,333.0000,764.0000,333.0000
764.0000,240.0000,914.0000,240.0000,914.0000,333.0000,764.0000,333.0000
764.0000,240.0000,914.0000,240.0000,914.0000,333.0000,764.0000,333.0000
764.0000,240.0000,914.0000,240.0000,914.0000,333.0000,764.0000,333.0000
764.0000,240.0000,914.0000,240.0000,914.0000,333.0000,764.0000,333.0000
764.0000,240.0000,914.0000,240.0000,914.0000,333.0000,764.0000,333.0000
764.0000,240.0000,914.0000,240.0000,914.0000,333.0000,764.0000,333.0000
764.0000,240.0000,914.0000,240.0000,914.0000,333.0000,764.0000,333.0000
764.0000,240.0000,914.0000,240.0000,914.0000,333.0000,764.0000,333.0000
764.0000,240.0000,914.0000,240.0000,914.0000,333.0000,764.0000,333.0000
764.0000,240.0000,914.0000,240.0000,914.0000,333.0000,764.0000,333.0000
764.0000,240.0000,914.0000,240.0000,914.0000,333.0000,764.0000,333.0000
764.0000,240.0000,914.0000,240.0000,914.0000,333.0000,764.0000,333.0000
764.0000,240.0000,914.0000,240.0000,914.0000,333.0000,764.0000,333.0000
764.0000,240.0000,914.0000,240.0000,914.0000,333.0000,764.0000,333.0000
764.0000,240.0000,914.0000,240.0000,914.0000,333.0000,764.0000,333.0000
764.0000,240.0000,914.0000,240.0000,914.0000,333.0000,764.0000,333.0000
764.0000,240.0000,914.0000,240.0000,914.0000,333.0000,764.0000,333.0000
764.0000,240.0000,914.0000,240.0000,914.0000,333.0000,764.0000,333.0000
764.0000,240.0000,914.0000,240.0000,914.0000,333.0000,764.0000,333.0000
764.0000,240.0000,914.0000,240.0000,914.0000,333.0000,764.0000,333.0000
764.0000,240.0000,914.0000,240.0000,914.0000,333.0000,764.0000,333.0000
764.0000,240.0000,914.0000,240.0000,914.0000,333.0000,764.0000,333.0000
764.0000,240.0000,914.0000,240.0000,914.0000,333.0000,764.0000,333.0000
764.0000,240.0000,914.0000,240.0000,914.0000,333.0000,764.0000,333.0000
764.0000,240.0000,914.0000,240.0000,914.0000,333.0000,764.0000,333.0000
764.0000,240.0000,914.0000,240.0000,914.0000,333.0000,764.0000,333.0000
764.0000,240.0000,914.0000,240.0000,914.0000,333.0000,764.0000,333.0000
764.0000,240.0000,914.0000,240.0000,914.0000,333.0000,764.0000,333.0000
764.0000,240.0000,914.0000,240.0000,914.0000,333.0000,764.0000,333.0000
764.0000,240.0000,914.0000,240.0000,914.0000,333.0000,764.0000,333.0000
764.0000,240.0000,914.0000,240.0000,914.0000,333.0000,764.0000,333.0000
764.0000,240.0000,914.0000,240.0000,914.0000,333.0000,764.0000,333.0000
764.0000,240.0000,914.0000,240.0000,914.0000,333.0000,764.0000,333.0000
764.0000,240.0000,914.0000,240.0000,914.0000,333.0000,764.0000,333.0000
764.0000,240.0000,914.0000,240.0000,914.0000,333.0000,764.0000,333.0000
764.0000,240.0000,914.0000,240.0000,914.0000,333.0000,764.0000,333.0000
764.0000,240.0000,914.0000,240.0000,914.0000,333.0000,764.0000,333.0000
764.0000,240.0000,914.0000,240.0000,914.0000,333.0000,764.0000,333.0000
764.0000,240.0000,914.0000,240.0000,914.0000,333.0000,764.0000,333.0000
812.0000,224.0000,958.0000,224.0000,958.0000,314.0000,812.0000,314.0000
812.0000,224.0000,958.0000,224.0000,958.0000,314.0000,812.0000,314.0000
812.0000,224.0000,958.0000,224.0000,958.0000,314.0000,812.0000,314.0000
812.0000,224.0000,958.0000,224.0000,958.0000,314.0000,812.0000,314.0000
812.0000,224.0000,958.0000,224.0000,958.0000,314.0000,812.0000,314.0000
812.0000,224.0000,958.0000,224.0000,958.0000,314.0000,812.0000,314.0000
812.0000,224.0000,958.0000,224.0000,958.0000,314.0000,812.0000,314.0000
812.0000,224.0000,958.0000,224.0000,958.0000,314.0000,812.0000,314.0000
812.0000,224.0000,958.0000,224.0000,958.0000,314.0000,812.0000,314.0000
812.0000,224.0000,958.0000,224.0000,958.0000,314.0000,812.0000,314.0000
812.0000,224.0000,958.0000,224.0000,958.0000,314.0000,812.0000,314.0000
812.0000,224.0000,958.0000,224.0000,958.0000,314.0000,812.0000,314.0000
812.0000,224.0000,958.0000,224.0000,958.0000,314.0000,812.0000,314.0000
812.0000,224.0000,958.0000,224.0000,958.0000,314.0000,812.0000,314.0000
812.0000,224.0000,958.0000,224.0000,958.0000,314.0000,812.0000,314.0000
812.0000,224.0000,958.0000,224.0000,958.0000,314.0000,812.0000,314.0000
812.0000,224.0000,958.0000,224.0000,958.0000,314.0000,812.0000,314.0000
812.0000,224.0000,958.0000,224.0000,958.0000,314.0000,812.0000,314.0000
854.0000,245.0000,1000.0000,245.0000,1000.0000,336.0000,854.0000,336.0000
854.0000,245.0000,1000.0000,245.0000,1000.0000,336.0000,854.0000,336.0000
854.0000,245.0000,1000.0000,245.0000,1000.0000,336.0000,854.0000,336.0000
854.0000,245.0000,1000.0000,245.0000,1000.0000,336.0000,854.0000,336.0000
854.0000,245.0000,1000.0000,245.0000,1000.0000,336.0000,854.0000,336.0000
854.0000,245.0000,1000.0000,245.0000,1000.0000,336.0000,854.0000,336.0000
854.0000,245.0000,1000.0000,245.0000,1000.0000,336.0000,854.0000,336.0000
854.0000,245.0000,1000.0000,245.0000,1000.0000,336.0000,854.0000,336.0000
854.0000,245.0000,1000.0000,245.0000,1000.0000,336.0000,854.0000,336.0000
854.0000,245.0000,1000.0000,245.0000,1000.0000,336.0000,854.0000,336.0000
854.0000,245.0000,1000.0000,245.0000,1000.0000,336.0000,854.0000,336.0000
854.0000,245.0000,1000.0000,245.0000,1000.0000,336.0000,854.0000,336.0000
854.0000,245.0000,1000.0000,245.0000,1000.0000,336.0000,854.0000,336.0000
854.0000,245.0000,1000.0000,245.0000,1000.0000,336.0000,854.0000,336.0000
854.0000,245.0000,1000.0000,245.0000,1000.0000,336.0000,854.0000,336.0000
854.0000,245.0000,1000.0000,245.0000,1000.0000,336.0000,854.0000,336.0000
854.0000,245.0000,1000.0000,245.0000,1000.0000,336.0000,854.0000,336.0000
854.0000,245.0000,1000.0000,245.0000,1000.0000,336.0000,854.0000,336.0000
854.0000,245.0000,1000.0000,245.0000,1000.0000,336.0000,854.0000,336.0000
854.0000,245.0000,1000.0000,245.0000,1000.0000,336.0000,854.0000,336.0000
854.0000,245.0000,1000.0000,245.0000,1000.0000,336.0000,854.0000,336.0000
854.0000,245.0000,1000.0000,245.0000,1000.0000,336.0000,854.0000,336.0000
854.0000,245.0000,1000.0000,245.0000,1000.0000,336.0000,854.0000,336.0000
854.0000,245.0000,1000.0000,245.0000,1000.0000,336.0000,854.0000,336.0000
854.0000,245.0000,1000.0000,245.0000,1000.0000,336.0000,854.0000,336.0000
854.0000,245.0000,1000.0000,245.0000,1000.0000,336.0000,854.0000,336.0000
854.0000,245.0000,1000.0000,245.0000,1000.0000,336.0000,854.0000,336.0000
854.0000,245.0000,1000.0000,245.0000,1000.0000,336.0000,854.0000,336.0000
854.0000,245.0000,1000.0000,245.0000,1000.0000,336.0000,854.0000,336.0000
854.0000,245.0000,1000.0000,245.0000,1000.0000,336.0000,854.0000,336.0000
854.0000,245.0000,1000.0000,245.0000,1000.0000,336.0000,854.0000,336.0000
854.0000,245.0000,1000.0000,245.0000,1000.0000,336.0000,854.0000,336.0000
854.0000,245.0000,1000.0000,245.0000,1000.0000,336.0000,854.0000,336.0000
854.0000,245.0000,1000.0000,245.0000,1000.0000,336.0000,854.0000,336.0000
854.0000,245.0000,1000.0000,245.0000,1000.0000,336.0000,854.0000,336.0000
854.0000,245.0000,1000.0000,245.0000,1000.0000,336.0000,854.0000,336.0000
854.0000,245.0000,1000.0000,245.0000,1000.0000,336.0000,854.0000,336.0000
854.0000,245.0000,1000.0000,245.0000,1000.0000,336.0000,854.0000,336.0000
854.0000,245.0000,1000.0000,245.0000,1000.0000,336.0000,854.0000,336.0000
854.0000,245.0000,1000.0000,245.0000,1000.0000,336.0000,854.0000,336.0000
854.0000,245.0000,1000.0000,245.0000,1000.0000,336.0000,854.0000,336.0000
854.0000,245.0000,1000.0000,245.0000,1000.0000,336.0000,854.0000,336.0000
854.0000,245.0000,1000.0000,245.0000,1000.0000,336.0000,854.0000,336.0000
854.0000,245.0000,1000.0000,245.0000,1000.0000,336.0000,854.0000,336.0000
854.0000,245.0000,1000.0000,245.0000,1000.0000,336.0000,854.0000,336.0000
854.0000,245.0000,1000.0000,245.0000,1000.0000,336.0000,854.0000,336.0000
854.0000,245.0000,1000.0000,245.0000,1000.0000,336.0000,854.0000,336.0000
854.0000,245.0000,1000.0000,245.0000,1000.0000,336.0000,854.0000,336.0000
854.0000,245.0000,1000.0000,245.0000,1000.0000,336.0000,854.0000,336.0000
854.0000,245.0000,1000.0000,245.0000,1000.0000,336.0000,854.0000,336.0000
854.0000,245.0000,1000.0000,245.0000,1000.0000,336.0000,854.0000,336.0000
854.0000,245.0000,1000.0000,245.0000,1000.0000,336.0000,854.0000,336.0000
854.0000,245.0000,1000.0000,245.0000,1000.0000,336.0000,854.0000,336.0000
854.0000,245.0000,1000.0000,245.0000,1000.0000,336.0000,854.0000,336.0000
854.0000,245.0000,1000.0000,245.0000,1000.0000,336.0000,854.0000,336.0000
854.0000,245.0000,1000.0000,245.0000,1000.0000,336.0000,854.0000,336.0000
854.0000,245.0000,1000.0000,245.0000,1000.0000,336.0000,854.0000,336.0000
854.0000,245.0000,1000.0000,245.0000,1000.0000,336.0000,854.0000,336.0000
854.0000,245.0000,1000.0000,245.0000,1000.0000,336.0000,854.0000,336.0000
854.0000,245.0000,1000.0000,245.0000,1000.0000,336.0000,854.0000,336.0000
854.0000,245.0000,1000.0000,245.0000,1000.0000,336.0000,854.0000,336.0000
854.0000,245.0000,1000.0000,245.0000,1000.0000,336.0000,854.0000,336.0000
854.0000,245.0000,1000.0000,245.0000,1000.0000,336.0000,854.0000,336.0000
854.0000,245.0000,1000.0000,245.0000,1000.0000,336.0000,854.0000,336.0000
854.0000,245.0000,1000.0000,245.0000,1000.0000,336.0000,854.0000,336.0000
854.0000,245.0000,1000.0000,245.0000,1000.0000,336.0000,854.0000,336.0000
854.0000,245.0000,1000.0000,245.0000,1000.0000,336.0000,854.0000,336.0000
854.0000,245.0000,1000.0000,245.0000,1000.0000,336.0000,854.0000,336.0000
854.0000,245.0000,1000.0000,245.0000,1000.0000,336.0000,854.0000,336.0000
854.0000,245.0000,1000.0000,245.0000,1000.0000,336.0000,854.0000,336.0000
854.0000,245.0000,1000.0000,245.0000,1000.0000,336.0000,854.0000,336.0000
854.0000,245.0000,1000.0000,245.0000,1000.0000,336.0000,854.0000,336.0000
854.0000,245.0000,1000.0000,245.0000,1000.0000,336.0000,854.0000,336.0000
854.0000,245.0000,1000.0000,245.0000,1000.0000,336.0000,854.0000,336.0000
850.0000,248.0000,992.0000,248.0000,992.0000,337.0000,850.0000,337.0000
850.0000,248.0000,992.0000,248.0000,992.0000,337.0000,850.0000,337.0000
850.0000,248.0000,992.0000,248.0000,992.0000,337.0000,850.0000,337.0000
850.0000,248.0000,992.0000,248.0000,992.0000,337.0000,850.0000,337.0000
850.0000,248.0000,992.0000,248.0000,992.0000,337.0000,850.0000,337.0000
850.0000,248.0000,992.0000,248.0000,992.0000,337.0000,850.0000,337.0000
850.0000,248.0000,992.0000,248.0000,992.0000,337.0000,850.0000,337.0000
850.0000,248.0000,992.0000,248.0000,992.0000,337.0000,850.0000,337.0000
850.0000,248.0000,992.0000,248.0000,992.0000,337.0000,850.0000,337.0000
850.0000,248.0000,992.0000,248.0000,992.0000,337.0000,850.0000,337.0000
850.0000,248.0000,992.0000,248.0000,992.0000,337.0000,850.0000,337.0000
850.0000,248.0000,992.0000,248.0000,992.0000,337.0000,850.0000,337.0000
850.0000,248.0000,992.0000,248.0000,992.0000,337.0000,850.0000,337.0000
850.0000,248.0000,992.0000,248.0000,992.0000,337.0000,850.0000,337.0000
850.0000,248.0000,992.0000,248.0000,992.0000,337.0000,850.0000,337.0000
850.0000,248.0000,992.0000,248.0000,992.0000,337.0000,850.0000,337.0000
850.0000,248.0000,992.0000,248.0000,992.0000,337.0000,850.0000,337.0000
850.0000,248.0000,992.0000,248.0000,992.0000,337.0000,850.0000,337.0000
850.0000,248.0000,992.0000,248.0000,992.0000,337.0000,850.0000,337.0000
828.0000,228.0000,969.0000,228.0000,969.0000,315.0000,828.0000,315.0000
828.0000,228.0000,969.0000,228.0000,969.0000,315.0000,828.0000,315.0000
828.0000,228.0000,969.0000,228.0000,969.0000,315.0000,828.0000,315.0000
828.0000,228.0000,969.0000,228.0000,969.0000,315.0000,828.0000,315.0000
828.0000,228.0000,969.0000,228.0000,969.0000,315.0000,828.0000,315.0000
828.0000,228.0000,969.0000,228.0000,969.0000,315.0000,828.0000,315.0000
828.0000,228.0000,969.0000,228.0000,969.0000,315.0000,828.0000,315.0000
828.0000,228.0000,969.0000,228.0000,969.0000,315.0000,828.0000,315.0000
828.0000,228.0000,969.0000,228.0000,969.0000,315.0000,828.0000,315.0000
828.0000,228.0000,969.0000,228.0000,969.0000,315.0000,828.0000,315.0000
828.0000,228.0000,969.0000,228.0000,969.0000,315.0000,828.0000,315.0000
828.0000,228.0000,969.0000,228.0000,969.0000,315.0000,828.0000,315.0000
828.0000,228.0000,969.0000,228.0000,969.0000,315.0000,828.0000,315.0000
828.0000,228.0000,969.0000,228.0000,969.0000,315.0000,828.0000,315.0000
828.0000,228.0000,969.0000,228.0000,969.0000,315.0000,828.0000,315.0000
828.0000,228.0000,969.0000,228.0000,969.0000,315.0000,828.0000,315.0000
828.0000,228.0000,969.0000,228.0000,969.0000,315.0000,828.0000,315.0000
828.0000,228.0000,969.0000,228.0000,969.0000,315.0000,828.0000,315.0000
828.0000,228.0000,969.0000,228.0000,969.0000,315.0000,828.0000,315.0000
828.0000,228.0000,969.0000,228.0000,969.0000,315.0000,828.0000,315.0000
828.0000,228.0000,969.0000,228.0000,969.0000,315.0000,828.0000,315.0000
828.0000,228.0000,969.0000,228.0000,969.0000,315.0000,828.0000,315.0000
828.0000,228.0000,969.0000,228.0000,969.0000,315.0000,828.0000,315.0000
828.0000,228.0000,969.0000,228.0000,969.0000,315.0000,828.0000,315.0000
828.0000,228.0000,969.0000,228.0000,969.0000,315.0000,828.0000,315.0000
828.0000,228.0000,969.0000,228.0000,969.0000,315.0000,828.0000,315.0000
828.0000,228.0000,969.0000,228.0000,969.0000,315.0000,828.0000,315.0000
828.0000,228.0000,969.0000,228.0000,969.0000,315.0000,828.0000,315.0000
828.0000,228.0000,969.0000,228.0000,969.0000,315.0000,828.0000,315.0000
828.0000,228.0000,969.0000,228.0000,969.0000,315.0000,828.0000,315.0000
828.0000,228.0000,969.0000,228.0000,969.0000,315.0000,828.0000,315.0000
828.0000,228.0000,969.0000,228.0000,969.0000,315.0000,828.0000,315.0000
828.0000,228.0000,969.0000,228.0000,969.0000,315.0000,828.0000,315.0000
828.0000,228.0000,969.0000,228.0000,969.0000,315.0000,828.0000,315.0000
828.0000,228.0000,969.0000,228.0000,969.0000,315.0000,828.0000,315.0000
828.0000,228.0000,969.0000,228.0000,969.0000,315.0000,828.0000,315.0000
828.0000,228.0000,969.0000,228.0000,969.0000,315.0000,828.0000,315.0000
828.0000,228.0000,969.0000,228.0000,969.0000,315.0000,828.0000,315.0000
828.0000,228.0000,969.0000,228.0000,969.0000,315.0000,828.0000,315.0000
828.0000,228.0000,969.0000,228.0000,969.0000,315.0000,828.0000,315.0000
828.0000,228.0000,969.0000,228.0000,969.0000,315.0000,828.0000,315.0000
0
0
0
0
0
0
0
0
0
0
0
0
0
0
0
0
0
0
0
0
0
0
0
0
0
0
0
0
0
0
0
0
0
0
2
0
0
0
0
1
405.0000,200.0000,533.0000,200.0000,533.0000,295.0000,405.0000,295.0000
404.0000,200.0000,530.0000,200.0000,530.0000,293.0000,404.0000,293.0000
404.0000,200.0000,530.0000,200.0000,530.0000,293.0000,404.0000,293.0000
404.0000,200.0000,530.0000,200.0000,530.0000,293.0000,404.0000,293.0000
404.0000,200.0000,530.0000,200.0000,530.0000,293.0000,404.0000,293.0000
404.0000,200.0000,530.0000,200.0000,530.0000,293.0000,404.0000,293.0000
404.0000,200.0000,530.0000,200.0000,530.0000,293.0000,404.0000,293.0000
404.0000,200.0000,530.0000,200.0000,530.0000,293.0000,404.0000,293.0000
404.0000,200.0000,530.0000,200.0000,530.0000,293.0000,404.0000,293.0000
404.0000,200.0000,530.0000,200.0000,530.0000,293.0000,404.0000,293.0000
404.0000,200.0000,530.0000,200.0000,530.0000,293.0000,404.0000,293.0000
404.0000,200.0000,530.0000,200.0000,530.0000,293.0000,404.0000,293.0000
404.0000,200.0000,530.0000,200.0000,530.0000,293.0000,404.0000,293.0000
404.0000,200.0000,530.0000,200.0000,530.0000,293.0000,404.0000,293.0000
404.0000,200.0000,530.0000,200.0000,530.0000,293.0000,404.0000,293.0000
404.0000,200.0000,530.0000,200.0000,530.0000,293.0000,404.0000,293.0000
404.0000,200.0000,530.0000,200.0000,530.0000,293.0000,404.0000,293.0000
404.0000,200.0000,530.0000,200.0000,530.0000,293.0000,404.0000,293.0000
404.0000,200.0000,530.0000,200.0000,530.0000,293.0000,404.0000,293.0000
401.0000,198.0000,531.0000,198.0000,531.0000,294.0000,401.0000,294.0000
401.0000,198.0000,531.0000,198.0000,531.0000,294.0000,401.0000,294.0000
401.0000,198.0000,531.0000,198.0000,531.0000,294.0000,401.0000,294.0000
401.0000,198.0000,531.0000,198.0000,531.0000,294.0000,401.0000,294.0000
401.0000,198.0000,531.0000,198.0000,531.0000,294.0000,401.0000,294.0000
401.0000,198.0000,531.0000,198.0000,531.0000,294.0000,401.0000,294.0000
401.0000,198.0000,531.0000,198.0000,531.0000,294.0000,401.0000,294.0000
401.0000,198.0000,531.0000,198.0000,531.0000,294.0000,401.0000,294.0000
401.0000,198.0000,531.0000,198.0000,531.0000,294.0000,401.0000,294.0000
401.0000,198.0000,531.0000,198.0000,531.0000,294.0000,401.0000,294.0000
401.0000,198.0000,531.0000,198.0000,531.0000,294.0000,401.0000,294.0000
401.0000,198.0000,531.0000,198.0000,531.0000,294.0000,401.0000,294.0000
401.0000,198.0000,531.0000,198.0000,531.0000,294.0000,401.0000,294.0000
401.0000,198.0000,531.0000,198.0000,531.0000,294.0000,401.0000,294.0000
401.0000,198.0000,531.0000,198.0000,531.0000,294.0000,401.0000,294.0000
401.0000,198.0000,531.0000,198.0000,531.0000,294.0000,401.0000,294.0000
401.0000,198.0000,531.0000,198.0000,531.0000,294.0000,401.0000,294.0000
401.0000,198.0000,531.0000,198.0000,531.0000,294.0000,401.0000,294.0000
401.0000,198.0000,531.0000,198.0000,531.0000,294.0000,401.0000,294.0000
401.0000,198.0000,531.0000,198.0000,531.0000,294.0000,401.0000,294.0000
401.0000,198.0000,531.0000,198.0000,531.0000,294.0000,401.0000,294.0000
401.0000,198.0000,531.0000,198.0000,531.0000,294.0000,401.0000,294.0000
401.0000,198.0000,531.0000,198.0000,531.0000,294.0000,401.0000,294.0000
401.0000,198.0000,531.0000,198.0000,531.0000,294.0000,401.0000,294.0000
401.0000,198.0000,531.0000,198.0000,531.0000,294.0000,401.0000,294.0000
401.0000,198.0000,531.0000,198.0000,531.0000,294.0000,401.0000,294.0000
401.0000,198.0000,531.0000,198.0000,531.0000,294.0000,401.0000,294.0000
401.0000,198.0000,531.0000,198.0000,531.0000,294.0000,401.0000,294.0000
401.0000,198.0000,531.0000,198.0000,531.0000,294.0000,401.0000,294.0000
401.0000,198.0000,531.0000,198.0000,531.0000,294.0000,401.0000,294.0000
401.0000,198.0000,531.0000,198.0000,531.0000,294.0000,401.0000,294.0000
401.0000,198.0000,531.0000,198.0000,531.0000,294.0000,401.0000,294.0000
401.0000,198.0000,531.0000,198.0000,531.0000,294.0000,401.0000,294.0000
401.0000,198.0000,531.0000,198.0000,531.0000,294.0000,401.0000,294.0000
401.0000,198.0000,531.0000,198.0000,531.0000,294.0000,401.0000,294.0000
401.0000,198.0000,531.0000,198.0000,531.0000,294.0000,401.0000,294.0000
401.0000,198.0000,531.0000,198.0000,531.0000,294.0000,401.0000,294.0000
401.0000,198.0000,531.0000,198.0000,531.0000,294.0000,401.0000,294.0000
401.0000,198.0000,531.0000,198.0000,531.0000,294.0000,401.0000,294.0000
401.0000,198.0000,531.0000,198.0000,531.0000,294.0000,401.0000,294.0000
401.0000,198.0000,531.0000,198.0000,531.0000,294.0000,401.0000,294.0000
401.0000,198.0000,531.0000,198.0000,531.0000,294.0000,401.0000,294.0000
401.0000,198.0000,531.0000,198.0000,531.0000,294.0000,401.0000,294.0000
401.0000,198.0000,531.0000,198.0000,531.0000,294.0000,401.0000,294.0000
401.0000,198.0000,531.0000,198.0000,531.0000,294.0000,401.0000,294.0000
401.0000,198.0000,531.0000,198.0000,531.0000,294.0000,401.0000,294.0000
401.0000,198.0000,531.0000,198.0000,531.0000,294.0000,401.0000,294.0000
401.0000,198.0000,531.0000,198.0000,531.0000,294.0000,401.0000,294.0000
401.0000,198.0000,531.0000,198.0000,531.0000,294.0000,401.0000,294.0000
401.0000,198.0000,531.0000,198.0000,531.0000,294.0000,401.0000,294.0000
401.0000,198.0000,531.0000,198.0000,531.0000,294.0000,401.0000,294.0000
401.0000,198.0000,531.0000,198.0000,531.0000,294.0000,401.0000,294.0000
401.0000,198.0000,531.0000,198.0000,531.0000,294.0000,401.0000,294.0000
401.0000,198.0000,531.0000,198.0000,531.0000,294.0000,401.0000,294.0000
401.0000,198.0000,531.0000,198.0000,531.0000,294.0000,401.0000,294.0000
401.0000,198.0000,531.0000,198.0000,531.0000,294.0000,401.0000,294.0000
401.0000,198.0000,531.0000,198.0000,531.0000,294.0000,401.0000,294.0000
401.0000,198.0000,531.0000,198.0000,531.0000,294.0000,401.0000,294.0000
401.0000,198.0000,531.0000,198.0000,531.0000,294.0000,401.0000,294.0000
401.0000,198.0000,531.0000,198.0000,531.0000,294.0000,401.0000,294.0000
401.0000,198.0000,531.0000,198.0000,531.0000,294.0000,401.0000,294.0000
401.0000,198.0000,531.0000,198.0000,531.0000,294.0000,401.0000,294.0000
401.0000,198.0000,531.0000,198.0000,531.0000,294.0000,401.0000,294.0000
401.0000,198.0000,531.0000,198.0000,531.0000,294.0000,401.0000,294.0000
401.0000,198.0000,531.0000,198.0000,531.0000,294.0000,401.0000,294.0000
401.0000,198.0000,531.0000,198.0000,531.0000,294.0000,401.0000,294.0000
401.0000,198.0000,531.0000,198.0000,531.0000,294.0000,401.0000,294.0000
401.0000,198.0000,531.0000,198.0000,531.0000,294.0000,401.0000,294.0000
401.0000,198.0000,531.0000,198.0000,531.0000,294.0000,401.0000,294.0000
401.0000,198.0000,531.0000,198.0000,531.0000,294.0000,401.0000,294.0000
401.0000,198.0000,531.0000,198.0000,531.0000,294.0000,401.0000,294.0000
372.0000,222.0000,505.0000,222.0000,505.0000,320.0000,372.0000,320.0000
372.0000,222.0000,505.0000,222.0000,505.0000,320.0000,372.0000,320.0000
372.0000,222.0000,505.0000,222.0000,505.0000,320.0000,372.0000,320.0000
372.0000,222.0000,505.0000,222.0000,505.0000,320.0000,372.0000,320.0000
372.0000,222.0000,505.0000,222.0000,505.0000,320.0000,372.0000,320.0000
372.0000,222.0000,505.0000,222.0000,505.0000,320.0000,372.0000,320.0000
372.0000,222.0000,505.0000,222.0000,505.0000,320.0000,372.0000,320.0000
372.0000,222.0000,505.0000,222.0000,505.0000,320.0000,372.0000,320.0000
372.0000,222.0000,505.0000,222.0000,505.0000,320.0000,372.0000,320.0000
372.0000,222.0000,505.0000,222.0000,505.0000,320.0000,372.0000,320.0000
372.0000,222.0000,505.0000,222.0000,505.0000,320.0000,372.0000,320.0000
372.0000,222.0000,505.0000,222.0000,505.0000,320.0000,372.0000,320.0000
372.0000,222.0000,505.0000,222.0000,505.0000,320.0000,372.0000,320.0000
372.0000,222.0000,505.0000,222.0000,505.0000,320.0000,372.0000,320.0000
372.0000,222.0000,505.0000,222.0000,505.0000,320.0000,372.0000,320.0000
372.0000,222.0000,505.0000,222.0000,505.0000,320.0000,372.0000,320.0000
372.0000,222.0000,505.0000,222.0000,505.0000,320.0000,372.0000,320.0000
372.0000,222.0000,505.0000,222.0000,505.0000,320.0000,372.0000,320.0000
372.0000,222.0000,505.0000,222.0000,505.0000,320.0000,372.0000,320.0000
290.0000,218.0000,421.0000,218.0000,421.0000,315.0000,290.0000,315.0000
290.0000,218.0000,421.0000,218.0000,421.0000,315.0000,290.0000,315.0000
290.0000,218.0000,421.0000,218.0000,421.0000,315.0000,290.0000,315.0000
290.0000,218.0000,421.0000,218.0000,421.0000,315.0000,290.0000,315.0000
290.0000,218.0000,421.0000,218.0000,421.0000,315.0000,290.0000,315.0000
290.0000,218.0000,421.0000,218.0000,421.0000,315.0000,290.0000,315.0000
290.0000,218.0000,421.0000,218.0000,421.0000,315.0000,290.0000,315.0000
290.0000,218.0000,421.0000,218.0000,421.0000,315.0000,290.0000,315.0000
290.0000,218.0000,421.0000,218.0000,421.0000,315.0000,290.0000,315.0000
290.0000,218.0000,421.0000,218.0000,421.0000,315.0000,290.0000,315.0000
290.0000,218.0000,421.0000,218.0000,421.0000,315.0000,290.0000,315.0000
290.0000,218.0000,421.0000,218.0000,421.0000,315.0000,290.0000,315.0000
290.0000,218.0000,421.0000,218.0000,421.0000,315.0000,290.0000,315.0000
290.0000,218.0000,421.0000,218.0000,421.0000,315.0000,290.0000,315.0000
290.0000,218.0000,421.0000,218.0000,421.0000,315.0000,290.0000,315.0000
290.0000,218.0000,421.0000,218.0000,421.0000,315.0000,290.0000,315.0000
290.0000,218.0000,421.0000,218.0000,421.0000,315.0000,290.0000,315.0000
290.0000,218.0000,421.0000,218.0000,421.0000,315.0000,290.0000,315.0000
290.0000,218.0000,421.0000,218.0000,421.0000,315.0000,290.0000,315.0000
290.0000,218.0000,421.0000,218.0000,421.0000,315.0000,290.0000,315.0000
290.0000,218.0000,421.0000,218.0000,421.0000,315.0000,290.0000,315.0000
290.0000,218.0000,421.0000,218.0000,421.0000,315.0000,290.0000,315.0000
290.0000,218.0000,421.0000,218.0000,421.0000,315.0000,290.0000,315.0000
290.0000,218.0000,421.0000,218.0000,421.0000,315.0000,290.0000,315.0000
290.0000,218.0000,421.0000,218.0000,421.0000,315.0000,290.0000,315.0000
290.0000,218.0000,421.0000,218.0000,421.0000,315.0000,290.0000,315.0000
290.0000,218.0000,421.0000,218.0000,421.0000,315.0000,290.0000,315.0000
290.0000,218.0000,421.0000,218.0000,421.0000,315.0000,290.0000,315.0000
290.0000,218.0000,421.0000,218.0000,421.0000,315.0000,290.0000,315.0000
290.0000,218.0000,421.0000,218.0000,421.0000,315.0000,290.0000,315.0000
290.0000,218.0000,421.0000,218.0000,421.0000,315.0000,290.0000,315.0000
290.0000,218.0000,421.0000,218.0000,421.0000,315.0000,290.0000,315.0000
290.0000,218.0000,421.0000,218.0000,421.0000,315.0000,290.0000,315.0000
290.0000,218.0000,421.0000,218.0000,421.0000,315.0000,290.0000,315.0000
290.0000,218.0000,421.0000,218.0000,421.0000,315.0000,290.0000,315.0000
290.0000,218.0000,421.0000,218.0000,421.0000,315.0000,290.0000,315.0000
290.0000,218.0000,421.0000,218.0000,421.0000,315.0000,290.0000,315.0000
290.0000,218.0000,421.0000,218.0000,421.0000,315.0000,290.0000,315.0000
290.0000,218.0000,421.0000,218.0000,421.0000,315.0000,290.0000,315.0000
290.0000,218.0000,421.0000,218.0000,421.0000,315.0000,290.0000,315.0000
290.0000,218.0000,421.0000,218.0000,421.0000,315.0000,290.0000,315.0000
290.0000,218.0000,421.0000,218.0000,421.0000,315.0000,290.0000,315.0000
290.0000,218.0000,421.0000,218.0000,421.0000,315.0000,290.0000,315.0000
290.0000,218.0000,421.0000,218.0000,421.0000,315.0000,290.0000,315.0000
290.0000,218.0000,421.0000,218.0000,421.0000,315.0000,290.0000,315.0000
290.0000,218.0000,421.0000,218.0000,421.0000,315.0000,290.0000,315.0000
290.0000,218.0000,421.0000,218.0000,421.0000,315.0000,290.0000,315.0000
2
0
0
0
0
0
0
0
0
0
0
0
0
0
0
0
0
0
0
0
0
0
0
0
0
0
0
0
226.0000,218.0000,359.0000,218.0000,359.0000,317.0000,226.0000,317.0000
0
0
0
0
1
26.0000,235.0000,224.0000,235.0000,224.0000,326.0000,26.0000,326.0000
26.0000,235.0000,224.0000,235.0000,224.0000,326.0000,26.0000,326.0000
26.0000,235.0000,224.0000,235.0000,224.0000,326.0000,26.0000,326.0000
26.0000,235.0000,224.0000,235.0000,224.0000,326.0000,26.0000,326.0000
26.0000,235.0000,224.0000,235.0000,224.0000,326.0000,26.0000,326.0000
26.0000,235.0000,224.0000,235.0000,224.0000,326.0000,26.0000,326.0000
26.0000,235.0000,224.0000,235.0000,224.0000,326.0000,26.0000,326.0000
26.0000,235.0000,224.0000,235.0000,224.0000,326.0000,26.0000,326.0000
26.0000,235.0000,224.0000,235.0000,224.0000,326.0000,26.0000,326.0000
26.0000,235.0000,224.0000,235.0000,224.0000,326.0000,26.0000,326.0000
26.0000,235.0000,224.0000,235.0000,224.0000,326.0000,26.0000,326.0000
26.0000,235.0000,224.0000,235.0000,224.0000,326.0000,26.0000,326.0000
26.0000,235.0000,224.0000,235.0000,224.0000,326.0000,26.0000,326.0000
26.0000,235.0000,224.0000,235.0000,224.0000,326.0000,26.0000,326.0000
26.0000,235.0000,224.0000,235.0000,224.0000,326.0000,26.0000,326.0000
26.0000,235.0000,224.0000,235.0000,224.0000,326.0000,26.0000,326.0000
26.0000,235.0000,224.0000,235.0000,224.0000,326.0000,26.0000,326.0000
25.0000,234.0000,223.0000,234.0000,223.0000,325.0000,25.0000,325.0000
25.0000,234.0000,223.0000,234.0000,223.0000,325.0000,25.0000,325.0000
25.0000,234.0000,223.0000,234.0000,223.0000,325.0000,25.0000,325.0000
25.0000,234.0000,223.0000,234.0000,223.0000,325.0000,25.0000,325.0000
25.0000,234.0000,223.0000,234.0000,223.0000,325.0000,25.0000,325.0000
25.0000,234.0000,223.0000,234.0000,223.0000,325.0000,25.0000,325.0000
25.0000,234.0000,223.0000,234.0000,223.0000,325.0000,25.0000,325.0000
25.0000,234.0000,223.0000,234.0000,223.0000,325.0000,25.0000,325.0000
25.0000,234.0000,223.0000,234.0000,223.0000,325.0000,25.0000,325.0000
25.0000,234.0000,223.0000,234.0000,223.0000,325.0000,25.0000,325.0000
25.0000,234.0000,223.0000,234.0000,223.0000,325.0000,25.0000,325.0000
25.0000,234.0000,223.0000,234.0000,223.0000,325.0000,25.0000,325.0000
25.0000,234.0000,223.0000,234.0000,223.0000,325.0000,25.0000,325.0000
25.0000,234.0000,223.0000,234.0000,223.0000,325.0000,25.0000,325.0000
25.0000,234.0000,223.0000,234.0000,223.0000,325.0000,25.0000,325.0000
25.0000,234.0000,223.0000,234.0000,223.0000,325.0000,25.0000,325.0000
25.0000,234.0000,223.0000,234.0000,223.0000,325.0000,25.0000,325.0000
25.0000,234.0000,223.0000,234.0000,223.0000,325.0000,25.0000,325.0000
25.0000,234.0000,223.0000,234.0000,223.0000,325.0000,25.0000,325.0000
25.0000,234.0000,223.0000,234.0000,223.0000,325.0000,25.0000,325.0000
25.0000,234.0000,223.0000,234.0000,223.0000,325.0000,25.0000,325.0000
25.0000,234.0000,223.0000,234.0000,223.0000,325.0000,25.0000,325.0000
25.0000,234.0000,223.0000,234.0000,223.0000,325.0000,25.0000,325.0000
25.0000,234.0000,223.0000,234.0000,223.0000,325.0000,25.0000,325.0000
25.0000,234.0000,223.0000,234.0000,223.0000,325.0000,25.0000,325.0000
25.0000,234.0000,223.0000,234.0000,223.0000,325.0000,25.0000,325.0000
25.0000,234.0000,223.0000,234.0000,223.0000,325.0000,25.0000,325.0000
25.0000,234.0000,223.0000,234.0000,223.0000,325.0000,25.0000,325.0000
25.0000,234.0000,223.0000,234.0000,223.0000,325.0000,25.0000,325.0000
25.0000,234.0000,223.0000,234.0000,223.0000,325.0000,25.0000,325.0000
25.0000,234.0000,223.0000,234.0000,223.0000,325.0000,25.0000,325.0000
25.0000,234.0000,223.0000,234.0000,223.0000,325.0000,25.0000,325.0000
25.0000,234.0000,223.0000,234.0000,223.0000,325.0000,25.0000,325.0000
25.0000,234.0000,223.0000,234.0000,223.0000,325.0000,25.0000,325.0000
25.0000,234.0000,223.0000,234.0000,223.0000,325.0000,25.0000,325.0000
25.0000,234.0000,223.0000,234.0000,223.0000,325.0000,25.0000,325.0000
25.0000,234.0000,223.0000,234.0000,223.0000,325.0000,25.0000,325.0000
25.0000,234.0000,223.0000,234.0000,223.0000,325.0000,25.0000,325.0000
25.0000,234.0000,223.0000,234.0000,223.0000,325.0000,25.0000,325.0000
25.0000,234.0000,223.0000,234.0000,223.0000,325.0000,25.0000,325.0000
25.0000,234.0000,223.0000,234.0000,223.0000,325.0000,25.0000,325.0000
25.0000,234.0000,223.0000,234.0000,223.0000,325.0000,25.0000,325.0000
25.0000,234.0000,223.0000,234.0000,223.0000,325.0000,25.0000,325.0000
25.0000,234.0000,223.0000,234.0000,223.0000,325.0000,25.0000,325.0000
25.0000,234.0000,223.0000,234.0000,223.0000,325.0000,25.0000,325.0000
25.0000,234.0000,223.0000,234.0000,223.0000,325.0000,25.0000,325.0000
25.0000,234.0000,223.0000,234.0000,223.0000,325.0000,25.0000,325.0000
25.0000,234.0000,223.0000,234.0000,223.0000,325.0000,25.0000,325.0000
25.0000,234.0000,223.0000,234.0000,223.0000,325.0000,25.0000,325.0000
25.0000,234.0000,223.0000,234.0000,223.0000,325.0000,25.0000,325.0000
25.0000,234.0000,223.0000,234.0000,223.0000,325.0000,25.0000,325.0000
25.0000,234.0000,223.0000,234.0000,223.0000,325.0000,25.0000,325.0000
25.0000,234.0000,223.0000,234.0000,223.0000,325.0000,25.0000,325.0000
25.0000,234.0000,223.0000,234.0000,223.0000,325.0000,25.0000,325.0000
25.0000,234.0000,223.0000,234.0000,223.0000,325.0000,25.0000,325.0000
25.0000,234.0000,223.0000,234.0000,223.0000,325.0000,25.0000,325.0000
25.0000,234.0000,223.0000,234.0000,223.0000,325.0000,25.0000,325.0000
25.0000,234.0000,223.0000,234.0000,223.0000,325.0000,25.0000,325.0000
25.0000,234.0000,223.0000,234.0000,223.0000,325.0000,25.0000,325.0000
25.0000,234.0000,223.0000,234.0000,223.0000,325.0000,25.0000,325.0000
25.0000,234.0000,223.0000,234.0000,223.0000,325.0000,25.0000,325.0000
25.0000,234.0000,223.0000,234.0000,223.0000,325.0000,25.0000,325.0000
25.0000,234.0000,223.0000,234.0000,223.0000,325.0000,25.0000,325.0000
25.0000,234.0000,223.0000,234.0000,223.0000,325.0000,25.0000,325.0000
25.0000,234.0000,223.0000,234.0000,223.0000,325.0000,25.0000,325.0000
22.0000,229.0000,222.0000,229.0000,222.0000,320.0000,22.0000,320.0000
22.0000,229.0000,222.0000,229.0000,222.0000,320.0000,22.0000,320.0000
22.0000,229.0000,222.0000,229.0000,222.0000,320.0000,22.0000,320.0000
22.0000,229.0000,222.0000,229.0000,222.0000,320.0000,22.0000,320.0000
22.0000,229.0000,222.0000,229.0000,222.0000,320.0000,22.0000,320.0000
22.0000,229.0000,222.0000,229.0000,222.0000,320.0000,22.0000,320.0000
22.0000,229.0000,222.0000,229.0000,222.0000,320.0000,22.0000,320.0000
22.0000,229.0000,222.0000,229.0000,222.0000,320.0000,22.0000,320.0000
22.0000,229.0000,222.0000,229.0000,222.0000,320.0000,22.0000,320.0000
22.0000,229.0000,222.0000,229.0000,222.0000,320.0000,22.0000,320.0000
22.0000,229.0000,222.0000,229.0000,222.0000,320.0000,22.0000,320.0000
22.0000,229.0000,222.0000,229.0000,222.0000,320.0000,22.0000,320.0000
22.0000,229.0000,222.0000,229.0000,222.0000,320.0000,22.0000,320.0000
22.0000,229.0000,222.0000,229.0000,222.0000,320.0000,22.0000,320.0000
22.0000,229.0000,222.0000,229.0000,222.0000,320.0000,22.0000,320.0000
22.0000,229.0000,222.0000,229.0000,222.0000,320.0000,22.0000,320.0000
22.0000,229.0000,222.0000,229.0000,222.0000,320.0000,22.0000,320.0000
22.0000,229.0000,222.0000,229.0000,222.0000,320.0000,22.0000,320.0000
34.0000,233.0000,228.0000,233.0000,228.0000,322.0000,34.0000,322.0000
34.0000,233.0000,228.0000,233.0000,228.0000,322.0000,34.0000,322.0000
34.0000,233.0000,228.0000,233.0000,228.0000,322.0000,34.0000,322.0000
34.0000,233.0000,228.0000,233.0000,228.0000,322.0000,34.0000,322.0000
34.0000,233.0000,228.0000,233.0000,228.0000,322.0000,34.0000,322.0000
34.0000,233.0000,228.0000,233.0000,228.0000,322.0000,34.0000,322.0000
34.0000,233.0000,228.0000,233.0000,228.0000,322.0000,34.0000,322.0000
34.0000,233.0000,228.0000,233.0000,228.0000,322.0000,34.0000,322.0000
34.0000,233.0000,228.0000,233.0000,228.0000,322.0000,34.0000,322.0000
34.0000,233.0000,228.0000,233.0000,228.0000,322.0000,34.0000,322.0000
34.0000,233.0000,228.0000,233.0000,228.0000,322.0000,34.0000,322.0000
34.0000,233.0000,228.0000,233.0000,228.0000,322.0000,34.0000,322.0000
34.0000,233.0000,228.0000,233.0000,228.0000,322.0000,34.0000,322.0000
34.0000,233.0000,228.0000,233.0000,228.0000,322.0000,34.0000,322.0000
34.0000,233.0000,228.0000,233.0000,228.0000,322.0000,34.0000,322.0000
34.0000,233.0000,228.0000,233.0000,228.0000,322.0000,34.0000,322.0000
34.0000,233.0000,228.0000,233.0000,228.0000,322.0000,34.0000,322.0000
34.0000,233.0000,228.0000,233.0000,228.0000,322.0000,34.0000,322.0000
34.0000,233.0000,228.0000,233.0000,228.0000,322.0000,34.0000,322.0000
34.0000,233.0000,228.0000,233.0000,228.0000,322.0000,34.0000,322.0000
34.0000,233.0000,228.0000,233.0000,228.0000,322.0000,34.0000,322.0000
34.0000,233.0000,228.0000,233.0000,228.0000,322.0000,34.0000,322.0000
34.0000,233.0000,228.0000,233.0000,228.0000,322.0000,34.0000,322.0000
34.0000,233.0000,228.0000,233.0000,228.0000,322.0000,34.0000,322.0000
34.0000,233.0000,228.0000,233.0000,228.0000,322.0000,34.0000,322.0000
34.0000,233.0000,228.0000,233.0000,228.0000,322.0000,34.0000,322.0000
34.0000,233.0000,228.0000,233.0000,228.0000,322.0000,34.0000,322.0000
34.0000,233.0000,228.0000,233.0000,228.0000,322.0000,34.0000,322.0000
34.0000,233.0000,228.0000,233.0000,228.0000,322.0000,34.0000,322.0000
34.0000,233.0000,228.0000,233.0000,228.0000,322.0000,34.0000,322.0000
34.0000,233.0000,228.0000,233.0000,228.0000,322.0000,34.0000,322.0000
34.0000,233.0000,228.0000,233.0000,228.0000,322.0000,34.0000,322.0000
34.0000,233.0000,228.0000,233.0000,228.0000,322.0000,34.0000,322.0000
34.0000,233.0000,228.0000,233.0000,228.0000,322.0000,34.0000,322.0000
34.0000,233.0000,228.0000,233.0000,228.0000,322.0000,34.0000,322.0000
34.0000,233.0000,228.0000,233.0000,228.0000,322.0000,34.0000,322.0000
34.0000,233.0000,228.0000,233.0000,228.0000,322.0000,34.0000,322.0000
34.0000,233.0000,228.0000,233.0000,228.0000,322.0000,34.0000,322.0000
34.0000,233.0000,228.0000,233.0000,228.0000,322.0000,34.0000,322.0000
34.0000,233.0000,228.0000,233.0000,228.0000,322.0000,34.0000,322.0000
34.0000,233.0000,228.0000,233.0000,228.0000,322.0000,34.0000,322.0000
34.0000,233.0000,228.0000,233.0000,228.0000,322.0000,34.0000,322.0000
34.0000,233.0000,228.0000,233.0000,228.0000,322.0000,34.0000,322.0000
34.0000,233.0000,228.0000,233.0000,228.0000,322.0000,34.0000,322.0000
34.0000,233.0000,228.0000,233.0000,228.0000,322.0000,34.0000,322.0000
34.0000,233.0000,228.0000,233.0000,228.0000,322.0000,34.0000,322.0000
34.0000,233.0000,228.0000,233.0000,228.0000,322.0000,34.0000,322.0000
34.0000,233.0000,228.0000,233.0000,228.0000,322.0000,34.0000,322.0000
34.0000,233.0000,228.0000,233.0000,228.0000,322.0000,34.0000,322.0000
34.0000,233.0000,228.0000,233.0000,228.0000,322.0000,34.0000,322.0000
34.0000,233.0000,228.0000,233.0000,228.0000,322.0000,34.0000,322.0000
34.0000,233.0000,228.0000,233.0000,228.0000,322.0000,34.0000,322.0000
34.0000,233.0000,228.0000,233.0000,228.0000,322.0000,34.0000,322.0000
34.0000,233.0000,228.0000,233.0000,228.0000,322.0000,34.0000,322.0000
34.0000,233.0000,228.0000,233.0000,228.0000,322.0000,34.0000,322.0000
34.0000,233.0000,228.0000,233.0000,228.0000,322.0000,34.0000,322.0000
34.0000,233.0000,228.0000,233.0000,228.0000,322.0000,34.0000,322.0000
34.0000,233.0000,228.0000,233.0000,228.0000,322.0000,34.0000,322.0000
34.0000,233.0000,228.0000,233.0000,228.0000,322.0000,34.0000,322.0000
34.0000,233.0000,228.0000,233.0000,228.0000,322.0000,34.0000,322.0000
34.0000,233.0000,228.0000,233.0000,228.0000,322.0000,34.0000,322.0000
34.0000,233.0000,228.0000,233.0000,228.0000,322.0000,34.0000,322.0000
34.0000,233.0000,228.0000,233.0000,228.0000,322.0000,34.0000,322.0000
34.0000,233.0000,228.0000,233.0000,228.0000,322.0000,34.0000,322.0000
34.0000,233.0000,228.0000,233.0000,228.0000,322.0000,34.0000,322.0000
34.0000,233.0000,228.0000,233.0000,228.0000,322.0000,34.0000,322.0000
34.0000,233.0000,228.0000,233.0000,228.0000,322.0000,34.0000,322.0000
34.0000,233.0000,228.0000,233.0000,228.0000,322.0000,34.0000,322.0000
34.0000,233.0000,228.0000,233.0000,228.0000,322.0000,34.0000,322.0000
29.0000,234.0000,227.0000,234.0000,227.0000,325.0000,29.0000,325.0000
29.0000,234.0000,227.0000,234.0000,227.0000,325.0000,29.0000,325.0000
29.0000,234.0000,227.0000,234.0000,227.0000,325.0000,29.0000,325.0000
29.0000,234.0000,227.0000,234.0000,227.0000,325.0000,29.0000,325.0000
29.0000,234.0000,227.0000,234.0000,227.0000,325.0000,29.0000,325.0000
29.0000,234.0000,227.0000,234.0000,227.0000,325.0000,29.0000,325.0000
29.0000,234.0000,227.0000,234.0000,227.0000,325.0000,29.0000,325.0000
29.0000,234.0000,227.0000,234.0000,227.0000,325.0000,29.0000,325.0000
29.0000,234.0000,227.0000,234.0000,227.0000,325.0000,29.0000,325.0000
29.0000,234.0000,227.0000,234.0000,227.0000,325.0000,29.0000,325.0000
29.0000,234.0000,227.0000,234.0000,227.0000,325.0000,29.0000,325.0000
29.0000,234.0000,227.0000,234.0000,227.0000,325.0000,29.0000,325.0000
29.0000,234.0000,227.0000,234.0000,227.0000,325.0000,29.0000,325.0000
29.0000,234.0000,227.0000,234.0000,227.0000,325.0000,29.0000,325.0000
29.0000,234.0000,227.0000,234.0000,227.0000,325.0000,29.0000,325.0000
29.0000,234.0000,227.0000,234.0000,227.0000,325.0000,29.0000,325.0000
29.0000,234.0000,227.0000,234.0000,227.0000,325.0000,29.0000,325.0000
29.0000,234.0000,227.0000,234.0000,227.0000,325.0000,29.0000,325.0000
29.0000,241.0000,229.0000,241.0000,229.0000,333.0000,29.0000,333.0000
29.0000,241.0000,229.0000,241.0000,229.0000,333.0000,29.0000,333.0000
29.0000,241.0000,229.0000,241.0000,229.0000,333.0000,29.0000,333.0000
29.0000,241.0000,229.0000,241.0000,229.0000,333.0000,29.0000,333.0000
29.0000,241.0000,229.0000,241.0000,229.0000,333.0000,29.0000,333.0000
29.0000,241.0000,229.0000,241.0000,229.0000,333.0000,29.0000,333.0000
29.0000,241.0000,229.0000,241.0000,229.0000,333.0000,29.0000,333.0000
29.0000,241.0000,229.0000,241.0000,229.0000,333.0000,29.0000,333.0000
29.0000,241.0000,229.0000,241.0000,229.0000,333.0000,29.0000,333.0000
29.0000,241.0000,229.0000,241.0000,229.0000,333.0000,29.0000,333.0000
29.0000,241.0000,229.0000,241.0000,229.0000,333.0000,29.0000,333.0000
29.0000,241.0000,229.0000,241.0000,229.0000,333.0000,29.0000,333.0000
29.0000,241.0000,229.0000,241.0000,229.0000,333.0000,29.0000,333.0000
29.0000,241.0000,229.0000,241.0000,229.0000,333.0000,29.0000,333.0000
29.0000,241.0000,229.0000,241.0000,229.0000,333.0000,29.0000,333.0000
29.0000,241.0000,229.0000,241.0000,229.0000,333.0000,29.0000,333.0000
29.0000,241.0000,229.0000,241.0000,229.0000,333.0000,29.0000,333.0000
29.0000,241.0000,229.0000,241.0000,229.0000,333.0000,29.0000,333.0000
29.0000,241.0000,229.0000,241.0000,229.0000,333.0000,29.0000,333.0000
29.0000,241.0000,229.0000,241.0000,229.0000,333.0000,29.0000,333.0000
29.0000,241.0000,229.0000,241.0000,229.0000,333.0000,29.0000,333.0000
29.0000,241.0000,229.0000,241.0000,229.0000,333.0000,29.0000,333.0000
29.0000,241.0000,229.0000,241.0000,229.0000,333.0000,29.0000,333.0000
29.0000,241.0000,229.0000,241.0000,229.0000,333.0000,29.0000,333.0000
29.0000,241.0000,229.0000,241.0000,229.0000,333.0000,29.0000,333.0000
29.0000,241.0000,229.0000,241.0000,229.0000,333.0000,29.0000,333.0000
29.0000,241.0000,229.0000,241.0000,229.0000,333.0000,29.0000,333.0000
29.0000,241.0000,229.0000,241.0000,229.0000,333.0000,29.0000,333.0000
29.0000,241.0000,229.0000,241.0000,229.0000,333.0000,29.0000,333.0000
29.0000,241.0000,229.0000,241.0000,229.0000,333.0000,29.0000,333.0000
29.0000,241.0000,229.0000,241.0000,229.0000,333.0000,29.0000,333.0000
29.0000,241.0000,229.0000,241.0000,229.0000,333.0000,29.0000,333.0000
29.0000,241.0000,229.0000,241.0000,229.0000,333.0000,29.0000,333.0000
29.0000,241.0000,229.0000,241.0000,229.0000,333.0000,29.0000,333.0000
29.0000,241.0000,229.0000,241.0000,229.0000,333.0000,29.0000,333.0000
29.0000,241.0000,229.0000,241.0000,229.0000,333.0000,29.0000,333.0000
29.0000,241.0000,229.0000,241.0000,229.0000,333.0000,29.0000,333.0000
29.0000,241.0000,229.0000,241.0000,229.0000,333.0000,29.0000,333.0000
29.0000,241.0000,229.0000,241.0000,229.0000,333.0000,29.0000,333.0000
29.0000,241.0000,229.0000,241.0000,229.0000,333.0000,29.0000,333.0000
29.0000,241.0000,229.0000,241.0000,229.0000,333.0000,29.0000,333.0000
29.0000,241.0000,229.0000,241.0000,229.0000,333.0000,29.0000,333.0000
29.0000,241.0000,229.0000,241.0000,229.0000,333.0000,29.0000,333.0000
29.0000,241.0000,229.0000,241.0000,229.0000,333.0000,29.0000,333.0000
29.0000,241.0000,229.0000,241.0000,229.0000,333.0000,29.0000,333.0000
29.0000,241.0000,229.0000,241.0000,229.0000,333.0000,29.0000,333.0000
29.0000,241.0000,229.0000,241.0000,229.0000,333.0000,29.0000,333.0000
29.0000,241.0000,229.0000,241.0000,229.0000,333.0000,29.0000,333.0000
29.0000,241.0000,229.0000,241.0000,229.0000,333.0000,29.0000,333.0000
29.0000,241.0000,229.0000,241.0000,229.0000,333.0000,29.0000,333.0000
29.0000,241.0000,229.0000,241.0000,229.0000,333.0000,29.0000,333.0000
29.0000,241.0000,229.0000,241.0000,229.0000,333.0000,29.0000,333.0000
29.0000,241.0000,229.0000,241.0000,229.0000,333.0000,29.0000,333.0000
29.0000,241.0000,229.0000,241.0000,229.0000,333.0000,29.0000,333.0000
29.0000,241.0000,229.0000,241.0000,229.0000,333.0000,29.0000,333.0000
29.0000,241.0000,229.0000,241.0000,229.0000,333.0000,29.0000,333.0000
29.0000,241.0000,229.0000,241.0000,229.0000,333.0000,29.0000,333.0000
29.0000,241.0000,229.0000,241.0000,229.0000,333.0000,29.0000,333.0000
29.0000,241.0000,229.0000,241.0000,229.0000,333.0000,29.0000,333.0000
29.0000,241.0000,229.0000,241.0000,229.0000,333.0000,29.0000,333.0000
29.0000,241.0000,229.0000,241.0000,229.0000,333.0000,29.0000,333.0000
29.0000,241.0000,229.0000,241.0000,229.0000,333.0000,29.0000,333.0000
29.0000,241.0000,229.0000,241.0000,229.0000,333.0000,29.0000,333.0000
29.0000,241.0000,229.0000,241.0000,229.0000,333.0000,29.0000,333.0000
29.0000,241.0000,229.0000,241.0000,229.0000,333.0000,29.0000,333.0000
29.0000,241.0000,229.0000,241.0000,229.0000,333.0000,29.0000,333.0000
29.0000,241.0000,229.0000,241.0000,229.0000,333.0000,29.0000,333.0000
29.0000,241.0000,229.0000,241.0000,229.0000,333.0000,29.0000,333.0000
29.0000,241.0000,229.0000,241.0000,229.0000,333.0000,29.0000,333.0000
29.0000,241.0000,229.0000,241.0000,229.0000,333.0000,29.0000,333.0000
39.0000,241.0000,233.0000,241.0000,233.0000,331.0000,39.0000,331.0000
39.0000,241.0000,233.0000,241.0000,233.0000,331.0000,39.0000,331.0000
39.0000,241.0000,233.0000,241.0000,233.0000,331.0000,39.0000,331.0000
39.0000,241.0000,233.0000,241.0000,233.0000,331.0000,39.0000,331.0000
39.0000,241.0000,233.0000,241.0000,233.0000,331.0000,39.0000,331.0000
39.0000,241.0000,233.0000,241.0000,233.0000,331.0000,39.0000,331.0000
39.0000,241.0000,233.0000,241.0000,233.0000,331.0000,39.0000,331.0000
39.0000,241.0000,233.0000,241.0000,233.0000,331.0000,39.0000,331.0000
39.0000,241.0000,233.0000,241.0000,233.0000,331.0000,39.0000,331.0000
39.0000,241.0000,233.0000,241.0000,233.0000,331.0000,39.0000,331.0000
39.0000,241.0000,233.0000,241.0000,233.0000,331.0000,39.0000,331.0000
39.0000,241.0000,233.0000,241.0000,233.0000,331.0000,39.0000,331.0000
39.0000,241.0000,233.0000,241.0000,233.0000,331.0000,39.0000,331.0000
39.0000,241.0000,233.0000,241.0000,233.0000,331.0000,39.0000,331.0000
39.0000,241.0000,233.0000,241.0000,233.0000,331.0000,39.0000,331.0000
39.0000,241.0000,233.0000,241.0000,233.0000,331.0000,39.0000,331.0000
39.0000,241.0000,233.0000,241.0000,233.0000,331.0000,39.0000,331.0000
39.0000,241.0000,233.0000,241.0000,233.0000,331.0000,39.0000,331.0000
39.0000,241.0000,233.0000,241.0000,233.0000,331.0000,39.0000,331.0000
208.0000,215.0000,408.0000,215.0000,408.0000,307.0000,208.0000,307.0000
208.0000,215.0000,408.0000,215.0000,408.0000,307.0000,208.0000,307.0000
208.0000,215.0000,408.0000,215.0000,408.0000,307.0000,208.0000,307.0000
208.0000,215.0000,408.0000,215.0000,408.0000,307.0000,208.0000,307.0000
208.0000,215.0000,408.0000,215.0000,408.0000,307.0000,208.0000,307.0000
208.0000,215.0000,408.0000,215.0000,408.0000,307.0000,208.0000,307.0000
208.0000,215.0000,408.0000,215.0000,408.0000,307.0000,208.0000,307.0000
208.0000,215.0000,408.0000,215.0000,408.0000,307.0000,208.0000,307.0000
208.0000,215.0000,408.0000,215.0000,408.0000,307.0000,208.0000,307.0000
208.0000,215.0000,408.0000,215.0000,408.0000,307.0000,208.0000,307.0000
208.0000,215.0000,408.0000,215.0000,408.0000,307.0000,208.0000,307.0000
208.0000,215.0000,408.0000,215.0000,408.0000,307.0000,208.0000,307.0000
208.0000,215.0000,408.0000,215.0000,408.0000,307.0000,208.0000,307.0000
208.0000,215.0000,408.0000,215.0000,408.0000,307.0000,208.0000,307.0000
208.0000,215.0000,408.0000,215.0000,408.0000,307.0000,208.0000,307.0000
208.0000,215.0000,408.0000,215.0000,408.0000,307.0000,208.0000,307.0000
208.0000,215.0000,408.0000,215.0000,408.0000,307.0000,208.0000,307.0000
208.0000,215.0000,408.0000,215.0000,408.0000,307.0000,208.0000,307.0000
208.0000,215.0000,408.0000,215.0000,408.0000,307.0000,208.0000,307.0000
208.0000,215.0000,408.0000,215.0000,408.0000,307.0000,208.0000,307.0000
208.0000,215.0000,408.0000,215.0000,408.0000,307.0000,208.0000,307.0000
208.0000,215.0000,408.0000,215.0000,408.0000,307.0000,208.0000,307.0000
208.0000,215.0000,408.0000,215.0000,408.0000,307.0000,208.0000,307.0000
208.0000,215.0000,408.0000,215.0000,408.0000,307.0000,208.0000,307.0000
208.0000,215.0000,408.0000,215.0000,408.0000,307.0000,208.0000,307.0000
208.0000,215.0000,408.0000,215.0000,408.0000,307.0000,208.0000,307.0000
208.0000,215.0000,408.0000,215.0000,408.0000,307.0000,208.0000,307.0000
208.0000,215.0000,408.0000,215.0000,408.0000,307.0000,208.0000,307.0000
208.0000,215.0000,408.0000,215.0000,408.0000,307.0000,208.0000,307.0000
208.0000,215.0000,408.0000,215.0000,408.0000,307.0000,208.0000,307.0000
208.0000,215.0000,408.0000,215.0000,408.0000,307.0000,208.0000,307.0000
208.0000,215.0000,408.0000,215.0000,408.0000,307.0000,208.0000,307.0000
208.0000,215.0000,408.0000,215.0000,408.0000,307.0000,208.0000,307.0000
208.0000,215.0000,408.0000,215.0000,408.0000,307.0000,208.0000,307.0000
208.0000,215.0000,408.0000,215.0000,408.0000,307.0000,208.0000,307.0000
208.0000,215.0000,408.0000,215.0000,408.0000,307.0000,208.0000,307.0000
208.0000,215.0000,408.0000,215.0000,408.0000,307.0000,208.0000,307.0000
208.0000,215.0000,408.0000,215.0000,408.0000,307.0000,208.0000,307.0000
208.0000,215.0000,408.0000,215.0000,408.0000,307.0000,208.0000,307.0000
208.0000,215.0000,408.0000,215.0000,408.0000,307.0000,208.0000,307.0000
208.0000,215.0000,408.0000,215.0000,408.0000,307.0000,208.0000,307.0000
208.0000,215.0000,408.0000,215.0000,408.0000,307.0000,208.0000,307.0000
208.0000,215.0000,408.0000,215.0000,408.0000,307.0000,208.0000,307.0000
208.0000,215.0000,408.0000,215.0000,408.0000,307.0000,208.0000,307.0000
208.0000,215.0000,408.0000,215.0000,408.0000,307.0000,208.0000,307.0000
208.0000,215.0000,408.0000,215.0000,408.0000,307.0000,208.0000,307.0000
208.0000,215.0000,408.0000,215.0000,408.0000,307.0000,208.0000,307.0000
208.0000,215.0000,408.0000,215.0000,408.0000,307.0000,208.0000,307.0000
208.0000,215.0000,408.0000,215.0000,408.0000,307.0000,208.0000,307.0000
208.0000,215.0000,408.0000,215.0000,408.0000,307.0000,208.0000,307.0000
208.0000,215.0000,408.0000,215.0000,408.0000,307.0000,208.0000,307.0000
208.0000,215.0000,408.0000,215.0000,408.0000,307.0000,208.0000,307.0000
208.0000,215.0000,408.0000,215.0000,408.0000,307.0000,208.0000,307.0000
208.0000,215.0000,408.0000,215.0000,408.0000,307.0000,208.0000,307.0000
208.0000,215.0000,408.0000,215.0000,408.0000,307.0000,208.0000,307.0000
208.0000,215.0000,408.0000,215.0000,408.0000,307.0000,208.0000,307.0000
208.0000,215.0000,408.0000,215.0000,408.0000,307.0000,208.0000,307.0000
208.0000,215.0000,408.0000,215.0000,408.0000,307.0000,208.0000,307.0000
208.0000,215.0000,408.0000,215.0000,408.0000,307.0000,208.0000,307.0000
208.0000,215.0000,408.0000,215.0000,408.0000,307.0000,208.0000,307.0000
208.0000,215.0000,408.0000,215.0000,408.0000,307.0000,208.0000,307.0000
208.0000,215.0000,408.0000,215.0000,408.0000,307.0000,208.0000,307.0000
208.0000,215.0000,408.0000,215.0000,408.0000,307.0000,208.0000,307.0000
208.0000,215.0000,408.0000,215.0000,408.0000,307.0000,208.0000,307.0000
208.0000,215.0000,408.0000,215.0000,408.0000,307.0000,208.0000,307.0000
226.0000,217.0000,420.0000,217.0000,420.0000,307.0000,226.0000,307.0000
226.0000,217.0000,420.0000,217.0000,420.0000,307.0000,226.0000,307.0000
226.0000,217.0000,420.0000,217.0000,420.0000,307.0000,226.0000,307.0000
226.0000,217.0000,420.0000,217.0000,420.0000,307.0000,226.0000,307.0000
226.0000,217.0000,420.0000,217.0000,420.0000,307.0000,226.0000,307.0000
226.0000,217.0000,420.0000,217.0000,420.0000,307.0000,226.0000,307.0000
226.0000,217.0000,420.0000,217.0000,420.0000,307.0000,226.0000,307.0000
226.0000,217.0000,420.0000,217.0000,420.0000,307.0000,226.0000,307.0000
226.0000,217.0000,420.0000,217.0000,420.0000,307.0000,226.0000,307.0000
226.0000,217.0000,420.0000,217.0000,420.0000,307.0000,226.0000,307.0000
226.0000,217.0000,420.0000,217.0000,420.0000,307.0000,226.0000,307.0000
226.0000,217.0000,420.0000,217.0000,420.0000,307.0000,226.0000,307.0000
226.0000,217.0000,420.0000,217.0000,420.0000,307.0000,226.0000,307.0000
226.0000,217.0000,420.0000,217.0000,420.0000,307.0000,226.0000,307.0000
226.0000,217.0000,420.0000,217.0000,420.0000,307.0000,226.0000,307.0000
226.0000,217.0000,420.0000,217.0000,420.0000,307.0000,226.0000,307.0000
226.0000,217.0000,420.0000,217.0000,420.0000,307.0000,226.0000,307.0000
226.0000,217.0000,420.0000,217.0000,420.0000,307.0000,226.0000,307.0000
239.0000,226.0000,437.0000,226.0000,437.0000,317.0000,239.0000,317.0000
239.0000,226.0000,437.0000,226.0000,437.0000,317.0000,239.0000,317.0000
239.0000,226.0000,437.0000,226.0000,437.0000,317.0000,239.0000,317.0000
239.0000,226.0000,437.0000,226.0000,437.0000,317.0000,239.0000,317.0000
239.0000,226.0000,437.0000,226.0000,437.0000,317.0000,239.0000,317.0000
239.0000,226.0000,437.0000,226.0000,437.0000,317.0000,239.0000,317.0000
239.0000,226.0000,437.0000,226.0000,437.0000,317.0000,239.0000,317.0000
239.0000,226.0000,437.0000,226.0000,437.0000,317.0000,239.0000,317.0000
239.0000,226.0000,437.0000,226.0000,437.0000,317.0000,239.0000,317.0000
239.0000,226.0000,437.0000,226.0000,437.0000,317.0000,239.0000,317.0000
239.0000,226.0000,437.0000,226.0000,437.0000,317.0000,239.0000,317.0000
239.0000,226.0000,437.0000,226.0000,437.0000,317.0000,239.0000,317.0000
239.0000,226.0000,437.0000,226.0000,437.0000,317.0000,239.0000,317.0000
239.0000,226.0000,437.0000,226.0000,437.0000,317.0000,239.0000,317.0000
239.0000,226.0000,437.0000,226.0000,437.0000,317.0000,239.0000,317.0000
239.0000,226.0000,437.0000,226.0000,437.0000,317.0000,239.0000,317.0000
239.0000,226.0000,437.0000,226.0000,437.0000,317.0000,239.0000,317.0000
239.0000,226.0000,437.0000,226.0000,437.0000,317.0000,239.0000,317.0000
239.0000,226.0000,437.0000,226.0000,437.0000,317.0000,239.0000,317.0000
239.0000,226.0000,437.0000,226.0000,437.0000,317.0000,239.0000,317.0000
239.0000,226.0000,437.0000,226.0000,437.0000,317.0000,239.0000,317.0000
239.0000,226.0000,437.0000,226.0000,437.0000,317.0000,239.0000,317.0000
239.0000,226.0000,437.0000,226.0000,437.0000,317.0000,239.0000,317.0000
239.0000,226.0000,437.0000,226.0000,437.0000,317.0000,239.0000,317.0000
239.0000,226.0000,437.0000,226.0000,437.0000,317.0000,239.0000,317.0000
239.0000,226.0000,437.0000,226.0000,437.0000,317.0000,239.0000,317.0000
239.0000,226.0000,437.0000,226.0000,437.0000,317.0000,239.0000,317.0000
239.0000,226.0000,437.0000,226.0000,437.0000,317.0000,239.0000,317.0000
239.0000,226.0000,437.0000,226.0000,437.0000,317.0000,239.0000,317.0000
239.0000,226.0000,437.0000,226.0000,437.0000,317.0000,239.0000,317.0000
239.0000,226.0000,437.0000,226.0000,437.0000,317.0000,239.0000,317.0000
239.0000,226.0000,437.0000,226.0000,437.0000,317.0000,239.0000,317.0000
239.0000,226.0000,437.0000,226.0000,437.0000,317.0000,239.0000,317.0000
239.0000,226.0000,437.0000,226.0000,437.0000,317.0000,239.0000,317.0000
239.0000,226.0000,437.0000,226.0000,437.0000,317.0000,239.0000,317.0000
239.0000,226.0000,437.0000,226.0000,437.0000,317.0000,239.0000,317.0000
239.0000,226.0000,437.0000,226.0000,437.0000,317.0000,239.0000,317.0000
239.0000,226.0000,437.0000,226.0000,437.0000,317.0000,239.0000,317.0000
239.0000,226.0000,437.0000,226.0000,437.0000,317.0000,239.0000,317.0000
239.0000,226.0000,437.0000,226.0000,437.0000,317.0000,239.0000,317.0000
239.0000,226.0000,437.0000,226.0000,437.0000,317.0000,239.0000,317.0000
239.0000,226.0000,437.0000,226.0000,437.0000,317.0000,239.0000,317.0000
239.0000,226.0000,437.0000,226.0000,437.0000,317.0000,239.0000,317.0000
239.0000,226.0000,437.0000,226.0000,437.0000,317.0000,239.0000,317.0000
239.0000,226.0000,437.0000,226.0000,437.0000,317.0000,239.0000,317.0000
239.0000,226.0000,437.0000,226.0000,437.0000,317.0000,239.0000,317.0000
239.0000,226.0000,437.0000,226.0000,437.0000,317.0000,239.0000,317.0000
239.0000,226.0000,437.0000,226.0000,437.0000,317.0000,239.0000,317.0000
239.0000,226.0000,437.0000,226.0000,437.0000,317.0000,239.0000,317.0000
239.0000,226.0000,437.0000,226.0000,437.0000,317.0000,239.0000,317.0000
239.0000,226.0000,437.0000,226.0000,437.0000,317.0000,239.0000,317.0000
239.0000,226.0000,437.0000,226.0000,437.0000,317.0000,239.0000,317.0000
239.0000,226.0000,437.0000,226.0000,437.0000,317.0000,239.0000,317.0000
239.0000,226.0000,437.0000,226.0000,437.0000,317.0000,239.0000,317.0000
239.0000,226.0000,437.0000,226.0000,437.0000,317.0000,239.0000,317.0000
239.0000,226.0000,437.0000,226.0000,437.0000,317.0000,239.0000,317.0000
239.0000,226.0000,437.0000,226.0000,437.0000,317.0000,239.0000,317.0000
239.0000,226.0000,437.0000,226.0000,437.0000,317.0000,239.0000,317.0000
239.0000,226.0000,437.0000,226.0000,437.0000,317.0000,239.0000,317.0000
239.0000,226.0000,437.0000,226.0000,437.0000,317.0000,239.0000,317.0000
239.0000,226.0000,437.0000,226.0000,437.0000,317.0000,239.0000,317.0000
239.0000,226.0000,437.0000,226.0000,437.0000,317.0000,239.0000,317.0000
239.0000,226.0000,437.0000,226.0000,437.0000,317.0000,239.0000,317.0000
239.0000,226.0000,437.0000,226.0000,437.0000,317.0000,239.0000,317.0000
239.0000,226.0000,437.0000,226.0000,437.0000,317.0000,239.0000,317.0000
239.0000,226.0000,437.0000,226.0000,437.0000,317.0000,239.0000,317.0000
239.0000,226.0000,437.0000,226.0000,437.0000,317.0000,239.0000,317.0000
239.0000,226.0000,437.0000,226.0000,437.0000,317.0000,239.0000,317.0000
239.0000,226.0000,437.0000,226.0000,437.0000,317.0000,239.0000,317.0000
235.0000,227.0000,439.0000,227.0000,439.0000,320.0000,235.0000,320.0000
235.0000,227.0000,439.0000,227.0000,439.0000,320.0000,235.0000,320.0000
235.0000,227.0000,439.0000,227.0000,439.0000,320.0000,235.0000,320.0000
235.0000,227.0000,439.0000,227.0000,439.0000,320.0000,235.0000,320.0000
235.0000,227.0000,439.0000,227.0000,439.0000,320.0000,235.0000,320.0000
235.0000,227.0000,439.0000,227.0000,439.0000,320.0000,235.0000,320.0000
235.0000,227.0000,439.0000,227.0000,439.0000,320.0000,235.0000,320.0000
235.0000,227.0000,439.0000,227.0000,439.0000,320.0000,235.0000,320.0000
235.0000,227.0000,439.0000,227.0000,439.0000,320.0000,235.0000,320.0000
235.0000,227.0000,439.0000,227.0000,439.0000,320.0000,235.0000,320.0000
235.0000,227.0000,439.0000,227.0000,439.0000,320.0000,235.0000,320.0000
235.0000,227.0000,439.0000,227.0000,439.0000,320.0000,235.0000,320.0000
235.0000,227.0000,439.0000,227.0000,439.0000,320.0000,235.0000,320.0000
235.0000,227.0000,439.0000,227.0000,439.0000,320.0000,235.0000,320.0000
235.0000,227.0000,439.0000,227.0000,439.0000,320.0000,235.0000,320.0000
235.0000,227.0000,439.0000,227.0000,439.0000,320.0000,235.0000,320.0000
235.0000,227.0000,439.0000,227.0000,439.0000,320.0000,235.0000,320.0000
235.0000,227.0000,439.0000,227.0000,439.0000,320.0000,235.0000,320.0000
235.0000,227.0000,439.0000,227.0000,439.0000,320.0000,235.0000,320.0000
239.0000,218.0000,439.0000,218.0000,439.0000,309.0000,239.0000,309.0000
239.0000,218.0000,439.0000,218.0000,439.0000,309.0000,239.0000,309.0000
239.0000,218.0000,439.0000,218.0000,439.0000,309.0000,239.0000,309.0000
239.0000,218.0000,439.0000,218.0000,439.0000,309.0000,239.0000,309.0000
239.0000,218.0000,439.0000,218.0000,439.0000,309.0000,239.0000,309.0000
239.0000,218.0000,439.0000,218.0000,439.0000,309.0000,239.0000,309.0000
239.0000,218.0000,439.0000,218.0000,439.0000,309.0000,239.0000,309.0000
239.0000,218.0000,439.0000,218.0000,439.0000,309.0000,239.0000,309.0000
239.0000,218.0000,439.0000,218.0000,439.0000,309.0000,239.0000,309.0000
239.0000,218.0000,439.0000,218.0000,439.0000,309.0000,239.0000,309.0000
239.0000,218.0000,439.0000,218.0000,439.0000,309.0000,239.0000,309.0000
239.0000,218.0000,439.0000,218.0000,439.0000,309.0000,239.0000,309.0000
239.0000,218.0000,439.0000,218.0000,439.0000,309.0000,239.0000,309.0000
239.0000,218.0000,439.0000,218.0000,439.0000,309.0000,239.0000,309.0000
239.0000,218.0000,439.0000,218.0000,439.0000,309.0000,239.0000,309.0000
239.0000,218.0000,439.0000,218.0000,439.0000,309.0000,239.0000,309.0000
239.0000,218.0000,439.0000,218.0000,439.0000,309.0000,239.0000,309.0000
239.0000,218.0000,439.0000,218.0000,439.0000,309.0000,239.0000,309.0000
239.0000,218.0000,439.0000,218.0000,439.0000,309.0000,239.0000,309.0000
239.0000,218.0000,439.0000,218.0000,439.0000,309.0000,239.0000,309.0000
239.0000,218.0000,439.0000,218.0000,439.0000,309.0000,239.0000,309.0000
239.0000,218.0000,439.0000,218.0000,439.0000,309.0000,239.0000,309.0000
239.0000,218.0000,439.0000,218.0000,439.0000,309.0000,239.0000,309.0000
239.0000,218.0000,439.0000,218.0000,439.0000,309.0000,239.0000,309.0000
239.0000,218.0000,439.0000,218.0000,439.0000,309.0000,239.0000,309.0000
239.0000,218.0000,439.0000,218.0000,439.0000,309.0000,239.0000,309.0000
0
0
0
0
0
0
0
0
0
0
0
0
0
0
0
0
0
0
0
0
0
0
0
0
0
0
0
0
0
0
0
0
0
0
0
0
0
0
0
0
0
0
0
2
0
0
0
0
1
773.0000,210.0000,950.0000,210.0000,950.0000,327.0000,773.0000,327.0000
