1
311.7686,542.0255,13.0000,49.0000
309.9918,524.1829,12.4952,47.0973
306.3358,534.7523,13.0000,49.0000
330.1724,521.5028,13.0000,49.0000
321.6028,512.8987,13.2600,49.9800
2
0
0
0
0
1
339.1559,429.5800,19.0000,46.0000
340.1299,434.4235,19.0000,46.0000
345.8923,423.2690,19.0000,46.0000
356.1064,430.3013,17.5531,42.4969
375.9912,437.0721,17.5531,42.4969
394.5567,434.7032,16.8715,40.8467
393.6568,415.3812,17.9041,43.3468
374.9264,403.5752,17.5531,42.4969
373.2115,393.5048,17.2089,41.6636
373.6208,392.4565,17.2089,41.6636
372.8453,385.5257,16.8715,40.8467
365.1727,378.9039,16.8715,40.8467
351.5453,373.4763,17.2089,41.6636
344.2959,360.2262,17.2089,41.6636
348.0079,351.4171,17.2089,41.6636
345.8957,326.9678,17.2089,41.6636
346.5466,318.6374,17.2089,41.6636
369.1097,296.6887,17.2089,41.6636
373.9427,282.8625,17.2089,41.6636
372.5142,258.4135,17.5531,42.4969
387.2187,240.2098,17.2089,41.6636
403.0059,239.3594,17.5531,42.4969
414.1663,262.8204,17.2089,41.6636
431.6214,271.3281,17.2089,41.6636
448.0435,285.6555,17.2089,41.6636
456.0679,293.7453,17.9041,43.3468
460.2996,299.4900,17.5531,42.4969
441.0371,313.6331,17.5531,42.4969
439.0125,308.5899,17.2089,41.6636
427.9403,321.7684,17.5531,42.4969
408.7541,324.4270,17.5531,42.4969
377.4980,323.8996,17.9041,43.3468
352.4614,312.6544,18.2622,44.2138
2
0
0
0
0
1
246.0369,247.5473,22.0000,67.0000
269.0416,267.7677,22.0000,67.0000
292.7624,284.3966,22.0000,67.0000
321.6743,308.9816,21.5686,65.6863
340.3858,313.8466,21.1457,64.3983
333.9000,316.3052,20.3246,61.8976
340.0720,312.3770,19.9261,60.6840
347.9150,329.5932,20.3246,61.8976
351.8760,348.5524,20.7311,63.1356
352.0061,379.2341,20.3246,61.8976
344.9703,382.5062,21.5686,65.6863
324.3748,378.3188,22.0000,67.0000
303.0673,364.2972,22.0000,67.0000
293.2523,340.6571,22.0000,67.0000
291.0974,337.1239,22.0000,67.0000
298.2638,334.7025,22.4400,68.3400
293.0558,346.2722,22.0000,67.0000
293.1028,341.3282,22.4400,68.3400
296.9140,337.7342,22.0000,67.0000
295.7918,327.8680,22.0000,67.0000
284.6923,335.6292,21.5686,65.6863
292.5904,341.0215,22.4400,68.3400
310.4615,341.4874,23.3466,71.1009
302.5443,341.7649,22.8888,69.7068
285.8130,330.6494,22.4400,68.3400
285.6040,326.9409,22.4400,68.3400
294.6358,336.0919,22.4400,68.3400
304.4107,337.1840,22.0000,67.0000
301.6858,349.8154,20.7311,63.1356
307.6824,348.6748,21.1457,64.3983
318.7022,354.2035,22.0000,67.0000
323.9249,367.6759,21.5686,65.6863
338.1935,365.1895,20.7311,63.1356
341.8695,361.2967,21.1457,64.3983
340.7978,348.5625,20.7311,63.1356
348.2499,334.1127,21.1457,64.3983
372.6151,333.7366,22.0000,67.0000
397.6566,331.4955,22.0000,67.0000
398.4359,319.4078,22.0000,67.0000
389.8504,318.7001,22.0000,67.0000
396.0036,316.8231,21.5686,65.6863
410.8295,299.5746,22.0000,67.0000
415.4305,309.3078,21.5686,65.6863
434.9993,305.2305,21.1457,64.3983
461.5376,314.7793,20.7311,63.1356
471.1586,323.8719,20.7311,63.1356
477.9791,319.5297,20.7311,63.1356
479.2548,308.4904,20.7311,63.1356
483.5120,308.4166,20.7311,63.1356
494.8197,303.2694,20.7311,63.1356
513.7285,283.4935,21.1457,64.3983
528.6227,282.7570,20.7311,63.1356
544.9387,270.8066,21.1457,64.3983
559.6783,259.7170,21.1457,64.3983
567.8024,251.8731,21.1457,64.3983
577.1627,233.0231,22.0000,67.0000
582.8328,216.2686,22.0000,67.0000
592.3093,210.7838,21.5686,65.6863
603.8158,209.8255,21.5686,65.6863
609.7579,208.8761,21.5686,65.6863
600.5038,203.1674,21.1457,64.3983
580.5922,195.4799,21.5686,65.6863
575.9964,200.1061,21.5686,65.6863
566.9038,193.9064,21.1457,64.3983
556.0439,203.8189,21.1457,64.3983
2
0
0
0
0
1
473.0816,167.6411,28.0000,80.0000
494.4495,179.1616,27.4510,78.4314
500.2862,182.2913,27.4510,78.4314
498.1286,175.2230,28.0000,80.0000
512.5953,165.9798,28.0000,80.0000
529.0122,158.9134,28.5600,81.6000
549.4096,158.4850,28.5600,81.6000
