5.8e-05,0.000114,8.6e-05,0,0,0
0.006526,0.005731,0.005655,0,0,0
0.003801,0.003891,0.003868,0,0,0
0.003743,0.003867,0.003849,0,0,0
0.003731,0.003926,0.003845,0,0,0
0.004624,0.003881,0.003836,0,0,0
0.003732,0.003868,0.003843,0,0,0
0.003928,0.003823,0.003881,0,0,0
0.003737,0.003866,0.003756,0,0,0
0.003724,0.003797,0.003763,0,0,0
0.005136,0.004277,0.004157,0,0,0
0.0041,0.00417,0.004068,0,0,0
0.004055,0.004195,0.004118,0,0,0
0.004049,0.004146,0.004075,0,0,0
0.004051,0.004096,0.004087,0,0,0
0.004791,0.004097,0.004145,0,0,0
0.004133,0.004083,0.004097,0,0,0
0.004131,0.004102,0.004079,0,0,0
0.004132,0.004102,0.004084,0,0,0
0.004118,0.004109,0.004098,0,0,0
0.004141,0.004094,0.00411,0,0,0
0.003454,0.003384,0.003408,0,0,0
0.003413,0.00343,0.003442,0,0,0
0.003371,0.003397,0.003402,0,0,0
0.003692,0.003691,0.003715,0,0,0
0.003746,0.003713,0.003713,0,0,0
0.003694,0.003699,0.003698,0,0,0
0.003388,0.003407,0.003451,0,0,0
0.003652,0.003678,0.003685,0,0,0
0.003331,0.003357,0.003348,0,0,0
0.003388,0.003401,0.003419,0,0,0
0.003373,0.005222,0.003387,0,0,0
0.003313,0.003776,0.00335,0,0,0
0.003584,0.003792,0.003614,0,0,0
0.003597,0.003746,0.003611,0,0,0
0.003357,0.003329,0.003337,0,0,0
0.003454,0.003394,0.003387,0,0,0
0.003181,0.003127,0.00312,0,0,0
0.003508,0.003465,0.003469,0,0,0
0.003385,0.003371,0.003329,0,0,0
0.003402,0.003313,0.003304,0,0,0
0.00402,0.003965,0.004005,0,0,0
NaN,NaN,NaN,0,0,0
NaN,NaN,NaN,0,0,0
NaN,NaN,NaN,0,0,0
NaN,NaN,NaN,0,0,0
0.000128,0.000124,8.7e-05,0,0,0
0.003953,0.00367,0.003542,0,0,0
0.001998,0.002796,0.001995,0,0,0
0.00233,0.002058,0.00202,0,0,0
0.002124,0.002107,0.002022,0,0,0
0.002438,0.002048,0.002047,0,0,0
0.002023,0.002023,0.002059,0,0,0
0.001996,0.002044,0.001988,0,0,0
0.001979,0.002069,0.002033,0,0,0
0.002003,0.002049,0.002009,0,0,0
0.002124,0.002053,0.001988,0,0,0
0.002065,0.00204,0.001987,0,0,0
0.002075,0.002031,0.001986,0,0,0
0.002039,0.002057,0.002008,0,0,0
0.002034,0.00198,0.001985,0,0,0
0.00201,0.002,0.002007,0,0,0
0.002004,0.002006,0.002049,0,0,0
0.002017,0.002018,0.002031,0,0,0
0.002019,0.002028,0.002018,0,0,0
0.002014,0.002004,0.002037,0,0,0
0.002028,0.002006,0.002033,0,0,0
0.002153,0.00201,0.002034,0,0,0
0.002031,0.002029,0.002098,0,0,0
0.002024,0.002025,0.002041,0,0,0
0.002039,0.002021,0.002054,0,0,0
0.002046,0.002016,0.002029,0,0,0
0.002024,0.002016,0.002037,0,0,0
NaN,NaN,NaN,0,0,0
NaN,NaN,NaN,0,0,0
NaN,NaN,NaN,0,0,0
NaN,NaN,NaN,0,0,0
7.2e-05,5.9e-05,0.000106,0,0,0
0.005236,0.0051,0.005217,0,0,0
0.003479,0.003422,0.003435,0,0,0
0.003411,0.003382,0.003495,0,0,0
0.003951,0.003863,0.004007,0,0,0
0.003908,0.003807,0.003863,0,0,0
0.003925,0.003844,0.00393,0,0,0
0.004295,0.004225,0.004303,0,0,0
0.004262,0.004235,0.004311,0,0,0
NaN,NaN,NaN,0,0,0
NaN,NaN,NaN,0,0,0
NaN,NaN,NaN,0,0,0
NaN,NaN,NaN,0,0,0
0.000124,0.000105,7e-05,0,0,0
0.004585,0.004687,0.004543,0,0,0
0.00337,0.003294,0.003291,0,0,0
0.003318,0.003216,0.003238,0,0,0
0.003195,0.003102,0.003191,0,0,0
0.003223,0.003152,0.003241,0,0,0
0.003219,0.003181,0.003242,0,0,0
0.005344,0.003427,0.003475,0,0,0
0.004618,0.003199,0.003177,0,0,0
0.003654,0.00367,0.003646,0,0,0
0.003611,0.003622,0.003595,0,0,0
0.00362,0.003626,0.003615,0,0,0
0.00366,0.003645,0.003612,0,0,0
0.003646,0.003646,0.003646,0,0,0
0.003664,0.00366,0.003643,0,0,0
0.003655,0.003692,0.003631,0,0,0
0.003691,0.00367,0.003671,0,0,0
0.003615,0.003633,0.003612,0,0,0
0.003179,0.003185,0.003295,0,0,0
0.003532,0.003548,0.003586,0,0,0
0.003528,0.003539,0.003539,0,0,0
0.003515,0.003541,0.003524,0,0,0
0.003495,0.003512,0.003501,0,0,0
0.003503,0.003522,0.003515,0,0,0
0.003232,0.003229,0.003206,0,0,0
0.00327,0.003283,0.003268,0,0,0
NaN,NaN,NaN,0,0,0
NaN,NaN,NaN,0,0,0
NaN,NaN,NaN,0,0,0
NaN,NaN,NaN,0,0,0
0.000125,0.000108,7.8e-05,0,0,0
0.005159,0.006726,0.005025,0,0,0
0.003133,0.004659,0.003101,0,0,0
0.003512,0.004554,0.002983,0,0,0
0.003595,0.003171,0.003259,0,0,0
0.003439,0.003028,0.003154,0,0,0
0.003717,0.003273,0.003344,0,0,0
0.003334,0.003054,0.003052,0,0,0
0.00319,0.00298,0.002912,0,0,0
0.003132,0.003776,0.002928,0,0,0
0.00305,0.002939,0.00281,0,0,0
0.002808,0.002795,0.002693,0,0,0
0.002947,0.002809,0.00272,0,0,0
0.002828,0.002697,0.002539,0,0,0
0.002563,0.002641,0.002587,0,0,0
0.002529,0.002923,0.00254,0,0,0
0.002537,0.00267,0.002555,0,0,0
0.00273,0.002735,0.002736,0,0,0
0.002561,0.002544,0.002565,0,0,0
NaN,NaN,NaN,0,0,0
NaN,NaN,NaN,0,0,0
NaN,NaN,NaN,0,0,0
NaN,NaN,NaN,0,0,0
0.000109,0.00011,0.000125,0,0,0
0.003494,0.004094,0.003415,0,0,0
0.002054,0.001988,0.002053,0,0,0
0.001913,0.001836,0.00188,0,0,0
0.001904,0.001845,0.001863,0,0,0
0.00194,0.001842,0.00188,0,0,0
0.001929,0.00184,0.001886,0,0,0
0.001905,0.001834,0.001886,0,0,0
0.001888,0.001843,0.001863,0,0,0
0.001882,0.001847,0.001854,0,0,0
0.001861,0.00188,0.001845,0,0,0
0.001966,0.002326,0.001863,0,0,0
0.00188,0.001866,0.001962,0,0,0
0.001902,0.00187,0.001875,0,0,0
0.001895,0.001881,0.001875,0,0,0
0.001895,0.001878,0.00188,0,0,0
0.001905,0.001878,0.001879,0,0,0
0.001897,0.001881,0.001888,0,0,0
0.001899,0.001881,0.001943,0,0,0
0.001899,0.001882,0.001894,0,0,0
0.00191,0.001892,0.001908,0,0,0
