1
521.0000,196.0000,54.0000,30.0000
505.0000,199.0000,54.0000,29.0000
505.0000,199.0000,54.0000,29.0000
505.0000,199.0000,54.0000,29.0000
505.0000,199.0000,54.0000,29.0000
505.0000,199.0000,54.0000,29.0000
0
0
0
0
0
0
0
0
0
0
0
0
0
0
0
0
0
0
0
0
0
0
0
2
0
0
0
0
1
171.0000,162.0000,46.0000,26.0000
172.0000,163.0000,46.0000,26.0000
172.0000,163.0000,46.0000,26.0000
172.0000,163.0000,46.0000,26.0000
172.0000,163.0000,46.0000,26.0000
172.0000,163.0000,46.0000,26.0000
172.0000,163.0000,46.0000,26.0000
2
0
0
0
0
0
0
0
0
0
175.0000,164.0000,46.0000,26.0000
0
0
0
0
1
170.0000,176.0000,33.0000,32.0000
173.0000,176.0000,33.0000,32.0000
173.0000,176.0000,33.0000,32.0000
173.0000,176.0000,33.0000,32.0000
173.0000,176.0000,33.0000,32.0000
173.0000,176.0000,33.0000,32.0000
173.0000,176.0000,33.0000,32.0000
173.0000,176.0000,33.0000,32.0000
173.0000,176.0000,33.0000,32.0000
173.0000,176.0000,33.0000,32.0000
173.0000,176.0000,33.0000,32.0000
173.0000,176.0000,33.0000,32.0000
173.0000,176.0000,33.0000,32.0000
175.0000,176.0000,33.0000,32.0000
175.0000,176.0000,33.0000,32.0000
175.0000,176.0000,33.0000,32.0000
175.0000,176.0000,33.0000,32.0000
175.0000,176.0000,33.0000,32.0000
175.0000,176.0000,33.0000,32.0000
0
0
0
0
0
0
0
0
0
0
0
2
0
0
0
0
1
253.0000,226.0000,51.0000,44.0000
261.0000,230.0000,51.0000,44.0000
261.0000,230.0000,51.0000,44.0000
261.0000,230.0000,51.0000,44.0000
261.0000,230.0000,51.0000,44.0000
261.0000,230.0000,51.0000,44.0000
261.0000,230.0000,51.0000,44.0000
261.0000,230.0000,51.0000,44.0000
261.0000,230.0000,51.0000,44.0000
261.0000,230.0000,51.0000,44.0000
261.0000,230.0000,51.0000,44.0000
261.0000,230.0000,51.0000,44.0000
261.0000,230.0000,51.0000,44.0000
261.0000,230.0000,51.0000,44.0000
261.0000,230.0000,51.0000,44.0000
261.0000,230.0000,51.0000,44.0000
261.0000,230.0000,51.0000,44.0000
261.0000,230.0000,51.0000,44.0000
261.0000,230.0000,51.0000,44.0000
261.0000,230.0000,51.0000,44.0000
0
0
0
0
0
0
0
0
0
0
0
0
0
0
0
0
0
0
0
2
0
0
0
0
1
243.0000,346.0000,54.0000,28.0000
244.0000,347.0000,53.0000,28.0000
244.0000,347.0000,53.0000,28.0000
244.0000,347.0000,53.0000,28.0000
244.0000,347.0000,53.0000,28.0000
244.0000,347.0000,53.0000,28.0000
244.0000,347.0000,53.0000,28.0000
244.0000,347.0000,53.0000,28.0000
244.0000,347.0000,53.0000,28.0000
244.0000,347.0000,53.0000,28.0000
244.0000,347.0000,53.0000,28.0000
244.0000,347.0000,53.0000,28.0000
244.0000,347.0000,53.0000,28.0000
244.0000,347.0000,53.0000,28.0000
244.0000,347.0000,53.0000,28.0000
244.0000,347.0000,53.0000,28.0000
244.0000,347.0000,53.0000,28.0000
244.0000,347.0000,53.0000,28.0000
