0.12581
0.18463
0.18116
0.17395
0.17692
0.16236
0.18352
0.18237
0.18404
0.17208
0.17209
0.17037
0.17308
0.19448
0.1744
0.1749
0.19253
0.17727
0.17786
0.17188
0.1867
0.19145
0.17439
0.19908
0.18033
0.17404
0.2035
0.18679
0.18582
0.17345
0.17536
0.17903
0.15707
0.1859
0.17033
0.17171
0.17923
0.17997
0.17594
0.19455
0.16251
0.17992
0.1631
0.15783
0.1777
0.17925
0.18705
0.17753
0.16169
0.17786
0.18548
0.18269
0.18174
0.17064
0.18137
0.19325
0.17146
0.1742
0.18519
0.19292
0.18585
0.19217
0.17199
0.19004
0.16637
0.17392
0.18409
0.17189
0.17634
0.19381
0.17516
0.1805
0.18202
0.17731
0.18862
0.16886
0.15799
0.18301
0.18911
0.18341
0.1791
0.16562
0.17097
0.18357
0.17838
0.17539
0.1783
0.17549
0.18128
0.18355
0.15079
0.15973
0.18286
0.16741
0.18161
0.18792
0.17405
0.18399
0.1919
0.18524
0.18449
0.17732
0.18939
0.19107
0.18305
0.16377
0.18023
0.19341
0.17752
0.16073
0.17823
0.18327
0.18207
0.17956
0.17964
0.17684
0.1876
0.16355
0.18039
0.19476
0.18595
0.16296
0.16954
0.17916
0.18797
0.17926
0.184
0.19062
0.1752
0.18332
0.18648
0.18353
0.16944
0.17561
0.19295
0.18316
0.19048
0.18188
0.17784
0.1622
0.18123
0.18718
0.18148
0.20179
0.19045
0.19826
0.19044
0.18681
0.19223
0.19563
0.20098
0.18521
0.17647
0.18465
0.17241
0.18785
0.18151
0.1948
0.21697
0.16905
0.18599
0.1726
0.19886
0.17
0.16216
0.16569
0.17542
0.1711
0.16952
0.16456
0.17111
0.17065
0.17157
0.17365
0.17229
0.18421
0.18346
0.17646
0.18471
0.18627
0.17003
0.19108
0.16523
0.18596
0.16792
0.17957
0.17219
0.19088
0.18347
0.18049
0.17404
0.19481
0.18655
0.18657
0.19897
0.19203
0.17093
0.18071
0.17975
0.16767
0.19361
0.16605
0.17005
0.19081
0.18257
0.17053
0.18218
0.18754
0.18146
0.17295
0.16491
0.18262
0.16562
0.16795
0.18956
0.17464
0.17173
0.16675
0.17103
0.1907
0.18336
0.17953
0.16676
0.18236
0.18049
0.1919
0.18627
0.17387
0.18015
0.17857
0.17592
0.18781
0.17316
0.19293
0.18242
0.16946
0.18688
0.18611
0.18477
0.17882
0.17552
0.18227
0.16779
0.18606
0.17627
0.1799
0.17884
0.17047
0.18725
0.16888
0.1941
0.16838
0.17679
0.18329
0.18511
0.19021
0.18196
0.18593
0.16743
0.18542
0.17529
0.17778
0.17153
0.18194
0.17302
0.18377
0.17927
0.19704
0.16909
0.18527
0.16505
0.17646
0.17727
0.19812
0.16678
0.17235
0.17937
0.1821
0.19013
0.18512
0.16389
0.19695
0.18649
0.18659
0.17305
0.18354
0.19384
0.19354
0.18395
0.18999
0.18076
0.17229
0.19137
0.18194
0.16559
0.17862
0.18467
0.17132
0.17788
0.17409
0.16035
0.18396
0.18622
0.17995
0.18232
0.18231
0.18414
0.17105
0.17574
0.17279
0.17654
0.18455
0.19311
0.20118
0.1927
0.19788
0.18709
0.17377
0.17887
0.18422
0.18645
0.18619
0.19066
0.1811
0.18091
0.16646
0.16832
0.18196
0.18388
0.20278
0.18719
0.17723
0.18563
0.16251
0.18805
0.18177
0.1919
0.19232
0.18727
0.16306
0.19661
0.18989
0.18934
0.19703
0.17026
0.17103
0.17396
0.18942
0.18022
0.18761
0.21149
0.19091
0.19367
0.18021
0.17314
0.19455
0.20247
0.19582
0.18707
0.18099
0.1793
0.17811
0.17401
0.16862
0.18187
0.18873
0.18333
0.18912
0.1949
0.19534
0.19575
0.18524
0.17206
0.19285
0.15291
0.17488
0.16551
0.17542
0.19155
0.17545
0.20028
0.1927
0.18716
0.18312
0.16769
0.19264
0.20181
0.15921
0.17586
0.17019
0.1629
0.1693
0.16981
0.16288
0.17599
0.1695
0.17482
0.17862
0.17016
0.17483
0.16862
0.19718
0.17073
0.16726
0.17553
0.17018
0.16403
0.16755
0.18905
0.17849
0.17724
0.18044
0.17567
0.1765
0.17511
0.16293
0.19537
0.17181
0.19588
0.178
0.18115
0.1856
0.16099
0.18994
0.17765
0.16855
0.16741
0.1734
0.17092
0.16768
0.17753
0.15862
0.15638
0.16501
0.18116
0.17745
0.1857
0.17023
0.17538
0.16877
0.17282
0.18643
0.19505
0.16378
0.1652
0.15971
0.15358
0.17352
0.17011
0.15875
0.18008
0.17337
0.17852
0.18173
0.18973
0.16776
0.19223
0.15543
0.16659
0.19073
0.18794
0.19034
0.1844
0.18877
0.18749
0.19045
0.17435
0.17305
0.18302
0.17411
0.17597
0.17847
0.17444
0.18801
0.16012
0.17808
0.18639
0.18609
0.19205
0.15704
0.17222
0.15494
0.17384
0.18509
0.19018
0.17456
0.18746
0.18285
0.17899
0.1834
0.17039
0.17187
0.18874
0.18198
0.17705
0.16871
0.17502
0.16451
0.1869
0.18777
0.17895
0.18011
0.16244
0.16781
0.16548
0.1725
0.16835
0.16098
0.164
0.16599
0.16911
0.18365
0.1857
0.17824
0.15788
0.17254
0.16998
0.16744
0.16149
0.17773
0.17179
0.19402
0.18468
0.19827
0.18396
0.18035
0.18658
0.18732
0.18002
0.17315
0.16137
0.18295
0.15904
0.17753
0.17737
0.17543
0.17626
0.1782
0.2017
0.16969
0.19387
0.17894
0.16745
0.19355
0.17087
0.18235
0.18822
0.18311
0.18234
0.17226
0.16595
0.18015
0.16762
0.17766
0.18709
0.17585
0.17133
0.17933
0.19834
0.17901
0.18164
0.16505
0.17342
0.17712
0.19162
0.18649
0.1618
0.1667
0.17084
0.18176
0.17386
0.1751
0.17603
0.18725
0.17971
0.19134
0.17502
0.1686
0.17688
0.17487
0.1827
0.16112
0.16935
0.17784
0.1881
0.18363
0.17829
0.1795
0.16814
0.19463
0.16697
0.17155
0.17803
0.17218
0.18202
0.17454
0.18376
0.18366
0.16798
0.16095
0.16416
0.18773
0.18178
0.18298
0.18952
0.18813
0.17401
0.16796
0.18341
0.18089
0.18347
0.18722
0.1848
0.16462
0.17275
0.16008
0.17437
0.16082
0.1826
0.16744
0.16379
0.16007
0.17741
0.18877
0.16808
0.17542
0.19435
0.1924
0.16195
0.17409
0.17341
0.1763
0.17025
0.18598
0.19041
0.17547
0.1768
0.16716
0.19479
0.17308
0.17696
0.1759
0.17857
0.19286
0.18261
0.18206
0.16542
0.17186
0.18681
0.15469
0.18444
0.17759
0.16686
0.18002
0.17308
0.17839
0.16691
0.17304
0.17908
0.16842
0.17913
0.17317
0.17358
0.17332
0.17399
0.17098
0.1677
0.16732
0.17426
0.18152
0.17771
0.17191
0.17068
0.18224
0.19742
0.17931
0.16998
0.17561
0.1864
0.18561
0.19194
0.17642
0.17721
0.17278
0.17029
0.15628
0.16223
0.1742
0.18266
0.18363
0.17402
0.19228
0.18142
0.17247
0.18817
0.1825
0.17546
0.17833
0.17886
0.17519
0.17365
0.17618
0.19816
0.1777
0.17375
0.18642
0.19212
0.16623
0.17854
0.17967
0.17031
0.18673
0.17893
0.18716
0.1806
0.16651
0.16411
0.18137
0.17463
0.17814
0.17291
0.16167
0.1872
0.16552
0.1642
0.17568
0.17633
0.19024
0.19685
0.16956
0.19012
0.18506
0.16768
0.1872
0.1811
0.17696
0.17185
0.18506
0.17083
0.17537
0.17125
0.19023
0.17728
0.1874
0.18414
0.17339
0.18453
0.17865
0.18962
0.18537
0.18466
0.1561
0.17246
0.17772
0.18349
0.16317
0.17938
0.18058
0.1641
0.17015
0.17007
0.17318
0.16498
0.16267
0.18678
0.17459
0.17062
0.18911
0.17727
0.1735
0.17414
0.17827
0.17298
0.18214
0.17576
0.17572
0.19684
0.19802
0.19421
0.19853
0.18687
0.17715
0.17475
0.16439
0.17089
0.1716
0.17844
0.18146
0.17493
0.18361
0.1752
0.1762
0.16477
0.17622
0.19773
0.19347
0.16629
0.17128
0.16044
0.17114
0.17426
0.15928
0.19282
0.17204
0.16686
0.16614
0.16897
0.17708
0.17172
0.18375
0.17292
0.17764
0.17894
0.15971
0.17794
0.18782
0.17909
0.16142
0.16409
0.17584
0.1698
0.19254
0.17037
0.1681
0.1679
0.16322
0.19308
0.16091
0.18659
0.17225
0.16463
0.16947
0.18728
0.17971
0.16446
0.1814
0.1698
0.16823
0.17493
0.17069
0.1765
0.16704
0.15365
0.1632
0.17027
0.15965
0.17267
0.16216
0.1702
0.18029
0.16722
0.1742
0.17679
0.17262
0.19377
0.17351
0.17744
0.18054
0.17533
0.17479
0.18329
0.17657
0.16262
0.16119
0.18701
0.17394
0.17298
0.17222
0.17139
0.19859
0.16745
0.17956
0.17285
0.16971
0.16431
0.17324
0.16859
0.16958
0.18419
0.18476
0.16628
0.18306
0.17484
0.16803
0.17998
0.16823
0.1758
0.15638
0.16893
0.17261
0.19417
0.16148
0.16227
0.19919
0.18061
0.17259
0.18027
0.19391
0.17711
0.1861
0.19212
0.20392
0.18185
0.17522
0.17953
0.17167
0.16692
0.1915
0.19033
0.17424
0.16427
0.17097
0.16506
0.17305
0.16802
0.17117
0.17416
0.17607
0.18506
0.19107
0.17769
0.17274
0.18894
0.16658
0.1862
0.18708
0.17583
0.18095
0.17653
0.16609
0.17484
0.16668
0.15649
0.1747
0.1723
0.17134
0.18897
0.17064
0.17108
0.17758
0.17086
0.18045
0.18891
0.17606
0.18372
0.19393
0.1958
0.17718
0.17413
0.17911
0.18907
0.17674
0.17164
0.16749
0.18777
0.17436
0.16365
0.1644
0.17103
0.18816
0.17894
0.19015
0.16821
0.17374
0.18144
0.18022
0.18431
0.17114
0.17759
0.16929
0.17099
0.17578
0.18316
0.17281
0.17195
0.18314
0.16865
0.17539
0.18967
0.18068
0.18695
0.17102
0.15772
0.16996
0.16859
0.18978
0.18551
0.1844
0.18042
0.19758
0.16569
0.18169
0.18993
0.1761
0.17022
0.16768
0.15923
0.19106
0.19477
0.17542
0.18424
0.1703
0.16632
0.15875
0.16663
0.18175
0.18339
0.17109
0.17328
0.15655
0.17976
0.15857
0.17592
0.17526
0.1734
0.18189
0.16425
0.19384
0.17951
0.17849
0.17149
0.17986
0.18083
0.16092
0.17014
0.18786
0.18285
0.19565
0.17283
0.17876
0.19859
0.17437
0.19249
0.18187
0.19053
0.19107
0.16465
0.16736
0.18198
0.16354
0.16924
0.17514
0.18433
0.17738
0.17322
0.18278
0.16961
0.18424
0.16818
0.17372
0.15862
0.16675
0.16867
0.167
0.16689
0.1729
0.18405
0.16549
0.17315
0.15806
0.18342
0.1902
0.19195
0.1871
0.1973
0.1944
0.1893
0.19615
0.18992
0.19156
0.19885
0.19648
0.199
0.19216
0.18075
0.19657
0.18443
0.18341
0.17748
0.17377
0.17427
0.17343
0.18336
0.18279
0.17302
0.17773
0.18403
0.16197
0.18024
0.19163
0.16404
0.17429
0.18115
0.17685
0.19397
0.1736
0.17779
0.19219
0.19122
0.19234
0.21502
0.17561
0.19362
0.18811
0.17525
0.19334
0.19783
0.19904
0.22278
0.20203
0.18663
0.18695
0.18167
0.20758
0.17471
0.19042
0.17587
0.18422
0.18999
0.19742
0.165
0.16976
0.16498
0.18369
0.18002
0.18376
0.1901
0.18686
0.18408
0.17647
0.19809
0.17469
0.18236
0.1783
0.18809
0.19173
0.17478
0.18717
0.19226
0.18673
0.17316
0.19737
0.20208
0.16796
0.17468
0.18592
0.19743
0.17954
0.18207
0.18942
0.18504
0.18666
0.19153
0.20078
0.17409
0.16804
0.17627
0.19359
0.16676
0.18938
0.16861
0.19185
0.19856
0.1872
0.16409
0.16395
0.16916
0.1901
0.18136
0.19379
0.16785
0.18599
0.20566
0.18457
0.16726
0.16782
0.17989
0.18701
0.19978
0.17338
0.19551
0.18752
0.18454
0.19078
0.2209
0.18992
0.17974
0.17921
0.19451
0.19896
0.19478
0.18432
0.19702
0.19488
0.18354
0.21157
0.1869
0.19904
0.17564
0.18799
0.18416
0.18611
0.1736
0.17803
0.18752
0.1962
0.18996
0.17659
0.18105
0.18846
0.17975
0.18848
0.18032
0.17635
0.18646
0.18339
0.19309
0.19598
0.1789
0.19326
0.19271
0.18755
0.17927
0.19119
0.20266
0.20558
0.19193
0.17555
0.19944
0.1783
0.20268
0.2033
0.19578
0.19708
0.19566
0.20184
0.21169
0.19362
0.20942
0.1859
0.18765
0.19359
0.19356
0.19152
0.18177
0.1892
0.20661
0.19597
0.20616
0.19708
0.20878
0.19357
0.19967
0.19604
0.20491
0.19221
0.18489
0.20323
0.20319
0.20623
0.1794
0.19279
0.15966
0.19396
0.18464
0.18485
0.18963
0.20102
0.19502
0.18634
0.18794
0.19485
0.20565
0.1944
0.19373
0.19777
0.19095
0.19923
0.19412
0.18524
0.18289
0.19668
0.20091
0.20506
0.17499
0.17901
0.18128
0.21987
0.17087
0.16414
0.16087
0.20088
0.1806
0.17929
0.17629
0.19229
0.17588
0.177
0.17298
0.16505
0.17395
0.17628
0.16892
0.17949
0.18775
0.17207
0.17287
0.18308
0.17942
0.1741
0.17398
0.18193
0.16121
0.18029
0.18434
0.17341
0.16054
0.18084
0.16702
0.16604
0.17769
0.17537
0.17022
0.18266
0.18219
0.17871
0.16273
0.18219
0.1701
0.18559
0.16589
0.16871
0.17259
0.17438
0.18759
0.20493
0.19403
0.18387
0.16432
0.17478
0.18824
0.19175
0.18678
0.18513
0.19289
0.21306
0.1976
0.19364
0.18829
0.19583
0.20303
0.19709
0.22473
0.20909
0.20334
0.20043
0.19838
0.19388
0.1926
0.20421
0.18477
0.20824
0.21659
0.2011
0.19372
0.18803
0.18901
0.19425
0.18438
0.19867
0.19835
0.2006
0.16513
0.20543
0.18028
0.18402
0.18664
