1
593.0000,201.0000,42.0000,38.0000
592.0000,200.0000,43.0000,39.0000
587.0000,199.0000,44.0000,39.0000
586.0000,198.0000,44.0000,39.0000
584.0000,196.0000,42.0000,38.0000
583.0000,196.0000,42.0000,38.0000
582.0000,195.0000,41.0000,37.0000
587.0000,195.0000,39.0000,36.0000
606.0000,204.0000,41.0000,37.0000
608.0000,205.0000,40.0000,36.0000
608.0000,205.0000,40.0000,36.0000
609.0000,205.0000,40.0000,36.0000
610.0000,206.0000,40.0000,36.0000
612.0000,207.0000,41.0000,37.0000
612.0000,207.0000,41.0000,37.0000
613.0000,205.0000,42.0000,38.0000
613.0000,206.0000,42.0000,38.0000
613.0000,206.0000,44.0000,39.0000
614.0000,207.0000,44.0000,39.0000
616.0000,206.0000,43.0000,39.0000
618.0000,207.0000,42.0000,38.0000
619.0000,208.0000,42.0000,38.0000
620.0000,208.0000,42.0000,38.0000
621.0000,208.0000,42.0000,38.0000
622.0000,208.0000,43.0000,39.0000
623.0000,209.0000,43.0000,39.0000
624.0000,209.0000,43.0000,39.0000
626.0000,209.0000,43.0000,39.0000
627.0000,210.0000,43.0000,39.0000
628.0000,210.0000,43.0000,39.0000
629.0000,211.0000,42.0000,38.0000
631.0000,211.0000,42.0000,38.0000
632.0000,211.0000,43.0000,39.0000
633.0000,213.0000,42.0000,38.0000
634.0000,213.0000,43.0000,39.0000
636.0000,214.0000,42.0000,38.0000
636.0000,215.0000,44.0000,39.0000
637.0000,215.0000,43.0000,39.0000
637.0000,215.0000,45.0000,40.0000
638.0000,216.0000,43.0000,39.0000
639.0000,216.0000,43.0000,39.0000
640.0000,217.0000,43.0000,39.0000
641.0000,217.0000,44.0000,40.0000
642.0000,218.0000,43.0000,39.0000
642.0000,218.0000,44.0000,40.0000
644.0000,219.0000,43.0000,39.0000
645.0000,220.0000,42.0000,38.0000
645.0000,221.0000,43.0000,39.0000
645.0000,220.0000,44.0000,40.0000
646.0000,221.0000,43.0000,39.0000
648.0000,222.0000,43.0000,39.0000
649.0000,223.0000,43.0000,39.0000
650.0000,224.0000,42.0000,38.0000
650.0000,224.0000,42.0000,38.0000
650.0000,225.0000,43.0000,39.0000
651.0000,225.0000,43.0000,39.0000
650.0000,226.0000,44.0000,39.0000
651.0000,226.0000,43.0000,39.0000
651.0000,226.0000,42.0000,38.0000
652.0000,227.0000,42.0000,38.0000
653.0000,227.0000,43.0000,39.0000
654.0000,228.0000,42.0000,38.0000
656.0000,230.0000,41.0000,37.0000
657.0000,231.0000,40.0000,36.0000
657.0000,231.0000,41.0000,37.0000
657.0000,230.0000,42.0000,38.0000
659.0000,231.0000,42.0000,38.0000
659.0000,231.0000,42.0000,38.0000
659.0000,232.0000,42.0000,38.0000
661.0000,233.0000,42.0000,38.0000
661.0000,233.0000,42.0000,38.0000
662.0000,233.0000,43.0000,39.0000
663.0000,234.0000,43.0000,39.0000
664.0000,235.0000,42.0000,38.0000
665.0000,235.0000,42.0000,38.0000
665.0000,236.0000,42.0000,38.0000
665.0000,235.0000,42.0000,38.0000
665.0000,236.0000,42.0000,38.0000
666.0000,236.0000,43.0000,39.0000
667.0000,237.0000,42.0000,38.0000
668.0000,238.0000,42.0000,38.0000
669.0000,238.0000,42.0000,38.0000
671.0000,240.0000,41.0000,37.0000
671.0000,239.0000,42.0000,38.0000
672.0000,239.0000,42.0000,38.0000
672.0000,240.0000,43.0000,39.0000
672.0000,239.0000,42.0000,38.0000
672.0000,240.0000,44.0000,39.0000
674.0000,240.0000,43.0000,39.0000
674.0000,240.0000,42.0000,38.0000
675.0000,240.0000,43.0000,39.0000
676.0000,241.0000,43.0000,39.0000
677.0000,241.0000,43.0000,39.0000
677.0000,242.0000,43.0000,39.0000
678.0000,242.0000,43.0000,39.0000
679.0000,242.0000,42.0000,38.0000
679.0000,242.0000,43.0000,39.0000
680.0000,243.0000,42.0000,38.0000
681.0000,243.0000,42.0000,38.0000
681.0000,243.0000,43.0000,39.0000
682.0000,244.0000,43.0000,39.0000
683.0000,244.0000,43.0000,39.0000
683.0000,244.0000,42.0000,38.0000
684.0000,244.0000,42.0000,38.0000
684.0000,244.0000,43.0000,39.0000
685.0000,245.0000,43.0000,39.0000
684.0000,244.0000,44.0000,40.0000
684.0000,244.0000,44.0000,40.0000
685.0000,245.0000,44.0000,39.0000
686.0000,245.0000,43.0000,39.0000
687.0000,245.0000,43.0000,39.0000
686.0000,246.0000,44.0000,39.0000
688.0000,246.0000,43.0000,39.0000
687.0000,246.0000,44.0000,39.0000
687.0000,246.0000,44.0000,39.0000
688.0000,245.0000,44.0000,40.0000
689.0000,246.0000,43.0000,39.0000
688.0000,245.0000,45.0000,40.0000
689.0000,247.0000,44.0000,39.0000
690.0000,246.0000,43.0000,39.0000
689.0000,246.0000,44.0000,40.0000
691.0000,247.0000,43.0000,39.0000
691.0000,247.0000,42.0000,38.0000
692.0000,247.0000,43.0000,39.0000
692.0000,247.0000,42.0000,38.0000
692.0000,247.0000,43.0000,39.0000
692.0000,247.0000,42.0000,38.0000
693.0000,247.0000,42.0000,38.0000
692.0000,247.0000,42.0000,38.0000
692.0000,247.0000,43.0000,39.0000
692.0000,247.0000,42.0000,38.0000
693.0000,247.0000,42.0000,38.0000
693.0000,247.0000,42.0000,38.0000
693.0000,247.0000,43.0000,39.0000
694.0000,247.0000,42.0000,38.0000
694.0000,247.0000,43.0000,39.0000
694.0000,247.0000,43.0000,39.0000
694.0000,247.0000,43.0000,39.0000
694.0000,247.0000,43.0000,39.0000
694.0000,247.0000,43.0000,39.0000
694.0000,247.0000,43.0000,39.0000
694.0000,247.0000,42.0000,38.0000
694.0000,247.0000,42.0000,38.0000
694.0000,247.0000,43.0000,39.0000
694.0000,246.0000,43.0000,39.0000
694.0000,246.0000,43.0000,39.0000
694.0000,246.0000,43.0000,39.0000
694.0000,246.0000,43.0000,39.0000
695.0000,246.0000,43.0000,39.0000
695.0000,246.0000,43.0000,39.0000
695.0000,246.0000,42.0000,38.0000
695.0000,246.0000,42.0000,38.0000
695.0000,246.0000,43.0000,39.0000
696.0000,246.0000,43.0000,39.0000
696.0000,246.0000,43.0000,39.0000
695.0000,245.0000,44.0000,40.0000
695.0000,245.0000,44.0000,40.0000
696.0000,246.0000,44.0000,39.0000
696.0000,245.0000,45.0000,40.0000
697.0000,246.0000,43.0000,39.0000
696.0000,246.0000,44.0000,39.0000
696.0000,246.0000,44.0000,39.0000
697.0000,246.0000,43.0000,39.0000
697.0000,246.0000,44.0000,39.0000
694.0000,245.0000,43.0000,39.0000
694.0000,244.0000,44.0000,40.0000
696.0000,246.0000,44.0000,39.0000
698.0000,246.0000,43.0000,39.0000
698.0000,246.0000,43.0000,39.0000
696.0000,246.0000,44.0000,39.0000
696.0000,246.0000,44.0000,39.0000
696.0000,245.0000,43.0000,39.0000
695.0000,245.0000,44.0000,39.0000
695.0000,246.0000,44.0000,39.0000
696.0000,245.0000,43.0000,39.0000
696.0000,246.0000,44.0000,39.0000
696.0000,246.0000,44.0000,39.0000
696.0000,245.0000,42.0000,38.0000
696.0000,245.0000,43.0000,39.0000
695.0000,244.0000,44.0000,40.0000
695.0000,244.0000,44.0000,40.0000
695.0000,244.0000,44.0000,40.0000
695.0000,244.0000,44.0000,40.0000
696.0000,245.0000,43.0000,39.0000
696.0000,245.0000,43.0000,39.0000
695.0000,244.0000,44.0000,40.0000
697.0000,245.0000,43.0000,39.0000
697.0000,245.0000,42.0000,38.0000
697.0000,245.0000,42.0000,38.0000
697.0000,245.0000,43.0000,39.0000
697.0000,245.0000,43.0000,39.0000
696.0000,245.0000,44.0000,39.0000
696.0000,244.0000,44.0000,40.0000
696.0000,245.0000,44.0000,39.0000
696.0000,244.0000,44.0000,40.0000
696.0000,244.0000,44.0000,40.0000
697.0000,245.0000,44.0000,39.0000
697.0000,245.0000,44.0000,39.0000
697.0000,245.0000,44.0000,39.0000
697.0000,245.0000,44.0000,39.0000
697.0000,244.0000,45.0000,41.0000
697.0000,244.0000,45.0000,41.0000
698.0000,245.0000,44.0000,40.0000
698.0000,246.0000,44.0000,39.0000
698.0000,245.0000,44.0000,40.0000
698.0000,246.0000,44.0000,39.0000
699.0000,246.0000,44.0000,39.0000
699.0000,246.0000,45.0000,40.0000
698.0000,246.0000,45.0000,40.0000
699.0000,246.0000,45.0000,40.0000
699.0000,246.0000,44.0000,40.0000
699.0000,246.0000,45.0000,40.0000
699.0000,246.0000,45.0000,40.0000
699.0000,247.0000,44.0000,40.0000
699.0000,247.0000,45.0000,40.0000
699.0000,248.0000,44.0000,39.0000
699.0000,247.0000,45.0000,41.0000
699.0000,249.0000,44.0000,39.0000
699.0000,248.0000,45.0000,40.0000
699.0000,248.0000,45.0000,41.0000
699.0000,248.0000,45.0000,41.0000
700.0000,248.0000,45.0000,41.0000
700.0000,248.0000,45.0000,41.0000
700.0000,248.0000,45.0000,41.0000
701.0000,249.0000,45.0000,41.0000
701.0000,249.0000,45.0000,41.0000
702.0000,249.0000,44.0000,40.0000
702.0000,249.0000,45.0000,41.0000
702.0000,250.0000,44.0000,40.0000
703.0000,250.0000,45.0000,40.0000
704.0000,251.0000,43.0000,39.0000
704.0000,251.0000,43.0000,39.0000
705.0000,252.0000,43.0000,39.0000
705.0000,252.0000,43.0000,39.0000
705.0000,252.0000,42.0000,38.0000
705.0000,252.0000,44.0000,39.0000
707.0000,252.0000,43.0000,39.0000
706.0000,252.0000,44.0000,40.0000
707.0000,252.0000,43.0000,39.0000
708.0000,253.0000,42.0000,38.0000
709.0000,253.0000,42.0000,38.0000
709.0000,253.0000,42.0000,38.0000
710.0000,253.0000,43.0000,39.0000
710.0000,253.0000,42.0000,38.0000
711.0000,254.0000,44.0000,39.0000
712.0000,254.0000,43.0000,39.0000
713.0000,254.0000,43.0000,39.0000
714.0000,254.0000,42.0000,38.0000
714.0000,255.0000,44.0000,39.0000
715.0000,254.0000,45.0000,41.0000
715.0000,253.0000,46.0000,42.0000
717.0000,254.0000,45.0000,41.0000
719.0000,255.0000,45.0000,40.0000
721.0000,256.0000,44.0000,39.0000
722.0000,255.0000,45.0000,40.0000
723.0000,255.0000,45.0000,41.0000
723.0000,254.0000,46.0000,42.0000
725.0000,254.0000,47.0000,42.0000
727.0000,255.0000,46.0000,41.0000
728.0000,255.0000,46.0000,41.0000
730.0000,254.0000,46.0000,42.0000
732.0000,254.0000,46.0000,42.0000
734.0000,254.0000,46.0000,42.0000
735.0000,255.0000,46.0000,41.0000
737.0000,254.0000,46.0000,42.0000
740.0000,256.0000,45.0000,41.0000
741.0000,256.0000,46.0000,41.0000
743.0000,256.0000,46.0000,41.0000
745.0000,256.0000,46.0000,41.0000
747.0000,255.0000,46.0000,42.0000
749.0000,255.0000,46.0000,42.0000
753.0000,256.0000,45.0000,41.0000
754.0000,256.0000,46.0000,41.0000
757.0000,255.0000,47.0000,42.0000
758.0000,256.0000,46.0000,41.0000
761.0000,255.0000,46.0000,42.0000
765.0000,255.0000,47.0000,42.0000
766.0000,255.0000,46.0000,42.0000
767.0000,256.0000,48.0000,43.0000
766.0000,256.0000,48.0000,44.0000
756.0000,261.0000,50.0000,45.0000
755.0000,258.0000,49.0000,45.0000
781.0000,256.0000,48.0000,43.0000
787.0000,256.0000,47.0000,43.0000
790.0000,256.0000,47.0000,42.0000
793.0000,256.0000,45.0000,41.0000
798.0000,257.0000,45.0000,40.0000
800.0000,256.0000,45.0000,41.0000
802.0000,256.0000,46.0000,41.0000
805.0000,254.0000,46.0000,42.0000
809.0000,254.0000,46.0000,42.0000
813.0000,255.0000,46.0000,41.0000
817.0000,255.0000,47.0000,43.0000
820.0000,254.0000,46.0000,42.0000
824.0000,254.0000,46.0000,42.0000
828.0000,255.0000,46.0000,41.0000
832.0000,255.0000,47.0000,42.0000
836.0000,255.0000,47.0000,43.0000
839.0000,254.0000,46.0000,42.0000
844.0000,255.0000,46.0000,41.0000
849.0000,255.0000,45.0000,41.0000
852.0000,255.0000,47.0000,42.0000
855.0000,255.0000,47.0000,42.0000
860.0000,255.0000,47.0000,43.0000
863.0000,256.0000,46.0000,41.0000
867.0000,255.0000,47.0000,42.0000
871.0000,255.0000,47.0000,43.0000
875.0000,256.0000,47.0000,42.0000
878.0000,256.0000,47.0000,42.0000
882.0000,256.0000,47.0000,42.0000
885.0000,256.0000,48.0000,43.0000
890.0000,256.0000,47.0000,43.0000
894.0000,256.0000,47.0000,43.0000
898.0000,257.0000,47.0000,43.0000
899.0000,255.0000,48.0000,44.0000
901.0000,254.0000,49.0000,45.0000
905.0000,255.0000,48.0000,43.0000
907.0000,253.0000,49.0000,45.0000
911.0000,254.0000,48.0000,43.0000
916.0000,254.0000,47.0000,43.0000
918.0000,253.0000,48.0000,43.0000
923.0000,253.0000,47.0000,43.0000
925.0000,252.0000,48.0000,43.0000
930.0000,252.0000,47.0000,43.0000
934.0000,252.0000,47.0000,43.0000
937.0000,251.0000,48.0000,43.0000
943.0000,250.0000,47.0000,43.0000
947.0000,250.0000,47.0000,43.0000
951.0000,250.0000,47.0000,43.0000
955.0000,249.0000,47.0000,42.0000
959.0000,248.0000,46.0000,42.0000
963.0000,248.0000,47.0000,43.0000
967.0000,248.0000,46.0000,41.0000
971.0000,246.0000,46.0000,42.0000
975.0000,246.0000,48.0000,43.0000
979.0000,245.0000,49.0000,44.0000
982.0000,244.0000,49.0000,45.0000
987.0000,244.0000,49.0000,44.0000
991.0000,243.0000,49.0000,45.0000
996.0000,243.0000,48.0000,44.0000
998.0000,242.0000,50.0000,45.0000
1004.0000,241.0000,49.0000,45.0000
1007.0000,240.0000,51.0000,46.0000
1012.0000,241.0000,49.0000,45.0000
1016.0000,240.0000,50.0000,45.0000
1020.0000,240.0000,50.0000,45.0000
1025.0000,239.0000,49.0000,45.0000
1028.0000,239.0000,50.0000,45.0000
1033.0000,238.0000,50.0000,45.0000
1036.0000,236.0000,52.0000,47.0000
1042.0000,237.0000,50.0000,45.0000
1046.0000,236.0000,50.0000,45.0000
1050.0000,236.0000,50.0000,45.0000
1054.0000,234.0000,51.0000,46.0000
1058.0000,235.0000,50.0000,45.0000
1062.0000,233.0000,51.0000,46.0000
1066.0000,233.0000,50.0000,45.0000
1070.0000,232.0000,50.0000,45.0000
1073.0000,231.0000,51.0000,46.0000
1077.0000,231.0000,50.0000,45.0000
1080.0000,229.0000,51.0000,46.0000
1084.0000,230.0000,50.0000,45.0000
1087.0000,229.0000,50.0000,45.0000
1090.0000,228.0000,50.0000,45.0000
1093.0000,227.0000,50.0000,45.0000
1096.0000,225.0000,51.0000,46.0000
1100.0000,226.0000,50.0000,45.0000
1102.0000,224.0000,51.0000,46.0000
1104.0000,223.0000,52.0000,47.0000
1107.0000,222.0000,51.0000,46.0000
1110.0000,222.0000,50.0000,45.0000
1112.0000,221.0000,51.0000,46.0000
1115.0000,221.0000,50.0000,45.0000
1116.0000,219.0000,52.0000,47.0000
1120.0000,219.0000,50.0000,45.0000
1121.0000,217.0000,51.0000,46.0000
1123.0000,216.0000,51.0000,46.0000
1125.0000,215.0000,51.0000,46.0000
1126.0000,215.0000,51.0000,46.0000
1127.0000,214.0000,52.0000,47.0000
1128.0000,213.0000,52.0000,47.0000
1130.0000,212.0000,52.0000,47.0000
1132.0000,211.0000,51.0000,46.0000
1134.0000,210.0000,51.0000,46.0000
1135.0000,209.0000,51.0000,46.0000
1134.0000,206.0000,53.0000,48.0000
1135.0000,205.0000,53.0000,48.0000
1136.0000,204.0000,53.0000,48.0000
1136.0000,203.0000,54.0000,49.0000
1136.0000,201.0000,55.0000,50.0000
1138.0000,201.0000,53.0000,48.0000
1139.0000,201.0000,52.0000,47.0000
1140.0000,199.0000,53.0000,48.0000
1141.0000,199.0000,51.0000,46.0000
1141.0000,198.0000,51.0000,46.0000
1140.0000,196.0000,52.0000,47.0000
1140.0000,195.0000,52.0000,47.0000
1142.0000,194.0000,51.0000,46.0000
1140.0000,193.0000,52.0000,47.0000
1140.0000,191.0000,52.0000,47.0000
1141.0000,190.0000,51.0000,46.0000
1140.0000,188.0000,52.0000,47.0000
1141.0000,187.0000,51.0000,46.0000
1141.0000,187.0000,50.0000,45.0000
1141.0000,186.0000,50.0000,45.0000
1141.0000,183.0000,51.0000,46.0000
1141.0000,182.0000,51.0000,46.0000
1141.0000,181.0000,51.0000,46.0000
1142.0000,181.0000,50.0000,45.0000
1144.0000,180.0000,48.0000,44.0000
1142.0000,179.0000,49.0000,45.0000
1142.0000,178.0000,50.0000,45.0000
1141.0000,177.0000,51.0000,46.0000
1139.0000,173.0000,53.0000,48.0000
1136.0000,172.0000,54.0000,49.0000
1134.0000,170.0000,56.0000,50.0000
1134.0000,169.0000,56.0000,51.0000
1134.0000,168.0000,55.0000,50.0000
1134.0000,167.0000,55.0000,50.0000
1135.0000,168.0000,53.0000,48.0000
1134.0000,168.0000,52.0000,47.0000
1134.0000,166.0000,53.0000,48.0000
1133.0000,165.0000,54.0000,49.0000
1134.0000,164.0000,53.0000,48.0000
1133.0000,163.0000,54.0000,49.0000
1134.0000,162.0000,53.0000,48.0000
1133.0000,163.0000,52.0000,47.0000
1133.0000,161.0000,53.0000,48.0000
1133.0000,161.0000,53.0000,48.0000
1133.0000,162.0000,52.0000,47.0000
1133.0000,161.0000,52.0000,47.0000
1134.0000,161.0000,50.0000,45.0000
1134.0000,160.0000,51.0000,46.0000
1133.0000,160.0000,51.0000,46.0000
1132.0000,158.0000,53.0000,48.0000
1132.0000,159.0000,52.0000,47.0000
1133.0000,158.0000,51.0000,46.0000
1132.0000,158.0000,52.0000,47.0000
1133.0000,158.0000,51.0000,46.0000
1133.0000,158.0000,51.0000,46.0000
1133.0000,159.0000,50.0000,45.0000
1133.0000,158.0000,50.0000,45.0000
1133.0000,158.0000,50.0000,45.0000
1131.0000,157.0000,52.0000,47.0000
1131.0000,157.0000,52.0000,47.0000
1131.0000,157.0000,52.0000,47.0000
1131.0000,156.0000,52.0000,47.0000
1130.0000,156.0000,52.0000,47.0000
1130.0000,155.0000,53.0000,48.0000
1130.0000,156.0000,52.0000,47.0000
1130.0000,155.0000,53.0000,48.0000
1130.0000,156.0000,52.0000,47.0000
1130.0000,155.0000,52.0000,47.0000
1130.0000,154.0000,53.0000,48.0000
1131.0000,155.0000,52.0000,47.0000
1131.0000,154.0000,53.0000,48.0000
1131.0000,154.0000,53.0000,48.0000
1129.0000,153.0000,54.0000,49.0000
1130.0000,153.0000,54.0000,49.0000
1131.0000,152.0000,53.0000,48.0000
1130.0000,152.0000,54.0000,49.0000
1130.0000,152.0000,54.0000,49.0000
1131.0000,151.0000,54.0000,49.0000
1131.0000,151.0000,56.0000,50.0000
1133.0000,151.0000,54.0000,49.0000
1129.0000,149.0000,55.0000,50.0000
1130.0000,150.0000,56.0000,50.0000
1130.0000,150.0000,54.0000,49.0000
1130.0000,149.0000,55.0000,50.0000
1129.0000,149.0000,56.0000,51.0000
1128.0000,149.0000,56.0000,51.0000
1127.0000,149.0000,54.0000,49.0000
1125.0000,150.0000,53.0000,48.0000
1128.0000,151.0000,51.0000,46.0000
1126.0000,152.0000,50.0000,45.0000
1126.0000,151.0000,51.0000,46.0000
1127.0000,150.0000,51.0000,46.0000
1127.0000,152.0000,50.0000,45.0000
1125.0000,150.0000,52.0000,47.0000
1125.0000,149.0000,52.0000,47.0000
1122.0000,149.0000,52.0000,47.0000
1124.0000,150.0000,50.0000,45.0000
1122.0000,149.0000,51.0000,46.0000
1118.0000,151.0000,51.0000,46.0000
1116.0000,151.0000,50.0000,45.0000
1107.0000,159.0000,52.0000,47.0000
1103.0000,159.0000,52.0000,47.0000
1100.0000,159.0000,51.0000,46.0000
1098.0000,159.0000,52.0000,47.0000
1094.0000,162.0000,52.0000,47.0000
1093.0000,159.0000,51.0000,46.0000
1092.0000,159.0000,50.0000,45.0000
1087.0000,162.0000,50.0000,45.0000
1087.0000,160.0000,49.0000,44.0000
1082.0000,161.0000,49.0000,45.0000
1078.0000,161.0000,50.0000,45.0000
1075.0000,159.0000,51.0000,46.0000
1072.0000,159.0000,50.0000,45.0000
1069.0000,158.0000,51.0000,46.0000
1066.0000,160.0000,52.0000,47.0000
1064.0000,160.0000,51.0000,46.0000
1061.0000,159.0000,52.0000,47.0000
1118.0000,142.0000,53.0000,48.0000
1121.0000,142.0000,54.0000,49.0000
1120.0000,142.0000,54.0000,49.0000
1119.0000,141.0000,54.0000,49.0000
1119.0000,141.0000,53.0000,48.0000
1117.0000,140.0000,54.0000,49.0000
1118.0000,140.0000,53.0000,48.0000
1117.0000,140.0000,54.0000,49.0000
1117.0000,140.0000,53.0000,48.0000
1116.0000,138.0000,55.0000,50.0000
1115.0000,138.0000,56.0000,50.0000
1115.0000,138.0000,54.0000,49.0000
1113.0000,137.0000,56.0000,50.0000
1113.0000,136.0000,56.0000,51.0000
1112.0000,136.0000,56.0000,50.0000
1112.0000,135.0000,56.0000,51.0000
1112.0000,134.0000,55.0000,50.0000
1112.0000,135.0000,53.0000,48.0000
1111.0000,134.0000,54.0000,49.0000
1111.0000,132.0000,55.0000,50.0000
1112.0000,133.0000,53.0000,48.0000
1111.0000,132.0000,53.0000,48.0000
1111.0000,132.0000,52.0000,47.0000
1109.0000,131.0000,54.0000,49.0000
1109.0000,131.0000,52.0000,47.0000
1109.0000,131.0000,52.0000,47.0000
1108.0000,129.0000,53.0000,48.0000
1108.0000,129.0000,52.0000,47.0000
1107.0000,128.0000,52.0000,47.0000
1107.0000,127.0000,53.0000,48.0000
1106.0000,127.0000,52.0000,47.0000
1106.0000,127.0000,52.0000,47.0000
1105.0000,126.0000,52.0000,47.0000
1106.0000,125.0000,51.0000,46.0000
1104.0000,124.0000,52.0000,47.0000
1105.0000,124.0000,51.0000,46.0000
1104.0000,123.0000,51.0000,46.0000
1103.0000,123.0000,52.0000,47.0000
1102.0000,122.0000,52.0000,47.0000
1103.0000,121.0000,51.0000,46.0000
1103.0000,120.0000,51.0000,46.0000
1101.0000,119.0000,53.0000,48.0000
1100.0000,118.0000,53.0000,48.0000
1101.0000,119.0000,52.0000,47.0000
1101.0000,118.0000,51.0000,46.0000
1101.0000,119.0000,50.0000,45.0000
1100.0000,119.0000,50.0000,45.0000
1100.0000,117.0000,51.0000,46.0000
1100.0000,117.0000,51.0000,46.0000
1099.0000,118.0000,50.0000,45.0000
1099.0000,116.0000,51.0000,46.0000
1098.0000,116.0000,51.0000,46.0000
1098.0000,116.0000,51.0000,46.0000
1098.0000,116.0000,50.0000,45.0000
1097.0000,115.0000,51.0000,46.0000
1097.0000,116.0000,50.0000,45.0000
1096.0000,116.0000,50.0000,45.0000
1096.0000,116.0000,50.0000,45.0000
1095.0000,115.0000,51.0000,46.0000
1095.0000,115.0000,51.0000,46.0000
1094.0000,114.0000,51.0000,46.0000
1093.0000,114.0000,51.0000,46.0000
1093.0000,114.0000,51.0000,46.0000
1092.0000,114.0000,51.0000,46.0000
1091.0000,114.0000,52.0000,47.0000
1090.0000,114.0000,52.0000,47.0000
1091.0000,114.0000,51.0000,46.0000
1090.0000,114.0000,51.0000,46.0000
1089.0000,114.0000,52.0000,47.0000
1089.0000,114.0000,52.0000,47.0000
1090.0000,115.0000,51.0000,46.0000
1088.0000,115.0000,52.0000,47.0000
1088.0000,115.0000,52.0000,47.0000
1089.0000,116.0000,51.0000,46.0000
1089.0000,117.0000,50.0000,45.0000
1089.0000,116.0000,51.0000,46.0000
1089.0000,116.0000,51.0000,46.0000
1089.0000,117.0000,51.0000,46.0000
1088.0000,117.0000,51.0000,46.0000
1088.0000,118.0000,50.0000,45.0000
1088.0000,118.0000,51.0000,46.0000
1088.0000,119.0000,50.0000,45.0000
1087.0000,120.0000,50.0000,45.0000
1086.0000,119.0000,52.0000,47.0000
1087.0000,119.0000,51.0000,46.0000
1087.0000,120.0000,51.0000,46.0000
1087.0000,120.0000,51.0000,46.0000
1087.0000,121.0000,51.0000,46.0000
1087.0000,121.0000,51.0000,46.0000
1087.0000,122.0000,51.0000,46.0000
1085.0000,123.0000,52.0000,47.0000
1085.0000,123.0000,52.0000,47.0000
1085.0000,122.0000,53.0000,48.0000
1085.0000,123.0000,53.0000,48.0000
1086.0000,124.0000,52.0000,47.0000
1086.0000,125.0000,52.0000,47.0000
1086.0000,125.0000,52.0000,47.0000
1086.0000,126.0000,52.0000,47.0000
1087.0000,126.0000,52.0000,47.0000
1088.0000,126.0000,51.0000,46.0000
1087.0000,127.0000,52.0000,47.0000
1088.0000,127.0000,52.0000,47.0000
1088.0000,128.0000,52.0000,47.0000
1088.0000,128.0000,52.0000,47.0000
1088.0000,128.0000,53.0000,48.0000
1089.0000,129.0000,52.0000,47.0000
1090.0000,130.0000,51.0000,46.0000
1090.0000,130.0000,52.0000,47.0000
1091.0000,131.0000,51.0000,46.0000
1090.0000,131.0000,52.0000,47.0000
1090.0000,130.0000,53.0000,48.0000
1090.0000,131.0000,54.0000,49.0000
1092.0000,131.0000,53.0000,48.0000
1092.0000,133.0000,52.0000,47.0000
1093.0000,133.0000,52.0000,47.0000
1094.0000,134.0000,52.0000,47.0000
1095.0000,134.0000,51.0000,46.0000
1095.0000,135.0000,51.0000,46.0000
1095.0000,136.0000,52.0000,47.0000
1096.0000,135.0000,53.0000,48.0000
1095.0000,136.0000,54.0000,49.0000
1097.0000,136.0000,53.0000,48.0000
1097.0000,137.0000,53.0000,48.0000
1098.0000,137.0000,53.0000,48.0000
1099.0000,138.0000,53.0000,48.0000
1099.0000,138.0000,53.0000,48.0000
1099.0000,138.0000,54.0000,49.0000
1100.0000,139.0000,53.0000,48.0000
1100.0000,139.0000,54.0000,49.0000
1101.0000,140.0000,53.0000,48.0000
1102.0000,140.0000,53.0000,48.0000
1103.0000,141.0000,53.0000,48.0000
1104.0000,142.0000,52.0000,47.0000
1104.0000,142.0000,52.0000,47.0000
1105.0000,142.0000,52.0000,47.0000
1105.0000,143.0000,52.0000,47.0000
1106.0000,142.0000,53.0000,48.0000
1108.0000,144.0000,51.0000,46.0000
1109.0000,145.0000,50.0000,45.0000
1109.0000,144.0000,51.0000,46.0000
1109.0000,144.0000,53.0000,48.0000
1109.0000,144.0000,53.0000,48.0000
1111.0000,145.0000,51.0000,46.0000
1111.0000,145.0000,52.0000,47.0000
1111.0000,145.0000,53.0000,48.0000
1112.0000,146.0000,52.0000,47.0000
1112.0000,146.0000,52.0000,47.0000
1113.0000,146.0000,53.0000,48.0000
1114.0000,146.0000,53.0000,48.0000
1115.0000,147.0000,52.0000,47.0000
1116.0000,146.0000,53.0000,48.0000
1116.0000,147.0000,53.0000,48.0000
1118.0000,148.0000,51.0000,46.0000
1119.0000,148.0000,51.0000,46.0000
1118.0000,148.0000,52.0000,47.0000
1120.0000,147.0000,53.0000,48.0000
1120.0000,147.0000,53.0000,48.0000
1121.0000,147.0000,53.0000,48.0000
1121.0000,147.0000,53.0000,48.0000
1122.0000,147.0000,53.0000,48.0000
1123.0000,149.0000,52.0000,47.0000
1122.0000,148.0000,54.0000,49.0000
1124.0000,148.0000,53.0000,48.0000
1123.0000,148.0000,54.0000,49.0000
1125.0000,148.0000,53.0000,48.0000
1126.0000,148.0000,53.0000,48.0000
1127.0000,149.0000,52.0000,47.0000
1127.0000,149.0000,52.0000,47.0000
1128.0000,149.0000,52.0000,47.0000
1128.0000,149.0000,52.0000,47.0000
1129.0000,149.0000,53.0000,48.0000
1130.0000,149.0000,53.0000,48.0000
1130.0000,149.0000,54.0000,49.0000
1132.0000,149.0000,53.0000,48.0000
1131.0000,148.0000,54.0000,49.0000
1133.0000,148.0000,53.0000,48.0000
1133.0000,149.0000,52.0000,47.0000
1134.0000,149.0000,52.0000,47.0000
1134.0000,148.0000,53.0000,48.0000
1133.0000,148.0000,55.0000,50.0000
1133.0000,148.0000,56.0000,50.0000
1134.0000,148.0000,55.0000,50.0000
1134.0000,149.0000,54.0000,49.0000
1135.0000,148.0000,55.0000,50.0000
1137.0000,149.0000,53.0000,48.0000
1137.0000,149.0000,53.0000,48.0000
1136.0000,148.0000,55.0000,50.0000
1136.0000,148.0000,55.0000,50.0000
1137.0000,149.0000,54.0000,49.0000
1137.0000,149.0000,56.0000,50.0000
1138.0000,149.0000,56.0000,50.0000
1139.0000,149.0000,55.0000,50.0000
1138.0000,149.0000,56.0000,50.0000
1139.0000,149.0000,54.0000,49.0000
1138.0000,149.0000,56.0000,50.0000
1139.0000,149.0000,56.0000,50.0000
1139.0000,149.0000,56.0000,50.0000
1139.0000,149.0000,56.0000,50.0000
1139.0000,149.0000,56.0000,50.0000
1139.0000,149.0000,56.0000,50.0000
1140.0000,149.0000,54.0000,49.0000
1141.0000,149.0000,53.0000,48.0000
1141.0000,149.0000,53.0000,48.0000
1140.0000,148.0000,55.0000,50.0000
1139.0000,148.0000,57.0000,51.0000
1140.0000,148.0000,55.0000,50.0000
1140.0000,149.0000,54.0000,49.0000
1140.0000,148.0000,55.0000,50.0000
1140.0000,148.0000,55.0000,50.0000
1140.0000,148.0000,54.0000,49.0000
1140.0000,148.0000,54.0000,49.0000
1139.0000,147.0000,55.0000,50.0000
1138.0000,148.0000,56.0000,51.0000
1138.0000,148.0000,56.0000,51.0000
1139.0000,148.0000,56.0000,50.0000
1139.0000,147.0000,55.0000,50.0000
1139.0000,148.0000,57.0000,51.0000
1139.0000,148.0000,56.0000,51.0000
1140.0000,147.0000,55.0000,50.0000
1139.0000,147.0000,56.0000,50.0000
1139.0000,147.0000,57.0000,51.0000
1140.0000,147.0000,55.0000,50.0000
1140.0000,147.0000,55.0000,50.0000
1139.0000,147.0000,56.0000,51.0000
1139.0000,146.0000,55.0000,50.0000
1138.0000,146.0000,56.0000,50.0000
1139.0000,147.0000,54.0000,49.0000
1138.0000,146.0000,56.0000,51.0000
1139.0000,146.0000,55.0000,50.0000
1139.0000,145.0000,55.0000,50.0000
1139.0000,146.0000,55.0000,50.0000
1139.0000,145.0000,55.0000,50.0000
1138.0000,145.0000,56.0000,51.0000
1138.0000,146.0000,56.0000,50.0000
1138.0000,146.0000,56.0000,51.0000
1138.0000,145.0000,58.0000,52.0000
1139.0000,145.0000,56.0000,51.0000
1140.0000,145.0000,57.0000,51.0000
1139.0000,144.0000,57.0000,52.0000
1138.0000,144.0000,58.0000,53.0000
1136.0000,142.0000,60.0000,54.0000
1138.0000,144.0000,58.0000,53.0000
1138.0000,143.0000,58.0000,52.0000
1137.0000,143.0000,59.0000,53.0000
1137.0000,142.0000,59.0000,53.0000
1138.0000,143.0000,57.0000,52.0000
1137.0000,142.0000,59.0000,53.0000
1137.0000,142.0000,59.0000,53.0000
1137.0000,141.0000,59.0000,53.0000
1136.0000,141.0000,59.0000,53.0000
1137.0000,141.0000,58.0000,53.0000
1137.0000,142.0000,58.0000,53.0000
1136.0000,141.0000,59.0000,53.0000
1136.0000,142.0000,59.0000,53.0000
1137.0000,142.0000,58.0000,52.0000
1136.0000,142.0000,59.0000,53.0000
1137.0000,142.0000,57.0000,52.0000
1137.0000,143.0000,56.0000,51.0000
1137.0000,143.0000,56.0000,50.0000
1137.0000,143.0000,57.0000,51.0000
1136.0000,143.0000,56.0000,50.0000
1137.0000,144.0000,54.0000,49.0000
1135.0000,143.0000,56.0000,51.0000
1135.0000,143.0000,57.0000,51.0000
1136.0000,142.0000,55.0000,50.0000
1135.0000,142.0000,57.0000,51.0000
1134.0000,142.0000,56.0000,51.0000
1134.0000,142.0000,56.0000,51.0000
1133.0000,142.0000,56.0000,51.0000
1133.0000,142.0000,56.0000,51.0000
1133.0000,142.0000,56.0000,51.0000
1132.0000,142.0000,56.0000,51.0000
1132.0000,142.0000,56.0000,50.0000
1131.0000,142.0000,56.0000,51.0000
1131.0000,142.0000,56.0000,50.0000
1131.0000,142.0000,56.0000,50.0000
1132.0000,141.0000,55.0000,50.0000
1131.0000,141.0000,56.0000,50.0000
1131.0000,141.0000,57.0000,51.0000
1131.0000,141.0000,55.0000,50.0000
1131.0000,142.0000,54.0000,49.0000
1131.0000,141.0000,55.0000,50.0000
1131.0000,141.0000,55.0000,50.0000
1131.0000,140.0000,55.0000,50.0000
1131.0000,140.0000,55.0000,50.0000
1130.0000,141.0000,54.0000,49.0000
1130.0000,141.0000,54.0000,49.0000
1130.0000,141.0000,54.0000,49.0000
1130.0000,141.0000,54.0000,49.0000
1130.0000,140.0000,55.0000,50.0000
1130.0000,141.0000,54.0000,49.0000
1130.0000,140.0000,55.0000,50.0000
1130.0000,140.0000,55.0000,50.0000
1130.0000,141.0000,54.0000,49.0000
1129.0000,140.0000,56.0000,50.0000
1129.0000,140.0000,56.0000,50.0000
1129.0000,140.0000,56.0000,50.0000
1129.0000,140.0000,56.0000,51.0000
1129.0000,140.0000,56.0000,51.0000
1128.0000,140.0000,56.0000,51.0000
1129.0000,139.0000,55.0000,50.0000
1128.0000,139.0000,56.0000,50.0000
1128.0000,138.0000,57.0000,52.0000
1128.0000,139.0000,56.0000,50.0000
1128.0000,140.0000,54.0000,49.0000
1128.0000,139.0000,55.0000,50.0000
1128.0000,139.0000,55.0000,50.0000
1127.0000,139.0000,56.0000,50.0000
1127.0000,139.0000,56.0000,50.0000
1127.0000,139.0000,56.0000,50.0000
1127.0000,139.0000,56.0000,51.0000
1127.0000,139.0000,56.0000,50.0000
1128.0000,139.0000,54.0000,49.0000
1127.0000,138.0000,56.0000,50.0000
1128.0000,138.0000,55.0000,50.0000
1127.0000,138.0000,56.0000,50.0000
1127.0000,138.0000,56.0000,50.0000
1127.0000,138.0000,56.0000,50.0000
1127.0000,139.0000,54.0000,49.0000
1127.0000,139.0000,54.0000,49.0000
1127.0000,137.0000,55.0000,50.0000
1127.0000,137.0000,55.0000,50.0000
1127.0000,138.0000,54.0000,49.0000
1126.0000,137.0000,56.0000,50.0000
1126.0000,137.0000,57.0000,51.0000
1126.0000,137.0000,57.0000,51.0000
1126.0000,137.0000,57.0000,51.0000
1126.0000,137.0000,56.0000,51.0000
1127.0000,137.0000,55.0000,50.0000
1126.0000,137.0000,56.0000,50.0000
1126.0000,137.0000,56.0000,50.0000
1127.0000,137.0000,55.0000,50.0000
1127.0000,138.0000,54.0000,49.0000
1127.0000,137.0000,54.0000,49.0000
1126.0000,137.0000,56.0000,51.0000
1127.0000,136.0000,55.0000,50.0000
1127.0000,137.0000,54.0000,49.0000
1127.0000,137.0000,54.0000,49.0000
1127.0000,137.0000,54.0000,49.0000
1127.0000,137.0000,54.0000,49.0000
1127.0000,136.0000,55.0000,50.0000
1127.0000,137.0000,54.0000,49.0000
1127.0000,137.0000,54.0000,49.0000
1127.0000,137.0000,54.0000,49.0000
1127.0000,137.0000,54.0000,49.0000
1127.0000,136.0000,55.0000,50.0000
1127.0000,136.0000,55.0000,50.0000
1127.0000,137.0000,54.0000,49.0000
1127.0000,136.0000,55.0000,50.0000
1127.0000,136.0000,55.0000,50.0000
1127.0000,136.0000,55.0000,50.0000
1127.0000,137.0000,54.0000,49.0000
1128.0000,137.0000,53.0000,48.0000
1128.0000,137.0000,53.0000,48.0000
1128.0000,137.0000,53.0000,48.0000
1127.0000,137.0000,54.0000,49.0000
1128.0000,137.0000,53.0000,48.0000
1128.0000,137.0000,53.0000,48.0000
1127.0000,137.0000,54.0000,49.0000
1127.0000,137.0000,54.0000,49.0000
1127.0000,137.0000,54.0000,49.0000
1128.0000,137.0000,54.0000,49.0000
1128.0000,137.0000,54.0000,49.0000
1128.0000,137.0000,54.0000,49.0000
1128.0000,137.0000,54.0000,49.0000
1130.0000,138.0000,52.0000,47.0000
1129.0000,137.0000,54.0000,49.0000
1130.0000,137.0000,53.0000,48.0000
1130.0000,137.0000,53.0000,48.0000
1130.0000,137.0000,53.0000,48.0000
1130.0000,137.0000,53.0000,48.0000
1130.0000,137.0000,53.0000,48.0000
1130.0000,137.0000,53.0000,48.0000
1130.0000,137.0000,53.0000,48.0000
1129.0000,137.0000,54.0000,49.0000
1130.0000,137.0000,53.0000,48.0000
1130.0000,137.0000,53.0000,48.0000
1129.0000,137.0000,54.0000,49.0000
1130.0000,137.0000,53.0000,48.0000
1129.0000,137.0000,54.0000,49.0000
1130.0000,137.0000,53.0000,48.0000
1129.0000,138.0000,54.0000,49.0000
1130.0000,138.0000,54.0000,49.0000
1131.0000,138.0000,53.0000,48.0000
1131.0000,138.0000,53.0000,48.0000
1130.0000,138.0000,54.0000,49.0000
1130.0000,138.0000,54.0000,49.0000
1130.0000,138.0000,54.0000,49.0000
1130.0000,138.0000,54.0000,49.0000
1131.0000,138.0000,54.0000,49.0000
1131.0000,138.0000,54.0000,49.0000
1131.0000,138.0000,54.0000,49.0000
1131.0000,138.0000,54.0000,49.0000
1131.0000,138.0000,56.0000,50.0000
1131.0000,138.0000,56.0000,50.0000
1131.0000,138.0000,56.0000,50.0000
1133.0000,137.0000,55.0000,50.0000
1132.0000,138.0000,57.0000,51.0000
1134.0000,137.0000,55.0000,50.0000
1134.0000,138.0000,54.0000,49.0000
1134.0000,137.0000,55.0000,50.0000
1134.0000,137.0000,57.0000,51.0000
1133.0000,136.0000,58.0000,52.0000
1133.0000,136.0000,58.0000,53.0000
1133.0000,136.0000,58.0000,52.0000
1134.0000,137.0000,56.0000,51.0000
1133.0000,136.0000,57.0000,52.0000
1134.0000,137.0000,57.0000,51.0000
1135.0000,137.0000,56.0000,50.0000
1134.0000,137.0000,57.0000,51.0000
1134.0000,136.0000,57.0000,52.0000
1133.0000,136.0000,59.0000,53.0000
1134.0000,136.0000,57.0000,52.0000
1133.0000,137.0000,56.0000,51.0000
1133.0000,137.0000,57.0000,51.0000
1134.0000,137.0000,56.0000,50.0000
1134.0000,137.0000,56.0000,51.0000
1134.0000,137.0000,56.0000,50.0000
1134.0000,137.0000,54.0000,49.0000
1134.0000,137.0000,56.0000,50.0000
1135.0000,137.0000,56.0000,50.0000
1135.0000,136.0000,57.0000,52.0000
1134.0000,136.0000,58.0000,52.0000
1135.0000,136.0000,57.0000,52.0000
1135.0000,137.0000,58.0000,52.0000
1136.0000,137.0000,58.0000,53.0000
1135.0000,137.0000,58.0000,53.0000
1136.0000,136.0000,57.0000,52.0000
1136.0000,137.0000,57.0000,52.0000
1136.0000,136.0000,57.0000,52.0000
1136.0000,137.0000,57.0000,52.0000
1136.0000,137.0000,57.0000,52.0000
1136.0000,138.0000,57.0000,51.0000
1136.0000,137.0000,57.0000,52.0000
1136.0000,137.0000,57.0000,52.0000
1137.0000,138.0000,56.0000,50.0000
1137.0000,137.0000,55.0000,50.0000
1137.0000,138.0000,55.0000,50.0000
1137.0000,138.0000,55.0000,50.0000
1137.0000,138.0000,55.0000,50.0000
1138.0000,138.0000,55.0000,50.0000
1137.0000,138.0000,56.0000,50.0000
1137.0000,138.0000,56.0000,51.0000
1137.0000,139.0000,57.0000,51.0000
1137.0000,139.0000,56.0000,50.0000
1137.0000,139.0000,56.0000,51.0000
1137.0000,139.0000,56.0000,50.0000
1137.0000,139.0000,57.0000,51.0000
1137.0000,139.0000,56.0000,50.0000
1137.0000,140.0000,54.0000,49.0000
1137.0000,139.0000,55.0000,50.0000
1138.0000,140.0000,54.0000,49.0000
1139.0000,140.0000,53.0000,48.0000
1138.0000,140.0000,54.0000,49.0000
1138.0000,139.0000,55.0000,50.0000
1137.0000,139.0000,55.0000,50.0000
1137.0000,140.0000,54.0000,49.0000
1137.0000,138.0000,55.0000,50.0000
1137.0000,138.0000,55.0000,50.0000
1137.0000,139.0000,54.0000,49.0000
1137.0000,138.0000,55.0000,50.0000
1137.0000,138.0000,57.0000,51.0000
1137.0000,138.0000,55.0000,50.0000
1137.0000,138.0000,55.0000,50.0000
1137.0000,138.0000,55.0000,50.0000
1137.0000,139.0000,54.0000,49.0000
1137.0000,137.0000,55.0000,50.0000
1138.0000,137.0000,55.0000,50.0000
1137.0000,137.0000,56.0000,51.0000
1137.0000,137.0000,56.0000,51.0000
1138.0000,137.0000,55.0000,50.0000
1138.0000,138.0000,54.0000,49.0000
1138.0000,138.0000,54.0000,49.0000
1137.0000,137.0000,56.0000,50.0000
1138.0000,137.0000,56.0000,51.0000
1138.0000,136.0000,57.0000,52.0000
1138.0000,137.0000,56.0000,51.0000
1139.0000,137.0000,56.0000,51.0000
1138.0000,137.0000,57.0000,51.0000
1138.0000,136.0000,57.0000,52.0000
1138.0000,137.0000,57.0000,51.0000
1138.0000,136.0000,58.0000,52.0000
1139.0000,137.0000,56.0000,51.0000
1139.0000,136.0000,57.0000,52.0000
1139.0000,137.0000,56.0000,51.0000
1139.0000,137.0000,56.0000,51.0000
1139.0000,137.0000,56.0000,51.0000
1140.0000,137.0000,56.0000,50.0000
1139.0000,137.0000,57.0000,51.0000
1139.0000,137.0000,56.0000,51.0000
1139.0000,137.0000,56.0000,51.0000
1139.0000,137.0000,57.0000,51.0000
1139.0000,137.0000,56.0000,51.0000
1139.0000,137.0000,56.0000,51.0000
1140.0000,137.0000,56.0000,51.0000
1140.0000,137.0000,56.0000,51.0000
1140.0000,137.0000,56.0000,50.0000
1140.0000,137.0000,57.0000,51.0000
1141.0000,137.0000,57.0000,51.0000
1140.0000,137.0000,57.0000,51.0000
1141.0000,137.0000,56.0000,50.0000
1141.0000,137.0000,56.0000,50.0000
1141.0000,137.0000,56.0000,50.0000
1141.0000,136.0000,56.0000,51.0000
1141.0000,136.0000,57.0000,51.0000
1142.0000,136.0000,55.0000,50.0000
1141.0000,136.0000,56.0000,50.0000
1141.0000,136.0000,56.0000,50.0000
1141.0000,135.0000,57.0000,52.0000
1141.0000,136.0000,56.0000,51.0000
1141.0000,135.0000,56.0000,50.0000
1141.0000,134.0000,57.0000,52.0000
1141.0000,135.0000,57.0000,51.0000
1142.0000,135.0000,57.0000,51.0000
1142.0000,134.0000,57.0000,52.0000
1141.0000,135.0000,57.0000,51.0000
1141.0000,134.0000,57.0000,52.0000
1142.0000,135.0000,56.0000,50.0000
1142.0000,135.0000,56.0000,51.0000
1142.0000,135.0000,56.0000,50.0000
1142.0000,135.0000,56.0000,50.0000
1142.0000,135.0000,56.0000,50.0000
1142.0000,134.0000,57.0000,51.0000
1142.0000,134.0000,56.0000,51.0000
1142.0000,134.0000,56.0000,51.0000
1142.0000,134.0000,56.0000,51.0000
1142.0000,134.0000,56.0000,50.0000
1142.0000,134.0000,56.0000,50.0000
1142.0000,134.0000,57.0000,51.0000
1143.0000,133.0000,55.0000,50.0000
1143.0000,133.0000,56.0000,50.0000
1143.0000,133.0000,57.0000,51.0000
1142.0000,133.0000,56.0000,51.0000
1142.0000,133.0000,56.0000,51.0000
1142.0000,133.0000,56.0000,50.0000
1142.0000,133.0000,56.0000,50.0000
1142.0000,132.0000,57.0000,51.0000
1143.0000,132.0000,57.0000,51.0000
1143.0000,132.0000,57.0000,51.0000
1143.0000,131.0000,58.0000,52.0000
1144.0000,132.0000,56.0000,51.0000
1144.0000,131.0000,58.0000,52.0000
1145.0000,131.0000,57.0000,52.0000
1145.0000,132.0000,57.0000,51.0000
1145.0000,131.0000,58.0000,52.0000
1146.0000,131.0000,57.0000,52.0000
1147.0000,131.0000,57.0000,52.0000
1148.0000,132.0000,57.0000,51.0000
1149.0000,131.0000,57.0000,52.0000
1149.0000,131.0000,57.0000,52.0000
1150.0000,132.0000,56.0000,51.0000
1151.0000,132.0000,56.0000,50.0000
1151.0000,131.0000,57.0000,52.0000
1152.0000,131.0000,57.0000,52.0000
1153.0000,131.0000,57.0000,52.0000
1153.0000,132.0000,56.0000,51.0000
1154.0000,131.0000,57.0000,52.0000
1154.0000,130.0000,57.0000,52.0000
1154.0000,130.0000,57.0000,52.0000
1155.0000,131.0000,57.0000,51.0000
1155.0000,130.0000,58.0000,52.0000
1155.0000,130.0000,58.0000,52.0000
1156.0000,130.0000,58.0000,53.0000
1156.0000,130.0000,58.0000,52.0000
1157.0000,130.0000,58.0000,52.0000
1158.0000,131.0000,57.0000,51.0000
1158.0000,130.0000,58.0000,53.0000
1158.0000,130.0000,59.0000,53.0000
1161.0000,130.0000,57.0000,52.0000
1161.0000,130.0000,57.0000,52.0000
1161.0000,130.0000,57.0000,52.0000
1162.0000,131.0000,57.0000,51.0000
1162.0000,130.0000,57.0000,52.0000
1163.0000,131.0000,56.0000,51.0000
1164.0000,131.0000,56.0000,50.0000
1164.0000,131.0000,57.0000,51.0000
1164.0000,130.0000,58.0000,52.0000
1164.0000,130.0000,58.0000,52.0000
1166.0000,131.0000,57.0000,51.0000
1167.0000,131.0000,57.0000,51.0000
1168.0000,131.0000,55.0000,50.0000
1168.0000,131.0000,57.0000,51.0000
1168.0000,130.0000,58.0000,52.0000
1169.0000,130.0000,57.0000,52.0000
1168.0000,131.0000,58.0000,53.0000
1169.0000,131.0000,58.0000,53.0000
1171.0000,131.0000,57.0000,52.0000
1171.0000,131.0000,57.0000,52.0000
1172.0000,132.0000,57.0000,51.0000
1173.0000,133.0000,56.0000,51.0000
1173.0000,133.0000,56.0000,50.0000
1174.0000,132.0000,57.0000,52.0000
1175.0000,133.0000,57.0000,51.0000
1174.0000,132.0000,58.0000,52.0000
1174.0000,132.0000,58.0000,52.0000
1176.0000,133.0000,57.0000,52.0000
1176.0000,133.0000,58.0000,53.0000
1176.0000,133.0000,58.0000,52.0000
1178.0000,134.0000,57.0000,51.0000
1179.0000,135.0000,56.0000,50.0000
1180.0000,135.0000,57.0000,51.0000
1180.0000,135.0000,57.0000,51.0000
1181.0000,135.0000,56.0000,50.0000
1182.0000,135.0000,55.0000,50.0000
1182.0000,135.0000,56.0000,51.0000
1181.0000,134.0000,58.0000,52.0000
1183.0000,135.0000,57.0000,52.0000
1183.0000,135.0000,58.0000,52.0000
1184.0000,136.0000,57.0000,51.0000
1185.0000,136.0000,57.0000,51.0000
1185.0000,136.0000,57.0000,51.0000
1186.0000,136.0000,57.0000,51.0000
1187.0000,136.0000,57.0000,51.0000
1187.0000,136.0000,56.0000,51.0000
1188.0000,136.0000,57.0000,52.0000
1187.0000,136.0000,58.0000,53.0000
1188.0000,136.0000,58.0000,52.0000
1190.0000,136.0000,57.0000,52.0000
1189.0000,136.0000,58.0000,52.0000
1191.0000,137.0000,57.0000,51.0000
1191.0000,136.0000,58.0000,52.0000
1192.0000,137.0000,56.0000,51.0000
1192.0000,136.0000,58.0000,52.0000
1193.0000,137.0000,58.0000,52.0000
1195.0000,138.0000,57.0000,51.0000
1196.0000,138.0000,56.0000,51.0000
1197.0000,138.0000,56.0000,50.0000
1197.0000,137.0000,57.0000,52.0000
1198.0000,137.0000,57.0000,52.0000
1197.0000,137.0000,58.0000,53.0000
1197.0000,137.0000,59.0000,53.0000
1198.0000,137.0000,59.0000,53.0000
1198.0000,136.0000,60.0000,54.0000
1198.0000,136.0000,60.0000,54.0000
1200.0000,137.0000,59.0000,53.0000
1200.0000,136.0000,60.0000,54.0000
1200.0000,136.0000,60.0000,54.0000
1201.0000,136.0000,60.0000,54.0000
1201.0000,136.0000,60.0000,54.0000
1203.0000,137.0000,58.0000,53.0000
1204.0000,137.0000,58.0000,53.0000
1204.0000,137.0000,59.0000,53.0000
1205.0000,137.0000,58.0000,53.0000
1205.0000,138.0000,58.0000,53.0000
1207.0000,138.0000,57.0000,52.0000
1206.0000,137.0000,58.0000,53.0000
1205.0000,136.0000,60.0000,54.0000
1207.0000,137.0000,58.0000,53.0000
1207.0000,137.0000,58.0000,53.0000
1209.0000,138.0000,57.0000,51.0000
1209.0000,138.0000,57.0000,51.0000
1208.0000,137.0000,58.0000,53.0000
1209.0000,137.0000,57.0000,52.0000
1210.0000,137.0000,57.0000,52.0000
1209.0000,136.0000,58.0000,53.0000
1209.0000,136.0000,58.0000,52.0000
1209.0000,136.0000,58.0000,52.0000
1210.0000,136.0000,58.0000,52.0000
1210.0000,136.0000,58.0000,53.0000
1210.0000,136.0000,59.0000,53.0000
1210.0000,136.0000,59.0000,53.0000
1210.0000,136.0000,59.0000,53.0000
1211.0000,136.0000,59.0000,53.0000
1212.0000,136.0000,57.0000,52.0000
1213.0000,136.0000,57.0000,52.0000
1213.0000,136.0000,57.0000,52.0000
1212.0000,136.0000,59.0000,53.0000
1210.0000,135.0000,60.0000,54.0000
1212.0000,136.0000,59.0000,53.0000
1212.0000,136.0000,59.0000,53.0000
1212.0000,136.0000,59.0000,53.0000
1212.0000,136.0000,59.0000,53.0000
1211.0000,135.0000,60.0000,54.0000
1212.0000,135.0000,60.0000,54.0000
1212.0000,135.0000,60.0000,54.0000
1212.0000,135.0000,60.0000,54.0000
1212.0000,135.0000,60.0000,54.0000
1212.0000,135.0000,60.0000,54.0000
1212.0000,135.0000,61.0000,56.0000
1212.0000,135.0000,62.0000,56.0000
1213.0000,136.0000,60.0000,54.0000
1213.0000,136.0000,61.0000,55.0000
1213.0000,135.0000,63.0000,57.0000
1212.0000,134.0000,64.0000,58.0000
1213.0000,135.0000,63.0000,57.0000
1212.0000,135.0000,63.0000,57.0000
1212.0000,135.0000,63.0000,57.0000
1212.0000,135.0000,63.0000,57.0000
1212.0000,135.0000,63.0000,57.0000
1212.0000,135.0000,63.0000,57.0000
1212.0000,135.0000,63.0000,57.0000
1212.0000,135.0000,63.0000,57.0000
1212.0000,135.0000,63.0000,57.0000
1213.0000,136.0000,61.0000,55.0000
1213.0000,136.0000,61.0000,55.0000
1213.0000,135.0000,61.0000,56.0000
1212.0000,135.0000,63.0000,57.0000
1212.0000,135.0000,62.0000,56.0000
1212.0000,135.0000,61.0000,56.0000
1212.0000,136.0000,60.0000,54.0000
1212.0000,135.0000,61.0000,56.0000
1212.0000,136.0000,60.0000,54.0000
1212.0000,136.0000,61.0000,55.0000
1212.0000,136.0000,60.0000,54.0000
1213.0000,137.0000,58.0000,53.0000
1213.0000,137.0000,58.0000,53.0000
1211.0000,136.0000,60.0000,54.0000
1213.0000,137.0000,58.0000,53.0000
1213.0000,137.0000,58.0000,52.0000
1213.0000,137.0000,58.0000,52.0000
1213.0000,137.0000,58.0000,53.0000
1212.0000,137.0000,59.0000,53.0000
1211.0000,136.0000,60.0000,54.0000
1211.0000,136.0000,60.0000,54.0000
1211.0000,136.0000,60.0000,54.0000
1212.0000,137.0000,59.0000,53.0000
1212.0000,137.0000,58.0000,53.0000
1211.0000,136.0000,60.0000,54.0000
1213.0000,138.0000,58.0000,53.0000
1212.0000,138.0000,59.0000,53.0000
1211.0000,137.0000,60.0000,54.0000
1214.0000,138.0000,58.0000,53.0000
1212.0000,137.0000,60.0000,54.0000
1214.0000,138.0000,58.0000,53.0000
1215.0000,138.0000,58.0000,52.0000
1215.0000,138.0000,58.0000,53.0000
1213.0000,137.0000,60.0000,54.0000
1215.0000,138.0000,58.0000,53.0000
1215.0000,138.0000,58.0000,53.0000
1214.0000,137.0000,60.0000,54.0000
1214.0000,137.0000,60.0000,54.0000
1214.0000,136.0000,60.0000,54.0000
1215.0000,136.0000,60.0000,54.0000
1215.0000,136.0000,61.0000,55.0000
1216.0000,136.0000,61.0000,55.0000
1216.0000,136.0000,60.0000,54.0000
1217.0000,136.0000,61.0000,55.0000
1217.0000,136.0000,60.0000,54.0000
1217.0000,136.0000,61.0000,55.0000
1218.0000,136.0000,61.0000,55.0000
1218.0000,135.0000,60.0000,54.0000
1219.0000,135.0000,61.0000,55.0000
1219.0000,135.0000,60.0000,54.0000
1220.0000,135.0000,61.0000,55.0000
1221.0000,134.0000,61.0000,56.0000
1222.0000,133.0000,61.0000,56.0000
1222.0000,134.0000,61.0000,55.0000
1221.0000,133.0000,62.0000,56.0000
1223.0000,132.0000,61.0000,56.0000
1223.0000,132.0000,61.0000,56.0000
1223.0000,133.0000,61.0000,55.0000
1223.0000,132.0000,62.0000,56.0000
1225.0000,132.0000,61.0000,56.0000
1225.0000,132.0000,61.0000,56.0000
1225.0000,132.0000,60.0000,54.0000
1226.0000,132.0000,61.0000,55.0000
1226.0000,132.0000,60.0000,54.0000
1228.0000,134.0000,58.0000,53.0000
1228.0000,133.0000,58.0000,53.0000
1227.0000,132.0000,60.0000,54.0000
1229.0000,133.0000,59.0000,53.0000
1229.0000,132.0000,59.0000,53.0000
1229.0000,131.0000,60.0000,54.0000
1230.0000,131.0000,61.0000,55.0000
1230.0000,131.0000,61.0000,55.0000
1231.0000,131.0000,61.0000,55.0000
1230.0000,131.0000,60.0000,54.0000
1232.0000,130.0000,61.0000,56.0000
1232.0000,130.0000,61.0000,56.0000
1232.0000,131.0000,61.0000,55.0000
1233.0000,131.0000,61.0000,55.0000
1233.0000,131.0000,61.0000,55.0000
1233.0000,131.0000,61.0000,55.0000
1234.0000,131.0000,61.0000,55.0000
1233.0000,129.0000,63.0000,57.0000
1233.0000,128.0000,64.0000,58.0000
1234.0000,130.0000,62.0000,56.0000
1236.0000,129.0000,62.0000,56.0000
1238.0000,130.0000,61.0000,55.0000
1238.0000,130.0000,61.0000,55.0000
1238.0000,130.0000,61.0000,55.0000
1238.0000,131.0000,59.0000,53.0000
1239.0000,131.0000,58.0000,53.0000
1238.0000,131.0000,59.0000,53.0000
1238.0000,129.0000,60.0000,54.0000
1240.0000,130.0000,61.0000,55.0000
1240.0000,129.0000,60.0000,54.0000
1241.0000,129.0000,61.0000,55.0000
1241.0000,129.0000,61.0000,55.0000
1241.0000,129.0000,61.0000,55.0000
1240.0000,128.0000,62.0000,56.0000
1242.0000,129.0000,61.0000,55.0000
1241.0000,128.0000,62.0000,56.0000
1241.0000,127.0000,63.0000,57.0000
1241.0000,127.0000,63.0000,57.0000
1242.0000,127.0000,63.0000,57.0000
1242.0000,128.0000,63.0000,57.0000
1242.0000,127.0000,63.0000,57.0000
1243.0000,127.0000,63.0000,57.0000
1244.0000,128.0000,62.0000,56.0000
1245.0000,129.0000,60.0000,54.0000
1245.0000,129.0000,61.0000,55.0000
1245.0000,129.0000,60.0000,54.0000
1246.0000,131.0000,58.0000,53.0000
1245.0000,129.0000,60.0000,54.0000
1247.0000,131.0000,58.0000,53.0000
1247.0000,131.0000,58.0000,52.0000
1247.0000,131.0000,58.0000,52.0000
1247.0000,131.0000,58.0000,53.0000
1247.0000,131.0000,58.0000,53.0000
1247.0000,131.0000,58.0000,53.0000
1246.0000,129.0000,60.0000,54.0000
1248.0000,129.0000,61.0000,55.0000
1248.0000,128.0000,61.0000,56.0000
1249.0000,129.0000,61.0000,55.0000
1250.0000,129.0000,61.0000,55.0000
1251.0000,129.0000,59.0000,53.0000
1251.0000,128.0000,59.0000,53.0000
1251.0000,126.0000,60.0000,54.0000
1252.0000,127.0000,61.0000,55.0000
1252.0000,125.0000,63.0000,57.0000
1253.0000,125.0000,63.0000,57.0000
1254.0000,125.0000,63.0000,57.0000
1254.0000,125.0000,63.0000,57.0000
1254.0000,125.0000,62.0000,56.0000
1255.0000,126.0000,61.0000,55.0000
1255.0000,126.0000,60.0000,54.0000
1254.0000,126.0000,60.0000,54.0000
1254.0000,126.0000,60.0000,54.0000
1256.0000,127.0000,59.0000,53.0000
1256.0000,125.0000,60.0000,54.0000
1257.0000,126.0000,61.0000,55.0000
1256.0000,126.0000,60.0000,54.0000
1258.0000,127.0000,59.0000,53.0000
1258.0000,127.0000,59.0000,53.0000
1258.0000,127.0000,59.0000,53.0000
1258.0000,128.0000,58.0000,52.0000
1259.0000,128.0000,58.0000,52.0000
1260.0000,127.0000,58.0000,53.0000
1260.0000,128.0000,58.0000,52.0000
1261.0000,127.0000,59.0000,53.0000
1261.0000,127.0000,58.0000,53.0000
1261.0000,127.0000,58.0000,53.0000
1261.0000,128.0000,58.0000,53.0000
1261.0000,128.0000,58.0000,53.0000
1262.0000,127.0000,58.0000,53.0000
1262.0000,125.0000,60.0000,54.0000
1263.0000,125.0000,61.0000,56.0000
1264.0000,125.0000,61.0000,56.0000
1264.0000,127.0000,61.0000,55.0000
1265.0000,126.0000,61.0000,56.0000
1265.0000,126.0000,60.0000,54.0000
1266.0000,127.0000,59.0000,53.0000
1265.0000,126.0000,60.0000,54.0000
1266.0000,126.0000,60.0000,54.0000
1267.0000,127.0000,58.0000,53.0000
1267.0000,128.0000,57.0000,51.0000
1267.0000,128.0000,57.0000,51.0000
1268.0000,127.0000,58.0000,53.0000
1269.0000,127.0000,58.0000,52.0000
1270.0000,127.0000,57.0000,52.0000
1269.0000,127.0000,58.0000,53.0000
1269.0000,127.0000,58.0000,53.0000
1271.0000,127.0000,57.0000,52.0000
1270.0000,129.0000,57.0000,51.0000
1272.0000,128.0000,58.0000,53.0000
1271.0000,128.0000,58.0000,53.0000
1271.0000,128.0000,58.0000,53.0000
1271.0000,128.0000,58.0000,53.0000
1272.0000,128.0000,60.0000,54.0000
1273.0000,130.0000,58.0000,53.0000
1273.0000,128.0000,60.0000,54.0000
1273.0000,128.0000,60.0000,54.0000
1275.0000,129.0000,58.0000,53.0000
