1
47.0000,570.0000,62.0000,62.0000
66.0000,582.0000,61.0000,61.0000
91.0000,588.0000,62.0000,62.0000
116.0000,600.0000,61.0000,61.0000
141.0000,606.0000,62.0000,62.0000
165.0000,612.0000,63.0000,63.0000
190.0000,625.0000,64.0000,64.0000
222.0000,624.0000,65.0000,65.0000
248.0000,631.0000,66.0000,66.0000
282.0000,637.0000,67.0000,67.0000
309.0000,650.0000,67.0000,67.0000
335.0000,657.0000,68.0000,68.0000
363.0000,658.0000,67.0000,67.0000
397.0000,665.0000,66.0000,66.0000
430.0000,664.0000,67.0000,67.0000
464.0000,664.0000,67.0000,67.0000
498.0000,664.0000,68.0000,68.0000
526.0000,657.0000,69.0000,69.0000
560.0000,657.0000,69.0000,69.0000
588.0000,649.0000,70.0000,70.0000
616.0000,641.0000,71.0000,71.0000
638.0000,626.0000,72.0000,72.0000
667.0000,626.0000,73.0000,73.0000
688.0000,619.0000,74.0000,74.0000
703.0000,610.0000,75.0000,75.0000
725.0000,609.0000,77.0000,77.0000
741.0000,602.0000,75.0000,75.0000
763.0000,601.0000,77.0000,77.0000
786.0000,592.0000,79.0000,79.0000
802.0000,593.0000,77.0000,77.0000
818.0000,586.0000,75.0000,75.0000
833.0000,586.0000,75.0000,75.0000
849.0000,587.0000,73.0000,73.0000
872.0000,581.0000,72.0000,72.0000
887.0000,580.0000,73.0000,73.0000
902.0000,580.0000,73.0000,73.0000
909.0000,573.0000,74.0000,74.0000
932.0000,567.0000,73.0000,73.0000
939.0000,568.0000,72.0000,72.0000
960.0000,561.0000,73.0000,73.0000
967.0000,562.0000,72.0000,72.0000
966.0000,562.0000,73.0000,73.0000
980.0000,555.0000,72.0000,72.0000
980.0000,541.0000,72.0000,72.0000
995.0000,540.0000,73.0000,73.0000
1003.0000,547.0000,72.0000,72.0000
1009.0000,539.0000,73.0000,73.0000
1023.0000,508.0000,74.0000,74.0000
1031.0000,493.0000,73.0000,73.0000
1039.0000,487.0000,72.0000,72.0000
1047.0000,474.0000,71.0000,71.0000
1048.0000,467.0000,70.0000,70.0000
1055.0000,452.0000,71.0000,71.0000
1056.0000,445.0000,70.0000,70.0000
1063.0000,430.0000,71.0000,71.0000
1064.0000,430.0000,70.0000,70.0000
1057.0000,423.0000,71.0000,71.0000
1057.0000,409.0000,71.0000,71.0000
1056.0000,401.0000,72.0000,72.0000
1056.0000,393.0000,73.0000,73.0000
1049.0000,393.0000,73.0000,73.0000
1048.0000,385.0000,74.0000,74.0000
1048.0000,376.0000,75.0000,75.0000
1048.0000,368.0000,75.0000,75.0000
1056.0000,362.0000,73.0000,73.0000
1056.0000,355.0000,72.0000,72.0000
1056.0000,348.0000,72.0000,72.0000
1049.0000,348.0000,71.0000,71.0000
1050.0000,341.0000,70.0000,70.0000
1050.0000,335.0000,69.0000,69.0000
1050.0000,329.0000,68.0000,68.0000
1050.0000,323.0000,67.0000,67.0000
1050.0000,317.0000,66.0000,66.0000
1043.0000,316.0000,67.0000,67.0000
1042.0000,309.0000,68.0000,68.0000
1042.0000,308.0000,69.0000,69.0000
1042.0000,301.0000,68.0000,68.0000
1042.0000,302.0000,67.0000,67.0000
1042.0000,302.0000,67.0000,67.0000
1042.0000,295.0000,66.0000,66.0000
1042.0000,296.0000,65.0000,65.0000
1042.0000,296.0000,65.0000,65.0000
1042.0000,303.0000,66.0000,66.0000
1048.0000,304.0000,65.0000,65.0000
1048.0000,304.0000,65.0000,65.0000
1054.0000,304.0000,65.0000,65.0000
1054.0000,310.0000,64.0000,64.0000
1060.0000,310.0000,65.0000,65.0000
1066.0000,310.0000,64.0000,64.0000
1072.0000,310.0000,64.0000,64.0000
1072.0000,310.0000,65.0000,65.0000
1078.0000,310.0000,65.0000,65.0000
1084.0000,310.0000,65.0000,65.0000
1084.0000,303.0000,66.0000,66.0000
1091.0000,296.0000,66.0000,66.0000
1097.0000,296.0000,67.0000,67.0000
1096.0000,289.0000,68.0000,68.0000
1103.0000,290.0000,67.0000,67.0000
1102.0000,283.0000,68.0000,68.0000
1102.0000,282.0000,69.0000,69.0000
1102.0000,282.0000,68.0000,68.0000
1102.0000,282.0000,67.0000,67.0000
1102.0000,282.0000,66.0000,66.0000
1096.0000,282.0000,65.0000,65.0000
1096.0000,282.0000,65.0000,65.0000
1090.0000,282.0000,65.0000,65.0000
1090.0000,282.0000,66.0000,66.0000
1084.0000,282.0000,65.0000,65.0000
1084.0000,282.0000,64.0000,64.0000
1084.0000,282.0000,64.0000,64.0000
1084.0000,282.0000,63.0000,63.0000
1084.0000,282.0000,63.0000,63.0000
1078.0000,276.0000,63.0000,63.0000
1078.0000,282.0000,62.0000,62.0000
1078.0000,282.0000,61.0000,61.0000
1078.0000,282.0000,62.0000,62.0000
1078.0000,282.0000,63.0000,63.0000
1084.0000,282.0000,62.0000,62.0000
1084.0000,282.0000,62.0000,62.0000
1090.0000,288.0000,62.0000,62.0000
1090.0000,288.0000,62.0000,62.0000
1090.0000,288.0000,62.0000,62.0000
1096.0000,288.0000,63.0000,63.0000
1096.0000,288.0000,62.0000,62.0000
1102.0000,288.0000,62.0000,62.0000
1102.0000,282.0000,62.0000,62.0000
1102.0000,282.0000,61.0000,61.0000
1102.0000,276.0000,62.0000,62.0000
1102.0000,276.0000,63.0000,63.0000
1102.0000,270.0000,63.0000,63.0000
1102.0000,270.0000,62.0000,62.0000
1102.0000,270.0000,62.0000,62.0000
1102.0000,270.0000,62.0000,62.0000
1102.0000,270.0000,63.0000,63.0000
1096.0000,270.0000,63.0000,63.0000
1096.0000,270.0000,64.0000,64.0000
1090.0000,270.0000,65.0000,65.0000
1090.0000,270.0000,64.0000,64.0000
1090.0000,270.0000,63.0000,63.0000
1084.0000,270.0000,64.0000,64.0000
1084.0000,270.0000,65.0000,65.0000
1078.0000,270.0000,64.0000,64.0000
1078.0000,264.0000,64.0000,64.0000
1072.0000,264.0000,65.0000,65.0000
1072.0000,264.0000,64.0000,64.0000
1072.0000,264.0000,63.0000,63.0000
