0.000167,0.000167,0.000167,0,0,0,0,0,0,0,0,0,0,0,0
0.042219,0.041594,0.043052,0,0,0,0,0,0,0,0,0,0,0,0
0.023328,0.023551,0.023349,0,0,0,0,0,0,0,0,0,0,0,0
0.023857,0.023874,0.024691,0,0,0,0,0,0,0,0,0,0,0,0
0.023345,0.023282,0.023351,0,0,0,0,0,0,0,0,0,0,0,0
0.024019,0.023963,0.023969,0,0,0,0,0,0,0,0,0,0,0,0
0.022997,0.022991,0.02301,0,0,0,0,0,0,0,0,0,0,0,0
0.023367,0.02343,0.023558,0,0,0,0,0,0,0,0,0,0,0,0
0.023385,0.023358,0.023546,0,0,0,0,0,0,0,0,0,0,0,0
0.023264,0.023011,0.023074,0,0,0,0,0,0,0,0,0,0,0,0
0.024094,0.023621,0.023734,0,0,0,0,0,0,0,0,0,0,0,0
0.024001,0.023889,0.024266,0,0,0,0,0,0,0,0,0,0,0,0
0.023437,0.023554,0.023846,0,0,0,0,0,0,0,0,0,0,0,0
0.023493,0.023501,0.023846,0,0,0,0,0,0,0,0,0,0,0,0
0.023668,0.023752,0.024054,0,0,0,0,0,0,0,0,0,0,0,0
0.023429,0.023481,0.023803,0,0,0,0,0,0,0,0,0,0,0,0
0.023322,0.02336,0.02355,0,0,0,0,0,0,0,0,0,0,0,0
0.023104,0.023093,0.023281,0,0,0,0,0,0,0,0,0,0,0,0
0.023345,0.023314,0.023378,0,0,0,0,0,0,0,0,0,0,0,0
0.023246,0.023218,0.023258,0,0,0,0,0,0,0,0,0,0,0,0
0.023078,0.023106,0.023186,0,0,0,0,0,0,0,0,0,0,0,0
0.023411,0.023319,0.023331,0,0,0,0,0,0,0,0,0,0,0,0
0.023342,0.024046,0.023195,0,0,0,0,0,0,0,0,0,0,0,0
0.023073,0.023112,0.02314,0,0,0,0,0,0,0,0,0,0,0,0
0.023201,0.023117,0.023119,0,0,0,0,0,0,0,0,0,0,0,0
0.022964,0.023108,0.022933,0,0,0,0,0,0,0,0,0,0,0,0
0.023493,0.022696,0.022776,0,0,0,0,0,0,0,0,0,0,0,0
0.022777,0.022885,0.022891,0,0,0,0,0,0,0,0,0,0,0,0
0.022909,0.023061,0.023046,0,0,0,0,0,0,0,0,0,0,0,0
0.023437,0.023359,0.023532,0,0,0,0,0,0,0,0,0,0,0,0
0.023041,0.022914,0.023087,0,0,0,0,0,0,0,0,0,0,0,0
0.023081,0.023136,0.023217,0,0,0,0,0,0,0,0,0,0,0,0
0.023663,0.023767,0.023752,0,0,0,0,0,0,0,0,0,0,0,0
0.023215,0.023253,0.024026,0,0,0,0,0,0,0,0,0,0,0,0
0.023055,0.023069,0.023119,0,0,0,0,0,0,0,0,0,0,0,0
0.023023,0.023109,0.023651,0,0,0,0,0,0,0,0,0,0,0,0
0.023135,0.023104,0.023537,0,0,0,0,0,0,0,0,0,0,0,0
0.022917,0.023326,0.023294,0,0,0,0,0,0,0,0,0,0,0,0
0.023397,0.023414,0.024197,0,0,0,0,0,0,0,0,0,0,0,0
0.022857,0.023712,0.023297,0,0,0,0,0,0,0,0,0,0,0,0
0.023168,0.023202,0.023553,0,0,0,0,0,0,0,0,0,0,0,0
0.023214,0.023374,0.023766,0,0,0,0,0,0,0,0,0,0,0,0
0.023031,0.022791,0.023194,0,0,0,0,0,0,0,0,0,0,0,0
0.02326,0.02293,0.023348,0,0,0,0,0,0,0,0,0,0,0,0
0.02307,0.023069,0.023407,0,0,0,0,0,0,0,0,0,0,0,0
0.022603,0.02364,0.02293,0,0,0,0,0,0,0,0,0,0,0,0
0.022616,0.022583,0.022668,0,0,0,0,0,0,0,0,0,0,0,0
0.022922,0.02282,0.022924,0,0,0,0,0,0,0,0,0,0,0,0
0.023023,0.023197,0.023074,0,0,0,0,0,0,0,0,0,0,0,0
0.022794,0.022703,0.022726,0,0,0,0,0,0,0,0,0,0,0,0
0.023015,0.022967,0.02304,0,0,0,0,0,0,0,0,0,0,0,0
0.022921,0.022837,0.022905,0,0,0,0,0,0,0,0,0,0,0,0
0.022657,0.022668,0.022728,0,0,0,0,0,0,0,0,0,0,0,0
0.023082,0.023113,0.022985,0,0,0,0,0,0,0,0,0,0,0,0
0.022765,0.022763,0.022917,0,0,0,0,0,0,0,0,0,0,0,0
0.023381,0.022571,0.023526,0,0,0,0,0,0,0,0,0,0,0,0
0.022753,0.022793,0.0228,0,0,0,0,0,0,0,0,0,0,0,0
0.023272,0.023451,0.02269,0,0,0,0,0,0,0,0,0,0,0,0
0.023836,0.023551,0.023612,0,0,0,0,0,0,0,0,0,0,0,0
0.023125,0.023075,0.023252,0,0,0,0,0,0,0,0,0,0,0,0
0.023092,0.022862,0.023356,0,0,0,0,0,0,0,0,0,0,0,0
0.02326,0.023134,0.023735,0,0,0,0,0,0,0,0,0,0,0,0
0.023495,0.023541,0.023137,0,0,0,0,0,0,0,0,0,0,0,0
0.023191,0.023258,0.023571,0,0,0,0,0,0,0,0,0,0,0,0
0.023253,0.023483,0.024051,0,0,0,0,0,0,0,0,0,0,0,0
0.023808,0.022908,0.024284,0,0,0,0,0,0,0,0,0,0,0,0
0.023385,0.022717,0.023009,0,0,0,0,0,0,0,0,0,0,0,0
0.022993,0.023456,0.023358,0,0,0,0,0,0,0,0,0,0,0,0
0.022754,0.023521,0.023246,0,0,0,0,0,0,0,0,0,0,0,0
0.022581,0.022637,0.023002,0,0,0,0,0,0,0,0,0,0,0,0
0.022584,0.022773,0.023951,0,0,0,0,0,0,0,0,0,0,0,0
0.022825,0.022832,0.023116,0,0,0,0,0,0,0,0,0,0,0,0
0.022795,0.022719,0.024028,0,0,0,0,0,0,0,0,0,0,0,0
0.022926,0.022988,0.024272,0,0,0,0,0,0,0,0,0,0,0,0
0.02323,0.023034,0.023314,0,0,0,0,0,0,0,0,0,0,0,0
0.02287,0.022816,0.023045,0,0,0,0,0,0,0,0,0,0,0,0
0.022918,0.023,0.023099,0,0,0,0,0,0,0,0,0,0,0,0
0.023128,0.023128,0.023423,0,0,0,0,0,0,0,0,0,0,0,0
0.022699,0.022649,0.022713,0,0,0,0,0,0,0,0,0,0,0,0
0.022801,0.022928,0.022848,0,0,0,0,0,0,0,0,0,0,0,0
0.023587,0.024274,0.023112,0,0,0,0,0,0,0,0,0,0,0,0
0.023838,0.02287,0.02401,0,0,0,0,0,0,0,0,0,0,0,0
0.022959,0.022939,0.023387,0,0,0,0,0,0,0,0,0,0,0,0
0.022929,0.022908,0.022992,0,0,0,0,0,0,0,0,0,0,0,0
0.022804,0.022788,0.022723,0,0,0,0,0,0,0,0,0,0,0,0
0.022846,0.022695,0.022746,0,0,0,0,0,0,0,0,0,0,0,0
0.023787,0.023838,0.024346,0,0,0,0,0,0,0,0,0,0,0,0
0.023048,0.023119,0.023112,0,0,0,0,0,0,0,0,0,0,0,0
0.023181,0.023071,0.023159,0,0,0,0,0,0,0,0,0,0,0,0
0.023042,0.022924,0.022989,0,0,0,0,0,0,0,0,0,0,0,0
0.022995,0.023071,0.02312,0,0,0,0,0,0,0,0,0,0,0,0
0.022795,0.022958,0.023077,0,0,0,0,0,0,0,0,0,0,0,0
0.023403,0.023435,0.024569,0,0,0,0,0,0,0,0,0,0,0,0
0.023229,0.022823,0.022877,0,0,0,0,0,0,0,0,0,0,0,0
0.022801,0.022793,0.02276,0,0,0,0,0,0,0,0,0,0,0,0
0.022788,0.022832,0.022854,0,0,0,0,0,0,0,0,0,0,0,0
0.022804,0.022788,0.022835,0,0,0,0,0,0,0,0,0,0,0,0
0.022824,0.022861,0.023622,0,0,0,0,0,0,0,0,0,0,0,0
0.023467,0.023657,0.023618,0,0,0,0,0,0,0,0,0,0,0,0
0.02309,0.023104,0.02307,0,0,0,0,0,0,0,0,0,0,0,0
0.022823,0.022793,0.022887,0,0,0,0,0,0,0,0,0,0,0,0
0.023228,0.023009,0.023153,0,0,0,0,0,0,0,0,0,0,0,0
0.023087,0.023079,0.023136,0,0,0,0,0,0,0,0,0,0,0,0
0.02284,0.022898,0.022936,0,0,0,0,0,0,0,0,0,0,0,0
0.022835,0.022924,0.022851,0,0,0,0,0,0,0,0,0,0,0,0
0.023529,0.023516,0.023686,0,0,0,0,0,0,0,0,0,0,0,0
0.020486,0.0204,0.02051,0,0,0,0,0,0,0,0,0,0,0,0
0.021288,0.021279,0.021317,0,0,0,0,0,0,0,0,0,0,0,0
0.02472,0.024638,0.024646,0,0,0,0,0,0,0,0,0,0,0,0
0.024516,0.025247,0.024649,0,0,0,0,0,0,0,0,0,0,0,0
0.020141,0.020241,0.020297,0,0,0,0,0,0,0,0,0,0,0,0
0.023792,0.023902,0.023846,0,0,0,0,0,0,0,0,0,0,0,0
0.023876,0.024008,0.023899,0,0,0,0,0,0,0,0,0,0,0,0
0.020259,0.020352,0.021136,0,0,0,0,0,0,0,0,0,0,0,0
0.023591,0.02371,0.023611,0,0,0,0,0,0,0,0,0,0,0,0
0.020532,0.020533,0.0205,0,0,0,0,0,0,0,0,0,0,0,0
0.020395,0.020459,0.020433,0,0,0,0,0,0,0,0,0,0,0,0
0.020351,0.020323,0.020375,0,0,0,0,0,0,0,0,0,0,0,0
0.02385,0.023871,0.024015,0,0,0,0,0,0,0,0,0,0,0,0
0.023863,0.023868,0.023902,0,0,0,0,0,0,0,0,0,0,0,0
0.020498,0.020454,0.020506,0,0,0,0,0,0,0,0,0,0,0,0
0.020426,0.020505,0.020521,0,0,0,0,0,0,0,0,0,0,0,0
0.021289,0.021296,0.021321,0,0,0,0,0,0,0,0,0,0,0,0
0.023984,0.024072,0.024672,0,0,0,0,0,0,0,0,0,0,0,0
0.022134,0.022093,0.022135,0,0,0,0,0,0,0,0,0,0,0,0
0.0258,0.02571,0.025721,0,0,0,0,0,0,0,0,0,0,0,0
0.021869,0.022047,0.02183,0,0,0,0,0,0,0,0,0,0,0,0
0.021141,0.021082,0.021122,0,0,0,0,0,0,0,0,0,0,0,0
0.021835,0.021757,0.021813,0,0,0,0,0,0,0,0,0,0,0,0
0.020971,0.020945,0.021006,0,0,0,0,0,0,0,0,0,0,0,0
0.024203,0.024356,0.024221,0,0,0,0,0,0,0,0,0,0,0,0
0.020738,0.020825,0.020748,0,0,0,0,0,0,0,0,0,0,0,0
0.023455,0.024286,0.023482,0,0,0,0,0,0,0,0,0,0,0,0
0.023457,0.023499,0.023484,0,0,0,0,0,0,0,0,0,0,0,0
0.023664,0.022947,0.023161,0,0,0,0,0,0,0,0,0,0,0,0
0.023692,0.023574,0.023726,0,0,0,0,0,0,0,0,0,0,0,0
0.023413,0.02344,0.023423,0,0,0,0,0,0,0,0,0,0,0,0
0.023377,0.023322,0.023307,0,0,0,0,0,0,0,0,0,0,0,0
0.022988,0.023322,0.02287,0,0,0,0,0,0,0,0,0,0,0,0
0.02302,0.023039,0.022915,0,0,0,0,0,0,0,0,0,0,0,0
0.023075,0.022868,0.022944,0,0,0,0,0,0,0,0,0,0,0,0
0.022774,0.022784,0.022653,0,0,0,0,0,0,0,0,0,0,0,0
0.02319,0.023184,0.023269,0,0,0,0,0,0,0,0,0,0,0,0
0.023103,0.023106,0.023147,0,0,0,0,0,0,0,0,0,0,0,0
0.023693,0.02362,0.023641,0,0,0,0,0,0,0,0,0,0,0,0
0.023598,0.023913,0.023484,0,0,0,0,0,0,0,0,0,0,0,0
0.023841,0.024725,0.023766,0,0,0,0,0,0,0,0,0,0,0,0
0.02377,0.023928,0.023821,0,0,0,0,0,0,0,0,0,0,0,0
0.023628,0.023547,0.023616,0,0,0,0,0,0,0,0,0,0,0,0
0.02472,0.024658,0.024664,0,0,0,0,0,0,0,0,0,0,0,0
0.023273,0.023261,0.023275,0,0,0,0,0,0,0,0,0,0,0,0
0.024632,0.023834,0.023818,0,0,0,0,0,0,0,0,0,0,0,0
0.023107,0.02315,0.023259,0,0,0,0,0,0,0,0,0,0,0,0
0.022965,0.023109,0.023535,0,0,0,0,0,0,0,0,0,0,0,0
0.022918,0.02303,0.023031,0,0,0,0,0,0,0,0,0,0,0,0
0.023126,0.02303,0.023139,0,0,0,0,0,0,0,0,0,0,0,0
0.023124,0.023132,0.023116,0,0,0,0,0,0,0,0,0,0,0,0
0.023598,0.022976,0.02301,0,0,0,0,0,0,0,0,0,0,0,0
0.023006,0.023072,0.023055,0,0,0,0,0,0,0,0,0,0,0,0
0.024066,0.024094,0.024074,0,0,0,0,0,0,0,0,0,0,0,0
0.024373,0.023373,0.023585,0,0,0,0,0,0,0,0,0,0,0,0
0.023109,0.023106,0.023121,0,0,0,0,0,0,0,0,0,0,0,0
0.023023,0.023053,0.02294,0,0,0,0,0,0,0,0,0,0,0,0
0.023523,0.023529,0.023527,0,0,0,0,0,0,0,0,0,0,0,0
0.022894,0.022902,0.022932,0,0,0,0,0,0,0,0,0,0,0,0
0.023611,0.023576,0.023585,0,0,0,0,0,0,0,0,0,0,0,0
0.022695,0.02383,0.022805,0,0,0,0,0,0,0,0,0,0,0,0
0.022788,0.023493,0.023015,0,0,0,0,0,0,0,0,0,0,0,0
0.02292,0.022983,0.022943,0,0,0,0,0,0,0,0,0,0,0,0
0.022746,0.02286,0.022785,0,0,0,0,0,0,0,0,0,0,0,0
0.022992,0.022914,0.022887,0,0,0,0,0,0,0,0,0,0,0,0
0.022902,0.022931,0.022849,0,0,0,0,0,0,0,0,0,0,0,0
0.023003,0.023014,0.023002,0,0,0,0,0,0,0,0,0,0,0,0
0.023109,0.023149,0.023543,0,0,0,0,0,0,0,0,0,0,0,0
0.023029,0.02293,0.023011,0,0,0,0,0,0,0,0,0,0,0,0
0.022783,0.023653,0.022713,0,0,0,0,0,0,0,0,0,0,0,0
0.023128,0.023091,0.023086,0,0,0,0,0,0,0,0,0,0,0,0
0.023782,0.023058,0.022994,0,0,0,0,0,0,0,0,0,0,0,0
0.022849,0.022805,0.022984,0,0,0,0,0,0,0,0,0,0,0,0
0.024128,0.024122,0.024167,0,0,0,0,0,0,0,0,0,0,0,0
0.02276,0.022936,0.023057,0,0,0,0,0,0,0,0,0,0,0,0
0.023125,0.023586,0.023633,0,0,0,0,0,0,0,0,0,0,0,0
0.023338,0.02337,0.02327,0,0,0,0,0,0,0,0,0,0,0,0
0.022931,0.023002,0.022974,0,0,0,0,0,0,0,0,0,0,0,0
0.023582,0.023174,0.023039,0,0,0,0,0,0,0,0,0,0,0,0
0.023217,0.023631,0.02326,0,0,0,0,0,0,0,0,0,0,0,0
0.023205,0.023605,0.023739,0,0,0,0,0,0,0,0,0,0,0,0
0.02288,0.023036,0.023041,0,0,0,0,0,0,0,0,0,0,0,0
0.022741,0.02283,0.022958,0,0,0,0,0,0,0,0,0,0,0,0
0.023125,0.023162,0.023177,0,0,0,0,0,0,0,0,0,0,0,0
0.022926,0.022946,0.023137,0,0,0,0,0,0,0,0,0,0,0,0
0.023523,0.023089,0.023199,0,0,0,0,0,0,0,0,0,0,0,0
0.022836,0.022918,0.023249,0,0,0,0,0,0,0,0,0,0,0,0
0.02277,0.022727,0.022775,0,0,0,0,0,0,0,0,0,0,0,0
0.022871,0.023088,0.023058,0,0,0,0,0,0,0,0,0,0,0,0
0.022449,0.022569,0.022748,0,0,0,0,0,0,0,0,0,0,0,0
0.022424,0.022469,0.022493,0,0,0,0,0,0,0,0,0,0,0,0
0.022357,0.02235,0.02233,0,0,0,0,0,0,0,0,0,0,0,0
0.022669,0.02349,0.022824,0,0,0,0,0,0,0,0,0,0,0,0
0.022335,0.022252,0.022465,0,0,0,0,0,0,0,0,0,0,0,0
0.022518,0.022561,0.022601,0,0,0,0,0,0,0,0,0,0,0,0
0.023445,0.023094,0.022686,0,0,0,0,0,0,0,0,0,0,0,0
0.022413,0.022815,0.022495,0,0,0,0,0,0,0,0,0,0,0,0
0.022517,0.022493,0.022546,0,0,0,0,0,0,0,0,0,0,0,0
0.022878,0.022295,0.022338,0,0,0,0,0,0,0,0,0,0,0,0
0.022212,0.022323,0.022336,0,0,0,0,0,0,0,0,0,0,0,0
0.022831,0.02269,0.022659,0,0,0,0,0,0,0,0,0,0,0,0
0.022266,0.022338,0.02232,0,0,0,0,0,0,0,0,0,0,0,0
0.024104,0.023567,0.023613,0,0,0,0,0,0,0,0,0,0,0,0
0.023131,0.023269,0.023554,0,0,0,0,0,0,0,0,0,0,0,0
0.0227,0.022843,0.023004,0,0,0,0,0,0,0,0,0,0,0,0
0.022709,0.02315,0.023061,0,0,0,0,0,0,0,0,0,0,0,0
0.022841,0.022819,0.023015,0,0,0,0,0,0,0,0,0,0,0,0
0.022907,0.022832,0.023001,0,0,0,0,0,0,0,0,0,0,0,0
0.02305,0.02306,0.023132,0,0,0,0,0,0,0,0,0,0,0,0
0.022136,0.022156,0.022221,0,0,0,0,0,0,0,0,0,0,0,0
0.022679,0.022561,0.022629,0,0,0,0,0,0,0,0,0,0,0,0
0.022247,0.022177,0.022251,0,0,0,0,0,0,0,0,0,0,0,0
0.022139,0.022068,0.02213,0,0,0,0,0,0,0,0,0,0,0,0
0.022622,0.022627,0.022725,0,0,0,0,0,0,0,0,0,0,0,0
0.022708,0.022744,0.022739,0,0,0,0,0,0,0,0,0,0,0,0
0.022078,0.022026,0.022142,0,0,0,0,0,0,0,0,0,0,0,0
0.022708,0.022652,0.022721,0,0,0,0,0,0,0,0,0,0,0,0
0.022694,0.022726,0.022797,0,0,0,0,0,0,0,0,0,0,0,0
0.022244,0.022197,0.022381,0,0,0,0,0,0,0,0,0,0,0,0
0.022697,0.022813,0.022816,0,0,0,0,0,0,0,0,0,0,0,0
0.022685,0.022629,0.023801,0,0,0,0,0,0,0,0,0,0,0,0
0.022327,0.022299,0.022409,0,0,0,0,0,0,0,0,0,0,0,0
0.022632,0.022747,0.022745,0,0,0,0,0,0,0,0,0,0,0,0
0.022478,0.022543,0.022565,0,0,0,0,0,0,0,0,0,0,0,0
0.023067,0.023046,0.023632,0,0,0,0,0,0,0,0,0,0,0,0
0.021876,0.021827,0.021865,0,0,0,0,0,0,0,0,0,0,0,0
0.023893,0.023737,0.023919,0,0,0,0,0,0,0,0,0,0,0,0
0.022936,0.022848,0.022985,0,0,0,0,0,0,0,0,0,0,0,0
0.022728,0.0226,0.022799,0,0,0,0,0,0,0,0,0,0,0,0
0.022834,0.022831,0.022856,0,0,0,0,0,0,0,0,0,0,0,0
0.023256,0.023076,0.023313,0,0,0,0,0,0,0,0,0,0,0,0
0.022852,0.022797,0.022802,0,0,0,0,0,0,0,0,0,0,0,0
0.022949,0.02286,0.022947,0,0,0,0,0,0,0,0,0,0,0,0
0.022771,0.022601,0.022786,0,0,0,0,0,0,0,0,0,0,0,0
0.023452,0.023429,0.023516,0,0,0,0,0,0,0,0,0,0,0,0
0.022592,0.02265,0.022783,0,0,0,0,0,0,0,0,0,0,0,0
0.024149,0.023347,0.023731,0,0,0,0,0,0,0,0,0,0,0,0
0.02277,0.02346,0.023186,0,0,0,0,0,0,0,0,0,0,0,0
0.022247,0.022259,0.022595,0,0,0,0,0,0,0,0,0,0,0,0
0.022785,0.022902,0.023098,0,0,0,0,0,0,0,0,0,0,0,0
0.022744,0.022757,0.022823,0,0,0,0,0,0,0,0,0,0,0,0
0.022682,0.022812,0.022823,0,0,0,0,0,0,0,0,0,0,0,0
0.022321,0.02216,0.022266,0,0,0,0,0,0,0,0,0,0,0,0
0.022691,0.022818,0.02266,0,0,0,0,0,0,0,0,0,0,0,0
0.022229,0.022286,0.022308,0,0,0,0,0,0,0,0,0,0,0,0
0.022343,0.022212,0.02306,0,0,0,0,0,0,0,0,0,0,0,0
0.022697,0.022699,0.022738,0,0,0,0,0,0,0,0,0,0,0,0
0.023357,0.023288,0.023418,0,0,0,0,0,0,0,0,0,0,0,0
0.023998,0.023078,0.023094,0,0,0,0,0,0,0,0,0,0,0,0
0.023007,0.022974,0.023005,0,0,0,0,0,0,0,0,0,0,0,0
0.022686,0.022672,0.022602,0,0,0,0,0,0,0,0,0,0,0,0
0.023104,0.023106,0.023211,0,0,0,0,0,0,0,0,0,0,0,0
0.022928,0.022902,0.02296,0,0,0,0,0,0,0,0,0,0,0,0
0.022356,0.02232,0.022562,0,0,0,0,0,0,0,0,0,0,0,0
0.022452,0.022419,0.02262,0,0,0,0,0,0,0,0,0,0,0,0
0.023274,0.022233,0.02226,0,0,0,0,0,0,0,0,0,0,0,0
0.022194,0.022145,0.022195,0,0,0,0,0,0,0,0,0,0,0,0
0.023744,0.022758,0.022769,0,0,0,0,0,0,0,0,0,0,0,0
0.022355,0.0223,0.022304,0,0,0,0,0,0,0,0,0,0,0,0
0.022326,0.02215,0.022354,0,0,0,0,0,0,0,0,0,0,0,0
0.022508,0.022396,0.023238,0,0,0,0,0,0,0,0,0,0,0,0
0.022704,0.022764,0.022718,0,0,0,0,0,0,0,0,0,0,0,0
0.022862,0.022874,0.022884,0,0,0,0,0,0,0,0,0,0,0,0
0.023322,0.023418,0.023205,0,0,0,0,0,0,0,0,0,0,0,0
0.02253,0.021936,0.021998,0,0,0,0,0,0,0,0,0,0,0,0
0.023819,0.02407,0.023873,0,0,0,0,0,0,0,0,0,0,0,0
0.022211,0.022113,0.022362,0,0,0,0,0,0,0,0,0,0,0,0
0.022332,0.021395,0.021734,0,0,0,0,0,0,0,0,0,0,0,0
0.022142,0.022157,0.022224,0,0,0,0,0,0,0,0,0,0,0,0
0.021119,0.021092,0.021116,0,0,0,0,0,0,0,0,0,0,0,0
0.020997,0.021101,0.021079,0,0,0,0,0,0,0,0,0,0,0,0
0.021659,0.021721,0.021681,0,0,0,0,0,0,0,0,0,0,0,0
0.021006,0.021005,0.021533,0,0,0,0,0,0,0,0,0,0,0,0
0.021744,0.020979,0.021006,0,0,0,0,0,0,0,0,0,0,0,0
0.022697,0.022704,0.022688,0,0,0,0,0,0,0,0,0,0,0,0
0.022002,0.02194,0.021995,0,0,0,0,0,0,0,0,0,0,0,0
0.022439,0.022167,0.022428,0,0,0,0,0,0,0,0,0,0,0,0
0.022021,0.022801,0.022021,0,0,0,0,0,0,0,0,0,0,0,0
0.022175,0.022063,0.022252,0,0,0,0,0,0,0,0,0,0,0,0
0.022597,0.022567,0.022643,0,0,0,0,0,0,0,0,0,0,0,0
0.022267,0.022258,0.022667,0,0,0,0,0,0,0,0,0,0,0,0
0.0229,0.022882,0.023404,0,0,0,0,0,0,0,0,0,0,0,0
0.022227,0.022187,0.023604,0,0,0,0,0,0,0,0,0,0,0,0
0.023332,0.022521,0.023478,0,0,0,0,0,0,0,0,0,0,0,0
0.022522,0.022441,0.022765,0,0,0,0,0,0,0,0,0,0,0,0
0.022166,0.022182,0.022426,0,0,0,0,0,0,0,0,0,0,0,0
0.022894,0.022918,0.023162,0,0,0,0,0,0,0,0,0,0,0,0
0.02338,0.022712,0.022524,0,0,0,0,0,0,0,0,0,0,0,0
0.021459,0.02146,0.021523,0,0,0,0,0,0,0,0,0,0,0,0
0.022795,0.022847,0.022753,0,0,0,0,0,0,0,0,0,0,0,0
0.022822,0.022125,0.022093,0,0,0,0,0,0,0,0,0,0,0,0
0.021202,0.021126,0.021235,0,0,0,0,0,0,0,0,0,0,0,0
0.022462,0.022547,0.022586,0,0,0,0,0,0,0,0,0,0,0,0
0.022324,0.022267,0.02229,0,0,0,0,0,0,0,0,0,0,0,0
0.022253,0.023056,0.022177,0,0,0,0,0,0,0,0,0,0,0,0
0.022274,0.022303,0.022362,0,0,0,0,0,0,0,0,0,0,0,0
0.022576,0.02255,0.022588,0,0,0,0,0,0,0,0,0,0,0,0
0.022552,0.022545,0.022492,0,0,0,0,0,0,0,0,0,0,0,0
0.022861,0.022824,0.022841,0,0,0,0,0,0,0,0,0,0,0,0
0.022928,0.022883,0.022767,0,0,0,0,0,0,0,0,0,0,0,0
0.022444,0.022453,0.023567,0,0,0,0,0,0,0,0,0,0,0,0
0.022692,0.022942,0.022882,0,0,0,0,0,0,0,0,0,0,0,0
0.02284,0.022907,0.02283,0,0,0,0,0,0,0,0,0,0,0,0
0.022652,0.022642,0.022612,0,0,0,0,0,0,0,0,0,0,0,0
0.023673,0.022676,0.022727,0,0,0,0,0,0,0,0,0,0,0,0
0.022669,0.022732,0.022748,0,0,0,0,0,0,0,0,0,0,0,0
0.022581,0.022564,0.022573,0,0,0,0,0,0,0,0,0,0,0,0
0.022567,0.023376,0.022589,0,0,0,0,0,0,0,0,0,0,0,0
0.022723,0.0227,0.022737,0,0,0,0,0,0,0,0,0,0,0,0
0.022668,0.022662,0.022715,0,0,0,0,0,0,0,0,0,0,0,0
0.022535,0.0225,0.022516,0,0,0,0,0,0,0,0,0,0,0,0
0.022965,0.023031,0.023106,0,0,0,0,0,0,0,0,0,0,0,0
0.023098,0.023098,0.023074,0,0,0,0,0,0,0,0,0,0,0,0
0.022859,0.02283,0.022958,0,0,0,0,0,0,0,0,0,0,0,0
0.022708,0.022836,0.022754,0,0,0,0,0,0,0,0,0,0,0,0
0.022538,0.022513,0.022676,0,0,0,0,0,0,0,0,0,0,0,0
0.022841,0.022701,0.022873,0,0,0,0,0,0,0,0,0,0,0,0
0.022827,0.022922,0.022861,0,0,0,0,0,0,0,0,0,0,0,0
0.022541,0.022657,0.022668,0,0,0,0,0,0,0,0,0,0,0,0
0.023151,0.023181,0.023036,0,0,0,0,0,0,0,0,0,0,0,0
0.023586,0.022935,0.022976,0,0,0,0,0,0,0,0,0,0,0,0
0.022532,0.022393,0.022549,0,0,0,0,0,0,0,0,0,0,0,0
0.022806,0.02261,0.022683,0,0,0,0,0,0,0,0,0,0,0,0
0.022828,0.022729,0.022725,0,0,0,0,0,0,0,0,0,0,0,0
0.022543,0.022492,0.02255,0,0,0,0,0,0,0,0,0,0,0,0
0.022711,0.022939,0.022729,0,0,0,0,0,0,0,0,0,0,0,0
0.023735,0.022859,0.022833,0,0,0,0,0,0,0,0,0,0,0,0
0.022624,0.022457,0.022539,0,0,0,0,0,0,0,0,0,0,0,0
0.023659,0.022761,0.022999,0,0,0,0,0,0,0,0,0,0,0,0
0.023115,0.023106,0.022976,0,0,0,0,0,0,0,0,0,0,0,0
0.023885,0.022983,0.022975,0,0,0,0,0,0,0,0,0,0,0,0
0.022647,0.022676,0.022639,0,0,0,0,0,0,0,0,0,0,0,0
0.022676,0.023539,0.022858,0,0,0,0,0,0,0,0,0,0,0,0
0.022349,0.022434,0.022451,0,0,0,0,0,0,0,0,0,0,0,0
0.023537,0.022674,0.022897,0,0,0,0,0,0,0,0,0,0,0,0
0.022531,0.022502,0.022614,0,0,0,0,0,0,0,0,0,0,0,0
0.022612,0.022542,0.023167,0,0,0,0,0,0,0,0,0,0,0,0
0.022557,0.022581,0.023976,0,0,0,0,0,0,0,0,0,0,0,0
0.022626,0.02283,0.022976,0,0,0,0,0,0,0,0,0,0,0,0
0.022605,0.022709,0.02431,0,0,0,0,0,0,0,0,0,0,0,0
0.023078,0.023108,0.023666,0,0,0,0,0,0,0,0,0,0,0,0
0.02331,0.023346,0.024079,0,0,0,0,0,0,0,0,0,0,0,0
0.02287,0.022898,0.024352,0,0,0,0,0,0,0,0,0,0,0,0
0.022684,0.022721,0.022651,0,0,0,0,0,0,0,0,0,0,0,0
0.023487,0.022876,0.023163,0,0,0,0,0,0,0,0,0,0,0,0
0.023302,0.022773,0.02282,0,0,0,0,0,0,0,0,0,0,0,0
0.024111,0.022662,0.022969,0,0,0,0,0,0,0,0,0,0,0,0
0.023183,0.022478,0.023064,0,0,0,0,0,0,0,0,0,0,0,0
0.022484,0.022413,0.02333,0,0,0,0,0,0,0,0,0,0,0,0
0.022635,0.022598,0.022583,0,0,0,0,0,0,0,0,0,0,0,0
0.022598,0.022443,0.023175,0,0,0,0,0,0,0,0,0,0,0,0
0.022359,0.023698,0.022496,0,0,0,0,0,0,0,0,0,0,0,0
0.022632,0.022368,0.022525,0,0,0,0,0,0,0,0,0,0,0,0
0.022377,0.022307,0.023026,0,0,0,0,0,0,0,0,0,0,0,0
0.022353,0.022328,0.02245,0,0,0,0,0,0,0,0,0,0,0,0
0.022559,0.022378,0.022359,0,0,0,0,0,0,0,0,0,0,0,0
0.022487,0.022409,0.022947,0,0,0,0,0,0,0,0,0,0,0,0
0.022437,0.022148,0.023264,0,0,0,0,0,0,0,0,0,0,0,0
0.022957,0.022915,0.023383,0,0,0,0,0,0,0,0,0,0,0,0
0.02256,0.022231,0.022954,0,0,0,0,0,0,0,0,0,0,0,0
0.022589,0.02273,0.022489,0,0,0,0,0,0,0,0,0,0,0,0
0.02374,0.022937,0.022681,0,0,0,0,0,0,0,0,0,0,0,0
0.022447,0.022438,0.024247,0,0,0,0,0,0,0,0,0,0,0,0
0.023186,0.022228,0.02249,0,0,0,0,0,0,0,0,0,0,0,0
0.022923,0.022854,0.023085,0,0,0,0,0,0,0,0,0,0,0,0
0.02361,0.022592,0.023302,0,0,0,0,0,0,0,0,0,0,0,0
0.022199,0.022178,0.022831,0,0,0,0,0,0,0,0,0,0,0,0
0.022814,0.023501,0.02322,0,0,0,0,0,0,0,0,0,0,0,0
0.022455,0.023061,0.022454,0,0,0,0,0,0,0,0,0,0,0,0
0.022913,0.022836,0.023385,0,0,0,0,0,0,0,0,0,0,0,0
0.022434,0.022354,0.022755,0,0,0,0,0,0,0,0,0,0,0,0
0.022396,0.022808,0.022494,0,0,0,0,0,0,0,0,0,0,0,0
0.022289,0.022286,0.022699,0,0,0,0,0,0,0,0,0,0,0,0
0.022604,0.022651,0.022817,0,0,0,0,0,0,0,0,0,0,0,0
0.022526,0.022531,0.022973,0,0,0,0,0,0,0,0,0,0,0,0
0.022265,0.022332,0.022604,0,0,0,0,0,0,0,0,0,0,0,0
0.02337,0.02273,0.022924,0,0,0,0,0,0,0,0,0,0,0,0
0.0224,0.02239,0.022388,0,0,0,0,0,0,0,0,0,0,0,0
0.023169,0.022366,0.022488,0,0,0,0,0,0,0,0,0,0,0,0
0.02289,0.022898,0.023267,0,0,0,0,0,0,0,0,0,0,0,0
0.022701,0.022542,0.023212,0,0,0,0,0,0,0,0,0,0,0,0
0.022871,0.022848,0.022982,0,0,0,0,0,0,0,0,0,0,0,0
0.023326,0.023185,0.023714,0,0,0,0,0,0,0,0,0,0,0,0
0.022715,0.022704,0.023477,0,0,0,0,0,0,0,0,0,0,0,0
0.022664,0.022739,0.022732,0,0,0,0,0,0,0,0,0,0,0,0
0.022588,0.02259,0.022649,0,0,0,0,0,0,0,0,0,0,0,0
0.022493,0.022496,0.02256,0,0,0,0,0,0,0,0,0,0,0,0
0.022901,0.022911,0.022941,0,0,0,0,0,0,0,0,0,0,0,0
0.022783,0.022841,0.022769,0,0,0,0,0,0,0,0,0,0,0,0
0.022389,0.022405,0.022353,0,0,0,0,0,0,0,0,0,0,0,0
0.022411,0.022362,0.022481,0,0,0,0,0,0,0,0,0,0,0,0
0.022681,0.02645,0.022961,0,0,0,0,0,0,0,0,0,0,0,0
0.023176,0.023008,0.023674,0,0,0,0,0,0,0,0,0,0,0,0
0.022125,0.022065,0.022096,0,0,0,0,0,0,0,0,0,0,0,0
0.021964,0.021929,0.022034,0,0,0,0,0,0,0,0,0,0,0,0
0.022665,0.02268,0.022603,0,0,0,0,0,0,0,0,0,0,0,0
0.022295,0.022316,0.022317,0,0,0,0,0,0,0,0,0,0,0,0
0.023246,0.023277,0.023274,0,0,0,0,0,0,0,0,0,0,0,0
0.022143,0.022064,0.022746,0,0,0,0,0,0,0,0,0,0,0,0
0.02181,0.021911,0.022281,0,0,0,0,0,0,0,0,0,0,0,0
0.022766,0.022705,0.023228,0,0,0,0,0,0,0,0,0,0,0,0
0.021902,0.02181,0.021836,0,0,0,0,0,0,0,0,0,0,0,0
0.021861,0.021526,0.021595,0,0,0,0,0,0,0,0,0,0,0,0
0.023252,0.023269,0.024636,0,0,0,0,0,0,0,0,0,0,0,0
0.022347,0.022284,0.02276,0,0,0,0,0,0,0,0,0,0,0,0
0.021422,0.021395,0.021979,0,0,0,0,0,0,0,0,0,0,0,0
0.022865,0.022819,0.023661,0,0,0,0,0,0,0,0,0,0,0,0
0.022377,0.0224,0.022891,0,0,0,0,0,0,0,0,0,0,0,0
0.021728,0.0218,0.022279,0,0,0,0,0,0,0,0,0,0,0,0
0.025053,0.023996,0.024073,0,0,0,0,0,0,0,0,0,0,0,0
0.023252,0.023382,0.023729,0,0,0,0,0,0,0,0,0,0,0,0
0.022786,0.022862,0.022795,0,0,0,0,0,0,0,0,0,0,0,0
0.022538,0.022657,0.02259,0,0,0,0,0,0,0,0,0,0,0,0
0.023221,0.023194,0.023548,0,0,0,0,0,0,0,0,0,0,0,0
0.022622,0.02344,0.023489,0,0,0,0,0,0,0,0,0,0,0,0
0.022461,0.022464,0.022511,0,0,0,0,0,0,0,0,0,0,0,0
0.022662,0.022805,0.023016,0,0,0,0,0,0,0,0,0,0,0,0
0.022861,0.022966,0.023879,0,0,0,0,0,0,0,0,0,0,0,0
0.022531,0.022453,0.022463,0,0,0,0,0,0,0,0,0,0,0,0
0.022408,0.022386,0.022392,0,0,0,0,0,0,0,0,0,0,0,0
0.022457,0.02239,0.022472,0,0,0,0,0,0,0,0,0,0,0,0
0.022587,0.022552,0.022613,0,0,0,0,0,0,0,0,0,0,0,0
0.022356,0.022335,0.022379,0,0,0,0,0,0,0,0,0,0,0,0
0.022536,0.022647,0.022517,0,0,0,0,0,0,0,0,0,0,0,0
0.02234,0.022271,0.022208,0,0,0,0,0,0,0,0,0,0,0,0
0.022439,0.022492,0.022506,0,0,0,0,0,0,0,0,0,0,0,0
0.022336,0.02239,0.022356,0,0,0,0,0,0,0,0,0,0,0,0
0.022814,0.023563,0.02283,0,0,0,0,0,0,0,0,0,0,0,0
0.023019,0.02304,0.023067,0,0,0,0,0,0,0,0,0,0,0,0
0.022577,0.022728,0.022615,0,0,0,0,0,0,0,0,0,0,0,0
0.022822,0.022818,0.022841,0,0,0,0,0,0,0,0,0,0,0,0
0.022874,0.022882,0.022898,0,0,0,0,0,0,0,0,0,0,0,0
0.022568,0.022604,0.022863,0,0,0,0,0,0,0,0,0,0,0,0
0.022953,0.023839,0.023742,0,0,0,0,0,0,0,0,0,0,0,0
0.023061,0.023196,0.023534,0,0,0,0,0,0,0,0,0,0,0,0
0.023119,0.023359,0.023744,0,0,0,0,0,0,0,0,0,0,0,0
0.022791,0.022945,0.024267,0,0,0,0,0,0,0,0,0,0,0,0
0.023054,0.023197,0.023156,0,0,0,0,0,0,0,0,0,0,0,0
0.02286,0.022958,0.023462,0,0,0,0,0,0,0,0,0,0,0,0
0.023548,0.023011,0.023521,0,0,0,0,0,0,0,0,0,0,0,0
0.023524,0.023301,0.023922,0,0,0,0,0,0,0,0,0,0,0,0
0.023616,0.023629,0.023982,0,0,0,0,0,0,0,0,0,0,0,0
0.022919,0.022988,0.023288,0,0,0,0,0,0,0,0,0,0,0,0
0.023082,0.023024,0.023714,0,0,0,0,0,0,0,0,0,0,0,0
0.022695,0.022753,0.023069,0,0,0,0,0,0,0,0,0,0,0,0
0.023385,0.023432,0.023951,0,0,0,0,0,0,0,0,0,0,0,0
0.024604,0.023907,0.02437,0,0,0,0,0,0,0,0,0,0,0,0
0.022828,0.022724,0.023089,0,0,0,0,0,0,0,0,0,0,0,0
0.023862,0.023967,0.02372,0,0,0,0,0,0,0,0,0,0,0,0
0.023367,0.023951,0.023686,0,0,0,0,0,0,0,0,0,0,0,0
0.022676,0.022965,0.022693,0,0,0,0,0,0,0,0,0,0,0,0
0.022735,0.023068,0.02269,0,0,0,0,0,0,0,0,0,0,0,0
0.022726,0.022741,0.023237,0,0,0,0,0,0,0,0,0,0,0,0
0.022478,0.022453,0.022861,0,0,0,0,0,0,0,0,0,0,0,0
0.023137,0.02323,0.023461,0,0,0,0,0,0,0,0,0,0,0,0
0.023043,0.023098,0.023018,0,0,0,0,0,0,0,0,0,0,0,0
0.022701,0.022559,0.022474,0,0,0,0,0,0,0,0,0,0,0,0
0.022694,0.023492,0.022679,0,0,0,0,0,0,0,0,0,0,0,0
0.023244,0.023335,0.023168,0,0,0,0,0,0,0,0,0,0,0,0
0.02308,0.02412,0.023704,0,0,0,0,0,0,0,0,0,0,0,0
0.0228,0.022702,0.024048,0,0,0,0,0,0,0,0,0,0,0,0
0.023058,0.023079,0.023475,0,0,0,0,0,0,0,0,0,0,0,0
0.023446,0.022414,0.022743,0,0,0,0,0,0,0,0,0,0,0,0
0.023037,0.023188,0.022994,0,0,0,0,0,0,0,0,0,0,0,0
0.022768,0.022671,0.023511,0,0,0,0,0,0,0,0,0,0,0,0
0.022804,0.022855,0.024383,0,0,0,0,0,0,0,0,0,0,0,0
0.023397,0.022606,0.022864,0,0,0,0,0,0,0,0,0,0,0,0
0.023282,0.023309,0.024184,0,0,0,0,0,0,0,0,0,0,0,0
0.022633,0.022604,0.023054,0,0,0,0,0,0,0,0,0,0,0,0
0.02261,0.023383,0.023105,0,0,0,0,0,0,0,0,0,0,0,0
0.022587,0.022697,0.022996,0,0,0,0,0,0,0,0,0,0,0,0
0.022911,0.023061,0.023553,0,0,0,0,0,0,0,0,0,0,0,0
0.023136,0.022989,0.023437,0,0,0,0,0,0,0,0,0,0,0,0
0.023049,0.02325,0.024133,0,0,0,0,0,0,0,0,0,0,0,0
0.022857,0.022928,0.023282,0,0,0,0,0,0,0,0,0,0,0,0
0.023008,0.023008,0.023096,0,0,0,0,0,0,0,0,0,0,0,0
0.022631,0.02269,0.022689,0,0,0,0,0,0,0,0,0,0,0,0
0.022607,0.022935,0.022634,0,0,0,0,0,0,0,0,0,0,0,0
0.022744,0.022855,0.024306,0,0,0,0,0,0,0,0,0,0,0,0
0.022612,0.022572,0.023015,0,0,0,0,0,0,0,0,0,0,0,0
0.022537,0.022613,0.023018,0,0,0,0,0,0,0,0,0,0,0,0
0.02266,0.022756,0.023891,0,0,0,0,0,0,0,0,0,0,0,0
0.022907,0.022939,0.023403,0,0,0,0,0,0,0,0,0,0,0,0
0.02242,0.022608,0.022429,0,0,0,0,0,0,0,0,0,0,0,0
0.02271,0.023003,0.022817,0,0,0,0,0,0,0,0,0,0,0,0
0.023014,0.023055,0.023058,0,0,0,0,0,0,0,0,0,0,0,0
0.022279,0.022251,0.022315,0,0,0,0,0,0,0,0,0,0,0,0
0.022763,0.023165,0.023582,0,0,0,0,0,0,0,0,0,0,0,0
0.022893,0.022895,0.023335,0,0,0,0,0,0,0,0,0,0,0,0
0.022563,0.022532,0.02301,0,0,0,0,0,0,0,0,0,0,0,0
0.023142,0.023139,0.023394,0,0,0,0,0,0,0,0,0,0,0,0
0.022602,0.022647,0.0229,0,0,0,0,0,0,0,0,0,0,0,0
0.022382,0.022516,0.023202,0,0,0,0,0,0,0,0,0,0,0,0
0.022501,0.022492,0.022549,0,0,0,0,0,0,0,0,0,0,0,0
0.022474,0.023072,0.022835,0,0,0,0,0,0,0,0,0,0,0,0
0.022357,0.023443,0.023168,0,0,0,0,0,0,0,0,0,0,0,0
0.022657,0.023011,0.022997,0,0,0,0,0,0,0,0,0,0,0,0
0.022578,0.022567,0.022989,0,0,0,0,0,0,0,0,0,0,0,0
0.022253,0.022266,0.022765,0,0,0,0,0,0,0,0,0,0,0,0
0.022537,0.022592,0.023086,0,0,0,0,0,0,0,0,0,0,0,0
0.023357,0.022663,0.022566,0,0,0,0,0,0,0,0,0,0,0,0
0.022423,0.022518,0.022456,0,0,0,0,0,0,0,0,0,0,0,0
0.022693,0.022662,0.022421,0,0,0,0,0,0,0,0,0,0,0,0
0.022349,0.022372,0.022777,0,0,0,0,0,0,0,0,0,0,0,0
0.022201,0.02221,0.022889,0,0,0,0,0,0,0,0,0,0,0,0
0.022432,0.022461,0.022625,0,0,0,0,0,0,0,0,0,0,0,0
0.022526,0.022635,0.02255,0,0,0,0,0,0,0,0,0,0,0,0
0.022111,0.022149,0.022535,0,0,0,0,0,0,0,0,0,0,0,0
0.022587,0.022723,0.023974,0,0,0,0,0,0,0,0,0,0,0,0
0.022468,0.022522,0.022867,0,0,0,0,0,0,0,0,0,0,0,0
0.022586,0.022332,0.022741,0,0,0,0,0,0,0,0,0,0,0,0
0.023103,0.022445,0.022825,0,0,0,0,0,0,0,0,0,0,0,0
0.022529,0.022518,0.022889,0,0,0,0,0,0,0,0,0,0,0,0
0.022353,0.02241,0.023035,0,0,0,0,0,0,0,0,0,0,0,0
0.022396,0.022569,0.023032,0,0,0,0,0,0,0,0,0,0,0,0
0.022506,0.022367,0.02273,0,0,0,0,0,0,0,0,0,0,0,0
0.02251,0.022367,0.022891,0,0,0,0,0,0,0,0,0,0,0,0
0.022223,0.022243,0.023401,0,0,0,0,0,0,0,0,0,0,0,0
0.022555,0.022419,0.022866,0,0,0,0,0,0,0,0,0,0,0,0
0.022439,0.022431,0.023073,0,0,0,0,0,0,0,0,0,0,0,0
0.022457,0.022524,0.022737,0,0,0,0,0,0,0,0,0,0,0,0
0.022414,0.022557,0.022659,0,0,0,0,0,0,0,0,0,0,0,0
0.022456,0.02253,0.022878,0,0,0,0,0,0,0,0,0,0,0,0
0.022466,0.022607,0.022892,0,0,0,0,0,0,0,0,0,0,0,0
0.022482,0.022527,0.022822,0,0,0,0,0,0,0,0,0,0,0,0
0.022606,0.022616,0.02331,0,0,0,0,0,0,0,0,0,0,0,0
0.022366,0.02239,0.023186,0,0,0,0,0,0,0,0,0,0,0,0
0.022811,0.022904,0.023233,0,0,0,0,0,0,0,0,0,0,0,0
0.022784,0.022891,0.02326,0,0,0,0,0,0,0,0,0,0,0,0
0.022773,0.022807,0.022743,0,0,0,0,0,0,0,0,0,0,0,0
0.023218,0.023268,0.023245,0,0,0,0,0,0,0,0,0,0,0,0
0.023556,0.023046,0.022996,0,0,0,0,0,0,0,0,0,0,0,0
0.023376,0.023436,0.023764,0,0,0,0,0,0,0,0,0,0,0,0
0.023253,0.023956,0.024277,0,0,0,0,0,0,0,0,0,0,0,0
0.022971,0.022968,0.023412,0,0,0,0,0,0,0,0,0,0,0,0
0.023244,0.023298,0.023351,0,0,0,0,0,0,0,0,0,0,0,0
0.023195,0.023284,0.023547,0,0,0,0,0,0,0,0,0,0,0,0
0.022657,0.022654,0.022671,0,0,0,0,0,0,0,0,0,0,0,0
0.023091,0.023167,0.023118,0,0,0,0,0,0,0,0,0,0,0,0
0.02302,0.023084,0.023521,0,0,0,0,0,0,0,0,0,0,0,0
0.023275,0.023532,0.023603,0,0,0,0,0,0,0,0,0,0,0,0
0.022637,0.022738,0.023071,0,0,0,0,0,0,0,0,0,0,0,0
0.023007,0.023227,0.024038,0,0,0,0,0,0,0,0,0,0,0,0
0.022987,0.023107,0.023375,0,0,0,0,0,0,0,0,0,0,0,0
0.022632,0.022726,0.023147,0,0,0,0,0,0,0,0,0,0,0,0
0.022566,0.022537,0.022504,0,0,0,0,0,0,0,0,0,0,0,0
0.022818,0.02293,0.022834,0,0,0,0,0,0,0,0,0,0,0,0
0.023038,0.023157,0.023115,0,0,0,0,0,0,0,0,0,0,0,0
0.022935,0.022965,0.022895,0,0,0,0,0,0,0,0,0,0,0,0
0.022768,0.022746,0.02319,0,0,0,0,0,0,0,0,0,0,0,0
0.022721,0.022698,0.023335,0,0,0,0,0,0,0,0,0,0,0,0
0.023337,0.022903,0.022928,0,0,0,0,0,0,0,0,0,0,0,0
0.022943,0.022596,0.022971,0,0,0,0,0,0,0,0,0,0,0,0
0.024231,0.024185,0.024686,0,0,0,0,0,0,0,0,0,0,0,0
0.023752,0.023094,0.023294,0,0,0,0,0,0,0,0,0,0,0,0
0.02296,0.022794,0.022938,0,0,0,0,0,0,0,0,0,0,0,0
0.022426,0.022705,0.02243,0,0,0,0,0,0,0,0,0,0,0,0
0.022409,0.02246,0.022858,0,0,0,0,0,0,0,0,0,0,0,0
0.022678,0.022729,0.023366,0,0,0,0,0,0,0,0,0,0,0,0
0.02258,0.022667,0.022862,0,0,0,0,0,0,0,0,0,0,0,0
0.02277,0.022976,0.023261,0,0,0,0,0,0,0,0,0,0,0,0
0.02277,0.022684,0.023493,0,0,0,0,0,0,0,0,0,0,0,0
0.022533,0.022497,0.022743,0,0,0,0,0,0,0,0,0,0,0,0
0.022743,0.022823,0.022699,0,0,0,0,0,0,0,0,0,0,0,0
0.023851,0.023105,0.023458,0,0,0,0,0,0,0,0,0,0,0,0
0.023088,0.023105,0.023177,0,0,0,0,0,0,0,0,0,0,0,0
0.022851,0.022966,0.022883,0,0,0,0,0,0,0,0,0,0,0,0
0.022848,0.022803,0.022768,0,0,0,0,0,0,0,0,0,0,0,0
0.022929,0.023136,0.022941,0,0,0,0,0,0,0,0,0,0,0,0
0.023272,0.0234,0.02352,0,0,0,0,0,0,0,0,0,0,0,0
0.023179,0.022878,0.02308,0,0,0,0,0,0,0,0,0,0,0,0
0.022486,0.022617,0.023187,0,0,0,0,0,0,0,0,0,0,0,0
0.0234,0.023426,0.023502,0,0,0,0,0,0,0,0,0,0,0,0
0.022999,0.023069,0.023111,0,0,0,0,0,0,0,0,0,0,0,0
0.022704,0.02339,0.022737,0,0,0,0,0,0,0,0,0,0,0,0
0.022861,0.022927,0.023022,0,0,0,0,0,0,0,0,0,0,0,0
0.0228,0.022859,0.02293,0,0,0,0,0,0,0,0,0,0,0,0
0.022573,0.022601,0.022631,0,0,0,0,0,0,0,0,0,0,0,0
0.023272,0.024175,0.023516,0,0,0,0,0,0,0,0,0,0,0,0
0.022729,0.022705,0.022733,0,0,0,0,0,0,0,0,0,0,0,0
0.022626,0.022648,0.022689,0,0,0,0,0,0,0,0,0,0,0,0
0.023068,0.022987,0.023041,0,0,0,0,0,0,0,0,0,0,0,0
0.022884,0.023891,0.023043,0,0,0,0,0,0,0,0,0,0,0,0
0.02269,0.023156,0.022802,0,0,0,0,0,0,0,0,0,0,0,0
0.022828,0.022827,0.022923,0,0,0,0,0,0,0,0,0,0,0,0
0.022855,0.022828,0.022829,0,0,0,0,0,0,0,0,0,0,0,0
0.02261,0.022678,0.022719,0,0,0,0,0,0,0,0,0,0,0,0
0.022467,0.022644,0.022612,0,0,0,0,0,0,0,0,0,0,0,0
0.022399,0.023351,0.022516,0,0,0,0,0,0,0,0,0,0,0,0
0.022354,0.022486,0.02246,0,0,0,0,0,0,0,0,0,0,0,0
0.022514,0.022569,0.022602,0,0,0,0,0,0,0,0,0,0,0,0
0.022818,0.022517,0.022647,0,0,0,0,0,0,0,0,0,0,0,0
0.022569,0.022604,0.022582,0,0,0,0,0,0,0,0,0,0,0,0
0.022872,0.022849,0.022916,0,0,0,0,0,0,0,0,0,0,0,0
0.02253,0.022586,0.022648,0,0,0,0,0,0,0,0,0,0,0,0
0.023262,0.02335,0.023411,0,0,0,0,0,0,0,0,0,0,0,0
0.02279,0.022885,0.022778,0,0,0,0,0,0,0,0,0,0,0,0
0.022511,0.022543,0.022626,0,0,0,0,0,0,0,0,0,0,0,0
0.02246,0.023301,0.022534,0,0,0,0,0,0,0,0,0,0,0,0
0.022666,0.022698,0.022842,0,0,0,0,0,0,0,0,0,0,0,0
0.022784,0.023695,0.022727,0,0,0,0,0,0,0,0,0,0,0,0
0.022812,0.022705,0.022873,0,0,0,0,0,0,0,0,0,0,0,0
0.022898,0.022889,0.022905,0,0,0,0,0,0,0,0,0,0,0,0
0.02255,0.022577,0.022921,0,0,0,0,0,0,0,0,0,0,0,0
0.022881,0.022754,0.022661,0,0,0,0,0,0,0,0,0,0,0,0
0.023168,0.023133,0.023216,0,0,0,0,0,0,0,0,0,0,0,0
0.022597,0.022737,0.022728,0,0,0,0,0,0,0,0,0,0,0,0
0.022626,0.022694,0.023775,0,0,0,0,0,0,0,0,0,0,0,0
0.022604,0.022605,0.022659,0,0,0,0,0,0,0,0,0,0,0,0
0.022469,0.022502,0.022843,0,0,0,0,0,0,0,0,0,0,0,0
0.02256,0.022686,0.023581,0,0,0,0,0,0,0,0,0,0,0,0
0.023147,0.02297,0.022882,0,0,0,0,0,0,0,0,0,0,0,0
0.022845,0.022872,0.022889,0,0,0,0,0,0,0,0,0,0,0,0
0.022808,0.022898,0.022822,0,0,0,0,0,0,0,0,0,0,0,0
0.022689,0.023481,0.022697,0,0,0,0,0,0,0,0,0,0,0,0
0.022573,0.02264,0.022655,0,0,0,0,0,0,0,0,0,0,0,0
0.02279,0.02284,0.022922,0,0,0,0,0,0,0,0,0,0,0,0
0.023834,0.023921,0.023272,0,0,0,0,0,0,0,0,0,0,0,0
0.023058,0.023079,0.023057,0,0,0,0,0,0,0,0,0,0,0,0
0.022987,0.023013,0.023053,0,0,0,0,0,0,0,0,0,0,0,0
0.023409,0.02288,0.022894,0,0,0,0,0,0,0,0,0,0,0,0
0.02282,0.023092,0.022997,0,0,0,0,0,0,0,0,0,0,0,0
0.022587,0.022848,0.022684,0,0,0,0,0,0,0,0,0,0,0,0
0.022648,0.022755,0.02274,0,0,0,0,0,0,0,0,0,0,0,0
0.022425,0.022593,0.022576,0,0,0,0,0,0,0,0,0,0,0,0
0.023363,0.022688,0.022735,0,0,0,0,0,0,0,0,0,0,0,0
0.023376,0.02315,0.023232,0,0,0,0,0,0,0,0,0,0,0,0
0.022346,0.022494,0.02241,0,0,0,0,0,0,0,0,0,0,0,0
0.022631,0.02274,0.022708,0,0,0,0,0,0,0,0,0,0,0,0
0.02291,0.022905,0.022946,0,0,0,0,0,0,0,0,0,0,0,0
0.022452,0.0225,0.022487,0,0,0,0,0,0,0,0,0,0,0,0
0.022836,0.02298,0.023554,0,0,0,0,0,0,0,0,0,0,0,0
0.022885,0.023018,0.023283,0,0,0,0,0,0,0,0,0,0,0,0
0.022773,0.022865,0.023219,0,0,0,0,0,0,0,0,0,0,0,0
0.022754,0.022925,0.023238,0,0,0,0,0,0,0,0,0,0,0,0
0.022579,0.02267,0.022951,0,0,0,0,0,0,0,0,0,0,0,0
0.02252,0.022623,0.0227,0,0,0,0,0,0,0,0,0,0,0,0
0.022353,0.022562,0.022597,0,0,0,0,0,0,0,0,0,0,0,0
0.022401,0.022515,0.022447,0,0,0,0,0,0,0,0,0,0,0,0
0.022299,0.022343,0.022474,0,0,0,0,0,0,0,0,0,0,0,0
0.022697,0.022786,0.022745,0,0,0,0,0,0,0,0,0,0,0,0
0.022694,0.022832,0.022732,0,0,0,0,0,0,0,0,0,0,0,0
0.022797,0.02291,0.022829,0,0,0,0,0,0,0,0,0,0,0,0
0.023148,0.023601,0.023278,0,0,0,0,0,0,0,0,0,0,0,0
0.023854,0.023942,0.023852,0,0,0,0,0,0,0,0,0,0,0,0
0.02251,0.022603,0.022697,0,0,0,0,0,0,0,0,0,0,0,0
0.02305,0.023092,0.023087,0,0,0,0,0,0,0,0,0,0,0,0
0.022982,0.022991,0.022966,0,0,0,0,0,0,0,0,0,0,0,0
0.023068,0.022675,0.022513,0,0,0,0,0,0,0,0,0,0,0,0
0.022602,0.022991,0.022934,0,0,0,0,0,0,0,0,0,0,0,0
0.022823,0.023,0.022901,0,0,0,0,0,0,0,0,0,0,0,0
0.023137,0.023317,0.023179,0,0,0,0,0,0,0,0,0,0,0,0
0.023129,0.023308,0.023323,0,0,0,0,0,0,0,0,0,0,0,0
0.023461,0.02391,0.023501,0,0,0,0,0,0,0,0,0,0,0,0
0.022667,0.022688,0.022778,0,0,0,0,0,0,0,0,0,0,0,0
0.023024,0.023212,0.023093,0,0,0,0,0,0,0,0,0,0,0,0
0.023018,0.02396,0.023079,0,0,0,0,0,0,0,0,0,0,0,0
0.022736,0.022828,0.022793,0,0,0,0,0,0,0,0,0,0,0,0
0.022952,0.023005,0.022947,0,0,0,0,0,0,0,0,0,0,0,0
0.022844,0.023157,0.023075,0,0,0,0,0,0,0,0,0,0,0,0
0.02278,0.022866,0.02357,0,0,0,0,0,0,0,0,0,0,0,0
0.022768,0.022999,0.022701,0,0,0,0,0,0,0,0,0,0,0,0
0.02406,0.023345,0.023303,0,0,0,0,0,0,0,0,0,0,0,0
0.023518,0.022965,0.02279,0,0,0,0,0,0,0,0,0,0,0,0
0.022793,0.023307,0.022982,0,0,0,0,0,0,0,0,0,0,0,0
0.0235,0.023894,0.023623,0,0,0,0,0,0,0,0,0,0,0,0
0.023327,0.02362,0.023433,0,0,0,0,0,0,0,0,0,0,0,0
0.023135,0.023372,0.023034,0,0,0,0,0,0,0,0,0,0,0,0
0.022726,0.023097,0.02274,0,0,0,0,0,0,0,0,0,0,0,0
0.023069,0.023687,0.02359,0,0,0,0,0,0,0,0,0,0,0,0
0.023311,0.023716,0.023236,0,0,0,0,0,0,0,0,0,0,0,0
0.023302,0.023691,0.02342,0,0,0,0,0,0,0,0,0,0,0,0
0.022734,0.023178,0.022779,0,0,0,0,0,0,0,0,0,0,0,0
0.022979,0.023365,0.02299,0,0,0,0,0,0,0,0,0,0,0,0
0.022827,0.02357,0.02286,0,0,0,0,0,0,0,0,0,0,0,0
0.023091,0.023563,0.023091,0,0,0,0,0,0,0,0,0,0,0,0
0.022582,0.022689,0.02256,0,0,0,0,0,0,0,0,0,0,0,0
0.022903,0.023199,0.023421,0,0,0,0,0,0,0,0,0,0,0,0
0.022471,0.022822,0.022513,0,0,0,0,0,0,0,0,0,0,0,0
0.022976,0.023689,0.023047,0,0,0,0,0,0,0,0,0,0,0,0
0.023865,0.02437,0.023776,0,0,0,0,0,0,0,0,0,0,0,0
0.022881,0.023415,0.022955,0,0,0,0,0,0,0,0,0,0,0,0
0.023449,0.024581,0.024195,0,0,0,0,0,0,0,0,0,0,0,0
0.022863,0.02285,0.022844,0,0,0,0,0,0,0,0,0,0,0,0
0.022378,0.02249,0.023399,0,0,0,0,0,0,0,0,0,0,0,0
0.022352,0.022754,0.022395,0,0,0,0,0,0,0,0,0,0,0,0
0.02413,0.025529,0.024323,0,0,0,0,0,0,0,0,0,0,0,0
0.022782,0.023989,0.022742,0,0,0,0,0,0,0,0,0,0,0,0
0.022691,0.023001,0.022691,0,0,0,0,0,0,0,0,0,0,0,0
0.023131,0.023522,0.023171,0,0,0,0,0,0,0,0,0,0,0,0
0.022611,0.022734,0.022658,0,0,0,0,0,0,0,0,0,0,0,0
0.022833,0.023125,0.022756,0,0,0,0,0,0,0,0,0,0,0,0
0.022963,0.022459,0.022187,0,0,0,0,0,0,0,0,0,0,0,0
0.022704,0.023241,0.022789,0,0,0,0,0,0,0,0,0,0,0,0
0.022872,0.023206,0.023016,0,0,0,0,0,0,0,0,0,0,0,0
0.022679,0.023509,0.022678,0,0,0,0,0,0,0,0,0,0,0,0
0.022747,0.022878,0.022784,0,0,0,0,0,0,0,0,0,0,0,0
0.022703,0.023596,0.022821,0,0,0,0,0,0,0,0,0,0,0,0
0.022544,0.022657,0.022574,0,0,0,0,0,0,0,0,0,0,0,0
0.021583,0.021755,0.021721,0,0,0,0,0,0,0,0,0,0,0,0
0.022721,0.022905,0.023354,0,0,0,0,0,0,0,0,0,0,0,0
0.022002,0.022004,0.022371,0,0,0,0,0,0,0,0,0,0,0,0
0.022554,0.022441,0.022341,0,0,0,0,0,0,0,0,0,0,0,0
0.022306,0.022259,0.022428,0,0,0,0,0,0,0,0,0,0,0,0
0.022016,0.022185,0.022337,0,0,0,0,0,0,0,0,0,0,0,0
0.021396,0.021576,0.021868,0,0,0,0,0,0,0,0,0,0,0,0
0.022288,0.022588,0.022802,0,0,0,0,0,0,0,0,0,0,0,0
0.021495,0.021562,0.021805,0,0,0,0,0,0,0,0,0,0,0,0
0.021825,0.022092,0.022185,0,0,0,0,0,0,0,0,0,0,0,0
0.02246,0.023288,0.022482,0,0,0,0,0,0,0,0,0,0,0,0
0.022211,0.022555,0.02219,0,0,0,0,0,0,0,0,0,0,0,0
0.022313,0.022509,0.022575,0,0,0,0,0,0,0,0,0,0,0,0
0.021872,0.021873,0.022175,0,0,0,0,0,0,0,0,0,0,0,0
0.022501,0.022439,0.022898,0,0,0,0,0,0,0,0,0,0,0,0
0.022399,0.022409,0.022397,0,0,0,0,0,0,0,0,0,0,0,0
0.02212,0.022158,0.0223,0,0,0,0,0,0,0,0,0,0,0,0
0.022139,0.022226,0.022133,0,0,0,0,0,0,0,0,0,0,0,0
0.022187,0.02235,0.022195,0,0,0,0,0,0,0,0,0,0,0,0
0.022205,0.022476,0.022346,0,0,0,0,0,0,0,0,0,0,0,0
0.022356,0.022259,0.022333,0,0,0,0,0,0,0,0,0,0,0,0
0.02248,0.022451,0.022347,0,0,0,0,0,0,0,0,0,0,0,0
0.022091,0.022199,0.022138,0,0,0,0,0,0,0,0,0,0,0,0
0.022232,0.022175,0.022211,0,0,0,0,0,0,0,0,0,0,0,0
0.022295,0.022332,0.022735,0,0,0,0,0,0,0,0,0,0,0,0
0.022269,0.02247,0.022263,0,0,0,0,0,0,0,0,0,0,0,0
0.022811,0.022244,0.023254,0,0,0,0,0,0,0,0,0,0,0,0
0.02216,0.022406,0.022157,0,0,0,0,0,0,0,0,0,0,0,0
0.022142,0.022112,0.022069,0,0,0,0,0,0,0,0,0,0,0,0
0.022194,0.022297,0.022245,0,0,0,0,0,0,0,0,0,0,0,0
0.022449,0.022651,0.022349,0,0,0,0,0,0,0,0,0,0,0,0
0.022276,0.023127,0.022501,0,0,0,0,0,0,0,0,0,0,0,0
0.022271,0.022412,0.022207,0,0,0,0,0,0,0,0,0,0,0,0
0.023103,0.023373,0.022632,0,0,0,0,0,0,0,0,0,0,0,0
0.022403,0.022551,0.022425,0,0,0,0,0,0,0,0,0,0,0,0
0.022301,0.022644,0.022173,0,0,0,0,0,0,0,0,0,0,0,0
0.022538,0.02258,0.022537,0,0,0,0,0,0,0,0,0,0,0,0
0.022612,0.022758,0.023544,0,0,0,0,0,0,0,0,0,0,0,0
0.022745,0.023214,0.022674,0,0,0,0,0,0,0,0,0,0,0,0
0.023001,0.02286,0.022344,0,0,0,0,0,0,0,0,0,0,0,0
0.022464,0.02222,0.022184,0,0,0,0,0,0,0,0,0,0,0,0
0.02239,0.022264,0.022096,0,0,0,0,0,0,0,0,0,0,0,0
0.022546,0.022126,0.021999,0,0,0,0,0,0,0,0,0,0,0,0
0.023228,0.022705,0.022038,0,0,0,0,0,0,0,0,0,0,0,0
0.022684,0.022928,0.023363,0,0,0,0,0,0,0,0,0,0,0,0
0.022279,0.022243,0.022476,0,0,0,0,0,0,0,0,0,0,0,0
0.023,0.023031,0.022549,0,0,0,0,0,0,0,0,0,0,0,0
0.021917,0.022263,0.022101,0,0,0,0,0,0,0,0,0,0,0,0
0.022092,0.022185,0.022082,0,0,0,0,0,0,0,0,0,0,0,0
0.023393,0.023139,0.022581,0,0,0,0,0,0,0,0,0,0,0,0
0.022515,0.022638,0.02236,0,0,0,0,0,0,0,0,0,0,0,0
0.022757,0.023445,0.022441,0,0,0,0,0,0,0,0,0,0,0,0
0.022529,0.02249,0.022098,0,0,0,0,0,0,0,0,0,0,0,0
0.022278,0.022718,0.022319,0,0,0,0,0,0,0,0,0,0,0,0
0.021306,0.022564,0.021331,0,0,0,0,0,0,0,0,0,0,0,0
0.022654,0.022677,0.022731,0,0,0,0,0,0,0,0,0,0,0,0
0.022342,0.021574,0.022267,0,0,0,0,0,0,0,0,0,0,0,0
0.021729,0.02155,0.02147,0,0,0,0,0,0,0,0,0,0,0,0
0.023518,0.02345,0.023371,0,0,0,0,0,0,0,0,0,0,0,0
0.022068,0.021818,0.021737,0,0,0,0,0,0,0,0,0,0,0,0
0.021952,0.02162,0.021623,0,0,0,0,0,0,0,0,0,0,0,0
0.023885,0.023482,0.023492,0,0,0,0,0,0,0,0,0,0,0,0
0.022813,0.022446,0.022431,0,0,0,0,0,0,0,0,0,0,0,0
0.022036,0.021083,0.021101,0,0,0,0,0,0,0,0,0,0,0,0
0.023479,0.02288,0.022856,0,0,0,0,0,0,0,0,0,0,0,0
0.021827,0.021312,0.021233,0,0,0,0,0,0,0,0,0,0,0,0
0.021797,0.021712,0.021562,0,0,0,0,0,0,0,0,0,0,0,0
0.023273,0.023273,0.023689,0,0,0,0,0,0,0,0,0,0,0,0
0.022465,0.022102,0.021957,0,0,0,0,0,0,0,0,0,0,0,0
0.021534,0.021217,0.021226,0,0,0,0,0,0,0,0,0,0,0,0
0.02397,0.023627,0.023231,0,0,0,0,0,0,0,0,0,0,0,0
0.02172,0.021535,0.021332,0,0,0,0,0,0,0,0,0,0,0,0
0.022123,0.022022,0.02191,0,0,0,0,0,0,0,0,0,0,0,0
0.024049,0.02352,0.022945,0,0,0,0,0,0,0,0,0,0,0,0
0.021108,0.02131,0.021432,0,0,0,0,0,0,0,0,0,0,0,0
0.022029,0.021517,0.021711,0,0,0,0,0,0,0,0,0,0,0,0
0.02312,0.022748,0.02299,0,0,0,0,0,0,0,0,0,0,0,0
0.023287,0.022055,0.022147,0,0,0,0,0,0,0,0,0,0,0,0
0.021181,0.020953,0.020879,0,0,0,0,0,0,0,0,0,0,0,0
0.022197,0.022429,0.02225,0,0,0,0,0,0,0,0,0,0,0,0
0.021609,0.021289,0.021307,0,0,0,0,0,0,0,0,0,0,0,0
0.023607,0.023734,0.022806,0,0,0,0,0,0,0,0,0,0,0,0
0.022846,0.022379,0.022337,0,0,0,0,0,0,0,0,0,0,0,0
0.022686,0.022759,0.022731,0,0,0,0,0,0,0,0,0,0,0,0
0.02281,0.022886,0.022882,0,0,0,0,0,0,0,0,0,0,0,0
0.022507,0.022442,0.022446,0,0,0,0,0,0,0,0,0,0,0,0
0.02133,0.021381,0.021367,0,0,0,0,0,0,0,0,0,0,0,0
0.022314,0.022071,0.022383,0,0,0,0,0,0,0,0,0,0,0,0
0.022398,0.021232,0.021188,0,0,0,0,0,0,0,0,0,0,0,0
0.021305,0.021293,0.02125,0,0,0,0,0,0,0,0,0,0,0,0
0.021671,0.021283,0.021312,0,0,0,0,0,0,0,0,0,0,0,0
0.023016,0.022555,0.02254,0,0,0,0,0,0,0,0,0,0,0,0
0.02163,0.021628,0.021782,0,0,0,0,0,0,0,0,0,0,0,0
0.021406,0.021005,0.02111,0,0,0,0,0,0,0,0,0,0,0,0
0.022546,0.022625,0.022599,0,0,0,0,0,0,0,0,0,0,0,0
0.021443,0.021347,0.021223,0,0,0,0,0,0,0,0,0,0,0,0
0.020845,0.02082,0.020856,0,0,0,0,0,0,0,0,0,0,0,0
0.022916,0.022013,0.021812,0,0,0,0,0,0,0,0,0,0,0,0
0.021057,0.021206,0.021078,0,0,0,0,0,0,0,0,0,0,0,0
0.021185,0.021213,0.021362,0,0,0,0,0,0,0,0,0,0,0,0
0.022283,0.021821,0.022529,0,0,0,0,0,0,0,0,0,0,0,0
0.022008,0.021654,0.022734,0,0,0,0,0,0,0,0,0,0,0,0
0.022244,0.021631,0.022641,0,0,0,0,0,0,0,0,0,0,0,0
0.022095,0.021725,0.0228,0,0,0,0,0,0,0,0,0,0,0,0
0.021534,0.021138,0.021601,0,0,0,0,0,0,0,0,0,0,0,0
0.022031,0.021589,0.021889,0,0,0,0,0,0,0,0,0,0,0,0
0.022425,0.021843,0.021756,0,0,0,0,0,0,0,0,0,0,0,0
0.021625,0.021099,0.021608,0,0,0,0,0,0,0,0,0,0,0,0
0.021698,0.021307,0.021667,0,0,0,0,0,0,0,0,0,0,0,0
0.022501,0.021738,0.022656,0,0,0,0,0,0,0,0,0,0,0,0
0.021755,0.021104,0.021178,0,0,0,0,0,0,0,0,0,0,0,0
0.021589,0.021203,0.021411,0,0,0,0,0,0,0,0,0,0,0,0
0.022548,0.021993,0.02221,0,0,0,0,0,0,0,0,0,0,0,0
0.021617,0.021622,0.021736,0,0,0,0,0,0,0,0,0,0,0,0
0.022101,0.022126,0.021812,0,0,0,0,0,0,0,0,0,0,0,0
0.022068,0.022418,0.021937,0,0,0,0,0,0,0,0,0,0,0,0
0.021144,0.021451,0.021176,0,0,0,0,0,0,0,0,0,0,0,0
0.021475,0.021843,0.021567,0,0,0,0,0,0,0,0,0,0,0,0
0.022664,0.022767,0.022026,0,0,0,0,0,0,0,0,0,0,0,0
0.022057,0.022081,0.021719,0,0,0,0,0,0,0,0,0,0,0,0
0.021615,0.021523,0.021294,0,0,0,0,0,0,0,0,0,0,0,0
0.021471,0.02095,0.020979,0,0,0,0,0,0,0,0,0,0,0,0
0.021767,0.021867,0.021384,0,0,0,0,0,0,0,0,0,0,0,0
0.022257,0.021654,0.021501,0,0,0,0,0,0,0,0,0,0,0,0
0.020863,0.021379,0.020944,0,0,0,0,0,0,0,0,0,0,0,0
0.021296,0.021533,0.021006,0,0,0,0,0,0,0,0,0,0,0,0
0.021126,0.021398,0.020779,0,0,0,0,0,0,0,0,0,0,0,0
0.022255,0.022562,0.022275,0,0,0,0,0,0,0,0,0,0,0,0
0.021128,0.021754,0.021126,0,0,0,0,0,0,0,0,0,0,0,0
0.021327,0.021403,0.021354,0,0,0,0,0,0,0,0,0,0,0,0
0.020874,0.02094,0.02088,0,0,0,0,0,0,0,0,0,0,0,0
0.021547,0.021464,0.021703,0,0,0,0,0,0,0,0,0,0,0,0
0.020619,0.020682,0.020778,0,0,0,0,0,0,0,0,0,0,0,0
0.021346,0.021341,0.021595,0,0,0,0,0,0,0,0,0,0,0,0
0.021196,0.021834,0.021471,0,0,0,0,0,0,0,0,0,0,0,0
0.021252,0.021208,0.021403,0,0,0,0,0,0,0,0,0,0,0,0
0.021613,0.021619,0.022104,0,0,0,0,0,0,0,0,0,0,0,0
0.020859,0.020787,0.020756,0,0,0,0,0,0,0,0,0,0,0,0
0.020722,0.020812,0.020688,0,0,0,0,0,0,0,0,0,0,0,0
0.020728,0.020779,0.020734,0,0,0,0,0,0,0,0,0,0,0,0
0.020341,0.021172,0.020459,0,0,0,0,0,0,0,0,0,0,0,0
0.020897,0.021587,0.020988,0,0,0,0,0,0,0,0,0,0,0,0
0.020918,0.021079,0.020768,0,0,0,0,0,0,0,0,0,0,0,0
0.021362,0.020583,0.020609,0,0,0,0,0,0,0,0,0,0,0,0
0.020484,0.020541,0.020656,0,0,0,0,0,0,0,0,0,0,0,0
0.020625,0.020924,0.020798,0,0,0,0,0,0,0,0,0,0,0,0
0.020398,0.020533,0.020389,0,0,0,0,0,0,0,0,0,0,0,0
0.020513,0.020567,0.020565,0,0,0,0,0,0,0,0,0,0,0,0
0.021174,0.021596,0.021216,0,0,0,0,0,0,0,0,0,0,0,0
0.020796,0.020839,0.020848,0,0,0,0,0,0,0,0,0,0,0,0
0.020443,0.02052,0.020498,0,0,0,0,0,0,0,0,0,0,0,0
0.021469,0.021409,0.021421,0,0,0,0,0,0,0,0,0,0,0,0
0.020872,0.020992,0.020885,0,0,0,0,0,0,0,0,0,0,0,0
0.020629,0.0211,0.020716,0,0,0,0,0,0,0,0,0,0,0,0
0.021227,0.022314,0.021324,0,0,0,0,0,0,0,0,0,0,0,0
0.020698,0.021495,0.020588,0,0,0,0,0,0,0,0,0,0,0,0
0.020932,0.021246,0.020948,0,0,0,0,0,0,0,0,0,0,0,0
0.021712,0.022052,0.021716,0,0,0,0,0,0,0,0,0,0,0,0
0.02073,0.021075,0.020869,0,0,0,0,0,0,0,0,0,0,0,0
0.020463,0.020507,0.021182,0,0,0,0,0,0,0,0,0,0,0,0
0.020664,0.021816,0.020758,0,0,0,0,0,0,0,0,0,0,0,0
0.020691,0.021164,0.020775,0,0,0,0,0,0,0,0,0,0,0,0
0.020885,0.021242,0.020873,0,0,0,0,0,0,0,0,0,0,0,0
0.020835,0.02089,0.020832,0,0,0,0,0,0,0,0,0,0,0,0
0.020615,0.020632,0.020663,0,0,0,0,0,0,0,0,0,0,0,0
0.021314,0.021367,0.021321,0,0,0,0,0,0,0,0,0,0,0,0
0.020754,0.020684,0.020623,0,0,0,0,0,0,0,0,0,0,0,0
0.021286,0.020777,0.020766,0,0,0,0,0,0,0,0,0,0,0,0
0.020776,0.021175,0.020752,0,0,0,0,0,0,0,0,0,0,0,0
0.020875,0.020652,0.020968,0,0,0,0,0,0,0,0,0,0,0,0
0.020555,0.020594,0.020901,0,0,0,0,0,0,0,0,0,0,0,0
0.021062,0.020711,0.020639,0,0,0,0,0,0,0,0,0,0,0,0
0.020947,0.020586,0.020905,0,0,0,0,0,0,0,0,0,0,0,0
0.021764,0.02089,0.021478,0,0,0,0,0,0,0,0,0,0,0,0
0.021209,0.020604,0.021623,0,0,0,0,0,0,0,0,0,0,0,0
0.020856,0.021045,0.020993,0,0,0,0,0,0,0,0,0,0,0,0
0.020489,0.020843,0.020971,0,0,0,0,0,0,0,0,0,0,0,0
0.020991,0.020666,0.020623,0,0,0,0,0,0,0,0,0,0,0,0
0.022159,0.021609,0.021974,0,0,0,0,0,0,0,0,0,0,0,0
0.021061,0.020727,0.021324,0,0,0,0,0,0,0,0,0,0,0,0
0.020708,0.020737,0.021485,0,0,0,0,0,0,0,0,0,0,0,0
0.021974,0.021596,0.022264,0,0,0,0,0,0,0,0,0,0,0,0
0.020639,0.020501,0.02054,0,0,0,0,0,0,0,0,0,0,0,0
0.02073,0.020689,0.020732,0,0,0,0,0,0,0,0,0,0,0,0
0.021817,0.021468,0.021747,0,0,0,0,0,0,0,0,0,0,0,0
0.020972,0.020575,0.02102,0,0,0,0,0,0,0,0,0,0,0,0
0.02089,0.020869,0.021459,0,0,0,0,0,0,0,0,0,0,0,0
0.021113,0.021255,0.021238,0,0,0,0,0,0,0,0,0,0,0,0
0.020873,0.02095,0.021509,0,0,0,0,0,0,0,0,0,0,0,0
0.021195,0.020978,0.021202,0,0,0,0,0,0,0,0,0,0,0,0
0.020717,0.02051,0.021389,0,0,0,0,0,0,0,0,0,0,0,0
0.021211,0.020675,0.0211,0,0,0,0,0,0,0,0,0,0,0,0
0.021517,0.021353,0.021141,0,0,0,0,0,0,0,0,0,0,0,0
0.02254,0.021104,0.021568,0,0,0,0,0,0,0,0,0,0,0,0
0.020457,0.020568,0.020996,0,0,0,0,0,0,0,0,0,0,0,0
0.020334,0.020657,0.020999,0,0,0,0,0,0,0,0,0,0,0,0
0.02089,0.02112,0.021397,0,0,0,0,0,0,0,0,0,0,0,0
0.020585,0.020693,0.020989,0,0,0,0,0,0,0,0,0,0,0,0
0.021014,0.021313,0.021659,0,0,0,0,0,0,0,0,0,0,0,0
0.022443,0.022531,0.021962,0,0,0,0,0,0,0,0,0,0,0,0
0.020797,0.020959,0.020839,0,0,0,0,0,0,0,0,0,0,0,0
0.021004,0.021189,0.021288,0,0,0,0,0,0,0,0,0,0,0,0
0.020724,0.020951,0.02079,0,0,0,0,0,0,0,0,0,0,0,0
0.021117,0.02099,0.020853,0,0,0,0,0,0,0,0,0,0,0,0
0.021569,0.02139,0.021211,0,0,0,0,0,0,0,0,0,0,0,0
0.021399,0.021712,0.02177,0,0,0,0,0,0,0,0,0,0,0,0
0.021299,0.020923,0.021099,0,0,0,0,0,0,0,0,0,0,0,0
0.021931,0.02148,0.021989,0,0,0,0,0,0,0,0,0,0,0,0
0.021484,0.021546,0.021995,0,0,0,0,0,0,0,0,0,0,0,0
0.021016,0.021688,0.020694,0,0,0,0,0,0,0,0,0,0,0,0
0.020999,0.021027,0.020856,0,0,0,0,0,0,0,0,0,0,0,0
0.021911,0.022004,0.022341,0,0,0,0,0,0,0,0,0,0,0,0
0.021847,0.021033,0.021282,0,0,0,0,0,0,0,0,0,0,0,0
0.021801,0.021473,0.021812,0,0,0,0,0,0,0,0,0,0,0,0
0.021931,0.021655,0.021779,0,0,0,0,0,0,0,0,0,0,0,0
0.021157,0.020849,0.021115,0,0,0,0,0,0,0,0,0,0,0,0
0.020956,0.020675,0.020986,0,0,0,0,0,0,0,0,0,0,0,0
0.021769,0.021382,0.021668,0,0,0,0,0,0,0,0,0,0,0,0
0.022209,0.022133,0.02243,0,0,0,0,0,0,0,0,0,0,0,0
0.020867,0.020694,0.020691,0,0,0,0,0,0,0,0,0,0,0,0
0.021976,0.022019,0.022072,0,0,0,0,0,0,0,0,0,0,0,0
0.020853,0.020941,0.020859,0,0,0,0,0,0,0,0,0,0,0,0
0.021398,0.021393,0.021416,0,0,0,0,0,0,0,0,0,0,0,0
0.021774,0.021669,0.021582,0,0,0,0,0,0,0,0,0,0,0,0
0.02076,0.020716,0.020762,0,0,0,0,0,0,0,0,0,0,0,0
0.021057,0.02106,0.02103,0,0,0,0,0,0,0,0,0,0,0,0
0.021671,0.021662,0.02181,0,0,0,0,0,0,0,0,0,0,0,0
0.020608,0.020661,0.020673,0,0,0,0,0,0,0,0,0,0,0,0
0.020685,0.020686,0.020692,0,0,0,0,0,0,0,0,0,0,0,0
0.02171,0.021797,0.021725,0,0,0,0,0,0,0,0,0,0,0,0
0.020967,0.020863,0.020966,0,0,0,0,0,0,0,0,0,0,0,0
0.020753,0.020765,0.020773,0,0,0,0,0,0,0,0,0,0,0,0
0.020607,0.020541,0.020625,0,0,0,0,0,0,0,0,0,0,0,0
0.020738,0.020757,0.021011,0,0,0,0,0,0,0,0,0,0,0,0
0.020566,0.020558,0.020689,0,0,0,0,0,0,0,0,0,0,0,0
0.020809,0.02084,0.020855,0,0,0,0,0,0,0,0,0,0,0,0
0.020635,0.020544,0.020553,0,0,0,0,0,0,0,0,0,0,0,0
0.020544,0.02053,0.020575,0,0,0,0,0,0,0,0,0,0,0,0
0.020387,0.0204,0.020418,0,0,0,0,0,0,0,0,0,0,0,0
0.020723,0.020389,0.020414,0,0,0,0,0,0,0,0,0,0,0,0
0.020832,0.020633,0.020673,0,0,0,0,0,0,0,0,0,0,0,0
0.02086,0.020644,0.02062,0,0,0,0,0,0,0,0,0,0,0,0
0.021069,0.020807,0.020792,0,0,0,0,0,0,0,0,0,0,0,0
0.021149,0.020836,0.021298,0,0,0,0,0,0,0,0,0,0,0,0
0.02084,0.020547,0.020537,0,0,0,0,0,0,0,0,0,0,0,0
0.020706,0.020793,0.020789,0,0,0,0,0,0,0,0,0,0,0,0
0.020827,0.020502,0.020526,0,0,0,0,0,0,0,0,0,0,0,0
0.020874,0.020501,0.020538,0,0,0,0,0,0,0,0,0,0,0,0
0.020622,0.02031,0.020395,0,0,0,0,0,0,0,0,0,0,0,0
0.020609,0.020326,0.020367,0,0,0,0,0,0,0,0,0,0,0,0
0.02057,0.02023,0.020299,0,0,0,0,0,0,0,0,0,0,0,0
0.020925,0.020673,0.020697,0,0,0,0,0,0,0,0,0,0,0,0
0.020789,0.020521,0.021419,0,0,0,0,0,0,0,0,0,0,0,0
0.020928,0.020426,0.020482,0,0,0,0,0,0,0,0,0,0,0,0
0.020322,0.020292,0.02037,0,0,0,0,0,0,0,0,0,0,0,0
0.021496,0.020526,0.020549,0,0,0,0,0,0,0,0,0,0,0,0
0.02093,0.020601,0.020739,0,0,0,0,0,0,0,0,0,0,0,0
0.020926,0.020666,0.020767,0,0,0,0,0,0,0,0,0,0,0,0
0.020647,0.020749,0.021041,0,0,0,0,0,0,0,0,0,0,0,0
0.020578,0.020587,0.020921,0,0,0,0,0,0,0,0,0,0,0,0
0.020918,0.020857,0.022124,0,0,0,0,0,0,0,0,0,0,0,0
0.020591,0.020677,0.020664,0,0,0,0,0,0,0,0,0,0,0,0
0.02096,0.020894,0.021059,0,0,0,0,0,0,0,0,0,0,0,0
0.020541,0.020527,0.020646,0,0,0,0,0,0,0,0,0,0,0,0
0.021092,0.020965,0.021011,0,0,0,0,0,0,0,0,0,0,0,0
0.020569,0.020554,0.020662,0,0,0,0,0,0,0,0,0,0,0,0
0.020517,0.020544,0.020549,0,0,0,0,0,0,0,0,0,0,0,0
0.020531,0.020532,0.020726,0,0,0,0,0,0,0,0,0,0,0,0
0.020536,0.02071,0.020798,0,0,0,0,0,0,0,0,0,0,0,0
0.020264,0.020346,0.020345,0,0,0,0,0,0,0,0,0,0,0,0
0.020452,0.020525,0.021348,0,0,0,0,0,0,0,0,0,0,0,0
0.0203,0.020377,0.020781,0,0,0,0,0,0,0,0,0,0,0,0
0.020875,0.020816,0.020832,0,0,0,0,0,0,0,0,0,0,0,0
0.020362,0.020383,0.020413,0,0,0,0,0,0,0,0,0,0,0,0
0.020441,0.020416,0.020614,0,0,0,0,0,0,0,0,0,0,0,0
0.020807,0.021332,0.020544,0,0,0,0,0,0,0,0,0,0,0,0
0.020375,0.020461,0.020532,0,0,0,0,0,0,0,0,0,0,0,0
0.020378,0.02045,0.021583,0,0,0,0,0,0,0,0,0,0,0,0
0.020331,0.020488,0.020825,0,0,0,0,0,0,0,0,0,0,0,0
0.020901,0.020868,0.021432,0,0,0,0,0,0,0,0,0,0,0,0
0.020492,0.020625,0.021013,0,0,0,0,0,0,0,0,0,0,0,0
0.020364,0.020439,0.021173,0,0,0,0,0,0,0,0,0,0,0,0
0.020537,0.020588,0.021134,0,0,0,0,0,0,0,0,0,0,0,0
0.020461,0.020473,0.020779,0,0,0,0,0,0,0,0,0,0,0,0
0.020885,0.021272,0.021909,0,0,0,0,0,0,0,0,0,0,0,0
0.021071,0.021488,0.021523,0,0,0,0,0,0,0,0,0,0,0,0
0.020915,0.021342,0.021454,0,0,0,0,0,0,0,0,0,0,0,0
0.02052,0.020592,0.020917,0,0,0,0,0,0,0,0,0,0,0,0
0.020485,0.020466,0.021004,0,0,0,0,0,0,0,0,0,0,0,0
0.020442,0.020499,0.020503,0,0,0,0,0,0,0,0,0,0,0,0
0.021293,0.020664,0.022119,0,0,0,0,0,0,0,0,0,0,0,0
0.021284,0.020549,0.021164,0,0,0,0,0,0,0,0,0,0,0,0
0.021222,0.020548,0.02087,0,0,0,0,0,0,0,0,0,0,0,0
0.02087,0.0208,0.02118,0,0,0,0,0,0,0,0,0,0,0,0
0.021086,0.021243,0.020597,0,0,0,0,0,0,0,0,0,0,0,0
0.021717,0.021099,0.021405,0,0,0,0,0,0,0,0,0,0,0,0
0.020823,0.020784,0.021481,0,0,0,0,0,0,0,0,0,0,0,0
0.021222,0.021246,0.022379,0,0,0,0,0,0,0,0,0,0,0,0
0.022852,0.022063,0.022391,0,0,0,0,0,0,0,0,0,0,0,0
0.021165,0.021138,0.021467,0,0,0,0,0,0,0,0,0,0,0,0
0.021023,0.020992,0.020999,0,0,0,0,0,0,0,0,0,0,0,0
0.021027,0.020874,0.020876,0,0,0,0,0,0,0,0,0,0,0,0
0.021495,0.021116,0.021849,0,0,0,0,0,0,0,0,0,0,0,0
0.02086,0.020892,0.021186,0,0,0,0,0,0,0,0,0,0,0,0
0.020962,0.020982,0.020965,0,0,0,0,0,0,0,0,0,0,0,0
0.021207,0.021153,0.021182,0,0,0,0,0,0,0,0,0,0,0,0
0.021194,0.02226,0.021211,0,0,0,0,0,0,0,0,0,0,0,0
0.02182,0.021867,0.022128,0,0,0,0,0,0,0,0,0,0,0,0
0.021598,0.021644,0.021761,0,0,0,0,0,0,0,0,0,0,0,0
0.021166,0.021273,0.021222,0,0,0,0,0,0,0,0,0,0,0,0
0.022191,0.022171,0.022129,0,0,0,0,0,0,0,0,0,0,0,0
0.021235,0.022359,0.021307,0,0,0,0,0,0,0,0,0,0,0,0
0.021186,0.021464,0.021263,0,0,0,0,0,0,0,0,0,0,0,0
0.021252,0.021505,0.021251,0,0,0,0,0,0,0,0,0,0,0,0
0.021269,0.021545,0.02127,0,0,0,0,0,0,0,0,0,0,0,0
0.022655,0.023226,0.022731,0,0,0,0,0,0,0,0,0,0,0,0
0.022268,0.022453,0.023055,0,0,0,0,0,0,0,0,0,0,0,0
0.022824,0.022607,0.022677,0,0,0,0,0,0,0,0,0,0,0,0
0.023401,0.02341,0.023103,0,0,0,0,0,0,0,0,0,0,0,0
0.022715,0.022427,0.022569,0,0,0,0,0,0,0,0,0,0,0,0
0.023168,0.022799,0.022963,0,0,0,0,0,0,0,0,0,0,0,0
0.022659,0.022848,0.02254,0,0,0,0,0,0,0,0,0,0,0,0
0.022673,0.022843,0.023072,0,0,0,0,0,0,0,0,0,0,0,0
0.022907,0.022963,0.023393,0,0,0,0,0,0,0,0,0,0,0,0
0.022723,0.022633,0.022664,0,0,0,0,0,0,0,0,0,0,0,0
0.02302,0.02322,0.023141,0,0,0,0,0,0,0,0,0,0,0,0
0.02366,0.024436,0.023985,0,0,0,0,0,0,0,0,0,0,0,0
0.023407,0.02328,0.023249,0,0,0,0,0,0,0,0,0,0,0,0
0.023055,0.023694,0.023201,0,0,0,0,0,0,0,0,0,0,0,0
0.022966,0.023293,0.023008,0,0,0,0,0,0,0,0,0,0,0,0
0.023736,0.023848,0.023763,0,0,0,0,0,0,0,0,0,0,0,0
0.023486,0.023497,0.02351,0,0,0,0,0,0,0,0,0,0,0,0
0.023667,0.023735,0.023728,0,0,0,0,0,0,0,0,0,0,0,0
0.023364,0.023517,0.02352,0,0,0,0,0,0,0,0,0,0,0,0
0.02334,0.023372,0.023346,0,0,0,0,0,0,0,0,0,0,0,0
0.023593,0.023586,0.023558,0,0,0,0,0,0,0,0,0,0,0,0
0.024154,0.025222,0.024877,0,0,0,0,0,0,0,0,0,0,0,0
0.023773,0.023867,0.023815,0,0,0,0,0,0,0,0,0,0,0,0
0.024189,0.024247,0.024412,0,0,0,0,0,0,0,0,0,0,0,0
0.025468,0.025366,0.025387,0,0,0,0,0,0,0,0,0,0,0,0
0.024804,0.024862,0.024765,0,0,0,0,0,0,0,0,0,0,0,0
0.024368,0.024345,0.024411,0,0,0,0,0,0,0,0,0,0,0,0
0.026515,0.026571,0.02652,0,0,0,0,0,0,0,0,0,0,0,0
0.024443,0.024444,0.024387,0,0,0,0,0,0,0,0,0,0,0,0
0.024226,0.024209,0.024245,0,0,0,0,0,0,0,0,0,0,0,0
0.025904,0.025285,0.025298,0,0,0,0,0,0,0,0,0,0,0,0
0.024644,0.024622,0.02472,0,0,0,0,0,0,0,0,0,0,0,0
0.024327,0.024346,0.024372,0,0,0,0,0,0,0,0,0,0,0,0
0.02464,0.024624,0.024747,0,0,0,0,0,0,0,0,0,0,0,0
0.024748,0.024715,0.024649,0,0,0,0,0,0,0,0,0,0,0,0
0.024691,0.024431,0.024472,0,0,0,0,0,0,0,0,0,0,0,0
0.026221,0.026415,0.026335,0,0,0,0,0,0,0,0,0,0,0,0
0.024595,0.024599,0.02462,0,0,0,0,0,0,0,0,0,0,0,0
0.024425,0.024457,0.024485,0,0,0,0,0,0,0,0,0,0,0,0
0.026697,0.026708,0.026554,0,0,0,0,0,0,0,0,0,0,0,0
0.025271,0.025275,0.025919,0,0,0,0,0,0,0,0,0,0,0,0
0.024216,0.024311,0.024164,0,0,0,0,0,0,0,0,0,0,0,0
0.026528,0.02652,0.026441,0,0,0,0,0,0,0,0,0,0,0,0
0.025187,0.025243,0.025141,0,0,0,0,0,0,0,0,0,0,0,0
0.024365,0.024309,0.024334,0,0,0,0,0,0,0,0,0,0,0,0
0.026342,0.026286,0.026183,0,0,0,0,0,0,0,0,0,0,0,0
0.02416,0.024104,0.024167,0,0,0,0,0,0,0,0,0,0,0,0
0.025948,0.025794,0.025571,0,0,0,0,0,0,0,0,0,0,0,0
0.026578,0.026511,0.026523,0,0,0,0,0,0,0,0,0,0,0,0
0.026385,0.026381,0.026378,0,0,0,0,0,0,0,0,0,0,0,0
0.02576,0.025774,0.026516,0,0,0,0,0,0,0,0,0,0,0,0
0.026437,0.026392,0.026389,0,0,0,0,0,0,0,0,0,0,0,0
0.026381,0.026187,0.026317,0,0,0,0,0,0,0,0,0,0,0,0
0.025914,0.025772,0.026174,0,0,0,0,0,0,0,0,0,0,0,0
0.025945,0.025521,0.025589,0,0,0,0,0,0,0,0,0,0,0,0
0.026357,0.025317,0.025401,0,0,0,0,0,0,0,0,0,0,0,0
0.025635,0.025687,0.025681,0,0,0,0,0,0,0,0,0,0,0,0
0.025823,0.026039,0.026235,0,0,0,0,0,0,0,0,0,0,0,0
0.026505,0.02644,0.026741,0,0,0,0,0,0,0,0,0,0,0,0
0.027102,0.02699,0.027004,0,0,0,0,0,0,0,0,0,0,0,0
0.026883,0.026796,0.02678,0,0,0,0,0,0,0,0,0,0,0,0
0.026453,0.026363,0.026506,0,0,0,0,0,0,0,0,0,0,0,0
0.026352,0.026378,0.026365,0,0,0,0,0,0,0,0,0,0,0,0
0.026987,0.026868,0.026914,0,0,0,0,0,0,0,0,0,0,0,0
0.026623,0.027354,0.026679,0,0,0,0,0,0,0,0,0,0,0,0
0.026551,0.026394,0.026482,0,0,0,0,0,0,0,0,0,0,0,0
0.027452,0.02664,0.026682,0,0,0,0,0,0,0,0,0,0,0,0
0.026781,0.026319,0.026305,0,0,0,0,0,0,0,0,0,0,0,0
0.025969,0.026428,0.025609,0,0,0,0,0,0,0,0,0,0,0,0
0.026835,0.026665,0.026755,0,0,0,0,0,0,0,0,0,0,0,0
0.025737,0.025765,0.025737,0,0,0,0,0,0,0,0,0,0,0,0
0.025662,0.025721,0.025749,0,0,0,0,0,0,0,0,0,0,0,0
0.026741,0.026655,0.026692,0,0,0,0,0,0,0,0,0,0,0,0
0.026987,0.027014,0.026887,0,0,0,0,0,0,0,0,0,0,0,0
0.026569,0.025782,0.025883,0,0,0,0,0,0,0,0,0,0,0,0
0.02561,0.025884,0.025907,0,0,0,0,0,0,0,0,0,0,0,0
0.026193,0.025886,0.025905,0,0,0,0,0,0,0,0,0,0,0,0
0.025455,0.025453,0.025538,0,0,0,0,0,0,0,0,0,0,0,0
0.02638,0.026055,0.026039,0,0,0,0,0,0,0,0,0,0,0,0
0.025884,0.026036,0.02583,0,0,0,0,0,0,0,0,0,0,0,0
0.025464,0.025455,0.025434,0,0,0,0,0,0,0,0,0,0,0,0
0.025729,0.026522,0.026121,0,0,0,0,0,0,0,0,0,0,0,0
0.027351,0.028371,0.02734,0,0,0,0,0,0,0,0,0,0,0,0
0.026668,0.026598,0.026938,0,0,0,0,0,0,0,0,0,0,0,0
0.026974,0.026823,0.026854,0,0,0,0,0,0,0,0,0,0,0,0
0.026816,0.026751,0.026704,0,0,0,0,0,0,0,0,0,0,0,0
0.027735,0.026758,0.02687,0,0,0,0,0,0,0,0,0,0,0,0
0.026799,0.026698,0.026722,0,0,0,0,0,0,0,0,0,0,0,0
0.026745,0.026989,0.026676,0,0,0,0,0,0,0,0,0,0,0,0
0.026795,0.026835,0.026786,0,0,0,0,0,0,0,0,0,0,0,0
0.026927,0.026834,0.026867,0,0,0,0,0,0,0,0,0,0,0,0
0.026702,0.026778,0.026696,0,0,0,0,0,0,0,0,0,0,0,0
0.026981,0.026826,0.027116,0,0,0,0,0,0,0,0,0,0,0,0
0.026967,0.027174,0.026977,0,0,0,0,0,0,0,0,0,0,0,0
0.026824,0.026822,0.026778,0,0,0,0,0,0,0,0,0,0,0,0
0.026865,0.026842,0.026833,0,0,0,0,0,0,0,0,0,0,0,0
0.026902,0.026752,0.026861,0,0,0,0,0,0,0,0,0,0,0,0
0.025519,0.025637,0.025541,0,0,0,0,0,0,0,0,0,0,0,0
0.025315,0.025343,0.025353,0,0,0,0,0,0,0,0,0,0,0,0
0.02587,0.025983,0.025913,0,0,0,0,0,0,0,0,0,0,0,0
0.028247,0.026229,0.027042,0,0,0,0,0,0,0,0,0,0,0,0
0.026201,0.026167,0.026235,0,0,0,0,0,0,0,0,0,0,0,0
0.02635,0.026354,0.027292,0,0,0,0,0,0,0,0,0,0,0,0
0.026175,0.026117,0.026116,0,0,0,0,0,0,0,0,0,0,0,0
0.026407,0.026231,0.026229,0,0,0,0,0,0,0,0,0,0,0,0
0.025706,0.025878,0.025933,0,0,0,0,0,0,0,0,0,0,0,0
0.025817,0.026185,0.026528,0,0,0,0,0,0,0,0,0,0,0,0
0.027938,0.028436,0.028043,0,0,0,0,0,0,0,0,0,0,0,0
0.026891,0.026789,0.026869,0,0,0,0,0,0,0,0,0,0,0,0
0.026765,0.026609,0.026831,0,0,0,0,0,0,0,0,0,0,0,0
0.027526,0.027461,0.027518,0,0,0,0,0,0,0,0,0,0,0,0
0.027576,0.027737,0.028468,0,0,0,0,0,0,0,0,0,0,0,0
0.026461,0.026498,0.026794,0,0,0,0,0,0,0,0,0,0,0,0
0.026357,0.02716,0.026328,0,0,0,0,0,0,0,0,0,0,0,0
0.027756,0.027684,0.027789,0,0,0,0,0,0,0,0,0,0,0,0
0.026449,0.026327,0.026348,0,0,0,0,0,0,0,0,0,0,0,0
0.026887,0.026611,0.026544,0,0,0,0,0,0,0,0,0,0,0,0
0.026703,0.026716,0.026868,0,0,0,0,0,0,0,0,0,0,0,0
0.027329,0.027158,0.027206,0,0,0,0,0,0,0,0,0,0,0,0
0.026593,0.026679,0.026507,0,0,0,0,0,0,0,0,0,0,0,0
0.026377,0.026116,0.026191,0,0,0,0,0,0,0,0,0,0,0,0
0.025762,0.026643,0.02575,0,0,0,0,0,0,0,0,0,0,0,0
0.025534,0.027464,0.02557,0,0,0,0,0,0,0,0,0,0,0,0
0.027461,0.026498,0.026958,0,0,0,0,0,0,0,0,0,0,0,0
0.026324,0.027705,0.026316,0,0,0,0,0,0,0,0,0,0,0,0
0.026119,0.027106,0.026186,0,0,0,0,0,0,0,0,0,0,0,0
0.026296,0.02663,0.026317,0,0,0,0,0,0,0,0,0,0,0,0
0.027647,0.027574,0.02849,0,0,0,0,0,0,0,0,0,0,0,0
0.026441,0.026435,0.026859,0,0,0,0,0,0,0,0,0,0,0,0
0.02638,0.026303,0.026355,0,0,0,0,0,0,0,0,0,0,0,0
0.026253,0.026422,0.026296,0,0,0,0,0,0,0,0,0,0,0,0
0.027261,0.027269,0.02727,0,0,0,0,0,0,0,0,0,0,0,0
0.027258,0.027145,0.02718,0,0,0,0,0,0,0,0,0,0,0,0
0.026229,0.026173,0.026148,0,0,0,0,0,0,0,0,0,0,0,0
0.026531,0.026509,0.026447,0,0,0,0,0,0,0,0,0,0,0,0
0.027204,0.027218,0.027192,0,0,0,0,0,0,0,0,0,0,0,0
0.026626,0.027602,0.026674,0,0,0,0,0,0,0,0,0,0,0,0
0.027298,0.027107,0.027309,0,0,0,0,0,0,0,0,0,0,0,0
0.027707,0.027874,0.027688,0,0,0,0,0,0,0,0,0,0,0,0
0.026326,0.026269,0.026285,0,0,0,0,0,0,0,0,0,0,0,0
0.027834,0.027132,0.02713,0,0,0,0,0,0,0,0,0,0,0,0
0.026381,0.026379,0.026312,0,0,0,0,0,0,0,0,0,0,0,0
0.026923,0.026983,0.026718,0,0,0,0,0,0,0,0,0,0,0,0
0.027273,0.027783,0.027376,0,0,0,0,0,0,0,0,0,0,0,0
0.027377,0.02732,0.027305,0,0,0,0,0,0,0,0,0,0,0,0
0.025346,0.025186,0.025223,0,0,0,0,0,0,0,0,0,0,0,0
0.026156,0.027255,0.025914,0,0,0,0,0,0,0,0,0,0,0,0
0.025431,0.025694,0.025619,0,0,0,0,0,0,0,0,0,0,0,0
0.025865,0.025786,0.025833,0,0,0,0,0,0,0,0,0,0,0,0
0.025985,0.026093,0.025891,0,0,0,0,0,0,0,0,0,0,0,0
0.02592,0.025925,0.025818,0,0,0,0,0,0,0,0,0,0,0,0
0.025759,0.0261,0.02574,0,0,0,0,0,0,0,0,0,0,0,0
0.026015,0.026078,0.025972,0,0,0,0,0,0,0,0,0,0,0,0
0.025455,0.025526,0.025381,0,0,0,0,0,0,0,0,0,0,0,0
0.026207,0.025934,0.025841,0,0,0,0,0,0,0,0,0,0,0,0
0.025852,0.025923,0.025718,0,0,0,0,0,0,0,0,0,0,0,0
0.026095,0.026166,0.025961,0,0,0,0,0,0,0,0,0,0,0,0
0.025569,0.024638,0.024678,0,0,0,0,0,0,0,0,0,0,0,0
0.025804,0.025622,0.025638,0,0,0,0,0,0,0,0,0,0,0,0
0.02523,0.025276,0.02532,0,0,0,0,0,0,0,0,0,0,0,0
0.024584,0.024571,0.024561,0,0,0,0,0,0,0,0,0,0,0,0
0.024928,0.0249,0.024941,0,0,0,0,0,0,0,0,0,0,0,0
0.025577,0.025567,0.026384,0,0,0,0,0,0,0,0,0,0,0,0
0.024644,0.024487,0.024472,0,0,0,0,0,0,0,0,0,0,0,0
0.024716,0.02452,0.024565,0,0,0,0,0,0,0,0,0,0,0,0
0.025517,0.025315,0.025391,0,0,0,0,0,0,0,0,0,0,0,0
0.025783,0.02579,0.025838,0,0,0,0,0,0,0,0,0,0,0,0
0.024837,0.024928,0.025726,0,0,0,0,0,0,0,0,0,0,0,0
0.025509,0.025566,0.026122,0,0,0,0,0,0,0,0,0,0,0,0
0.024645,0.02461,0.024614,0,0,0,0,0,0,0,0,0,0,0,0
0.024852,0.024775,0.024847,0,0,0,0,0,0,0,0,0,0,0,0
0.025328,0.025292,0.025246,0,0,0,0,0,0,0,0,0,0,0,0
0.02489,0.024887,0.024875,0,0,0,0,0,0,0,0,0,0,0,0
0.024994,0.024918,0.025188,0,0,0,0,0,0,0,0,0,0,0,0
0.02565,0.02545,0.025511,0,0,0,0,0,0,0,0,0,0,0,0
0.024896,0.024861,0.025139,0,0,0,0,0,0,0,0,0,0,0,0
0.025004,0.024971,0.024897,0,0,0,0,0,0,0,0,0,0,0,0
0.025362,0.02547,0.025432,0,0,0,0,0,0,0,0,0,0,0,0
0.024885,0.024908,0.024894,0,0,0,0,0,0,0,0,0,0,0,0
0.024605,0.024687,0.024705,0,0,0,0,0,0,0,0,0,0,0,0
0.025642,0.025386,0.025345,0,0,0,0,0,0,0,0,0,0,0,0
0.024915,0.024998,0.024922,0,0,0,0,0,0,0,0,0,0,0,0
0.024873,0.024918,0.024864,0,0,0,0,0,0,0,0,0,0,0,0
0.026974,0.026023,0.026005,0,0,0,0,0,0,0,0,0,0,0,0
0.02476,0.024874,0.024714,0,0,0,0,0,0,0,0,0,0,0,0
0.025102,0.025106,0.025133,0,0,0,0,0,0,0,0,0,0,0,0
0.025818,0.025865,0.025869,0,0,0,0,0,0,0,0,0,0,0,0
0.024913,0.024843,0.0258,0,0,0,0,0,0,0,0,0,0,0,0
0.024887,0.024881,0.024891,0,0,0,0,0,0,0,0,0,0,0,0
0.024491,0.024539,0.024465,0,0,0,0,0,0,0,0,0,0,0,0
0.025765,0.025845,0.025726,0,0,0,0,0,0,0,0,0,0,0,0
0.024854,0.024761,0.02489,0,0,0,0,0,0,0,0,0,0,0,0
0.026002,0.025956,0.025879,0,0,0,0,0,0,0,0,0,0,0,0
0.025721,0.025553,0.025563,0,0,0,0,0,0,0,0,0,0,0,0
0.025541,0.024918,0.024935,0,0,0,0,0,0,0,0,0,0,0,0
0.025551,0.026337,0.025817,0,0,0,0,0,0,0,0,0,0,0,0
0.026655,0.02575,0.02594,0,0,0,0,0,0,0,0,0,0,0,0
0.025123,0.025074,0.025106,0,0,0,0,0,0,0,0,0,0,0,0
0.025472,0.025321,0.02538,0,0,0,0,0,0,0,0,0,0,0,0
0.025376,0.025425,0.025336,0,0,0,0,0,0,0,0,0,0,0,0
0.024902,0.025011,0.024898,0,0,0,0,0,0,0,0,0,0,0,0
0.025719,0.025752,0.025713,0,0,0,0,0,0,0,0,0,0,0,0
0.025951,0.026607,0.025921,0,0,0,0,0,0,0,0,0,0,0,0
0.025272,0.025319,0.025252,0,0,0,0,0,0,0,0,0,0,0,0
0.026765,0.026643,0.026741,0,0,0,0,0,0,0,0,0,0,0,0
0.025153,0.025203,0.025202,0,0,0,0,0,0,0,0,0,0,0,0
0.024992,0.02513,0.024948,0,0,0,0,0,0,0,0,0,0,0,0
0.025564,0.025367,0.025374,0,0,0,0,0,0,0,0,0,0,0,0
0.025653,0.025714,0.025699,0,0,0,0,0,0,0,0,0,0,0,0
0.024939,0.0251,0.025018,0,0,0,0,0,0,0,0,0,0,0,0
0.026201,0.026307,0.026194,0,0,0,0,0,0,0,0,0,0,0,0
0.024712,0.024844,0.024686,0,0,0,0,0,0,0,0,0,0,0,0
0.024648,0.024722,0.024657,0,0,0,0,0,0,0,0,0,0,0,0
0.026134,0.025116,0.025072,0,0,0,0,0,0,0,0,0,0,0,0
0.024725,0.024584,0.024585,0,0,0,0,0,0,0,0,0,0,0,0
0.024388,0.024545,0.025502,0,0,0,0,0,0,0,0,0,0,0,0
0.024302,0.024282,0.024534,0,0,0,0,0,0,0,0,0,0,0,0
0.025506,0.025507,0.025466,0,0,0,0,0,0,0,0,0,0,0,0
0.02588,0.024998,0.024915,0,0,0,0,0,0,0,0,0,0,0,0
0.025133,0.024993,0.025201,0,0,0,0,0,0,0,0,0,0,0,0
0.025152,0.025173,0.026167,0,0,0,0,0,0,0,0,0,0,0,0
0.02479,0.02483,0.024843,0,0,0,0,0,0,0,0,0,0,0,0
0.025188,0.025117,0.025126,0,0,0,0,0,0,0,0,0,0,0,0
0.025476,0.025668,0.025483,0,0,0,0,0,0,0,0,0,0,0,0
0.024558,0.024519,0.024521,0,0,0,0,0,0,0,0,0,0,0,0
0.02595,0.024978,0.024938,0,0,0,0,0,0,0,0,0,0,0,0
0.025199,0.025306,0.025194,0,0,0,0,0,0,0,0,0,0,0,0
0.024514,0.024718,0.024503,0,0,0,0,0,0,0,0,0,0,0,0
0.024825,0.024819,0.024766,0,0,0,0,0,0,0,0,0,0,0,0
0.024962,0.024981,0.025013,0,0,0,0,0,0,0,0,0,0,0,0
0.024761,0.024454,0.024398,0,0,0,0,0,0,0,0,0,0,0,0
0.024053,0.025061,0.024779,0,0,0,0,0,0,0,0,0,0,0,0
0.025052,0.024909,0.024905,0,0,0,0,0,0,0,0,0,0,0,0
0.02441,0.024413,0.025274,0,0,0,0,0,0,0,0,0,0,0,0
0.025372,0.025496,0.025409,0,0,0,0,0,0,0,0,0,0,0,0
0.024193,0.024166,0.024161,0,0,0,0,0,0,0,0,0,0,0,0
0.024305,0.024291,0.024329,0,0,0,0,0,0,0,0,0,0,0,0
0.024858,0.024743,0.024724,0,0,0,0,0,0,0,0,0,0,0,0
0.024644,0.024504,0.024469,0,0,0,0,0,0,0,0,0,0,0,0
0.024379,0.024341,0.024365,0,0,0,0,0,0,0,0,0,0,0,0
0.026543,0.025607,0.025624,0,0,0,0,0,0,0,0,0,0,0,0
0.026591,0.027537,0.026319,0,0,0,0,0,0,0,0,0,0,0,0
0.026619,0.026195,0.026238,0,0,0,0,0,0,0,0,0,0,0,0
0.026555,0.025912,0.026011,0,0,0,0,0,0,0,0,0,0,0,0
0.026656,0.027379,0.026449,0,0,0,0,0,0,0,0,0,0,0,0
0.025845,0.025762,0.02576,0,0,0,0,0,0,0,0,0,0,0,0
0.026084,0.025961,0.026936,0,0,0,0,0,0,0,0,0,0,0,0
0.026376,0.026306,0.026325,0,0,0,0,0,0,0,0,0,0,0,0
0.025687,0.025651,0.02567,0,0,0,0,0,0,0,0,0,0,0,0
0.026362,0.026249,0.026307,0,0,0,0,0,0,0,0,0,0,0,0
0.026319,0.0268,0.026212,0,0,0,0,0,0,0,0,0,0,0,0
0.026855,0.026761,0.026768,0,0,0,0,0,0,0,0,0,0,0,0
0.02671,0.026294,0.0263,0,0,0,0,0,0,0,0,0,0,0,0
0.025947,0.02584,0.025947,0,0,0,0,0,0,0,0,0,0,0,0
0.025914,0.025823,0.025917,0,0,0,0,0,0,0,0,0,0,0,0
0.026843,0.026736,0.026757,0,0,0,0,0,0,0,0,0,0,0,0
0.026323,0.026182,0.026292,0,0,0,0,0,0,0,0,0,0,0,0
0.025487,0.025498,0.02549,0,0,0,0,0,0,0,0,0,0,0,0
0.026405,0.027626,0.026606,0,0,0,0,0,0,0,0,0,0,0,0
0.025986,0.025974,0.026096,0,0,0,0,0,0,0,0,0,0,0,0
0.025592,0.025494,0.025573,0,0,0,0,0,0,0,0,0,0,0,0
0.025513,0.025587,0.025827,0,0,0,0,0,0,0,0,0,0,0,0
0.02528,0.025225,0.026033,0,0,0,0,0,0,0,0,0,0,0,0
0.025381,0.02607,0.025294,0,0,0,0,0,0,0,0,0,0,0,0
0.026198,0.025755,0.025807,0,0,0,0,0,0,0,0,0,0,0,0
0.028485,0.027326,0.027578,0,0,0,0,0,0,0,0,0,0,0,0
0.026814,0.026646,0.026779,0,0,0,0,0,0,0,0,0,0,0,0
0.028902,0.027873,0.027708,0,0,0,0,0,0,0,0,0,0,0,0
0.027232,0.02688,0.026907,0,0,0,0,0,0,0,0,0,0,0,0
0.027383,0.026373,0.0264,0,0,0,0,0,0,0,0,0,0,0,0
0.026808,0.026486,0.026511,0,0,0,0,0,0,0,0,0,0,0,0
0.026623,0.026602,0.027016,0,0,0,0,0,0,0,0,0,0,0,0
0.027285,0.027073,0.027213,0,0,0,0,0,0,0,0,0,0,0,0
0.025851,0.025479,0.027164,0,0,0,0,0,0,0,0,0,0,0,0
0.025805,0.026374,0.026206,0,0,0,0,0,0,0,0,0,0,0,0
0.027308,0.026205,0.025389,0,0,0,0,0,0,0,0,0,0,0,0
0.026626,0.025822,0.02678,0,0,0,0,0,0,0,0,0,0,0,0
0.026001,0.026375,0.025467,0,0,0,0,0,0,0,0,0,0,0,0
0.02582,0.026267,0.025257,0,0,0,0,0,0,0,0,0,0,0,0
0.026074,0.025251,0.025454,0,0,0,0,0,0,0,0,0,0,0,0
0.025943,0.026432,0.025471,0,0,0,0,0,0,0,0,0,0,0,0
0.025836,0.026174,0.025302,0,0,0,0,0,0,0,0,0,0,0,0
0.025806,0.025231,0.026236,0,0,0,0,0,0,0,0,0,0,0,0
0.026005,0.02629,0.025408,0,0,0,0,0,0,0,0,0,0,0,0
0.026786,0.026215,0.025281,0,0,0,0,0,0,0,0,0,0,0,0
0.025339,0.026157,0.025475,0,0,0,0,0,0,0,0,0,0,0,0
0.025549,0.026332,0.026373,0,0,0,0,0,0,0,0,0,0,0,0
0.025676,0.026449,0.025542,0,0,0,0,0,0,0,0,0,0,0,0
0.026567,0.026448,0.026494,0,0,0,0,0,0,0,0,0,0,0,0
0.02689,0.02697,0.026526,0,0,0,0,0,0,0,0,0,0,0,0
0.027347,0.027041,0.026112,0,0,0,0,0,0,0,0,0,0,0,0
0.026521,0.026012,0.026394,0,0,0,0,0,0,0,0,0,0,0,0
0.026905,0.026659,0.026607,0,0,0,0,0,0,0,0,0,0,0,0
0.02628,0.02674,0.025892,0,0,0,0,0,0,0,0,0,0,0,0
0.026567,0.025914,0.026048,0,0,0,0,0,0,0,0,0,0,0,0
0.025777,0.02672,0.025777,0,0,0,0,0,0,0,0,0,0,0,0
0.025926,0.026803,0.025877,0,0,0,0,0,0,0,0,0,0,0,0
0.026411,0.025625,0.025815,0,0,0,0,0,0,0,0,0,0,0,0
0.025929,0.026602,0.025749,0,0,0,0,0,0,0,0,0,0,0,0
0.026021,0.026572,0.025702,0,0,0,0,0,0,0,0,0,0,0,0
0.026401,0.025745,0.026101,0,0,0,0,0,0,0,0,0,0,0,0
0.026153,0.026984,0.025877,0,0,0,0,0,0,0,0,0,0,0,0
0.027069,0.0274,0.027039,0,0,0,0,0,0,0,0,0,0,0,0
0.027547,0.026227,0.026412,0,0,0,0,0,0,0,0,0,0,0,0
0.026768,0.027373,0.026126,0,0,0,0,0,0,0,0,0,0,0,0
0.025834,0.027214,0.025803,0,0,0,0,0,0,0,0,0,0,0,0
0.026175,0.025914,0.026089,0,0,0,0,0,0,0,0,0,0,0,0
0.026609,0.026977,0.026086,0,0,0,0,0,0,0,0,0,0,0,0
0.026195,0.026998,0.026063,0,0,0,0,0,0,0,0,0,0,0,0
0.027223,0.026664,0.02679,0,0,0,0,0,0,0,0,0,0,0,0
0.026513,0.027142,0.026378,0,0,0,0,0,0,0,0,0,0,0,0
0.026238,0.026977,0.026012,0,0,0,0,0,0,0,0,0,0,0,0
0.026695,0.026524,0.026514,0,0,0,0,0,0,0,0,0,0,0,0
0.027711,0.02703,0.027026,0,0,0,0,0,0,0,0,0,0,0,0
0.027137,0.026897,0.026853,0,0,0,0,0,0,0,0,0,0,0,0
0.029658,0.028242,0.02832,0,0,0,0,0,0,0,0,0,0,0,0
0.027778,0.027503,0.027583,0,0,0,0,0,0,0,0,0,0,0,0
0.027493,0.027466,0.027335,0,0,0,0,0,0,0,0,0,0,0,0
0.026492,0.02637,0.026507,0,0,0,0,0,0,0,0,0,0,0,0
0.026281,0.027494,0.026417,0,0,0,0,0,0,0,0,0,0,0,0
0.026018,0.026953,0.026041,0,0,0,0,0,0,0,0,0,0,0,0
0.027885,0.028475,0.027382,0,0,0,0,0,0,0,0,0,0,0,0
0.027449,0.026917,0.026946,0,0,0,0,0,0,0,0,0,0,0,0
0.02693,0.026784,0.026568,0,0,0,0,0,0,0,0,0,0,0,0
0.02713,0.027025,0.027942,0,0,0,0,0,0,0,0,0,0,0,0
0.026795,0.026709,0.027006,0,0,0,0,0,0,0,0,0,0,0,0
0.027894,0.027065,0.027833,0,0,0,0,0,0,0,0,0,0,0,0
0.02766,0.026906,0.026898,0,0,0,0,0,0,0,0,0,0,0,0
0.027289,0.026615,0.026584,0,0,0,0,0,0,0,0,0,0,0,0
0.02741,0.027325,0.027347,0,0,0,0,0,0,0,0,0,0,0,0
0.025967,0.02572,0.025905,0,0,0,0,0,0,0,0,0,0,0,0
0.027885,0.027007,0.026023,0,0,0,0,0,0,0,0,0,0,0,0
0.026397,0.02681,0.025858,0,0,0,0,0,0,0,0,0,0,0,0
0.02822,0.026169,0.026339,0,0,0,0,0,0,0,0,0,0,0,0
0.027595,0.027571,0.026645,0,0,0,0,0,0,0,0,0,0,0,0
0.027252,0.026923,0.027012,0,0,0,0,0,0,0,0,0,0,0,0
0.027975,0.027248,0.027285,0,0,0,0,0,0,0,0,0,0,0,0
0.027118,0.026867,0.026989,0,0,0,0,0,0,0,0,0,0,0,0
0.027002,0.026938,0.027075,0,0,0,0,0,0,0,0,0,0,0,0
0.027241,0.027244,0.027249,0,0,0,0,0,0,0,0,0,0,0,0
0.026912,0.026948,0.026952,0,0,0,0,0,0,0,0,0,0,0,0
0.027422,0.027156,0.027242,0,0,0,0,0,0,0,0,0,0,0,0
0.027052,0.027017,0.027017,0,0,0,0,0,0,0,0,0,0,0,0
0.027205,0.027074,0.027386,0,0,0,0,0,0,0,0,0,0,0,0
0.026619,0.026541,0.026749,0,0,0,0,0,0,0,0,0,0,0,0
0.027176,0.026938,0.027409,0,0,0,0,0,0,0,0,0,0,0,0
0.027017,0.026943,0.027108,0,0,0,0,0,0,0,0,0,0,0,0
0.027,0.027437,0.026884,0,0,0,0,0,0,0,0,0,0,0,0
0.027003,0.027129,0.027463,0,0,0,0,0,0,0,0,0,0,0,0
0.02675,0.028197,0.02665,0,0,0,0,0,0,0,0,0,0,0,0
0.026675,0.02653,0.026529,0,0,0,0,0,0,0,0,0,0,0,0
0.027119,0.027158,0.027241,0,0,0,0,0,0,0,0,0,0,0,0
0.026883,0.027495,0.026898,0,0,0,0,0,0,0,0,0,0,0,0
0.027171,0.027353,0.027189,0,0,0,0,0,0,0,0,0,0,0,0
0.027864,0.026775,0.026853,0,0,0,0,0,0,0,0,0,0,0,0
0.028125,0.027512,0.027129,0,0,0,0,0,0,0,0,0,0,0,0
0.025997,0.02629,0.026051,0,0,0,0,0,0,0,0,0,0,0,0
0.025902,0.026461,0.026106,0,0,0,0,0,0,0,0,0,0,0,0
0.026592,0.027166,0.026507,0,0,0,0,0,0,0,0,0,0,0,0
0.026319,0.026421,0.026235,0,0,0,0,0,0,0,0,0,0,0,0
0.027142,0.026202,0.026075,0,0,0,0,0,0,0,0,0,0,0,0
0.025308,0.025703,0.02521,0,0,0,0,0,0,0,0,0,0,0,0
0.025149,0.025882,0.025187,0,0,0,0,0,0,0,0,0,0,0,0
0.026618,0.026462,0.026595,0,0,0,0,0,0,0,0,0,0,0,0
0.02461,0.025232,0.024623,0,0,0,0,0,0,0,0,0,0,0,0
0.024735,0.024639,0.02485,0,0,0,0,0,0,0,0,0,0,0,0
0.026306,0.026274,0.026209,0,0,0,0,0,0,0,0,0,0,0,0
0.02614,0.02599,0.025541,0,0,0,0,0,0,0,0,0,0,0,0
0.024894,0.024623,0.025,0,0,0,0,0,0,0,0,0,0,0,0
0.022996,0.022976,0.022993,0,0,0,0,0,0,0,0,0,0,0,0
0.022094,0.022155,0.022085,0,0,0,0,0,0,0,0,0,0,0,0
0.022484,0.022816,0.022537,0,0,0,0,0,0,0,0,0,0,0,0
0.026856,0.027481,0.026768,0,0,0,0,0,0,0,0,0,0,0,0
0.026003,0.025546,0.025359,0,0,0,0,0,0,0,0,0,0,0,0
0.024307,0.024044,0.024023,0,0,0,0,0,0,0,0,0,0,0,0
0.025712,0.026286,0.026471,0,0,0,0,0,0,0,0,0,0,0,0
0.024245,0.024304,0.024309,0,0,0,0,0,0,0,0,0,0,0,0
0.025276,0.025737,0.025039,0,0,0,0,0,0,0,0,0,0,0,0
0.026132,0.026612,0.026173,0,0,0,0,0,0,0,0,0,0,0,0
0.02567,0.026673,0.025852,0,0,0,0,0,0,0,0,0,0,0,0
0.026074,0.026007,0.025204,0,0,0,0,0,0,0,0,0,0,0,0
0.026126,0.02605,0.026118,0,0,0,0,0,0,0,0,0,0,0,0
0.025423,0.025352,0.025434,0,0,0,0,0,0,0,0,0,0,0,0
0.025486,0.025485,0.025555,0,0,0,0,0,0,0,0,0,0,0,0
0.026292,0.02571,0.02578,0,0,0,0,0,0,0,0,0,0,0,0
0.024299,0.024906,0.024346,0,0,0,0,0,0,0,0,0,0,0,0
0.025018,0.024856,0.024977,0,0,0,0,0,0,0,0,0,0,0,0
0.025332,0.025302,0.025295,0,0,0,0,0,0,0,0,0,0,0,0
0.026257,0.026208,0.026234,0,0,0,0,0,0,0,0,0,0,0,0
0.025235,0.025153,0.025173,0,0,0,0,0,0,0,0,0,0,0,0
0.026768,0.027253,0.026732,0,0,0,0,0,0,0,0,0,0,0,0
0.025339,0.025818,0.025313,0,0,0,0,0,0,0,0,0,0,0,0
0.024885,0.025113,0.024856,0,0,0,0,0,0,0,0,0,0,0,0
0.025824,0.026548,0.025837,0,0,0,0,0,0,0,0,0,0,0,0
0.027158,0.026979,0.026532,0,0,0,0,0,0,0,0,0,0,0,0
0.02523,0.025706,0.025265,0,0,0,0,0,0,0,0,0,0,0,0
0.02689,0.0275,0.027017,0,0,0,0,0,0,0,0,0,0,0,0
0.026556,0.026804,0.026547,0,0,0,0,0,0,0,0,0,0,0,0
0.026453,0.026672,0.026529,0,0,0,0,0,0,0,0,0,0,0,0
0.025714,0.026262,0.026317,0,0,0,0,0,0,0,0,0,0,0,0
0.026023,0.026146,0.02607,0,0,0,0,0,0,0,0,0,0,0,0
0.026464,0.025403,0.025693,0,0,0,0,0,0,0,0,0,0,0,0
0.025463,0.025656,0.025645,0,0,0,0,0,0,0,0,0,0,0,0
0.025764,0.025695,0.025745,0,0,0,0,0,0,0,0,0,0,0,0
0.026166,0.026096,0.02606,0,0,0,0,0,0,0,0,0,0,0,0
0.025845,0.025952,0.025993,0,0,0,0,0,0,0,0,0,0,0,0
0.025885,0.025974,0.02585,0,0,0,0,0,0,0,0,0,0,0,0
0.025591,0.025525,0.025535,0,0,0,0,0,0,0,0,0,0,0,0
0.025947,0.026129,0.026056,0,0,0,0,0,0,0,0,0,0,0,0
0.025761,0.025677,0.025737,0,0,0,0,0,0,0,0,0,0,0,0
0.025501,0.026126,0.025487,0,0,0,0,0,0,0,0,0,0,0,0
0.026117,0.026318,0.026436,0,0,0,0,0,0,0,0,0,0,0,0
0.025673,0.026434,0.025673,0,0,0,0,0,0,0,0,0,0,0,0
0.025806,0.025802,0.025953,0,0,0,0,0,0,0,0,0,0,0,0
0.025671,0.02597,0.025996,0,0,0,0,0,0,0,0,0,0,0,0
0.025978,0.025936,0.026079,0,0,0,0,0,0,0,0,0,0,0,0
0.026178,0.026169,0.026127,0,0,0,0,0,0,0,0,0,0,0,0
0.026728,0.027045,0.026871,0,0,0,0,0,0,0,0,0,0,0,0
0.025889,0.025791,0.025865,0,0,0,0,0,0,0,0,0,0,0,0
0.026415,0.025885,0.02555,0,0,0,0,0,0,0,0,0,0,0,0
0.026107,0.026389,0.026331,0,0,0,0,0,0,0,0,0,0,0,0
0.025411,0.02531,0.025366,0,0,0,0,0,0,0,0,0,0,0,0
0.02585,0.026653,0.025991,0,0,0,0,0,0,0,0,0,0,0,0
0.026103,0.026315,0.02654,0,0,0,0,0,0,0,0,0,0,0,0
0.026519,0.026482,0.026499,0,0,0,0,0,0,0,0,0,0,0,0
0.025704,0.025742,0.025622,0,0,0,0,0,0,0,0,0,0,0,0
0.026858,0.026144,0.026222,0,0,0,0,0,0,0,0,0,0,0,0
0.025372,0.025422,0.025412,0,0,0,0,0,0,0,0,0,0,0,0
0.025661,0.025652,0.025622,0,0,0,0,0,0,0,0,0,0,0,0
0.025801,0.026041,0.025976,0,0,0,0,0,0,0,0,0,0,0,0
0.025848,0.025986,0.025958,0,0,0,0,0,0,0,0,0,0,0,0
0.026497,0.027572,0.026478,0,0,0,0,0,0,0,0,0,0,0,0
0.026782,0.026838,0.026674,0,0,0,0,0,0,0,0,0,0,0,0
0.026716,0.026671,0.02661,0,0,0,0,0,0,0,0,0,0,0,0
0.026913,0.026625,0.026486,0,0,0,0,0,0,0,0,0,0,0,0
0.026726,0.026622,0.026596,0,0,0,0,0,0,0,0,0,0,0,0
0.027264,0.026913,0.02677,0,0,0,0,0,0,0,0,0,0,0,0
0.025255,0.025328,0.025278,0,0,0,0,0,0,0,0,0,0,0,0
0.026483,0.026423,0.026184,0,0,0,0,0,0,0,0,0,0,0,0
0.025758,0.025822,0.025452,0,0,0,0,0,0,0,0,0,0,0,0
0.025705,0.025549,0.02549,0,0,0,0,0,0,0,0,0,0,0,0
0.02672,0.025839,0.025749,0,0,0,0,0,0,0,0,0,0,0,0
0.025596,0.02533,0.025224,0,0,0,0,0,0,0,0,0,0,0,0
0.026701,0.026269,0.025532,0,0,0,0,0,0,0,0,0,0,0,0
0.027124,0.026469,0.026411,0,0,0,0,0,0,0,0,0,0,0,0
0.026339,0.026157,0.026147,0,0,0,0,0,0,0,0,0,0,0,0
0.02681,0.026918,0.026,0,0,0,0,0,0,0,0,0,0,0,0
0.026141,0.02607,0.026023,0,0,0,0,0,0,0,0,0,0,0,0
0.02594,0.025959,0.025897,0,0,0,0,0,0,0,0,0,0,0,0
0.025871,0.025997,0.025965,0,0,0,0,0,0,0,0,0,0,0,0
0.026211,0.026304,0.026252,0,0,0,0,0,0,0,0,0,0,0,0
0.026147,0.026054,0.026098,0,0,0,0,0,0,0,0,0,0,0,0
0.025766,0.02589,0.025786,0,0,0,0,0,0,0,0,0,0,0,0
0.026053,0.02593,0.025856,0,0,0,0,0,0,0,0,0,0,0,0
0.025749,0.025631,0.025945,0,0,0,0,0,0,0,0,0,0,0,0
0.025713,0.025724,0.025733,0,0,0,0,0,0,0,0,0,0,0,0
0.0263,0.026145,0.026174,0,0,0,0,0,0,0,0,0,0,0,0
0.025775,0.02574,0.026341,0,0,0,0,0,0,0,0,0,0,0,0
0.026065,0.026055,0.025951,0,0,0,0,0,0,0,0,0,0,0,0
0.026574,0.025902,0.025851,0,0,0,0,0,0,0,0,0,0,0,0
0.024688,0.02468,0.024662,0,0,0,0,0,0,0,0,0,0,0,0
0.025823,0.025862,0.025769,0,0,0,0,0,0,0,0,0,0,0,0
0.025385,0.025363,0.025222,0,0,0,0,0,0,0,0,0,0,0,0
0.025817,0.025607,0.02635,0,0,0,0,0,0,0,0,0,0,0,0
0.024982,0.025096,0.02509,0,0,0,0,0,0,0,0,0,0,0,0
0.025375,0.026239,0.025368,0,0,0,0,0,0,0,0,0,0,0,0
0.02586,0.025439,0.025538,0,0,0,0,0,0,0,0,0,0,0,0
0.02493,0.024847,0.024904,0,0,0,0,0,0,0,0,0,0,0,0
0.025315,0.025158,0.02524,0,0,0,0,0,0,0,0,0,0,0,0
0.025325,0.025428,0.025199,0,0,0,0,0,0,0,0,0,0,0,0
0.024831,0.024673,0.024774,0,0,0,0,0,0,0,0,0,0,0,0
0.025873,0.025743,0.026385,0,0,0,0,0,0,0,0,0,0,0,0
0.025041,0.025781,0.024996,0,0,0,0,0,0,0,0,0,0,0,0
0.024743,0.024978,0.024579,0,0,0,0,0,0,0,0,0,0,0,0
0.025827,0.025729,0.02576,0,0,0,0,0,0,0,0,0,0,0,0
0.023903,0.024057,0.02395,0,0,0,0,0,0,0,0,0,0,0,0
0.024558,0.023762,0.023771,0,0,0,0,0,0,0,0,0,0,0,0
0.024424,0.024304,0.02425,0,0,0,0,0,0,0,0,0,0,0,0
0.025059,0.025264,0.025085,0,0,0,0,0,0,0,0,0,0,0,0
0.024289,0.024381,0.025323,0,0,0,0,0,0,0,0,0,0,0,0
