0.42599
0.068951
0.025823
0.025307
0.024901
0.024688
0.025498
0.024572
0.024472
0.024491
0.024483
0.024409
0.024118
0.024577
0.024353
0.024686
0.024489
0.024517
0.0242
0.024802
0.02405
0.02448
0.024193
0.024055
0.024496
0.024465
0.0245
0.024481
0.024639
0.024265
0.024376
0.024373
0.024199
0.025585
0.025231
0.025318
0.025446
0.025434
0.025469
0.025562
0.025558
0.025535
0.025031
0.025287
0.0252
0.024997
0.025058
0.025279
0.025486
0.025375
0.025236
0.025706
0.025268
0.025501
0.025466
0.025549
0.025799
0.025728
0.02563
0.026267
0.024414
0.024518
0.023937
0.023974
0.024346
0.025687
0.025849
0.025748
0.025587
0.025373
0.025813
0.025506
0.025325
0.025334
0.02535
0.025163
0.025062
0.02511
0.025089
0.024999
0.024757
0.02474
0.02466
0.02462
0.02468
0.024836
0.024774
0.025099
0.024803
0.024839
0.02527
0.024933
0.025212
0.025076
0.02498
0.025302
0.024927
0.025225
0.025452
0.025095
0.025153
0.025121
0.025371
0.025193
0.025034
0.025255
0.024946
0.025294
0.02534
0.025286
0.025306
0.025279
0.024128
0.024303
0.023673
0.024022
0.024183
0.024065
0.023781
0.023852
0.023416
0.023721
0.023476
0.023977
0.023596
0.023793
0.023783
0.023737
0.02357
0.023788
0.024917
0.023591
0.023755
0.02342
0.024118
0.023513
0.02352
0.023644
0.023727
0.025443
0.025026
0.024556
0.024603
0.024725
0.024643
0.024987
0.025086
0.024655
0.025103
0.0247
0.024875
0.024992
0.025009
0.02499
0.025016
0.023589
0.023869
0.023784
0.023784
0.023685
0.023868
0.023592
0.023502
0.023602
0.023599
0.024691
0.025044
0.025249
NaN
NaN
NaN
NaN
0.47432
0.070214
0.028048
0.029814
0.03171
0.027814
0.028923
0.028122
0.027726
0.028853
0.028412
0.029366
0.027826
0.028237
0.028781
NaN
NaN
NaN
NaN
0.46906
0.06924
0.030358
0.030932
0.030334
0.031039
0.030816
0.029433
0.030653
0.030078
0.031212
0.031654
NaN
NaN
NaN
NaN
0.47484
0.073938
0.030291
0.029789
0.031425
0.031223
0.031571
0.030894
0.030503
0.030711
0.030285
0.029528
0.030466
NaN
NaN
NaN
NaN
0.47666
0.071888
0.031336
0.032116
0.031837
0.032178
0.032347
0.031309
0.031703
0.031299
0.032269
0.031463
0.033683
0.032775
0.035155
0.033046
