1
339.2505,112.3033,72.5362,17.5776
319.7566,112.7805,83.9367,18.5028
319.7566,112.7805,83.9367,18.5028
319.7566,112.7805,83.9367,18.5028
319.7566,112.7805,83.9367,18.5028
319.7566,112.7805,83.9367,18.5028
319.7566,112.7805,83.9367,18.5028
319.7566,112.7805,83.9367,18.5028
0
0
0
0
0
0
2
0
0
0
0
1
277.6460,19.6774,26.8598,75.5456
276.4005,25.6756,29.6938,72.9586
276.4005,25.6756,29.6938,72.9586
276.4005,25.6756,29.6938,72.9586
276.4005,25.6756,29.6938,72.9586
276.4005,25.6756,29.6938,72.9586
276.4005,25.6756,29.6938,72.9586
276.4005,25.6756,29.6938,72.9586
276.4005,25.6756,29.6938,72.9586
276.4005,25.6756,29.6938,72.9586
276.4005,25.6756,29.6938,72.9586
276.4005,25.6756,29.6938,72.9586
276.4005,25.6756,29.6938,72.9586
276.4005,25.6756,29.6938,72.9586
276.4005,25.6756,29.6938,72.9586
276.4005,25.6756,29.6938,72.9586
276.4005,25.6756,29.6938,72.9586
272.3469,32.0741,34.3082,71.3464
272.3469,32.0741,34.3082,71.3464
272.3469,32.0741,34.3082,71.3464
272.3469,32.0741,34.3082,71.3464
272.3469,32.0741,34.3082,71.3464
272.3469,32.0741,34.3082,71.3464
272.3469,32.0741,34.3082,71.3464
272.3469,32.0741,34.3082,71.3464
272.3469,32.0741,34.3082,71.3464
272.3469,32.0741,34.3082,71.3464
272.3469,32.0741,34.3082,71.3464
272.3469,32.0741,34.3082,71.3464
272.3469,32.0741,34.3082,71.3464
272.3469,32.0741,34.3082,71.3464
261.1854,29.2446,42.6417,73.1688
261.1854,29.2446,42.6417,73.1688
0
0
0
0
0
0
0
0
0
0
2
0
0
0
0
1
216.7275,159.4969,48.8066,79.7658
204.5299,159.8531,59.8921,88.5792
204.5299,159.8531,59.8921,88.5792
204.5299,159.8531,59.8921,88.5792
204.5299,159.8531,59.8921,88.5792
204.5299,159.8531,59.8921,88.5792
204.5299,159.8531,59.8921,88.5792
204.5299,159.8531,59.8921,88.5792
204.5299,159.8531,59.8921,88.5792
204.5299,159.8531,59.8921,88.5792
204.5299,159.8531,59.8921,88.5792
204.5299,159.8531,59.8921,88.5792
0
0
0
0
2
0
0
0
0
1
261.5604,302.0221,28.6783,77.8465
262.6870,307.1634,29.8582,77.7215
262.6870,307.1634,29.8582,77.7215
262.6870,307.1634,29.8582,77.7215
262.6870,307.1634,29.8582,77.7215
262.6870,307.1634,29.8582,77.7215
262.6870,307.1634,29.8582,77.7215
262.6870,307.1634,29.8582,77.7215
262.6870,307.1634,29.8582,77.7215
262.6870,307.1634,29.8582,77.7215
262.6870,307.1634,29.8582,77.7215
262.6870,307.1634,29.8582,77.7215
2
0
261.4081,317.1173,39.4635,74.0184
0
0
0
0
1
238.9876,412.8600,31.4789,77.4131
238.2666,415.7388,31.4859,76.8800
238.2666,415.7388,31.4859,76.8800
238.2666,415.7388,31.4859,76.8800
238.2666,415.7388,31.4859,76.8800
238.2666,415.7388,31.4859,76.8800
238.2666,415.7388,31.4859,76.8800
238.2666,415.7388,31.4859,76.8800
238.2666,415.7388,31.4859,76.8800
238.2666,415.7388,31.4859,76.8800
238.2666,415.7388,31.4859,76.8800
238.2666,415.7388,31.4859,76.8800
238.2666,415.7388,31.4859,76.8800
238.1312,417.4933,30.3467,77.0907
238.1312,417.4933,30.3467,77.0907
0
0
0
0
0
0
0
0
0
0
2
0
0
0
0
1
248.9835,597.3736,64.1424,55.9225
261.1067,583.9753,68.0763,61.4814
261.1067,583.9753,68.0763,61.4814
261.1067,583.9753,68.0763,61.4814
261.1067,583.9753,68.0763,61.4814
0
0
0
0
0
0
0
0
0
0
2
0
0
0
0
1
481.4327,524.5084,38.8888,67.4791
476.8046,524.9540,43.0616,69.2835
476.8046,524.9540,43.0616,69.2835
476.8046,524.9540,43.0616,69.2835
476.8046,524.9540,43.0616,69.2835
476.8046,524.9540,43.0616,69.2835
476.8046,524.9540,43.0616,69.2835
476.8046,524.9540,43.0616,69.2835
476.8046,524.9540,43.0616,69.2835
476.8046,524.9540,43.0616,69.2835
476.8046,524.9540,43.0616,69.2835
0
0
0
0
2
0
0
0
0
1
547.3212,507.0594,53.1180,86.7862
540.9383,502.1121,52.9156,79.3203
540.9383,502.1121,52.9156,79.3203
540.9383,502.1121,52.9156,79.3203
0
0
0
0
0
0
0
0
0
2
0
0
0
0
1
746.4567,637.3671,72.1030,37.2248
752.0896,633.1562,72.3500,44.3292
752.0896,633.1562,72.3500,44.3292
752.0896,633.1562,72.3500,44.3292
752.0896,633.1562,72.3500,44.3292
752.0896,633.1562,72.3500,44.3292
752.0896,633.1562,72.3500,44.3292
752.0896,633.1562,72.3500,44.3292
752.0896,633.1562,72.3500,44.3292
752.0896,633.1562,72.3500,44.3292
0
0
0
0
0
2
0
0
0
0
1
910.7438,606.7203,78.5591,40.7936
919.6859,604.2458,80.2848,44.4931
919.6859,604.2458,80.2848,44.4931
919.6859,604.2458,80.2848,44.4931
919.6859,604.2458,80.2848,44.4931
919.6859,604.2458,80.2848,44.4931
919.6859,604.2458,80.2848,44.4931
919.6859,604.2458,80.2848,44.4931
919.6859,604.2458,80.2848,44.4931
919.6859,604.2458,80.2848,44.4931
919.6859,604.2458,80.2848,44.4931
919.6859,604.2458,80.2848,44.4931
919.6859,604.2458,80.2848,44.4931
0
0
2
0
0
0
0
1
1052.0831,612.8582,88.3796,42.2625
1047.7692,614.4366,91.0522,48.5721
1047.7692,614.4366,91.0522,48.5721
1047.7692,614.4366,91.0522,48.5721
1047.7692,614.4366,91.0522,48.5721
1047.7692,614.4366,91.0522,48.5721
1047.7692,614.4366,91.0522,48.5721
1047.7692,614.4366,91.0522,48.5721
0
0
0
0
0
0
0
2
0
0
0
0
1
1306.9598,749.3445,72.1733,17.2061
1325.0637,734.3330,72.2236,27.7320
0
0
0
0
0
0
0
0
0
0
0
0
0
2
0
0
0
0
1
1430.0975,315.8581,58.7770,73.5450
1423.2056,305.2705,58.2652,74.0510
1423.2056,305.2705,58.2652,74.0510
0
0
0
0
0
0
0
0
0
0
0
2
0
0
0
0
1
975.3965,343.0185,79.0215,29.3489
977.9207,315.4015,39.7221,76.6005
977.9207,315.4015,39.7221,76.6005
977.9207,315.4015,39.7221,76.6005
977.9207,315.4015,39.7221,76.6005
977.9207,315.4015,39.7221,76.6005
977.9207,315.4015,39.7221,76.6005
977.9207,315.4015,39.7221,76.6005
977.9207,315.4015,39.7221,76.6005
2
0
0
0
974.8445,337.9574,37.0520,52.4871
0
0
0
0
1
851.5610,344.4478,81.0509,37.6322
832.0645,338.6689,87.4379,36.7709
832.0645,338.6689,87.4379,36.7709
832.0645,338.6689,87.4379,36.7709
832.0645,338.6689,87.4379,36.7709
832.0645,338.6689,87.4379,36.7709
832.0645,338.6689,87.4379,36.7709
0
0
0
0
0
0
0
2
0
0
0
0
1
553.4244,278.2938,83.7059,33.7712
543.4567,275.9903,81.7253,34.1041
543.4567,275.9903,81.7253,34.1041
543.4567,275.9903,81.7253,34.1041
543.4567,275.9903,81.7253,34.1041
543.4567,275.9903,81.7253,34.1041
543.4567,275.9903,81.7253,34.1041
0
0
0
0
0
0
0
2
0
0
0
0
1
271.9956,204.5459,43.2947,77.6630
265.9690,191.9209,44.3651,78.0758
265.9690,191.9209,44.3651,78.0758
265.9690,191.9209,44.3651,78.0758
265.9690,191.9209,44.3651,78.0758
265.9690,191.9209,44.3651,78.0758
265.9690,191.9209,44.3651,78.0758
265.9690,191.9209,44.3651,78.0758
0
0
0
0
0
2
0
0
0
0
1
332.9414,103.7778,77.8982,35.5401
339.8464,101.8761,77.0636,38.5186
339.8464,101.8761,77.0636,38.5186
339.8464,101.8761,77.0636,38.5186
339.8464,101.8761,77.0636,38.5186
339.8464,101.8761,77.0636,38.5186
339.8464,101.8761,77.0636,38.5186
339.8464,101.8761,77.0636,38.5186
339.8464,101.8761,77.0636,38.5186
339.8464,101.8761,77.0636,38.5186
339.8464,101.8761,77.0636,38.5186
339.8464,101.8761,77.0636,38.5186
2
0
