12.893
0.72251
0.66518
0.56848
0.30412
0.37538
0.33859
0.33191
0.68819
0.68539
0.35722
0.34614
0.34343
0.33728
0.3499
0.89402
0.34447
0.34208
0.33448
0.9721
0.38491
0.37909
0.38723
0.41552
0.36681
0.37162
0.37731
0.35587
0.36611
1.0534
0.37184
0.37777
0.37423
0.38034
0.38166
0.76989
0.75082
0.70648
0.71545
0.72006
0.28731
0.31173
0.36878
0.30078
0.34906
0.36022
0.36005
0.366
0.37459
1.1675
0.37461
0.36888
0.3837
0.3787
0.37885
0.36826
0.38644
0.37145
0.37528
1.2877
0.38987
0.39348
0.39389
0.39183
0.38281
0.37793
0.38058
0.3876
0.38994
1.3585
0.38781
0.37782
0.39346
0.40155
0.39385
0.40188
0.39792
0.96685
0.97347
0.97649
0.97145
0.97806
0.96238
0.96834
0.97003
0.9548
0.96033
0.37559
0.38263
1.5291
0.39098
0.39403
0.39934
0.79356
0.40144
0.40557
0.39019
0.40023
0.40853
1.4874
