0.00029266
0.52188
0.097522
0.069198
0.080048
NaN
0.097094
NaN
0.058493
0.065481
0.060004
NaN
0.059119
0.064913
0.055525
0.065988
NaN
0.068146
0.061392
0.062262
0.070797
NaN
0.061238
0.066409
0.066786
NaN
0.057898
0.0461
0.048519
0.049824
NaN
NaN
NaN
NaN
0.00039001
0.58292
0.1085
0.070947
0.077249
NaN
0.095445
NaN
0.065676
0.06427
0.070697
NaN
0.060069
0.061356
0.059429
NaN
0.059204
0.060453
0.061382
0.065711
0.058838
NaN
0.060039
0.061518
0.061285
0.06121
0.065843
NaN
0.060164
0.070258
0.059603
NaN
0.066763
0.061827
0.060201
0.0621
NaN
0.061635
0.073031
0.060025
NaN
0.068595
0.059074
0.061893
0.062814
NaN
NaN
NaN
NaN
NaN
0.00042336
0.53884
0.10581
0.07566
NaN
0.084322
0.095027
NaN
0.075377
NaN
NaN
NaN
NaN
NaN
0.00034103
0.57481
0.10519
0.078434
NaN
0.080423
0.097483
NaN
0.07682
NaN
NaN
NaN
NaN
NaN
0.00032661
0.50489
0.10331
0.068422
0.076067
NaN
0.090121
NaN
0.057799
0.052301
0.061549
NaN
NaN
NaN
NaN
0.00025059
0.52838
0.10876
0.072062
0.081938
NaN
0.089917
NaN
0.060619
0.055388
0.059231
0.057471
NaN
0.054523
0.059337
0.058256
0.058064
0.057002
0.056046
0.053943
0.056845
NaN
0.064471
0.059516
0.05843
0.063828
NaN
0.055505
0.057168
0.056004
0.055779
0.058162
0.058042
