1
762.0000,240.0000,910.0000,240.0000,910.0000,332.0000,762.0000,332.0000
763.0000,241.0000,910.0000,241.0000,910.0000,332.0000,763.0000,332.0000
764.0000,240.0000,914.0000,240.0000,914.0000,333.0000,764.0000,333.0000
764.0000,238.0000,919.0000,238.0000,919.0000,334.0000,764.0000,334.0000
764.0000,237.0000,923.0000,237.0000,923.0000,336.0000,764.0000,336.0000
769.0000,235.0000,931.0000,235.0000,931.0000,336.0000,769.0000,336.0000
776.0000,235.0000,934.0000,235.0000,934.0000,333.0000,776.0000,333.0000
776.0000,234.0000,938.0000,234.0000,938.0000,335.0000,776.0000,335.0000
779.0000,233.0000,941.0000,233.0000,941.0000,334.0000,779.0000,334.0000
784.0000,233.0000,941.0000,233.0000,941.0000,331.0000,784.0000,331.0000
787.0000,233.0000,946.0000,233.0000,946.0000,332.0000,787.0000,332.0000
786.0000,232.0000,948.0000,232.0000,948.0000,333.0000,786.0000,333.0000
789.0000,232.0000,948.0000,232.0000,948.0000,331.0000,789.0000,331.0000
789.0000,228.0000,952.0000,228.0000,952.0000,330.0000,789.0000,330.0000
794.0000,228.0000,954.0000,228.0000,954.0000,327.0000,794.0000,327.0000
798.0000,226.0000,955.0000,226.0000,955.0000,324.0000,798.0000,324.0000
804.0000,225.0000,957.0000,225.0000,957.0000,320.0000,804.0000,320.0000
808.0000,226.0000,956.0000,226.0000,956.0000,318.0000,808.0000,318.0000
808.0000,226.0000,957.0000,226.0000,957.0000,318.0000,808.0000,318.0000
810.0000,224.0000,959.0000,224.0000,959.0000,317.0000,810.0000,317.0000
816.0000,219.0000,964.0000,219.0000,964.0000,311.0000,816.0000,311.0000
820.0000,219.0000,964.0000,219.0000,964.0000,308.0000,820.0000,308.0000
822.0000,218.0000,967.0000,218.0000,967.0000,308.0000,822.0000,308.0000
826.0000,218.0000,968.0000,218.0000,968.0000,306.0000,826.0000,306.0000
826.0000,216.0000,970.0000,216.0000,970.0000,305.0000,826.0000,305.0000
831.0000,215.0000,973.0000,215.0000,973.0000,304.0000,831.0000,304.0000
830.0000,214.0000,974.0000,214.0000,974.0000,303.0000,830.0000,303.0000
833.0000,214.0000,974.0000,214.0000,974.0000,301.0000,833.0000,301.0000
836.0000,213.0000,976.0000,213.0000,976.0000,300.0000,836.0000,300.0000
834.0000,213.0000,978.0000,213.0000,978.0000,302.0000,834.0000,302.0000
845.0000,214.0000,984.0000,214.0000,984.0000,300.0000,845.0000,300.0000
849.0000,214.0000,987.0000,214.0000,987.0000,300.0000,849.0000,300.0000
850.0000,213.0000,991.0000,213.0000,991.0000,301.0000,850.0000,301.0000
854.0000,214.0000,992.0000,214.0000,992.0000,300.0000,854.0000,300.0000
854.0000,213.0000,995.0000,213.0000,995.0000,300.0000,854.0000,300.0000
860.0000,210.0000,1000.0000,210.0000,1000.0000,297.0000,860.0000,297.0000
863.0000,210.0000,1002.0000,210.0000,1002.0000,296.0000,863.0000,296.0000
863.0000,208.0000,1005.0000,208.0000,1005.0000,297.0000,863.0000,297.0000
867.0000,208.0000,1006.0000,208.0000,1006.0000,295.0000,867.0000,295.0000
866.0000,207.0000,1010.0000,207.0000,1010.0000,297.0000,866.0000,297.0000
866.0000,208.0000,1006.0000,208.0000,1006.0000,294.0000,866.0000,294.0000
870.0000,207.0000,1006.0000,207.0000,1006.0000,291.0000,870.0000,291.0000
870.0000,206.0000,1008.0000,206.0000,1008.0000,292.0000,870.0000,292.0000
874.0000,207.0000,1008.0000,207.0000,1008.0000,290.0000,874.0000,290.0000
876.0000,205.0000,1011.0000,205.0000,1011.0000,289.0000,876.0000,289.0000
878.0000,205.0000,1016.0000,205.0000,1016.0000,290.0000,878.0000,290.0000
884.0000,206.0000,1018.0000,206.0000,1018.0000,290.0000,884.0000,290.0000
885.0000,206.0000,1019.0000,206.0000,1019.0000,289.0000,885.0000,289.0000
890.0000,204.0000,1024.0000,204.0000,1024.0000,287.0000,890.0000,287.0000
890.0000,205.0000,1024.0000,205.0000,1024.0000,288.0000,890.0000,288.0000
892.0000,202.0000,1029.0000,202.0000,1029.0000,287.0000,892.0000,287.0000
894.0000,200.0000,1031.0000,200.0000,1031.0000,285.0000,894.0000,285.0000
898.0000,200.0000,1030.0000,200.0000,1030.0000,282.0000,898.0000,282.0000
903.0000,198.0000,1032.0000,198.0000,1032.0000,278.0000,903.0000,278.0000
901.0000,200.0000,1028.0000,200.0000,1028.0000,279.0000,901.0000,279.0000
897.0000,199.0000,1027.0000,199.0000,1027.0000,279.0000,897.0000,279.0000
896.0000,197.0000,1027.0000,197.0000,1027.0000,279.0000,896.0000,279.0000
899.0000,197.0000,1028.0000,197.0000,1028.0000,277.0000,899.0000,277.0000
900.0000,196.0000,1031.0000,196.0000,1031.0000,277.0000,900.0000,277.0000
902.0000,196.0000,1031.0000,196.0000,1031.0000,276.0000,902.0000,276.0000
901.0000,197.0000,1028.0000,197.0000,1028.0000,276.0000,901.0000,276.0000
902.0000,199.0000,1029.0000,199.0000,1029.0000,278.0000,902.0000,278.0000
902.0000,200.0000,1028.0000,200.0000,1028.0000,278.0000,902.0000,278.0000
903.0000,201.0000,1029.0000,201.0000,1029.0000,279.0000,903.0000,279.0000
904.0000,201.0000,1030.0000,201.0000,1030.0000,280.0000,904.0000,280.0000
902.0000,200.0000,1032.0000,200.0000,1032.0000,281.0000,902.0000,281.0000
902.0000,200.0000,1032.0000,200.0000,1032.0000,280.0000,902.0000,280.0000
902.0000,200.0000,1031.0000,200.0000,1031.0000,280.0000,902.0000,280.0000
902.0000,201.0000,1031.0000,201.0000,1031.0000,280.0000,902.0000,280.0000
904.0000,202.0000,1030.0000,202.0000,1030.0000,280.0000,904.0000,280.0000
905.0000,202.0000,1027.0000,202.0000,1027.0000,278.0000,905.0000,278.0000
905.0000,202.0000,1028.0000,202.0000,1028.0000,279.0000,905.0000,279.0000
904.0000,200.0000,1031.0000,200.0000,1031.0000,280.0000,904.0000,280.0000
904.0000,201.0000,1027.0000,201.0000,1027.0000,278.0000,904.0000,278.0000
903.0000,202.0000,1023.0000,202.0000,1023.0000,277.0000,903.0000,277.0000
902.0000,202.0000,1023.0000,202.0000,1023.0000,277.0000,902.0000,277.0000
903.0000,202.0000,1022.0000,202.0000,1022.0000,276.0000,903.0000,276.0000
904.0000,203.0000,1020.0000,203.0000,1020.0000,276.0000,904.0000,276.0000
903.0000,203.0000,1019.0000,203.0000,1019.0000,275.0000,903.0000,275.0000
902.0000,203.0000,1018.0000,203.0000,1018.0000,275.0000,902.0000,275.0000
901.0000,201.0000,1018.0000,201.0000,1018.0000,274.0000,901.0000,274.0000
901.0000,201.0000,1019.0000,201.0000,1019.0000,274.0000,901.0000,274.0000
902.0000,201.0000,1019.0000,201.0000,1019.0000,274.0000,902.0000,274.0000
902.0000,200.0000,1019.0000,200.0000,1019.0000,272.0000,902.0000,272.0000
904.0000,200.0000,1018.0000,200.0000,1018.0000,271.0000,904.0000,271.0000
904.0000,200.0000,1017.0000,200.0000,1017.0000,270.0000,904.0000,270.0000
903.0000,199.0000,1019.0000,199.0000,1019.0000,271.0000,903.0000,271.0000
904.0000,198.0000,1019.0000,198.0000,1019.0000,269.0000,904.0000,269.0000
904.0000,198.0000,1015.0000,198.0000,1015.0000,267.0000,904.0000,267.0000
906.0000,198.0000,1014.0000,198.0000,1014.0000,265.0000,906.0000,265.0000
907.0000,199.0000,1013.0000,199.0000,1013.0000,265.0000,907.0000,265.0000
904.0000,200.0000,1013.0000,200.0000,1013.0000,267.0000,904.0000,267.0000
904.0000,201.0000,1010.0000,201.0000,1010.0000,267.0000,904.0000,267.0000
905.0000,201.0000,1013.0000,201.0000,1013.0000,268.0000,905.0000,268.0000
905.0000,200.0000,1014.0000,200.0000,1014.0000,267.0000,905.0000,267.0000
906.0000,200.0000,1015.0000,200.0000,1015.0000,267.0000,906.0000,267.0000
906.0000,200.0000,1015.0000,200.0000,1015.0000,268.0000,906.0000,268.0000
907.0000,200.0000,1015.0000,200.0000,1015.0000,267.0000,907.0000,267.0000
908.0000,199.0000,1016.0000,199.0000,1016.0000,266.0000,908.0000,266.0000
908.0000,198.0000,1019.0000,198.0000,1019.0000,267.0000,908.0000,267.0000
908.0000,198.0000,1019.0000,198.0000,1019.0000,266.0000,908.0000,266.0000
909.0000,198.0000,1016.0000,198.0000,1016.0000,265.0000,909.0000,265.0000
909.0000,200.0000,1014.0000,200.0000,1014.0000,265.0000,909.0000,265.0000
908.0000,201.0000,1016.0000,201.0000,1016.0000,268.0000,908.0000,268.0000
907.0000,203.0000,1012.0000,203.0000,1012.0000,268.0000,907.0000,268.0000
906.0000,202.0000,1014.0000,202.0000,1014.0000,269.0000,906.0000,269.0000
906.0000,202.0000,1015.0000,202.0000,1015.0000,269.0000,906.0000,269.0000
906.0000,202.0000,1014.0000,202.0000,1014.0000,269.0000,906.0000,269.0000
907.0000,203.0000,1012.0000,203.0000,1012.0000,268.0000,907.0000,268.0000
906.0000,204.0000,1011.0000,204.0000,1011.0000,269.0000,906.0000,269.0000
905.0000,204.0000,1010.0000,204.0000,1010.0000,269.0000,905.0000,269.0000
904.0000,205.0000,1010.0000,205.0000,1010.0000,271.0000,904.0000,271.0000
904.0000,206.0000,1009.0000,206.0000,1009.0000,271.0000,904.0000,271.0000
903.0000,207.0000,1006.0000,207.0000,1006.0000,271.0000,903.0000,271.0000
904.0000,208.0000,1009.0000,208.0000,1009.0000,273.0000,904.0000,273.0000
904.0000,208.0000,1011.0000,208.0000,1011.0000,274.0000,904.0000,274.0000
904.0000,209.0000,1011.0000,209.0000,1011.0000,276.0000,904.0000,276.0000
904.0000,209.0000,1012.0000,209.0000,1012.0000,277.0000,904.0000,277.0000
904.0000,211.0000,1009.0000,211.0000,1009.0000,276.0000,904.0000,276.0000
903.0000,210.0000,1011.0000,210.0000,1011.0000,277.0000,903.0000,277.0000
903.0000,211.0000,1009.0000,211.0000,1009.0000,277.0000,903.0000,277.0000
903.0000,211.0000,1008.0000,211.0000,1008.0000,276.0000,903.0000,276.0000
902.0000,210.0000,1010.0000,210.0000,1010.0000,277.0000,902.0000,277.0000
902.0000,210.0000,1010.0000,210.0000,1010.0000,277.0000,902.0000,277.0000
902.0000,210.0000,1008.0000,210.0000,1008.0000,276.0000,902.0000,276.0000
902.0000,210.0000,1009.0000,210.0000,1009.0000,276.0000,902.0000,276.0000
902.0000,208.0000,1011.0000,208.0000,1011.0000,275.0000,902.0000,275.0000
902.0000,206.0000,1012.0000,206.0000,1012.0000,274.0000,902.0000,274.0000
901.0000,205.0000,1013.0000,205.0000,1013.0000,274.0000,901.0000,274.0000
902.0000,205.0000,1011.0000,205.0000,1011.0000,272.0000,902.0000,272.0000
902.0000,205.0000,1010.0000,205.0000,1010.0000,272.0000,902.0000,272.0000
902.0000,207.0000,1008.0000,207.0000,1008.0000,272.0000,902.0000,272.0000
902.0000,206.0000,1010.0000,206.0000,1010.0000,273.0000,902.0000,273.0000
902.0000,206.0000,1010.0000,206.0000,1010.0000,273.0000,902.0000,273.0000
902.0000,205.0000,1011.0000,205.0000,1011.0000,273.0000,902.0000,273.0000
902.0000,206.0000,1010.0000,206.0000,1010.0000,273.0000,902.0000,273.0000
903.0000,207.0000,1008.0000,207.0000,1008.0000,272.0000,903.0000,272.0000
904.0000,207.0000,1009.0000,207.0000,1009.0000,272.0000,904.0000,272.0000
903.0000,206.0000,1010.0000,206.0000,1010.0000,272.0000,903.0000,272.0000
902.0000,205.0000,1013.0000,205.0000,1013.0000,273.0000,902.0000,273.0000
902.0000,204.0000,1013.0000,204.0000,1013.0000,273.0000,902.0000,273.0000
902.0000,204.0000,1013.0000,204.0000,1013.0000,273.0000,902.0000,273.0000
902.0000,204.0000,1014.0000,204.0000,1014.0000,273.0000,902.0000,273.0000
903.0000,204.0000,1011.0000,204.0000,1011.0000,272.0000,903.0000,272.0000
902.0000,204.0000,1012.0000,204.0000,1012.0000,272.0000,902.0000,272.0000
902.0000,203.0000,1013.0000,203.0000,1013.0000,273.0000,902.0000,273.0000
903.0000,204.0000,1011.0000,204.0000,1011.0000,271.0000,903.0000,271.0000
903.0000,204.0000,1011.0000,204.0000,1011.0000,271.0000,903.0000,271.0000
902.0000,204.0000,1009.0000,204.0000,1009.0000,270.0000,902.0000,270.0000
902.0000,203.0000,1010.0000,203.0000,1010.0000,271.0000,902.0000,271.0000
902.0000,205.0000,1007.0000,205.0000,1007.0000,270.0000,902.0000,270.0000
902.0000,205.0000,1008.0000,205.0000,1008.0000,271.0000,902.0000,271.0000
903.0000,205.0000,1009.0000,205.0000,1009.0000,270.0000,903.0000,270.0000
904.0000,204.0000,1009.0000,204.0000,1009.0000,269.0000,904.0000,269.0000
905.0000,203.0000,1011.0000,203.0000,1011.0000,269.0000,905.0000,269.0000
904.0000,201.0000,1013.0000,201.0000,1013.0000,269.0000,904.0000,269.0000
904.0000,200.0000,1017.0000,200.0000,1017.0000,270.0000,904.0000,270.0000
904.0000,200.0000,1017.0000,200.0000,1017.0000,270.0000,904.0000,270.0000
905.0000,201.0000,1014.0000,201.0000,1014.0000,269.0000,905.0000,269.0000
905.0000,200.0000,1015.0000,200.0000,1015.0000,269.0000,905.0000,269.0000
906.0000,201.0000,1013.0000,201.0000,1013.0000,268.0000,906.0000,268.0000
905.0000,200.0000,1013.0000,200.0000,1013.0000,268.0000,905.0000,268.0000
905.0000,199.0000,1014.0000,199.0000,1014.0000,267.0000,905.0000,267.0000
906.0000,199.0000,1013.0000,199.0000,1013.0000,266.0000,906.0000,266.0000
906.0000,199.0000,1010.0000,199.0000,1010.0000,263.0000,906.0000,263.0000
908.0000,200.0000,1009.0000,200.0000,1009.0000,262.0000,908.0000,262.0000
907.0000,199.0000,1011.0000,199.0000,1011.0000,263.0000,907.0000,263.0000
908.0000,199.0000,1013.0000,199.0000,1013.0000,265.0000,908.0000,265.0000
907.0000,199.0000,1016.0000,199.0000,1016.0000,266.0000,907.0000,266.0000
908.0000,199.0000,1014.0000,199.0000,1014.0000,265.0000,908.0000,265.0000
908.0000,200.0000,1014.0000,200.0000,1014.0000,266.0000,908.0000,266.0000
907.0000,201.0000,1015.0000,201.0000,1015.0000,268.0000,907.0000,268.0000
908.0000,202.0000,1015.0000,202.0000,1015.0000,269.0000,908.0000,269.0000
908.0000,202.0000,1014.0000,202.0000,1014.0000,267.0000,908.0000,267.0000
908.0000,203.0000,1010.0000,203.0000,1010.0000,266.0000,908.0000,266.0000
908.0000,203.0000,1008.0000,203.0000,1008.0000,265.0000,908.0000,265.0000
909.0000,203.0000,1009.0000,203.0000,1009.0000,265.0000,909.0000,265.0000
908.0000,202.0000,1009.0000,202.0000,1009.0000,265.0000,908.0000,265.0000
908.0000,202.0000,1008.0000,202.0000,1008.0000,264.0000,908.0000,264.0000
908.0000,202.0000,1008.0000,202.0000,1008.0000,264.0000,908.0000,264.0000
907.0000,201.0000,1010.0000,201.0000,1010.0000,265.0000,907.0000,265.0000
909.0000,202.0000,1009.0000,202.0000,1009.0000,264.0000,909.0000,264.0000
908.0000,202.0000,1010.0000,202.0000,1010.0000,265.0000,908.0000,265.0000
907.0000,202.0000,1011.0000,202.0000,1011.0000,266.0000,907.0000,266.0000
907.0000,201.0000,1011.0000,201.0000,1011.0000,266.0000,907.0000,266.0000
906.0000,202.0000,1014.0000,202.0000,1014.0000,269.0000,906.0000,269.0000
905.0000,204.0000,1009.0000,204.0000,1009.0000,268.0000,905.0000,268.0000
903.0000,206.0000,1007.0000,206.0000,1007.0000,270.0000,903.0000,270.0000
902.0000,208.0000,1008.0000,208.0000,1008.0000,274.0000,902.0000,274.0000
901.0000,209.0000,1006.0000,209.0000,1006.0000,274.0000,901.0000,274.0000
899.0000,210.0000,1007.0000,210.0000,1007.0000,277.0000,899.0000,277.0000
897.0000,212.0000,1005.0000,212.0000,1005.0000,279.0000,897.0000,279.0000
896.0000,214.0000,1004.0000,214.0000,1004.0000,281.0000,896.0000,281.0000
896.0000,214.0000,1007.0000,214.0000,1007.0000,284.0000,896.0000,284.0000
894.0000,214.0000,1007.0000,214.0000,1007.0000,284.0000,894.0000,284.0000
897.0000,213.0000,1011.0000,213.0000,1011.0000,284.0000,897.0000,284.0000
893.0000,214.0000,1007.0000,214.0000,1007.0000,285.0000,893.0000,285.0000
891.0000,213.0000,1009.0000,213.0000,1009.0000,286.0000,891.0000,286.0000
890.0000,213.0000,1010.0000,213.0000,1010.0000,287.0000,890.0000,287.0000
886.0000,212.0000,1007.0000,212.0000,1007.0000,288.0000,886.0000,288.0000
884.0000,214.0000,1004.0000,214.0000,1004.0000,288.0000,884.0000,288.0000
878.0000,212.0000,1001.0000,212.0000,1001.0000,288.0000,878.0000,288.0000
881.0000,214.0000,1001.0000,214.0000,1001.0000,288.0000,881.0000,288.0000
880.0000,215.0000,996.0000,215.0000,996.0000,287.0000,880.0000,287.0000
874.0000,213.0000,994.0000,213.0000,994.0000,288.0000,874.0000,288.0000
870.0000,211.0000,993.0000,211.0000,993.0000,288.0000,870.0000,288.0000
868.0000,210.0000,995.0000,210.0000,995.0000,289.0000,868.0000,289.0000
866.0000,210.0000,992.0000,210.0000,992.0000,288.0000,866.0000,288.0000
861.0000,208.0000,990.0000,208.0000,990.0000,288.0000,861.0000,288.0000
861.0000,209.0000,989.0000,209.0000,989.0000,288.0000,861.0000,288.0000
857.0000,209.0000,985.0000,209.0000,985.0000,288.0000,857.0000,288.0000
857.0000,210.0000,980.0000,210.0000,980.0000,287.0000,857.0000,287.0000
857.0000,212.0000,977.0000,212.0000,977.0000,287.0000,857.0000,287.0000
855.0000,211.0000,977.0000,211.0000,977.0000,287.0000,855.0000,287.0000
856.0000,213.0000,976.0000,213.0000,976.0000,288.0000,856.0000,288.0000
858.0000,214.0000,977.0000,214.0000,977.0000,288.0000,858.0000,288.0000
860.0000,217.0000,979.0000,217.0000,979.0000,291.0000,860.0000,291.0000
861.0000,217.0000,983.0000,217.0000,983.0000,293.0000,861.0000,293.0000
863.0000,221.0000,982.0000,221.0000,982.0000,295.0000,863.0000,295.0000
865.0000,226.0000,981.0000,226.0000,981.0000,298.0000,865.0000,298.0000
861.0000,227.0000,980.0000,227.0000,980.0000,301.0000,861.0000,301.0000
855.0000,230.0000,976.0000,230.0000,976.0000,305.0000,855.0000,305.0000
853.0000,231.0000,972.0000,231.0000,972.0000,305.0000,853.0000,305.0000
852.0000,232.0000,967.0000,232.0000,967.0000,304.0000,852.0000,304.0000
850.0000,233.0000,964.0000,233.0000,964.0000,303.0000,850.0000,303.0000
847.0000,232.0000,962.0000,232.0000,962.0000,303.0000,847.0000,303.0000
839.0000,232.0000,952.0000,232.0000,952.0000,302.0000,839.0000,302.0000
838.0000,232.0000,948.0000,232.0000,948.0000,300.0000,838.0000,300.0000
832.0000,231.0000,943.0000,231.0000,943.0000,300.0000,832.0000,300.0000
830.0000,232.0000,937.0000,232.0000,937.0000,298.0000,830.0000,298.0000
824.0000,232.0000,932.0000,232.0000,932.0000,298.0000,824.0000,298.0000
819.0000,234.0000,926.0000,234.0000,926.0000,300.0000,819.0000,300.0000
816.0000,238.0000,920.0000,238.0000,920.0000,303.0000,816.0000,303.0000
807.0000,235.0000,914.0000,235.0000,914.0000,302.0000,807.0000,302.0000
801.0000,232.0000,910.0000,232.0000,910.0000,300.0000,801.0000,300.0000
797.0000,232.0000,904.0000,232.0000,904.0000,298.0000,797.0000,298.0000
785.0000,230.0000,894.0000,230.0000,894.0000,298.0000,785.0000,298.0000
780.0000,230.0000,888.0000,230.0000,888.0000,297.0000,780.0000,297.0000
774.0000,229.0000,881.0000,229.0000,881.0000,296.0000,774.0000,296.0000
767.0000,229.0000,871.0000,229.0000,871.0000,294.0000,767.0000,294.0000
761.0000,230.0000,862.0000,230.0000,862.0000,293.0000,761.0000,293.0000
755.0000,232.0000,853.0000,232.0000,853.0000,293.0000,755.0000,293.0000
748.0000,235.0000,845.0000,235.0000,845.0000,295.0000,748.0000,295.0000
732.0000,239.0000,832.0000,239.0000,832.0000,301.0000,732.0000,301.0000
726.0000,247.0000,828.0000,247.0000,828.0000,310.0000,726.0000,310.0000
699.0000,251.0000,804.0000,251.0000,804.0000,316.0000,699.0000,316.0000
686.0000,260.0000,792.0000,260.0000,792.0000,326.0000,686.0000,326.0000
2
0
0
0
0
1
435.0000,197.0000,573.0000,197.0000,573.0000,299.0000,435.0000,299.0000
433.0000,198.0000,568.0000,198.0000,568.0000,298.0000,433.0000,298.0000
430.0000,198.0000,565.0000,198.0000,565.0000,298.0000,430.0000,298.0000
427.0000,196.0000,565.0000,196.0000,565.0000,298.0000,427.0000,298.0000
424.0000,197.0000,560.0000,197.0000,560.0000,298.0000,424.0000,298.0000
424.0000,198.0000,556.0000,198.0000,556.0000,296.0000,424.0000,296.0000
425.0000,199.0000,554.0000,199.0000,554.0000,295.0000,425.0000,295.0000
425.0000,201.0000,553.0000,201.0000,553.0000,295.0000,425.0000,295.0000
424.0000,200.0000,551.0000,200.0000,551.0000,294.0000,424.0000,294.0000
420.0000,199.0000,551.0000,199.0000,551.0000,296.0000,420.0000,296.0000
421.0000,201.0000,548.0000,201.0000,548.0000,295.0000,421.0000,295.0000
417.0000,199.0000,548.0000,199.0000,548.0000,296.0000,417.0000,296.0000
418.0000,202.0000,545.0000,202.0000,545.0000,296.0000,418.0000,296.0000
414.0000,200.0000,545.0000,200.0000,545.0000,297.0000,414.0000,297.0000
410.0000,200.0000,542.0000,200.0000,542.0000,297.0000,410.0000,297.0000
408.0000,199.0000,539.0000,199.0000,539.0000,296.0000,408.0000,296.0000
403.0000,199.0000,536.0000,199.0000,536.0000,298.0000,403.0000,298.0000
396.0000,197.0000,534.0000,197.0000,534.0000,299.0000,396.0000,299.0000
393.0000,197.0000,531.0000,197.0000,531.0000,299.0000,393.0000,299.0000
389.0000,198.0000,523.0000,198.0000,523.0000,297.0000,389.0000,297.0000
386.0000,198.0000,519.0000,198.0000,519.0000,296.0000,386.0000,296.0000
384.0000,199.0000,516.0000,199.0000,516.0000,297.0000,384.0000,297.0000
378.0000,197.0000,515.0000,197.0000,515.0000,298.0000,378.0000,298.0000
375.0000,197.0000,509.0000,197.0000,509.0000,296.0000,375.0000,296.0000
368.0000,196.0000,499.0000,196.0000,499.0000,293.0000,368.0000,293.0000
384.0000,203.0000,518.0000,203.0000,518.0000,302.0000,384.0000,302.0000
360.0000,193.0000,493.0000,193.0000,493.0000,292.0000,360.0000,292.0000
381.0000,204.0000,512.0000,204.0000,512.0000,301.0000,381.0000,301.0000
379.0000,205.0000,507.0000,205.0000,507.0000,299.0000,379.0000,299.0000
379.0000,206.0000,504.0000,206.0000,504.0000,298.0000,379.0000,298.0000
380.0000,204.0000,501.0000,204.0000,501.0000,294.0000,380.0000,294.0000
376.0000,202.0000,497.0000,202.0000,497.0000,291.0000,376.0000,291.0000
377.0000,202.0000,496.0000,202.0000,496.0000,290.0000,377.0000,290.0000
379.0000,204.0000,502.0000,204.0000,502.0000,294.0000,379.0000,294.0000
376.0000,200.0000,499.0000,200.0000,499.0000,292.0000,376.0000,292.0000
373.0000,198.0000,497.0000,198.0000,497.0000,290.0000,373.0000,290.0000
376.0000,200.0000,502.0000,200.0000,502.0000,293.0000,376.0000,293.0000
376.0000,200.0000,499.0000,200.0000,499.0000,291.0000,376.0000,291.0000
375.0000,203.0000,498.0000,203.0000,498.0000,294.0000,375.0000,294.0000
376.0000,206.0000,502.0000,206.0000,502.0000,299.0000,376.0000,299.0000
375.0000,206.0000,500.0000,206.0000,500.0000,299.0000,375.0000,299.0000
376.0000,206.0000,499.0000,206.0000,499.0000,297.0000,376.0000,297.0000
378.0000,206.0000,501.0000,206.0000,501.0000,297.0000,378.0000,297.0000
379.0000,205.0000,504.0000,205.0000,504.0000,297.0000,379.0000,297.0000
381.0000,206.0000,503.0000,206.0000,503.0000,296.0000,381.0000,296.0000
379.0000,209.0000,501.0000,209.0000,501.0000,299.0000,379.0000,299.0000
379.0000,211.0000,497.0000,211.0000,497.0000,299.0000,379.0000,299.0000
377.0000,215.0000,496.0000,215.0000,496.0000,303.0000,377.0000,303.0000
372.0000,217.0000,495.0000,217.0000,495.0000,307.0000,372.0000,307.0000
371.0000,216.0000,492.0000,216.0000,492.0000,305.0000,371.0000,305.0000
371.0000,213.0000,492.0000,213.0000,492.0000,302.0000,371.0000,302.0000
371.0000,213.0000,490.0000,213.0000,490.0000,301.0000,371.0000,301.0000
371.0000,211.0000,492.0000,211.0000,492.0000,301.0000,371.0000,301.0000
371.0000,213.0000,489.0000,213.0000,489.0000,301.0000,371.0000,301.0000
370.0000,214.0000,487.0000,214.0000,487.0000,300.0000,370.0000,300.0000
369.0000,216.0000,485.0000,216.0000,485.0000,301.0000,369.0000,301.0000
368.0000,215.0000,486.0000,215.0000,486.0000,302.0000,368.0000,302.0000
367.0000,215.0000,488.0000,215.0000,488.0000,304.0000,367.0000,304.0000
368.0000,215.0000,485.0000,215.0000,485.0000,302.0000,368.0000,302.0000
365.0000,215.0000,486.0000,215.0000,486.0000,304.0000,365.0000,304.0000
365.0000,214.0000,485.0000,214.0000,485.0000,303.0000,365.0000,303.0000
364.0000,214.0000,484.0000,214.0000,484.0000,303.0000,364.0000,303.0000
362.0000,215.0000,483.0000,215.0000,483.0000,304.0000,362.0000,304.0000
361.0000,215.0000,481.0000,215.0000,481.0000,304.0000,361.0000,304.0000
361.0000,214.0000,482.0000,214.0000,482.0000,303.0000,361.0000,303.0000
360.0000,213.0000,482.0000,213.0000,482.0000,303.0000,360.0000,303.0000
359.0000,213.0000,482.0000,213.0000,482.0000,303.0000,359.0000,303.0000
358.0000,213.0000,482.0000,213.0000,482.0000,305.0000,358.0000,305.0000
357.0000,212.0000,482.0000,212.0000,482.0000,305.0000,357.0000,305.0000
357.0000,211.0000,482.0000,211.0000,482.0000,303.0000,357.0000,303.0000
360.0000,211.0000,481.0000,211.0000,481.0000,301.0000,360.0000,301.0000
359.0000,211.0000,483.0000,211.0000,483.0000,303.0000,359.0000,303.0000
358.0000,209.0000,485.0000,209.0000,485.0000,304.0000,358.0000,304.0000
359.0000,208.0000,486.0000,208.0000,486.0000,302.0000,359.0000,302.0000
362.0000,209.0000,488.0000,209.0000,488.0000,302.0000,362.0000,302.0000
366.0000,210.0000,489.0000,210.0000,489.0000,301.0000,366.0000,301.0000
367.0000,211.0000,487.0000,211.0000,487.0000,299.0000,367.0000,299.0000
368.0000,211.0000,485.0000,211.0000,485.0000,298.0000,368.0000,298.0000
366.0000,210.0000,487.0000,210.0000,487.0000,299.0000,366.0000,299.0000
362.0000,208.0000,485.0000,208.0000,485.0000,299.0000,362.0000,299.0000
361.0000,207.0000,487.0000,207.0000,487.0000,300.0000,361.0000,300.0000
361.0000,207.0000,486.0000,207.0000,486.0000,299.0000,361.0000,299.0000
362.0000,207.0000,486.0000,207.0000,486.0000,300.0000,362.0000,300.0000
360.0000,207.0000,485.0000,207.0000,485.0000,300.0000,360.0000,300.0000
359.0000,208.0000,484.0000,208.0000,484.0000,300.0000,359.0000,300.0000
360.0000,209.0000,481.0000,209.0000,481.0000,299.0000,360.0000,299.0000
358.0000,208.0000,483.0000,208.0000,483.0000,300.0000,358.0000,300.0000
361.0000,208.0000,482.0000,208.0000,482.0000,298.0000,361.0000,298.0000
361.0000,207.0000,483.0000,207.0000,483.0000,297.0000,361.0000,297.0000
360.0000,205.0000,485.0000,205.0000,485.0000,297.0000,360.0000,297.0000
359.0000,204.0000,484.0000,204.0000,484.0000,297.0000,359.0000,297.0000
357.0000,203.0000,483.0000,203.0000,483.0000,296.0000,357.0000,296.0000
357.0000,203.0000,482.0000,203.0000,482.0000,295.0000,357.0000,295.0000
359.0000,204.0000,481.0000,204.0000,481.0000,294.0000,359.0000,294.0000
352.0000,201.0000,478.0000,201.0000,478.0000,294.0000,352.0000,294.0000
353.0000,203.0000,477.0000,203.0000,477.0000,294.0000,353.0000,294.0000
352.0000,203.0000,477.0000,203.0000,477.0000,295.0000,352.0000,295.0000
351.0000,203.0000,475.0000,203.0000,475.0000,294.0000,351.0000,294.0000
351.0000,203.0000,476.0000,203.0000,476.0000,295.0000,351.0000,295.0000
348.0000,201.0000,475.0000,201.0000,475.0000,295.0000,348.0000,295.0000
348.0000,201.0000,475.0000,201.0000,475.0000,294.0000,348.0000,294.0000
348.0000,200.0000,474.0000,200.0000,474.0000,293.0000,348.0000,293.0000
345.0000,199.0000,473.0000,199.0000,473.0000,293.0000,345.0000,293.0000
347.0000,199.0000,473.0000,199.0000,473.0000,293.0000,347.0000,293.0000
353.0000,200.0000,476.0000,200.0000,476.0000,291.0000,353.0000,291.0000
347.0000,198.0000,474.0000,198.0000,474.0000,292.0000,347.0000,292.0000
345.0000,196.0000,475.0000,196.0000,475.0000,292.0000,345.0000,292.0000
345.0000,194.0000,477.0000,194.0000,477.0000,292.0000,345.0000,292.0000
345.0000,196.0000,475.0000,196.0000,475.0000,292.0000,345.0000,292.0000
347.0000,197.0000,476.0000,197.0000,476.0000,292.0000,347.0000,292.0000
346.0000,199.0000,476.0000,199.0000,476.0000,295.0000,346.0000,295.0000
349.0000,203.0000,475.0000,203.0000,475.0000,296.0000,349.0000,296.0000
347.0000,203.0000,473.0000,203.0000,473.0000,296.0000,347.0000,296.0000
345.0000,203.0000,471.0000,203.0000,471.0000,296.0000,345.0000,296.0000
337.0000,206.0000,463.0000,206.0000,463.0000,299.0000,337.0000,299.0000
336.0000,208.0000,461.0000,208.0000,461.0000,300.0000,336.0000,300.0000
338.0000,210.0000,462.0000,210.0000,462.0000,301.0000,338.0000,301.0000
335.0000,212.0000,455.0000,212.0000,455.0000,301.0000,335.0000,301.0000
329.0000,212.0000,448.0000,212.0000,448.0000,300.0000,329.0000,300.0000
321.0000,213.0000,436.0000,213.0000,436.0000,298.0000,321.0000,298.0000
308.0000,212.0000,425.0000,212.0000,425.0000,298.0000,308.0000,298.0000
312.0000,213.0000,430.0000,213.0000,430.0000,299.0000,312.0000,299.0000
311.0000,213.0000,425.0000,213.0000,425.0000,297.0000,311.0000,297.0000
306.0000,213.0000,419.0000,213.0000,419.0000,297.0000,306.0000,297.0000
306.0000,215.0000,417.0000,215.0000,417.0000,297.0000,306.0000,297.0000
312.0000,214.0000,420.0000,214.0000,420.0000,293.0000,312.0000,293.0000
300.0000,212.0000,411.0000,212.0000,411.0000,294.0000,300.0000,294.0000
299.0000,211.0000,412.0000,211.0000,412.0000,295.0000,299.0000,295.0000
300.0000,212.0000,411.0000,212.0000,411.0000,294.0000,300.0000,294.0000
296.0000,210.0000,407.0000,210.0000,407.0000,292.0000,296.0000,292.0000
297.0000,212.0000,405.0000,212.0000,405.0000,291.0000,297.0000,291.0000
298.0000,211.0000,403.0000,211.0000,403.0000,289.0000,298.0000,289.0000
298.0000,212.0000,401.0000,212.0000,401.0000,289.0000,298.0000,289.0000
298.0000,214.0000,400.0000,214.0000,400.0000,290.0000,298.0000,290.0000
294.0000,212.0000,399.0000,212.0000,399.0000,290.0000,294.0000,290.0000
295.0000,214.0000,397.0000,214.0000,397.0000,289.0000,295.0000,289.0000
294.0000,214.0000,398.0000,214.0000,398.0000,291.0000,294.0000,291.0000
293.0000,215.0000,398.0000,215.0000,398.0000,293.0000,293.0000,293.0000
293.0000,218.0000,396.0000,218.0000,396.0000,294.0000,293.0000,294.0000
289.0000,218.0000,393.0000,218.0000,393.0000,295.0000,289.0000,295.0000
288.0000,222.0000,389.0000,222.0000,389.0000,297.0000,288.0000,297.0000
285.0000,223.0000,385.0000,223.0000,385.0000,297.0000,285.0000,297.0000
285.0000,226.0000,382.0000,226.0000,382.0000,297.0000,285.0000,297.0000
283.0000,226.0000,377.0000,226.0000,377.0000,296.0000,283.0000,296.0000
280.0000,226.0000,373.0000,226.0000,373.0000,295.0000,280.0000,295.0000
285.0000,230.0000,374.0000,230.0000,374.0000,296.0000,285.0000,296.0000
282.0000,229.0000,369.0000,229.0000,369.0000,293.0000,282.0000,293.0000
288.0000,225.0000,373.0000,225.0000,373.0000,288.0000,288.0000,288.0000
287.0000,228.0000,369.0000,228.0000,369.0000,288.0000,287.0000,288.0000
284.0000,227.0000,364.0000,227.0000,364.0000,286.0000,284.0000,286.0000
282.0000,228.0000,360.0000,228.0000,360.0000,286.0000,282.0000,286.0000
280.0000,227.0000,356.0000,227.0000,356.0000,283.0000,280.0000,283.0000
285.0000,228.0000,360.0000,228.0000,360.0000,283.0000,285.0000,283.0000
282.0000,227.0000,358.0000,227.0000,358.0000,283.0000,282.0000,283.0000
282.0000,226.0000,359.0000,226.0000,359.0000,283.0000,282.0000,283.0000
284.0000,225.0000,364.0000,225.0000,364.0000,284.0000,284.0000,284.0000
285.0000,225.0000,366.0000,225.0000,366.0000,285.0000,285.0000,285.0000
285.0000,225.0000,365.0000,225.0000,365.0000,284.0000,285.0000,284.0000
285.0000,226.0000,363.0000,226.0000,363.0000,284.0000,285.0000,284.0000
284.0000,226.0000,361.0000,226.0000,361.0000,283.0000,284.0000,283.0000
284.0000,226.0000,362.0000,226.0000,362.0000,284.0000,284.0000,284.0000
284.0000,227.0000,360.0000,227.0000,360.0000,283.0000,284.0000,283.0000
284.0000,227.0000,358.0000,227.0000,358.0000,282.0000,284.0000,282.0000
282.0000,227.0000,355.0000,227.0000,355.0000,281.0000,282.0000,281.0000
281.0000,227.0000,352.0000,227.0000,352.0000,280.0000,281.0000,280.0000
282.0000,227.0000,352.0000,227.0000,352.0000,278.0000,282.0000,278.0000
280.0000,225.0000,352.0000,225.0000,352.0000,278.0000,280.0000,278.0000
281.0000,225.0000,353.0000,225.0000,353.0000,278.0000,281.0000,278.0000
280.0000,225.0000,350.0000,225.0000,350.0000,277.0000,280.0000,277.0000
280.0000,224.0000,350.0000,224.0000,350.0000,276.0000,280.0000,276.0000
279.0000,224.0000,347.0000,224.0000,347.0000,275.0000,279.0000,275.0000
279.0000,225.0000,348.0000,225.0000,348.0000,276.0000,279.0000,276.0000
279.0000,224.0000,348.0000,224.0000,348.0000,275.0000,279.0000,275.0000
278.0000,223.0000,349.0000,223.0000,349.0000,274.0000,278.0000,274.0000
278.0000,222.0000,348.0000,222.0000,348.0000,274.0000,278.0000,274.0000
279.0000,223.0000,347.0000,223.0000,347.0000,274.0000,279.0000,274.0000
279.0000,223.0000,349.0000,223.0000,349.0000,275.0000,279.0000,275.0000
280.0000,224.0000,349.0000,224.0000,349.0000,275.0000,280.0000,275.0000
280.0000,224.0000,349.0000,224.0000,349.0000,275.0000,280.0000,275.0000
279.0000,224.0000,350.0000,224.0000,350.0000,276.0000,279.0000,276.0000
280.0000,225.0000,352.0000,225.0000,352.0000,279.0000,280.0000,279.0000
280.0000,226.0000,352.0000,226.0000,352.0000,280.0000,280.0000,280.0000
280.0000,227.0000,352.0000,227.0000,352.0000,280.0000,280.0000,280.0000
281.0000,228.0000,352.0000,228.0000,352.0000,281.0000,281.0000,281.0000
283.0000,230.0000,352.0000,230.0000,352.0000,281.0000,283.0000,281.0000
283.0000,232.0000,351.0000,232.0000,351.0000,282.0000,283.0000,282.0000
284.0000,233.0000,351.0000,233.0000,351.0000,283.0000,284.0000,283.0000
283.0000,234.0000,350.0000,234.0000,350.0000,283.0000,283.0000,283.0000
2
0
0
0
0
1
43.0000,227.0000,258.0000,227.0000,258.0000,321.0000,43.0000,321.0000
41.0000,227.0000,256.0000,227.0000,256.0000,321.0000,41.0000,321.0000
41.0000,228.0000,256.0000,228.0000,256.0000,322.0000,41.0000,322.0000
40.0000,228.0000,255.0000,228.0000,255.0000,322.0000,40.0000,322.0000
35.0000,227.0000,255.0000,227.0000,255.0000,323.0000,35.0000,323.0000
29.0000,226.0000,255.0000,226.0000,255.0000,325.0000,29.0000,325.0000
26.0000,226.0000,256.0000,226.0000,256.0000,327.0000,26.0000,327.0000
21.0000,226.0000,256.0000,226.0000,256.0000,328.0000,21.0000,328.0000
22.0000,226.0000,257.0000,226.0000,257.0000,329.0000,22.0000,329.0000
29.0000,227.0000,258.0000,227.0000,258.0000,327.0000,29.0000,327.0000
26.0000,227.0000,259.0000,227.0000,259.0000,329.0000,26.0000,329.0000
21.0000,226.0000,259.0000,226.0000,259.0000,330.0000,21.0000,330.0000
24.0000,227.0000,259.0000,227.0000,259.0000,330.0000,24.0000,330.0000
26.0000,227.0000,259.0000,227.0000,259.0000,329.0000,26.0000,329.0000
32.0000,227.0000,258.0000,227.0000,258.0000,326.0000,32.0000,326.0000
28.0000,228.0000,259.0000,228.0000,259.0000,328.0000,28.0000,328.0000
34.0000,229.0000,258.0000,229.0000,258.0000,327.0000,34.0000,327.0000
31.0000,228.0000,257.0000,228.0000,257.0000,327.0000,31.0000,327.0000
31.0000,228.0000,257.0000,228.0000,257.0000,327.0000,31.0000,327.0000
28.0000,228.0000,256.0000,228.0000,256.0000,327.0000,28.0000,327.0000
24.0000,227.0000,257.0000,227.0000,257.0000,329.0000,24.0000,329.0000
24.0000,227.0000,257.0000,227.0000,257.0000,329.0000,24.0000,329.0000
24.0000,227.0000,257.0000,227.0000,257.0000,329.0000,24.0000,329.0000
28.0000,228.0000,256.0000,228.0000,256.0000,328.0000,28.0000,328.0000
24.0000,227.0000,257.0000,227.0000,257.0000,329.0000,24.0000,329.0000
17.0000,226.0000,257.0000,226.0000,257.0000,331.0000,17.0000,331.0000
23.0000,228.0000,256.0000,228.0000,256.0000,330.0000,23.0000,330.0000
17.0000,226.0000,257.0000,226.0000,257.0000,331.0000,17.0000,331.0000
23.0000,227.0000,256.0000,227.0000,256.0000,329.0000,23.0000,329.0000
23.0000,227.0000,256.0000,227.0000,256.0000,329.0000,23.0000,329.0000
23.0000,227.0000,256.0000,227.0000,256.0000,329.0000,23.0000,329.0000
22.0000,226.0000,255.0000,226.0000,255.0000,328.0000,22.0000,328.0000
17.0000,225.0000,257.0000,225.0000,257.0000,330.0000,17.0000,330.0000
20.0000,225.0000,255.0000,225.0000,255.0000,328.0000,20.0000,328.0000
19.0000,225.0000,255.0000,225.0000,255.0000,328.0000,19.0000,328.0000
20.0000,225.0000,255.0000,225.0000,255.0000,328.0000,20.0000,328.0000
20.0000,224.0000,255.0000,224.0000,255.0000,327.0000,20.0000,327.0000
20.0000,224.0000,255.0000,224.0000,255.0000,327.0000,20.0000,327.0000
20.0000,224.0000,255.0000,224.0000,255.0000,327.0000,20.0000,327.0000
16.0000,222.0000,256.0000,222.0000,256.0000,327.0000,16.0000,327.0000
16.0000,221.0000,254.0000,221.0000,254.0000,325.0000,16.0000,325.0000
16.0000,221.0000,253.0000,221.0000,253.0000,325.0000,16.0000,325.0000
16.0000,222.0000,254.0000,222.0000,254.0000,326.0000,16.0000,326.0000
15.0000,223.0000,255.0000,223.0000,255.0000,328.0000,15.0000,328.0000
15.0000,223.0000,255.0000,223.0000,255.0000,328.0000,15.0000,328.0000
20.0000,224.0000,255.0000,224.0000,255.0000,327.0000,20.0000,327.0000
23.0000,225.0000,256.0000,225.0000,256.0000,327.0000,23.0000,327.0000
18.0000,223.0000,255.0000,223.0000,255.0000,327.0000,18.0000,327.0000
18.0000,224.0000,255.0000,224.0000,255.0000,328.0000,18.0000,328.0000
23.0000,226.0000,256.0000,226.0000,256.0000,328.0000,23.0000,328.0000
27.0000,227.0000,256.0000,227.0000,256.0000,327.0000,27.0000,327.0000
21.0000,225.0000,256.0000,225.0000,256.0000,328.0000,21.0000,328.0000
21.0000,226.0000,256.0000,226.0000,256.0000,329.0000,21.0000,329.0000
21.0000,225.0000,256.0000,225.0000,256.0000,328.0000,21.0000,328.0000
24.0000,227.0000,256.0000,227.0000,256.0000,329.0000,24.0000,329.0000
24.0000,227.0000,257.0000,227.0000,257.0000,329.0000,24.0000,329.0000
24.0000,228.0000,257.0000,228.0000,257.0000,330.0000,24.0000,330.0000
24.0000,227.0000,257.0000,227.0000,257.0000,329.0000,24.0000,329.0000
26.0000,228.0000,257.0000,228.0000,257.0000,329.0000,26.0000,329.0000
28.0000,229.0000,257.0000,229.0000,257.0000,329.0000,28.0000,329.0000
31.0000,229.0000,257.0000,229.0000,257.0000,328.0000,31.0000,328.0000
28.0000,228.0000,258.0000,228.0000,258.0000,329.0000,28.0000,329.0000
28.0000,228.0000,258.0000,228.0000,258.0000,329.0000,28.0000,329.0000
28.0000,228.0000,258.0000,228.0000,258.0000,329.0000,28.0000,329.0000
26.0000,228.0000,259.0000,228.0000,259.0000,330.0000,26.0000,330.0000
26.0000,228.0000,259.0000,228.0000,259.0000,330.0000,26.0000,330.0000
25.0000,228.0000,258.0000,228.0000,258.0000,329.0000,25.0000,329.0000
25.0000,228.0000,258.0000,228.0000,258.0000,330.0000,25.0000,330.0000
25.0000,228.0000,258.0000,228.0000,258.0000,330.0000,25.0000,330.0000
25.0000,228.0000,258.0000,228.0000,258.0000,330.0000,25.0000,330.0000
25.0000,228.0000,257.0000,228.0000,257.0000,330.0000,25.0000,330.0000
25.0000,228.0000,258.0000,228.0000,258.0000,330.0000,25.0000,330.0000
25.0000,228.0000,258.0000,228.0000,258.0000,330.0000,25.0000,330.0000
25.0000,228.0000,258.0000,228.0000,258.0000,330.0000,25.0000,330.0000
25.0000,229.0000,258.0000,229.0000,258.0000,330.0000,25.0000,330.0000
25.0000,229.0000,258.0000,229.0000,258.0000,330.0000,25.0000,330.0000
26.0000,229.0000,259.0000,229.0000,259.0000,331.0000,26.0000,331.0000
26.0000,229.0000,259.0000,229.0000,259.0000,331.0000,26.0000,331.0000
26.0000,229.0000,259.0000,229.0000,259.0000,331.0000,26.0000,331.0000
26.0000,229.0000,259.0000,229.0000,259.0000,331.0000,26.0000,331.0000
26.0000,229.0000,259.0000,229.0000,259.0000,331.0000,26.0000,331.0000
26.0000,229.0000,259.0000,229.0000,259.0000,331.0000,26.0000,331.0000
26.0000,229.0000,258.0000,229.0000,258.0000,331.0000,26.0000,331.0000
28.0000,230.0000,258.0000,230.0000,258.0000,330.0000,28.0000,330.0000
25.0000,229.0000,258.0000,229.0000,258.0000,331.0000,25.0000,331.0000
25.0000,229.0000,258.0000,229.0000,258.0000,331.0000,25.0000,331.0000
25.0000,229.0000,258.0000,229.0000,258.0000,331.0000,25.0000,331.0000
25.0000,229.0000,258.0000,229.0000,258.0000,331.0000,25.0000,331.0000
25.0000,229.0000,258.0000,229.0000,258.0000,330.0000,25.0000,330.0000
25.0000,229.0000,258.0000,229.0000,258.0000,330.0000,25.0000,330.0000
25.0000,229.0000,258.0000,229.0000,258.0000,331.0000,25.0000,331.0000
24.0000,229.0000,257.0000,229.0000,257.0000,331.0000,24.0000,331.0000
24.0000,229.0000,257.0000,229.0000,257.0000,331.0000,24.0000,331.0000
25.0000,229.0000,257.0000,229.0000,257.0000,331.0000,25.0000,331.0000
27.0000,229.0000,257.0000,229.0000,257.0000,330.0000,27.0000,330.0000
27.0000,229.0000,257.0000,229.0000,257.0000,330.0000,27.0000,330.0000
25.0000,228.0000,258.0000,228.0000,258.0000,330.0000,25.0000,330.0000
25.0000,228.0000,258.0000,228.0000,258.0000,330.0000,25.0000,330.0000
25.0000,228.0000,258.0000,228.0000,258.0000,330.0000,25.0000,330.0000
25.0000,228.0000,258.0000,228.0000,258.0000,330.0000,25.0000,330.0000
25.0000,228.0000,258.0000,228.0000,258.0000,330.0000,25.0000,330.0000
29.0000,229.0000,257.0000,229.0000,257.0000,329.0000,29.0000,329.0000
29.0000,229.0000,257.0000,229.0000,257.0000,329.0000,29.0000,329.0000
29.0000,229.0000,257.0000,229.0000,257.0000,329.0000,29.0000,329.0000
28.0000,229.0000,258.0000,229.0000,258.0000,330.0000,28.0000,330.0000
28.0000,229.0000,258.0000,229.0000,258.0000,330.0000,28.0000,330.0000
29.0000,229.0000,257.0000,229.0000,257.0000,329.0000,29.0000,329.0000
26.0000,229.0000,258.0000,229.0000,258.0000,330.0000,26.0000,330.0000
26.0000,228.0000,258.0000,228.0000,258.0000,330.0000,26.0000,330.0000
28.0000,229.0000,258.0000,229.0000,258.0000,330.0000,28.0000,330.0000
25.0000,228.0000,258.0000,228.0000,258.0000,330.0000,25.0000,330.0000
25.0000,228.0000,258.0000,228.0000,258.0000,330.0000,25.0000,330.0000
25.0000,229.0000,258.0000,229.0000,258.0000,331.0000,25.0000,331.0000
25.0000,229.0000,257.0000,229.0000,257.0000,331.0000,25.0000,331.0000
25.0000,228.0000,257.0000,228.0000,257.0000,330.0000,25.0000,330.0000
25.0000,228.0000,257.0000,228.0000,257.0000,330.0000,25.0000,330.0000
24.0000,228.0000,257.0000,228.0000,257.0000,330.0000,24.0000,330.0000
24.0000,228.0000,257.0000,228.0000,257.0000,330.0000,24.0000,330.0000
24.0000,228.0000,257.0000,228.0000,257.0000,330.0000,24.0000,330.0000
24.0000,228.0000,257.0000,228.0000,257.0000,330.0000,24.0000,330.0000
28.0000,229.0000,256.0000,229.0000,256.0000,329.0000,28.0000,329.0000
24.0000,228.0000,257.0000,228.0000,257.0000,330.0000,24.0000,330.0000
24.0000,229.0000,257.0000,229.0000,257.0000,331.0000,24.0000,331.0000
24.0000,229.0000,257.0000,229.0000,257.0000,331.0000,24.0000,331.0000
25.0000,230.0000,257.0000,230.0000,257.0000,331.0000,25.0000,331.0000
25.0000,230.0000,258.0000,230.0000,258.0000,332.0000,25.0000,332.0000
26.0000,230.0000,259.0000,230.0000,259.0000,332.0000,26.0000,332.0000
26.0000,230.0000,259.0000,230.0000,259.0000,332.0000,26.0000,332.0000
29.0000,231.0000,259.0000,231.0000,259.0000,332.0000,29.0000,332.0000
30.0000,231.0000,259.0000,231.0000,259.0000,331.0000,30.0000,331.0000
29.0000,231.0000,259.0000,231.0000,259.0000,332.0000,29.0000,332.0000
28.0000,230.0000,259.0000,230.0000,259.0000,331.0000,28.0000,331.0000
28.0000,230.0000,258.0000,230.0000,258.0000,330.0000,28.0000,330.0000
25.0000,228.0000,258.0000,228.0000,258.0000,330.0000,25.0000,330.0000
29.0000,229.0000,257.0000,229.0000,257.0000,329.0000,29.0000,329.0000
24.0000,227.0000,257.0000,227.0000,257.0000,329.0000,24.0000,329.0000
24.0000,227.0000,257.0000,227.0000,257.0000,329.0000,24.0000,329.0000
25.0000,227.0000,258.0000,227.0000,258.0000,329.0000,25.0000,329.0000
26.0000,228.0000,259.0000,228.0000,259.0000,329.0000,26.0000,329.0000
26.0000,228.0000,259.0000,228.0000,259.0000,330.0000,26.0000,330.0000
26.0000,228.0000,259.0000,228.0000,259.0000,330.0000,26.0000,330.0000
26.0000,228.0000,259.0000,228.0000,259.0000,330.0000,26.0000,330.0000
27.0000,228.0000,260.0000,228.0000,260.0000,330.0000,27.0000,330.0000
27.0000,228.0000,260.0000,228.0000,260.0000,330.0000,27.0000,330.0000
27.0000,228.0000,260.0000,228.0000,260.0000,330.0000,27.0000,330.0000
27.0000,228.0000,259.0000,228.0000,259.0000,330.0000,27.0000,330.0000
26.0000,228.0000,259.0000,228.0000,259.0000,330.0000,26.0000,330.0000
27.0000,228.0000,260.0000,228.0000,260.0000,330.0000,27.0000,330.0000
27.0000,228.0000,259.0000,228.0000,259.0000,330.0000,27.0000,330.0000
30.0000,229.0000,259.0000,229.0000,259.0000,329.0000,30.0000,329.0000
29.0000,229.0000,260.0000,229.0000,260.0000,330.0000,29.0000,330.0000
27.0000,229.0000,260.0000,229.0000,260.0000,331.0000,27.0000,331.0000
32.0000,230.0000,260.0000,230.0000,260.0000,330.0000,32.0000,330.0000
39.0000,232.0000,260.0000,232.0000,260.0000,329.0000,39.0000,329.0000
39.0000,232.0000,260.0000,232.0000,260.0000,329.0000,39.0000,329.0000
39.0000,232.0000,260.0000,232.0000,260.0000,329.0000,39.0000,329.0000
39.0000,232.0000,260.0000,232.0000,260.0000,329.0000,39.0000,329.0000
39.0000,233.0000,261.0000,233.0000,261.0000,330.0000,39.0000,330.0000
39.0000,232.0000,261.0000,232.0000,261.0000,329.0000,39.0000,329.0000
41.0000,232.0000,260.0000,232.0000,260.0000,328.0000,41.0000,328.0000
39.0000,232.0000,261.0000,232.0000,261.0000,329.0000,39.0000,329.0000
33.0000,230.0000,261.0000,230.0000,261.0000,330.0000,33.0000,330.0000
39.0000,233.0000,261.0000,233.0000,261.0000,330.0000,39.0000,330.0000
33.0000,231.0000,261.0000,231.0000,261.0000,331.0000,33.0000,331.0000
33.0000,231.0000,261.0000,231.0000,261.0000,331.0000,33.0000,331.0000
33.0000,231.0000,261.0000,231.0000,261.0000,331.0000,33.0000,331.0000
33.0000,231.0000,262.0000,231.0000,262.0000,331.0000,33.0000,331.0000
34.0000,231.0000,262.0000,231.0000,262.0000,331.0000,34.0000,331.0000
34.0000,232.0000,262.0000,232.0000,262.0000,331.0000,34.0000,331.0000
32.0000,231.0000,263.0000,231.0000,263.0000,332.0000,32.0000,332.0000
32.0000,231.0000,263.0000,231.0000,263.0000,332.0000,32.0000,332.0000
32.0000,231.0000,263.0000,231.0000,263.0000,332.0000,32.0000,332.0000
32.0000,231.0000,263.0000,231.0000,263.0000,332.0000,32.0000,332.0000
33.0000,231.0000,262.0000,231.0000,262.0000,331.0000,33.0000,331.0000
34.0000,231.0000,262.0000,231.0000,262.0000,331.0000,34.0000,331.0000
33.0000,232.0000,262.0000,232.0000,262.0000,332.0000,33.0000,332.0000
34.0000,231.0000,262.0000,231.0000,262.0000,331.0000,34.0000,331.0000
33.0000,231.0000,261.0000,231.0000,261.0000,331.0000,33.0000,331.0000
33.0000,231.0000,261.0000,231.0000,261.0000,331.0000,33.0000,331.0000
31.0000,231.0000,261.0000,231.0000,261.0000,332.0000,31.0000,332.0000
32.0000,231.0000,261.0000,231.0000,261.0000,331.0000,32.0000,331.0000
33.0000,231.0000,261.0000,231.0000,261.0000,331.0000,33.0000,331.0000
32.0000,231.0000,261.0000,231.0000,261.0000,331.0000,32.0000,331.0000
33.0000,231.0000,261.0000,231.0000,261.0000,331.0000,33.0000,331.0000
33.0000,232.0000,261.0000,232.0000,261.0000,331.0000,33.0000,331.0000
33.0000,231.0000,261.0000,231.0000,261.0000,331.0000,33.0000,331.0000
33.0000,231.0000,261.0000,231.0000,261.0000,331.0000,33.0000,331.0000
33.0000,232.0000,262.0000,232.0000,262.0000,331.0000,33.0000,331.0000
36.0000,231.0000,262.0000,231.0000,262.0000,330.0000,36.0000,330.0000
34.0000,231.0000,262.0000,231.0000,262.0000,331.0000,34.0000,331.0000
36.0000,231.0000,262.0000,231.0000,262.0000,330.0000,36.0000,330.0000
32.0000,231.0000,263.0000,231.0000,263.0000,331.0000,32.0000,331.0000
35.0000,231.0000,261.0000,231.0000,261.0000,330.0000,35.0000,330.0000
33.0000,230.0000,261.0000,230.0000,261.0000,330.0000,33.0000,330.0000
38.0000,231.0000,261.0000,231.0000,261.0000,329.0000,38.0000,329.0000
33.0000,230.0000,261.0000,230.0000,261.0000,330.0000,33.0000,330.0000
37.0000,231.0000,261.0000,231.0000,261.0000,329.0000,37.0000,329.0000
35.0000,230.0000,261.0000,230.0000,261.0000,329.0000,35.0000,329.0000
33.0000,230.0000,261.0000,230.0000,261.0000,330.0000,33.0000,330.0000
33.0000,231.0000,261.0000,231.0000,261.0000,331.0000,33.0000,331.0000
35.0000,231.0000,261.0000,231.0000,261.0000,330.0000,35.0000,330.0000
36.0000,231.0000,262.0000,231.0000,262.0000,330.0000,36.0000,330.0000
36.0000,232.0000,262.0000,232.0000,262.0000,331.0000,36.0000,331.0000
36.0000,233.0000,262.0000,233.0000,262.0000,331.0000,36.0000,331.0000
36.0000,233.0000,262.0000,233.0000,262.0000,332.0000,36.0000,332.0000
36.0000,233.0000,262.0000,233.0000,262.0000,332.0000,36.0000,332.0000
36.0000,234.0000,262.0000,234.0000,262.0000,332.0000,36.0000,332.0000
34.0000,233.0000,263.0000,233.0000,263.0000,333.0000,34.0000,333.0000
34.0000,233.0000,262.0000,233.0000,262.0000,333.0000,34.0000,333.0000
34.0000,233.0000,262.0000,233.0000,262.0000,333.0000,34.0000,333.0000
36.0000,233.0000,262.0000,233.0000,262.0000,332.0000,36.0000,332.0000
36.0000,234.0000,262.0000,234.0000,262.0000,332.0000,36.0000,332.0000
36.0000,234.0000,262.0000,234.0000,262.0000,333.0000,36.0000,333.0000
36.0000,234.0000,262.0000,234.0000,262.0000,333.0000,36.0000,333.0000
36.0000,234.0000,262.0000,234.0000,262.0000,333.0000,36.0000,333.0000
37.0000,234.0000,263.0000,234.0000,263.0000,332.0000,37.0000,332.0000
37.0000,233.0000,263.0000,233.0000,263.0000,332.0000,37.0000,332.0000
40.0000,234.0000,264.0000,234.0000,264.0000,332.0000,40.0000,332.0000
41.0000,234.0000,264.0000,234.0000,264.0000,332.0000,41.0000,332.0000
42.0000,235.0000,264.0000,235.0000,264.0000,331.0000,42.0000,331.0000
41.0000,234.0000,265.0000,234.0000,265.0000,332.0000,41.0000,332.0000
45.0000,234.0000,264.0000,234.0000,264.0000,330.0000,45.0000,330.0000
46.0000,234.0000,265.0000,234.0000,265.0000,330.0000,46.0000,330.0000
46.0000,234.0000,265.0000,234.0000,265.0000,330.0000,46.0000,330.0000
42.0000,233.0000,266.0000,233.0000,266.0000,331.0000,42.0000,331.0000
42.0000,233.0000,266.0000,233.0000,266.0000,331.0000,42.0000,331.0000
46.0000,233.0000,265.0000,233.0000,265.0000,329.0000,46.0000,329.0000
46.0000,233.0000,265.0000,233.0000,265.0000,329.0000,46.0000,329.0000
46.0000,233.0000,265.0000,233.0000,265.0000,329.0000,46.0000,329.0000
46.0000,233.0000,265.0000,233.0000,265.0000,329.0000,46.0000,329.0000
42.0000,232.0000,266.0000,232.0000,266.0000,330.0000,42.0000,330.0000
42.0000,232.0000,266.0000,232.0000,266.0000,330.0000,42.0000,330.0000
42.0000,233.0000,266.0000,233.0000,266.0000,331.0000,42.0000,331.0000
39.0000,232.0000,265.0000,232.0000,265.0000,330.0000,39.0000,330.0000
42.0000,233.0000,266.0000,233.0000,266.0000,330.0000,42.0000,330.0000
43.0000,233.0000,267.0000,233.0000,267.0000,331.0000,43.0000,331.0000
41.0000,232.0000,267.0000,232.0000,267.0000,331.0000,41.0000,331.0000
39.0000,231.0000,267.0000,231.0000,267.0000,331.0000,39.0000,331.0000
41.0000,232.0000,267.0000,232.0000,267.0000,331.0000,41.0000,331.0000
45.0000,233.0000,266.0000,233.0000,266.0000,330.0000,45.0000,330.0000
44.0000,233.0000,266.0000,233.0000,266.0000,329.0000,44.0000,329.0000
44.0000,232.0000,266.0000,232.0000,266.0000,329.0000,44.0000,329.0000
40.0000,232.0000,266.0000,232.0000,266.0000,331.0000,40.0000,331.0000
38.0000,232.0000,266.0000,232.0000,266.0000,331.0000,38.0000,331.0000
40.0000,233.0000,266.0000,233.0000,266.0000,332.0000,40.0000,332.0000
38.0000,233.0000,266.0000,233.0000,266.0000,332.0000,38.0000,332.0000
40.0000,233.0000,266.0000,233.0000,266.0000,332.0000,40.0000,332.0000
41.0000,234.0000,267.0000,234.0000,267.0000,333.0000,41.0000,333.0000
42.0000,234.0000,268.0000,234.0000,268.0000,333.0000,42.0000,333.0000
38.0000,233.0000,269.0000,233.0000,269.0000,334.0000,38.0000,334.0000
42.0000,234.0000,268.0000,234.0000,268.0000,332.0000,42.0000,332.0000
39.0000,233.0000,268.0000,233.0000,268.0000,333.0000,39.0000,333.0000
40.0000,233.0000,268.0000,233.0000,268.0000,333.0000,40.0000,333.0000
43.0000,234.0000,269.0000,234.0000,269.0000,333.0000,43.0000,333.0000
39.0000,233.0000,270.0000,233.0000,270.0000,334.0000,39.0000,334.0000
46.0000,236.0000,270.0000,236.0000,270.0000,334.0000,46.0000,334.0000
43.0000,235.0000,269.0000,235.0000,269.0000,334.0000,43.0000,334.0000
47.0000,236.0000,271.0000,236.0000,271.0000,334.0000,47.0000,334.0000
42.0000,234.0000,273.0000,234.0000,273.0000,335.0000,42.0000,335.0000
37.0000,233.0000,272.0000,233.0000,272.0000,336.0000,37.0000,336.0000
37.0000,233.0000,273.0000,233.0000,273.0000,336.0000,37.0000,336.0000
34.0000,232.0000,272.0000,232.0000,272.0000,336.0000,34.0000,336.0000
41.0000,235.0000,272.0000,235.0000,272.0000,336.0000,41.0000,336.0000
40.0000,235.0000,273.0000,235.0000,273.0000,337.0000,40.0000,337.0000
40.0000,234.0000,273.0000,234.0000,273.0000,336.0000,40.0000,336.0000
42.0000,235.0000,272.0000,235.0000,272.0000,336.0000,42.0000,336.0000
42.0000,235.0000,272.0000,235.0000,272.0000,336.0000,42.0000,336.0000
42.0000,235.0000,272.0000,235.0000,272.0000,336.0000,42.0000,336.0000
41.0000,235.0000,272.0000,235.0000,272.0000,336.0000,41.0000,336.0000
42.0000,235.0000,272.0000,235.0000,272.0000,336.0000,42.0000,336.0000
39.0000,234.0000,272.0000,234.0000,272.0000,336.0000,39.0000,336.0000
42.0000,234.0000,270.0000,234.0000,270.0000,334.0000,42.0000,334.0000
38.0000,233.0000,273.0000,233.0000,273.0000,336.0000,38.0000,336.0000
36.0000,235.0000,271.0000,235.0000,271.0000,338.0000,36.0000,338.0000
42.0000,236.0000,270.0000,236.0000,270.0000,335.0000,42.0000,335.0000
36.0000,234.0000,271.0000,234.0000,271.0000,336.0000,36.0000,336.0000
43.0000,235.0000,271.0000,235.0000,271.0000,335.0000,43.0000,335.0000
43.0000,236.0000,273.0000,236.0000,273.0000,337.0000,43.0000,337.0000
44.0000,237.0000,274.0000,237.0000,274.0000,338.0000,44.0000,338.0000
43.0000,236.0000,276.0000,236.0000,276.0000,338.0000,43.0000,338.0000
46.0000,237.0000,276.0000,237.0000,276.0000,338.0000,46.0000,338.0000
40.0000,234.0000,277.0000,234.0000,277.0000,338.0000,40.0000,338.0000
37.0000,234.0000,280.0000,234.0000,280.0000,340.0000,37.0000,340.0000
39.0000,234.0000,279.0000,234.0000,279.0000,339.0000,39.0000,339.0000
44.0000,236.0000,277.0000,236.0000,277.0000,338.0000,44.0000,338.0000
46.0000,238.0000,276.0000,238.0000,276.0000,338.0000,46.0000,338.0000
45.0000,237.0000,276.0000,237.0000,276.0000,338.0000,45.0000,338.0000
43.0000,238.0000,276.0000,238.0000,276.0000,339.0000,43.0000,339.0000
43.0000,238.0000,276.0000,238.0000,276.0000,340.0000,43.0000,340.0000
40.0000,235.0000,277.0000,235.0000,277.0000,339.0000,40.0000,339.0000
42.0000,236.0000,277.0000,236.0000,277.0000,339.0000,42.0000,339.0000
45.0000,236.0000,278.0000,236.0000,278.0000,338.0000,45.0000,338.0000
46.0000,236.0000,278.0000,236.0000,278.0000,338.0000,46.0000,338.0000
46.0000,236.0000,278.0000,236.0000,278.0000,338.0000,46.0000,338.0000
45.0000,237.0000,278.0000,237.0000,278.0000,339.0000,45.0000,339.0000
46.0000,237.0000,279.0000,237.0000,279.0000,339.0000,46.0000,339.0000
45.0000,237.0000,278.0000,237.0000,278.0000,339.0000,45.0000,339.0000
43.0000,236.0000,278.0000,236.0000,278.0000,339.0000,43.0000,339.0000
39.0000,234.0000,279.0000,234.0000,279.0000,339.0000,39.0000,339.0000
39.0000,235.0000,279.0000,235.0000,279.0000,340.0000,39.0000,340.0000
42.0000,236.0000,277.0000,236.0000,277.0000,339.0000,42.0000,339.0000
39.0000,234.0000,279.0000,234.0000,279.0000,339.0000,39.0000,339.0000
43.0000,237.0000,276.0000,237.0000,276.0000,339.0000,43.0000,339.0000
46.0000,238.0000,276.0000,238.0000,276.0000,339.0000,46.0000,339.0000
46.0000,238.0000,275.0000,238.0000,275.0000,338.0000,46.0000,338.0000
44.0000,238.0000,275.0000,238.0000,275.0000,338.0000,44.0000,338.0000
44.0000,238.0000,275.0000,238.0000,275.0000,339.0000,44.0000,339.0000
42.0000,237.0000,275.0000,237.0000,275.0000,339.0000,42.0000,339.0000
42.0000,238.0000,273.0000,238.0000,273.0000,339.0000,42.0000,339.0000
48.0000,240.0000,271.0000,240.0000,271.0000,338.0000,48.0000,338.0000
47.0000,241.0000,271.0000,241.0000,271.0000,339.0000,47.0000,339.0000
47.0000,241.0000,271.0000,241.0000,271.0000,339.0000,47.0000,339.0000
47.0000,241.0000,271.0000,241.0000,271.0000,339.0000,47.0000,339.0000
49.0000,241.0000,270.0000,241.0000,270.0000,338.0000,49.0000,338.0000
47.0000,240.0000,271.0000,240.0000,271.0000,338.0000,47.0000,338.0000
42.0000,238.0000,273.0000,238.0000,273.0000,339.0000,42.0000,339.0000
42.0000,238.0000,272.0000,238.0000,272.0000,339.0000,42.0000,339.0000
42.0000,238.0000,273.0000,238.0000,273.0000,339.0000,42.0000,339.0000
42.0000,238.0000,272.0000,238.0000,272.0000,339.0000,42.0000,339.0000
47.0000,240.0000,271.0000,240.0000,271.0000,338.0000,47.0000,338.0000
47.0000,240.0000,271.0000,240.0000,271.0000,338.0000,47.0000,338.0000
47.0000,240.0000,271.0000,240.0000,271.0000,338.0000,47.0000,338.0000
47.0000,241.0000,271.0000,241.0000,271.0000,339.0000,47.0000,339.0000
48.0000,241.0000,270.0000,241.0000,270.0000,338.0000,48.0000,338.0000
47.0000,241.0000,270.0000,241.0000,270.0000,339.0000,47.0000,339.0000
48.0000,241.0000,270.0000,241.0000,270.0000,337.0000,48.0000,337.0000
46.0000,240.0000,270.0000,240.0000,270.0000,338.0000,46.0000,338.0000
48.0000,241.0000,269.0000,241.0000,269.0000,338.0000,48.0000,338.0000
47.0000,241.0000,270.0000,241.0000,270.0000,338.0000,47.0000,338.0000
44.0000,239.0000,270.0000,239.0000,270.0000,338.0000,44.0000,338.0000
47.0000,241.0000,270.0000,241.0000,270.0000,339.0000,47.0000,339.0000
48.0000,241.0000,270.0000,241.0000,270.0000,338.0000,48.0000,338.0000
43.0000,239.0000,271.0000,239.0000,271.0000,339.0000,43.0000,339.0000
48.0000,241.0000,272.0000,241.0000,272.0000,339.0000,48.0000,339.0000
48.0000,241.0000,272.0000,241.0000,272.0000,339.0000,48.0000,339.0000
50.0000,241.0000,271.0000,241.0000,271.0000,338.0000,50.0000,338.0000
50.0000,241.0000,271.0000,241.0000,271.0000,338.0000,50.0000,338.0000
48.0000,241.0000,272.0000,241.0000,272.0000,339.0000,48.0000,339.0000
45.0000,240.0000,271.0000,240.0000,271.0000,339.0000,45.0000,339.0000
44.0000,240.0000,271.0000,240.0000,271.0000,339.0000,44.0000,339.0000
44.0000,240.0000,270.0000,240.0000,270.0000,339.0000,44.0000,339.0000
47.0000,242.0000,269.0000,242.0000,269.0000,339.0000,47.0000,339.0000
44.0000,240.0000,270.0000,240.0000,270.0000,338.0000,44.0000,338.0000
47.0000,242.0000,269.0000,242.0000,269.0000,338.0000,47.0000,338.0000
46.0000,242.0000,270.0000,242.0000,270.0000,340.0000,46.0000,340.0000
48.0000,242.0000,269.0000,242.0000,269.0000,338.0000,48.0000,338.0000
44.0000,241.0000,270.0000,241.0000,270.0000,339.0000,44.0000,339.0000
48.0000,242.0000,269.0000,242.0000,269.0000,339.0000,48.0000,339.0000
44.0000,240.0000,270.0000,240.0000,270.0000,338.0000,44.0000,338.0000
44.0000,240.0000,270.0000,240.0000,270.0000,338.0000,44.0000,338.0000
44.0000,239.0000,270.0000,239.0000,270.0000,338.0000,44.0000,338.0000
46.0000,240.0000,270.0000,240.0000,270.0000,338.0000,46.0000,338.0000
47.0000,240.0000,269.0000,240.0000,269.0000,337.0000,47.0000,337.0000
47.0000,241.0000,269.0000,241.0000,269.0000,338.0000,47.0000,338.0000
46.0000,242.0000,270.0000,242.0000,270.0000,339.0000,46.0000,339.0000
48.0000,241.0000,269.0000,241.0000,269.0000,338.0000,48.0000,338.0000
49.0000,242.0000,269.0000,242.0000,269.0000,338.0000,49.0000,338.0000
49.0000,242.0000,269.0000,242.0000,269.0000,338.0000,49.0000,338.0000
48.0000,241.0000,269.0000,241.0000,269.0000,338.0000,48.0000,338.0000
48.0000,242.0000,270.0000,242.0000,270.0000,339.0000,48.0000,339.0000
50.0000,242.0000,269.0000,242.0000,269.0000,338.0000,50.0000,338.0000
48.0000,242.0000,269.0000,242.0000,269.0000,339.0000,48.0000,339.0000
47.0000,242.0000,269.0000,242.0000,269.0000,338.0000,47.0000,338.0000
48.0000,242.0000,269.0000,242.0000,269.0000,339.0000,48.0000,339.0000
47.0000,242.0000,269.0000,242.0000,269.0000,338.0000,47.0000,338.0000
46.0000,242.0000,270.0000,242.0000,270.0000,340.0000,46.0000,340.0000
47.0000,242.0000,269.0000,242.0000,269.0000,339.0000,47.0000,339.0000
47.0000,242.0000,269.0000,242.0000,269.0000,339.0000,47.0000,339.0000
46.0000,242.0000,270.0000,242.0000,270.0000,340.0000,46.0000,340.0000
46.0000,242.0000,270.0000,242.0000,270.0000,340.0000,46.0000,340.0000
48.0000,242.0000,269.0000,242.0000,269.0000,339.0000,48.0000,339.0000
48.0000,242.0000,269.0000,242.0000,269.0000,339.0000,48.0000,339.0000
50.0000,243.0000,269.0000,243.0000,269.0000,339.0000,50.0000,339.0000
44.0000,241.0000,270.0000,241.0000,270.0000,339.0000,44.0000,339.0000
48.0000,243.0000,269.0000,243.0000,269.0000,340.0000,48.0000,340.0000
50.0000,243.0000,269.0000,243.0000,269.0000,339.0000,50.0000,339.0000
48.0000,242.0000,269.0000,242.0000,269.0000,339.0000,48.0000,339.0000
48.0000,242.0000,270.0000,242.0000,270.0000,339.0000,48.0000,339.0000
48.0000,242.0000,269.0000,242.0000,269.0000,339.0000,48.0000,339.0000
48.0000,242.0000,269.0000,242.0000,269.0000,339.0000,48.0000,339.0000
48.0000,242.0000,270.0000,242.0000,270.0000,339.0000,48.0000,339.0000
50.0000,242.0000,269.0000,242.0000,269.0000,338.0000,50.0000,338.0000
50.0000,243.0000,269.0000,243.0000,269.0000,339.0000,50.0000,339.0000
48.0000,242.0000,269.0000,242.0000,269.0000,339.0000,48.0000,339.0000
49.0000,243.0000,268.0000,243.0000,268.0000,339.0000,49.0000,339.0000
47.0000,242.0000,269.0000,242.0000,269.0000,339.0000,47.0000,339.0000
47.0000,242.0000,269.0000,242.0000,269.0000,339.0000,47.0000,339.0000
49.0000,243.0000,268.0000,243.0000,268.0000,339.0000,49.0000,339.0000
49.0000,242.0000,268.0000,242.0000,268.0000,338.0000,49.0000,338.0000
47.0000,242.0000,269.0000,242.0000,269.0000,339.0000,47.0000,339.0000
47.0000,242.0000,269.0000,242.0000,269.0000,339.0000,47.0000,339.0000
49.0000,243.0000,268.0000,243.0000,268.0000,339.0000,49.0000,339.0000
49.0000,242.0000,268.0000,242.0000,268.0000,338.0000,49.0000,338.0000
47.0000,242.0000,269.0000,242.0000,269.0000,339.0000,47.0000,339.0000
49.0000,242.0000,268.0000,242.0000,268.0000,338.0000,49.0000,338.0000
49.0000,242.0000,268.0000,242.0000,268.0000,338.0000,49.0000,338.0000
49.0000,242.0000,268.0000,242.0000,268.0000,338.0000,49.0000,338.0000
47.0000,242.0000,269.0000,242.0000,269.0000,339.0000,47.0000,339.0000
47.0000,242.0000,268.0000,242.0000,268.0000,339.0000,47.0000,339.0000
48.0000,243.0000,268.0000,243.0000,268.0000,338.0000,48.0000,338.0000
49.0000,243.0000,268.0000,243.0000,268.0000,338.0000,49.0000,338.0000
48.0000,242.0000,268.0000,242.0000,268.0000,338.0000,48.0000,338.0000
49.0000,242.0000,268.0000,242.0000,268.0000,338.0000,49.0000,338.0000
48.0000,242.0000,268.0000,242.0000,268.0000,338.0000,48.0000,338.0000
48.0000,243.0000,267.0000,243.0000,267.0000,339.0000,48.0000,339.0000
47.0000,242.0000,268.0000,242.0000,268.0000,339.0000,47.0000,339.0000
46.0000,242.0000,268.0000,242.0000,268.0000,339.0000,46.0000,339.0000
46.0000,242.0000,268.0000,242.0000,268.0000,339.0000,46.0000,339.0000
46.0000,242.0000,268.0000,242.0000,268.0000,338.0000,46.0000,338.0000
46.0000,242.0000,268.0000,242.0000,268.0000,339.0000,46.0000,339.0000
48.0000,243.0000,267.0000,243.0000,267.0000,339.0000,48.0000,339.0000
48.0000,243.0000,268.0000,243.0000,268.0000,339.0000,48.0000,339.0000
47.0000,242.0000,268.0000,242.0000,268.0000,339.0000,47.0000,339.0000
46.0000,242.0000,268.0000,242.0000,268.0000,338.0000,46.0000,338.0000
46.0000,242.0000,268.0000,242.0000,268.0000,339.0000,46.0000,339.0000
46.0000,242.0000,268.0000,242.0000,268.0000,339.0000,46.0000,339.0000
46.0000,242.0000,268.0000,242.0000,268.0000,339.0000,46.0000,339.0000
46.0000,242.0000,268.0000,242.0000,268.0000,339.0000,46.0000,339.0000
48.0000,243.0000,267.0000,243.0000,267.0000,339.0000,48.0000,339.0000
46.0000,242.0000,268.0000,242.0000,268.0000,339.0000,46.0000,339.0000
46.0000,242.0000,268.0000,242.0000,268.0000,339.0000,46.0000,339.0000
48.0000,243.0000,267.0000,243.0000,267.0000,338.0000,48.0000,338.0000
46.0000,242.0000,268.0000,242.0000,268.0000,339.0000,46.0000,339.0000
46.0000,242.0000,268.0000,242.0000,268.0000,339.0000,46.0000,339.0000
46.0000,242.0000,268.0000,242.0000,268.0000,338.0000,46.0000,338.0000
46.0000,242.0000,267.0000,242.0000,267.0000,339.0000,46.0000,339.0000
46.0000,242.0000,267.0000,242.0000,267.0000,339.0000,46.0000,339.0000
46.0000,242.0000,267.0000,242.0000,267.0000,339.0000,46.0000,339.0000
45.0000,242.0000,267.0000,242.0000,267.0000,339.0000,45.0000,339.0000
47.0000,242.0000,267.0000,242.0000,267.0000,338.0000,47.0000,338.0000
47.0000,242.0000,267.0000,242.0000,267.0000,338.0000,47.0000,338.0000
46.0000,242.0000,267.0000,242.0000,267.0000,339.0000,46.0000,339.0000
48.0000,243.0000,267.0000,243.0000,267.0000,339.0000,48.0000,339.0000
46.0000,242.0000,267.0000,242.0000,267.0000,339.0000,46.0000,339.0000
48.0000,242.0000,267.0000,242.0000,267.0000,338.0000,48.0000,338.0000
46.0000,242.0000,268.0000,242.0000,268.0000,339.0000,46.0000,339.0000
46.0000,242.0000,268.0000,242.0000,268.0000,339.0000,46.0000,339.0000
46.0000,242.0000,267.0000,242.0000,267.0000,338.0000,46.0000,338.0000
46.0000,242.0000,267.0000,242.0000,267.0000,338.0000,46.0000,338.0000
46.0000,242.0000,267.0000,242.0000,267.0000,339.0000,46.0000,339.0000
45.0000,242.0000,267.0000,242.0000,267.0000,339.0000,45.0000,339.0000
45.0000,242.0000,267.0000,242.0000,267.0000,339.0000,45.0000,339.0000
45.0000,242.0000,267.0000,242.0000,267.0000,339.0000,45.0000,339.0000
46.0000,242.0000,267.0000,242.0000,267.0000,339.0000,46.0000,339.0000
46.0000,242.0000,267.0000,242.0000,267.0000,339.0000,46.0000,339.0000
46.0000,241.0000,268.0000,241.0000,268.0000,338.0000,46.0000,338.0000
46.0000,242.0000,268.0000,242.0000,268.0000,338.0000,46.0000,338.0000
46.0000,241.0000,268.0000,241.0000,268.0000,338.0000,46.0000,338.0000
46.0000,241.0000,268.0000,241.0000,268.0000,338.0000,46.0000,338.0000
47.0000,241.0000,268.0000,241.0000,268.0000,338.0000,47.0000,338.0000
47.0000,242.0000,268.0000,242.0000,268.0000,338.0000,47.0000,338.0000
46.0000,241.0000,268.0000,241.0000,268.0000,338.0000,46.0000,338.0000
46.0000,241.0000,268.0000,241.0000,268.0000,338.0000,46.0000,338.0000
46.0000,241.0000,268.0000,241.0000,268.0000,338.0000,46.0000,338.0000
45.0000,241.0000,269.0000,241.0000,269.0000,339.0000,45.0000,339.0000
47.0000,241.0000,268.0000,241.0000,268.0000,338.0000,47.0000,338.0000
47.0000,240.0000,268.0000,240.0000,268.0000,337.0000,47.0000,337.0000
47.0000,240.0000,268.0000,240.0000,268.0000,337.0000,47.0000,337.0000
47.0000,240.0000,268.0000,240.0000,268.0000,337.0000,47.0000,337.0000
48.0000,240.0000,267.0000,240.0000,267.0000,336.0000,48.0000,336.0000
2
0
0
0
0
1
291.0000,201.0000,501.0000,201.0000,501.0000,306.0000,291.0000,306.0000
291.0000,201.0000,501.0000,201.0000,501.0000,306.0000,291.0000,306.0000
292.0000,202.0000,502.0000,202.0000,502.0000,307.0000,292.0000,307.0000
293.0000,202.0000,503.0000,202.0000,503.0000,307.0000,293.0000,307.0000
294.0000,203.0000,504.0000,203.0000,504.0000,308.0000,294.0000,308.0000
293.0000,203.0000,505.0000,203.0000,505.0000,309.0000,293.0000,309.0000
293.0000,203.0000,505.0000,203.0000,505.0000,309.0000,293.0000,309.0000
296.0000,204.0000,506.0000,204.0000,506.0000,309.0000,296.0000,309.0000
295.0000,204.0000,505.0000,204.0000,505.0000,309.0000,295.0000,309.0000
295.0000,203.0000,509.0000,203.0000,509.0000,310.0000,295.0000,310.0000
321.0000,209.0000,529.0000,209.0000,529.0000,313.0000,321.0000,313.0000
330.0000,207.0000,540.0000,207.0000,540.0000,312.0000,330.0000,312.0000
338.0000,206.0000,544.0000,206.0000,544.0000,309.0000,338.0000,309.0000
346.0000,204.0000,553.0000,204.0000,553.0000,308.0000,346.0000,308.0000
347.0000,203.0000,557.0000,203.0000,557.0000,308.0000,347.0000,308.0000
349.0000,203.0000,561.0000,203.0000,561.0000,309.0000,349.0000,309.0000
353.0000,203.0000,565.0000,203.0000,565.0000,309.0000,353.0000,309.0000
354.0000,204.0000,567.0000,204.0000,567.0000,310.0000,354.0000,310.0000
361.0000,204.0000,571.0000,204.0000,571.0000,309.0000,361.0000,309.0000
364.0000,205.0000,570.0000,205.0000,570.0000,308.0000,364.0000,308.0000
366.0000,205.0000,572.0000,205.0000,572.0000,308.0000,366.0000,308.0000
365.0000,203.0000,577.0000,203.0000,577.0000,309.0000,365.0000,309.0000
368.0000,204.0000,578.0000,204.0000,578.0000,309.0000,368.0000,309.0000
368.0000,204.0000,580.0000,204.0000,580.0000,310.0000,368.0000,310.0000
369.0000,204.0000,581.0000,204.0000,581.0000,310.0000,369.0000,310.0000
366.0000,203.0000,585.0000,203.0000,585.0000,312.0000,366.0000,312.0000
367.0000,203.0000,585.0000,203.0000,585.0000,312.0000,367.0000,312.0000
368.0000,205.0000,585.0000,205.0000,585.0000,313.0000,368.0000,313.0000
367.0000,207.0000,586.0000,207.0000,586.0000,316.0000,367.0000,316.0000
372.0000,211.0000,586.0000,211.0000,586.0000,318.0000,372.0000,318.0000
371.0000,210.0000,589.0000,210.0000,589.0000,319.0000,371.0000,319.0000
379.0000,214.0000,591.0000,214.0000,591.0000,320.0000,379.0000,320.0000
386.0000,221.0000,592.0000,221.0000,592.0000,324.0000,386.0000,324.0000
412.0000,229.0000,611.0000,229.0000,611.0000,329.0000,412.0000,329.0000
426.0000,234.0000,621.0000,234.0000,621.0000,332.0000,426.0000,332.0000
443.0000,238.0000,635.0000,238.0000,635.0000,333.0000,443.0000,333.0000
460.0000,240.0000,648.0000,240.0000,648.0000,334.0000,460.0000,334.0000
472.0000,239.0000,659.0000,239.0000,659.0000,332.0000,472.0000,332.0000
491.0000,237.0000,672.0000,237.0000,672.0000,328.0000,491.0000,328.0000
498.0000,236.0000,679.0000,236.0000,679.0000,326.0000,498.0000,326.0000
500.0000,234.0000,685.0000,234.0000,685.0000,326.0000,500.0000,326.0000
506.0000,230.0000,696.0000,230.0000,696.0000,325.0000,506.0000,325.0000
510.0000,231.0000,706.0000,231.0000,706.0000,329.0000,510.0000,329.0000
517.0000,240.0000,707.0000,240.0000,707.0000,335.0000,517.0000,335.0000
521.0000,243.0000,717.0000,243.0000,717.0000,341.0000,521.0000,341.0000
514.0000,240.0000,712.0000,240.0000,712.0000,339.0000,514.0000,339.0000
497.0000,236.0000,689.0000,236.0000,689.0000,332.0000,497.0000,332.0000
508.0000,234.0000,702.0000,234.0000,702.0000,331.0000,508.0000,331.0000
510.0000,229.0000,702.0000,229.0000,702.0000,325.0000,510.0000,325.0000
2
0
0
0
0
1
720.0000,231.0000,864.0000,231.0000,864.0000,298.0000,720.0000,298.0000
721.0000,231.0000,864.0000,231.0000,864.0000,298.0000,721.0000,298.0000
722.0000,232.0000,865.0000,232.0000,865.0000,298.0000,722.0000,298.0000
721.0000,233.0000,868.0000,233.0000,868.0000,302.0000,721.0000,302.0000
720.0000,230.0000,871.0000,230.0000,871.0000,300.0000,720.0000,300.0000
721.0000,232.0000,868.0000,232.0000,868.0000,300.0000,721.0000,300.0000
721.0000,232.0000,868.0000,232.0000,868.0000,300.0000,721.0000,300.0000
721.0000,233.0000,868.0000,233.0000,868.0000,301.0000,721.0000,301.0000
721.0000,232.0000,872.0000,232.0000,872.0000,303.0000,721.0000,303.0000
723.0000,234.0000,870.0000,234.0000,870.0000,303.0000,723.0000,303.0000
723.0000,233.0000,874.0000,233.0000,874.0000,304.0000,723.0000,304.0000
724.0000,234.0000,877.0000,234.0000,877.0000,305.0000,724.0000,305.0000
725.0000,235.0000,873.0000,235.0000,873.0000,304.0000,725.0000,304.0000
760.0000,241.0000,904.0000,241.0000,904.0000,308.0000,760.0000,308.0000
762.0000,244.0000,908.0000,244.0000,908.0000,312.0000,762.0000,312.0000
760.0000,246.0000,911.0000,246.0000,911.0000,316.0000,760.0000,316.0000
762.0000,246.0000,911.0000,246.0000,911.0000,315.0000,762.0000,315.0000
762.0000,246.0000,912.0000,246.0000,912.0000,316.0000,762.0000,316.0000
767.0000,247.0000,913.0000,247.0000,913.0000,314.0000,767.0000,314.0000
769.0000,245.0000,917.0000,245.0000,917.0000,314.0000,769.0000,314.0000
772.0000,242.0000,922.0000,242.0000,922.0000,312.0000,772.0000,312.0000
771.0000,240.0000,924.0000,240.0000,924.0000,311.0000,771.0000,311.0000
772.0000,240.0000,926.0000,240.0000,926.0000,312.0000,772.0000,312.0000
774.0000,240.0000,928.0000,240.0000,928.0000,312.0000,774.0000,312.0000
773.0000,239.0000,932.0000,239.0000,932.0000,313.0000,773.0000,313.0000
779.0000,239.0000,934.0000,239.0000,934.0000,311.0000,779.0000,311.0000
778.0000,239.0000,934.0000,239.0000,934.0000,312.0000,778.0000,312.0000
776.0000,239.0000,934.0000,239.0000,934.0000,312.0000,776.0000,312.0000
779.0000,237.0000,942.0000,237.0000,942.0000,313.0000,779.0000,313.0000
778.0000,236.0000,945.0000,236.0000,945.0000,314.0000,778.0000,314.0000
