1
654.3416,270.8013,21.3168,140.3975
656.2507,273.7780,21.4987,140.4440
658.3149,275.7902,21.3703,140.4196
658.3149,275.7902,21.3703,140.4196
659.2425,277.8396,21.5150,140.3208
659.2425,277.8396,21.5150,140.3208
646.1329,283.8914,21.7341,140.2173
648.8557,285.9971,22.2887,140.0058
648.7156,286.8550,22.5689,140.2900
644.5841,287.6455,22.8318,140.7090
639.5418,290.3376,22.9163,141.3248
635.5531,298.1875,22.8938,141.6250
633.6221,307.0019,22.7559,141.9963
633.6221,307.0019,22.7559,141.9963
628.6021,311.8013,22.7960,142.3974
629.7258,310.6285,22.5484,142.7430
636.6763,305.7066,22.6475,142.5868
641.6724,301.8193,22.6552,142.3614
644.7322,298.9324,22.5356,142.1352
639.7529,297.8807,22.4943,142.2386
639.7529,297.8807,22.4943,142.2386
632.8211,298.8179,22.3578,142.3642
648.8429,296.0331,22.3142,141.9339
651.9866,295.9843,22.0268,142.0314
649.7925,295.8972,22.4149,142.2056
651.7906,294.9171,22.4186,142.1659
653.7767,293.8875,22.4465,142.2250
655.7120,289.8450,22.5760,142.3100
655.7120,289.8450,22.5760,142.3100
658.7556,285.0496,22.4889,141.9008
662.8866,277.1928,22.2269,141.6144
665.8464,272.1981,22.3071,141.6038
669.7275,266.1146,22.5450,141.7708
668.4010,262.1202,23.1980,141.7595
662.5229,259.0682,22.9542,141.8636
662.5229,259.0682,22.9542,141.8636
655.6223,255.9655,22.7555,142.0689
651.5663,249.9265,22.8675,142.1471
650.6160,248.0664,22.7679,141.8673
647.9388,246.0295,22.1223,141.9410
647.9388,246.0295,22.1223,141.9410
644.2890,244.8247,21.4220,142.3506
629.3793,246.6599,21.2414,142.6802
633.6183,238.9028,22.7635,146.1944
642.6015,230.9640,22.7970,148.0720
641.8294,226.6360,22.3412,148.7280
638.8292,227.1879,24.3416,147.6242
638.8292,227.1879,24.3416,147.6242
636.0358,227.3010,25.9284,147.3980
641.3592,224.1063,27.2816,149.7875
647.8102,227.0371,26.3796,147.9258
649.6540,226.2838,26.6920,147.4323
649.6540,226.2838,26.6920,147.4323
649.5238,229.9092,28.9524,146.1817
647.7871,235.4089,32.4257,139.1822
648.7259,238.3754,34.5483,133.2491
654.3998,241.4283,39.2004,131.1435
655.8497,240.2575,42.3006,129.4851
655.8497,240.2575,42.3006,129.4851
655.8377,238.3936,44.3246,129.2128
661.6407,274.0321,46.7185,111.9358
668.7314,241.9099,46.5371,124.1803
672.1332,237.9409,45.7337,130.1182
675.6425,234.2452,44.7151,133.5096
679.2698,232.3274,43.4603,135.3452
679.2698,232.3274,43.4603,135.3452
684.0279,229.3863,41.9442,137.2274
694.1257,220.4401,39.7485,141.1198
699.7100,217.8790,36.5799,144.2420
699.7100,217.8790,36.5799,144.2420
703.9153,215.0954,34.1694,145.8091
701.6838,209.1036,32.6325,145.7929
704.5134,206.5738,30.9733,144.8525
704.5134,206.5738,30.9733,144.8525
707.0700,205.3578,29.8600,141.2843
709.5225,202.9251,28.9549,138.1499
709.5225,202.9251,28.9549,138.1499
708.8345,200.5740,28.3309,136.8520
712.0672,198.4093,27.8656,135.1815
712.0672,198.4093,27.8656,135.1815
722.6920,202.0677,28.6161,133.8647
749.6783,194.6855,28.6433,132.6291
755.5654,190.8010,28.8693,132.3980
755.5654,190.8010,28.8693,132.3980
755.5654,190.8010,28.8693,132.3980
748.3790,193.7857,29.2420,132.4285
757.8978,213.9541,28.2044,132.0918
753.1182,216.9358,27.7636,132.1284
753.1182,216.9358,27.7636,132.1284
750.9917,221.7825,28.0166,132.4351
746.3198,222.1112,27.3603,131.7776
745.7596,225.9034,26.4807,132.1931
743.9147,228.0146,26.1705,131.9708
743.9147,228.0146,26.1705,131.9708
743.1684,226.9836,25.6633,132.0328
743.1684,226.9836,25.6633,132.0328
745.1826,218.9400,25.6347,132.1200
738.3215,213.9640,25.3571,132.0720
743.0283,210.6775,25.9435,132.6449
743.0283,210.6775,25.9435,132.6449
745.9438,207.4339,26.1125,133.1322
745.9438,207.4339,26.1125,133.1322
747.8308,199.3825,26.3384,133.2349
753.3055,192.0304,27.3890,133.9392
753.3055,192.0304,27.3890,133.9392
761.2004,191.3270,27.5993,135.3459
759.9738,191.9190,28.0524,136.1621
759.7514,190.7854,28.4972,136.4292
759.7514,190.7854,28.4972,136.4292
764.5389,190.8098,28.9223,136.3803
772.3417,193.6658,29.3167,134.6685
772.3417,193.6658,29.3167,134.6685
772.1326,196.0810,29.7348,131.8379
777.1464,199.2427,31.7073,127.5146
777.9364,197.8089,34.1273,126.3823
772.9016,195.3480,36.1969,127.3041
768.8279,195.3157,38.3442,127.3687
768.8279,195.3157,38.3442,127.3687
767.7300,200.1456,40.5400,127.7087
763.1102,202.2652,41.7797,127.4697
764.9254,198.4347,42.1493,127.1307
770.4575,195.2261,43.0850,127.5479
773.4004,196.7217,43.1992,128.5565
773.4004,196.7217,43.1992,128.5565
771.6621,200.6193,42.6758,128.7614
770.3315,206.6685,41.3370,128.6631
770.8853,206.7854,40.2295,130.4292
769.8412,208.5050,38.3177,130.9900
769.8412,208.5050,38.3177,130.9900
770.6796,212.2161,36.6408,131.5677
778.7372,214.2560,36.5257,135.4880
778.7372,214.2560,36.5257,135.4880
780.3331,213.4059,37.3339,137.1882
791.7452,214.8549,38.5095,136.2901
797.6247,222.4996,40.7506,131.0007
808.4655,207.7586,41.0690,134.4827
808.4655,207.7586,41.0690,134.4827
817.7638,205.3368,40.4725,137.3265
833.1738,214.1719,39.6525,139.6562
842.6165,210.4152,36.7670,141.1696
858.6785,202.9611,32.6431,140.0779
875.0046,198.4444,29.9907,141.1112
875.0046,198.4444,29.9907,141.1112
887.2736,196.0861,29.4528,143.8279
895.1760,195.9886,31.6481,148.0229
895.1760,195.9886,31.6481,148.0229
891.9169,192.6673,34.1663,146.6653
889.6775,200.5224,34.6450,144.9552
887.3691,200.0174,35.2617,145.9651
889.0263,202.2756,35.9474,143.4488
887.9977,199.5709,36.0045,142.8582
887.9977,199.5709,36.0045,142.8582
884.0975,198.1099,35.8049,143.7803
884.6222,200.4272,34.7556,143.1457
885.1487,199.6164,35.7025,144.7672
886.9155,205.2892,36.1691,145.4216
886.9155,205.2892,36.1691,145.4216
884.5506,208.4756,36.8988,151.0488
878.8371,224.0287,36.3258,157.9426
874.6318,223.4320,36.7364,151.1360
865.2715,230.7559,37.4571,144.4882
865.2715,230.7559,37.4571,144.4882
864.8940,237.7883,38.2121,140.4234
861.9887,246.6661,40.0226,134.6678
865.0409,246.8193,39.9183,132.3614
865.0409,246.8193,39.9183,132.3614
873.4211,244.5141,39.1578,140.9718
874.9636,249.3939,40.0728,135.2122
882.2552,224.8709,41.4896,144.2582
889.6573,212.8393,40.6855,148.3215
889.6573,212.8393,40.6855,148.3215
885.9745,217.5568,40.0511,148.8863
886.9482,222.9036,38.1036,152.1928
886.9482,222.9036,38.1036,152.1928
883.2565,224.2455,37.4871,145.5090
882.9170,220.9362,38.1660,140.1275
877.6418,212.0280,38.7164,143.9441
877.6418,212.0280,38.7164,143.9441
857.0323,212.5083,37.9353,140.9834
859.6489,221.3212,38.7021,143.3575
862.6952,250.6158,38.6096,140.7685
857.0884,215.4769,37.8232,149.0462
853.7601,212.7115,36.4798,138.5770
864.3605,212.7257,37.2789,134.5486
864.3605,212.7257,37.2789,134.5486
860.8529,221.7997,38.2942,142.4007
872.1061,235.2636,39.7877,143.4727
884.3889,257.8377,41.2223,134.3246
884.3889,257.8377,41.2223,134.3246
884.3884,270.8556,43.2231,134.2887
884.3884,270.8556,43.2231,134.2887
879.6903,293.7482,44.6194,136.5037
884.9855,292.7685,46.0291,140.4631
886.9866,260.1323,46.0269,139.7355
884.7797,242.6564,46.4406,136.6872
2
0
0
0
0
1
599.1853,254.4676,335.6295,117.0648
603.4004,264.9233,335.1993,118.1533
603.4004,264.9233,335.1993,118.1533
606.8470,270.1318,334.3061,117.7364
2
0
0
0
0
1
593.8710,154.3979,100.2580,315.2042
543.1532,186.4183,103.6935,323.1635
541.6694,220.0490,106.6611,317.9019
541.6694,220.0490,106.6611,317.9019
525.2164,239.8692,105.5671,318.2615
525.2164,239.8692,105.5671,318.2615
508.1624,335.9816,107.6752,316.0368
592.9072,383.8658,110.1856,320.2683
592.9072,383.8658,110.1856,320.2683
613.1024,360.9763,113.7952,324.0474
631.8347,382.3903,116.3307,313.2194
655.6106,401.2342,116.7788,317.5316
654.2952,349.5643,117.4095,306.8713
654.2952,349.5643,117.4095,306.8713
646.9622,330.8148,114.0757,310.3704
664.1653,326.8471,113.6694,318.3058
663.4720,330.8245,113.0559,324.3509
663.4720,330.8245,113.0559,324.3509
672.2263,321.2928,111.5474,329.4143
681.8086,334.0152,112.3828,333.9695
681.8086,334.0152,112.3828,333.9695
688.3182,353.0316,113.3636,337.9369
681.2820,368.2845,111.4359,339.4309
681.2820,368.2845,111.4359,339.4309
709.2255,355.7301,113.5491,344.5398
700.8706,366.8556,116.2588,342.2888
2
701.4115,381.9652,119.1770,334.0695
