1.0794
2.8867
0.59066
0.65157
0.56719
0.46311
0.46474
0.50464
0.44389
0.47491
0.45009
0.47574
0.41746
0.45126
0.42946
0.43065
0.45098
0.4645
0.47298
0.43117
0.4338
0.44826
0.42461
0.46766
0.41381
0.44008
0.42071
0.41711
0.41532
0.39608
0.36391
0.42522
0.43525
0.4499
0.44261
0.46539
0.48322
0.45694
0.48633
0.41707
0.41066
0.4511
0.36117
0.36991
0.43922
0.38171
0.36869
0.39898
0.43165
0.39572
0.37147
0.38119
0.43087
0.34958
0.34189
0.37151
0.4195
0.37896
0.37603
0.35557
0.35767
0.3484
0.3649
0.36588
0.34709
0.36296
0.36725
0.39784
0.38209
0.35851
0.39135
0.47079
0.45314
0.37778
0.37189
0.38217
0.36848
0.50841
0.37438
0.38254
0.38591
0.36901
0.5004
0.45263
0.46583
0.43114
0.51487
0.41008
0.39138
0.46209
0.38988
0.44516
0.38883
0.43178
0.37301
0.50645
0.3903
0.3944
0.3905
0.55516
0.39055
0.41245
0.38704
0.47361
0.46087
0.39703
0.39052
0.46609
0.43222
0.50137
0.59897
0.47687
0.52691
0.47735
0.42151
0.45313
0.42843
0.43835
