1.9774
0.24746
0.11167
0.072902
0.063594
0.061473
0.070097
0.063653
0.060338
0.028711
0.02806
0.029466
0.0294
0.02392
0.056339
0.025555
0.024184
0.024787
0.024877
0.025068
0.059141
0.025825
0.025648
0.025378
0.025579
0.026496
0.054963
0.025835
0.024985
0.025952
0.045297
0.028341
0.060167
0.033758
0.030023
0.029371
0.029307
0.028619
0.06248
0.029503
0.029107
0.028538
0.028508
0.028376
0.061746
0.029636
0.038014
0.030461
0.029819
0.027904
0.058602
0.025219
0.025117
0.024359
0.024374
0.023948
0.052913
0.032182
0.029594
0.028741
0.027843
0.027662
0.061687
0.027361
0.026829
0.02729
0.027207
0.027372
0.062064
0.027786
0.028113
0.028841
0.029333
0.029139
0.063286
0.029243
0.029492
0.03451
0.035276
0.036446
0.062356
0.03187
0.029594
0.030278
0.030451
0.029241
0.062541
0.032177
0.03004
0.029992
0.029955
0.030596
0.063423
0.030543
0.030049
0.029432
0.029454
0.033272
0.06875
0.030407
0.034391
0.034932
0.031346
0.028521
0.059889
0.02908
0.028565
0.029239
0.034781
0.033792
0.060995
0.028027
0.027966
0.027919
0.02815
0.028006
0.059849
0.028221
0.027965
0.028394
0.02851
0.02881
0.060953
0.030856
0.027874
0.027606
0.027935
0.026688
0.050448
0.022974
0.02244
0.022114
0.023044
0.023103
0.049922
0.023585
0.034419
0.032503
0.028622
0.027932
0.06047
0.027981
0.026648
0.026588
0.027459
0.027722
0.0584
0.026839
0.027069
0.027165
0.025951
0.026769
0.057453
0.026964
0.025505
0.024435
0.023441
0.023795
0.050942
0.024036
0.022703
0.023437
0.022807
0.02374
0.050963
0.023213
0.023627
0.023253
0.023411
0.023136
0.055015
0.024998
0.023239
0.022985
0.022921
0.023303
0.05256
0.023978
0.023358
0.024467
0.023694
0.02298
0.051571
0.024215
0.023238
0.025672
0.024485
0.023527
0.055273
0.028047
0.025892
0.023448
0.02316
0.022997
0.051764
0.024609
0.024027
0.022804
0.022735
0.023816
0.052677
0.024091
0.023629
0.036644
0.028726
0.029227
0.073124
0.029824
0.029286
0.029452
0.02931
0.038799
0.061268
0.028596
0.027921
0.027649
0.027926
0.027701
0.06002
0.027777
0.028276
0.030381
0.028473
0.02798
0.061913
0.029258
0.026965
0.026608
0.026304
0.025041
0.0566
0.024682
0.034637
0.034552
0.031336
0.029947
0.066869
0.031586
0.033258
0.031338
0.029084
0.027932
0.06875
0.028847
0.028374
0.028547
0.028277
0.029207
0.070403
0.031837
0.03039
0.034252
0.029376
0.02866
0.066402
0.027342
0.026922
0.026938
0.028128
0.025961
0.063062
0.027412
0.028048
0.028176
0.025866
0.026387
0.058781
