1
372.0000,462.0000,91.0000,84.0000
377.0000,458.0000,94.0000,81.0000
377.0000,458.0000,94.0000,81.0000
377.0000,458.0000,94.0000,81.0000
377.0000,458.0000,94.0000,81.0000
377.0000,458.0000,94.0000,81.0000
377.0000,458.0000,94.0000,81.0000
377.0000,458.0000,94.0000,81.0000
377.0000,458.0000,94.0000,81.0000
377.0000,458.0000,94.0000,81.0000
377.0000,458.0000,94.0000,81.0000
377.0000,458.0000,94.0000,81.0000
377.0000,458.0000,94.0000,81.0000
0
0
0
0
0
0
0
0
0
0
0
0
0
0
0
0
0
0
0
2
0
0
0
0
1
1566.0000,385.0000,65.0000,38.0000
1583.0000,363.0000,65.0000,38.0000
1583.0000,363.0000,65.0000,38.0000
1583.0000,363.0000,65.0000,38.0000
1583.0000,363.0000,65.0000,38.0000
1583.0000,363.0000,65.0000,38.0000
0
0
0
0
0
0
0
0
0
0
0
0
0
0
0
0
0
0
0
0
0
0
0
0
0
0
0
0
0
0
0
0
0
0
0
0
0
0
0
0
0
0
0
0
0
0
0
0
0
0
0
0
0
0
0
0
0
0
0
0
0
0
0
0
0
0
0
0
0
0
0
0
0
0
0
0
0
0
0
0
0
0
0
0
0
0
0
0
0
0
0
0
0
0
0
0
0
0
0
0
0
0
0
0
0
0
0
0
0
0
0
0
0
0
0
0
0
0
0
2
0
0
0
0
1
1551.0000,223.0000,59.0000,52.0000
1547.0000,228.0000,59.0000,49.0000
1547.0000,228.0000,59.0000,49.0000
1547.0000,228.0000,59.0000,49.0000
1547.0000,228.0000,59.0000,49.0000
1547.0000,228.0000,59.0000,49.0000
1547.0000,228.0000,59.0000,49.0000
2
0
0
0
0
0
0
0
0
0
0
0
0
0
0
0
0
0
0
0
0
0
0
0
0
0
0
0
0
0
0
0
0
0
0
0
0
0
0
0
0
0
0
0
0
0
0
0
0
0
0
0
0
0
0
0
0
0
0
0
0
0
0
0
0
0
0
0
0
0
0
