257.98,260.09,241.4,0,0,0,0,0,0,0,0,0,0,0,0
0.77763,0.8934,0.81822,0,0,0,0,0,0,0,0,0,0,0,0
0.72374,0.78861,0.74408,0,0,0,0,0,0,0,0,0,0,0,0
0.6532,0.74925,0.64779,0,0,0,0,0,0,0,0,0,0,0,0
0.64782,0.74851,0.69357,0,0,0,0,0,0,0,0,0,0,0,0
0.64613,0.76217,0.69003,0,0,0,0,0,0,0,0,0,0,0,0
0.71522,0.7756,0.6908,0,0,0,0,0,0,0,0,0,0,0,0
0.64275,0.77923,0.694,0,0,0,0,0,0,0,0,0,0,0,0
0.67537,0.77853,0.7337,0,0,0,0,0,0,0,0,0,0,0,0
0.7002,0.78886,0.75074,0,0,0,0,0,0,0,0,0,0,0,0
0.71093,0.78898,0.71731,0,0,0,0,0,0,0,0,0,0,0,0
0.72137,0.78569,0.70505,0,0,0,0,0,0,0,0,0,0,0,0
0.74164,0.76881,0.69086,0,0,0,0,0,0,0,0,0,0,0,0
0.71813,0.79708,0.69032,0,0,0,0,0,0,0,0,0,0,0,0
0.70088,0.78024,0.69044,0,0,0,0,0,0,0,0,0,0,0,0
0.7728,0.77855,0.69372,0,0,0,0,0,0,0,0,0,0,0,0
0.70911,0.78005,0.68904,0,0,0,0,0,0,0,0,0,0,0,0
0.69925,0.74958,0.69574,0,0,0,0,0,0,0,0,0,0,0,0
0.71105,0.76379,0.69278,0,0,0,0,0,0,0,0,0,0,0,0
0.71216,0.75486,0.6888,0,0,0,0,0,0,0,0,0,0,0,0
0.71397,0.77563,0.70446,0,0,0,0,0,0,0,0,0,0,0,0
0.71742,0.77453,0.71587,0,0,0,0,0,0,0,0,0,0,0,0
0.71766,0.76943,0.7203,0,0,0,0,0,0,0,0,0,0,0,0
0.8018,0.77908,0.7237,0,0,0,0,0,0,0,0,0,0,0,0
0.77438,0.77847,0.75403,0,0,0,0,0,0,0,0,0,0,0,0
0.79507,0.77535,0.75186,0,0,0,0,0,0,0,0,0,0,0,0
0.82304,0.78005,0.74492,0,0,0,0,0,0,0,0,0,0,0,0
0.80842,0.76855,0.74472,0,0,0,0,0,0,0,0,0,0,0,0
0.80027,0.76877,0.74245,0,0,0,0,0,0,0,0,0,0,0,0
0.82562,0.77853,0.74485,0,0,0,0,0,0,0,0,0,0,0,0
0.79585,0.79494,0.74474,0,0,0,0,0,0,0,0,0,0,0,0
0.7796,0.7853,0.77581,0,0,0,0,0,0,0,0,0,0,0,0
0.81525,0.78195,0.72742,0,0,0,0,0,0,0,0,0,0,0,0
0.80596,0.77341,0.72733,0,0,0,0,0,0,0,0,0,0,0,0
0.85291,0.7823,0.73712,0,0,0,0,0,0,0,0,0,0,0,0
0.82833,0.7512,0.76094,0,0,0,0,0,0,0,0,0,0,0,0
0.83624,0.74469,0.75626,0,0,0,0,0,0,0,0,0,0,0,0
0.79435,0.7619,0.71925,0,0,0,0,0,0,0,0,0,0,0,0
0.80076,0.78504,0.73515,0,0,0,0,0,0,0,0,0,0,0,0
0.77369,0.79296,0.71542,0,0,0,0,0,0,0,0,0,0,0,0
0.78641,0.79022,0.72364,0,0,0,0,0,0,0,0,0,0,0,0
0.83025,0.82608,0.76738,0,0,0,0,0,0,0,0,0,0,0,0
0.78925,0.77289,0.7524,0,0,0,0,0,0,0,0,0,0,0,0
0.81251,0.77546,0.75411,0,0,0,0,0,0,0,0,0,0,0,0
0.79952,0.77371,0.75158,0,0,0,0,0,0,0,0,0,0,0,0
0.8106,0.77681,0.7514,0,0,0,0,0,0,0,0,0,0,0,0
0.8014,0.83274,0.75535,0,0,0,0,0,0,0,0,0,0,0,0
0.83575,0.79393,0.75231,0,0,0,0,0,0,0,0,0,0,0,0
0.79119,0.79644,0.74954,0,0,0,0,0,0,0,0,0,0,0,0
0.681,0.80579,0.73357,0,0,0,0,0,0,0,0,0,0,0,0
0.66765,0.80644,0.76033,0,0,0,0,0,0,0,0,0,0,0,0
0.69439,0.77902,0.77332,0,0,0,0,0,0,0,0,0,0,0,0
0.64938,0.75537,0.75512,0,0,0,0,0,0,0,0,0,0,0,0
0.72656,0.74382,0.76257,0,0,0,0,0,0,0,0,0,0,0,0
0.7069,0.74193,0.7646,0,0,0,0,0,0,0,0,0,0,0,0
0.65778,0.74439,0.73888,0,0,0,0,0,0,0,0,0,0,0,0
0.66145,0.77402,0.71917,0,0,0,0,0,0,0,0,0,0,0,0
0.63956,0.79839,0.73045,0,0,0,0,0,0,0,0,0,0,0,0
0.64481,0.83058,0.75807,0,0,0,0,0,0,0,0,0,0,0,0
0.64964,0.7909,0.74176,0,0,0,0,0,0,0,0,0,0,0,0
0.70806,0.77046,0.75847,0,0,0,0,0,0,0,0,0,0,0,0
0.65568,0.78709,0.73188,0,0,0,0,0,0,0,0,0,0,0,0
0.72244,0.75821,0.72907,0,0,0,0,0,0,0,0,0,0,0,0
0.69436,0.78868,0.73701,0,0,0,0,0,0,0,0,0,0,0,0
0.72735,0.78453,0.74424,0,0,0,0,0,0,0,0,0,0,0,0
0.7066,0.80076,0.7243,0,0,0,0,0,0,0,0,0,0,0,0
0.77971,0.77616,0.74651,0,0,0,0,0,0,0,0,0,0,0,0
0.73843,0.76147,0.76438,0,0,0,0,0,0,0,0,0,0,0,0
0.75735,0.76806,0.74997,0,0,0,0,0,0,0,0,0,0,0,0
0.72094,0.78024,0.78077,0,0,0,0,0,0,0,0,0,0,0,0
0.7527,0.83503,0.81745,0,0,0,0,0,0,0,0,0,0,0,0
0.69989,0.75197,0.7665,0,0,0,0,0,0,0,0,0,0,0,0
0.68756,0.74325,0.7607,0,0,0,0,0,0,0,0,0,0,0,0
0.69282,0.77606,0.75601,0,0,0,0,0,0,0,0,0,0,0,0
0.68757,0.78137,0.76033,0,0,0,0,0,0,0,0,0,0,0,0
0.69835,0.79488,0.78451,0,0,0,0,0,0,0,0,0,0,0,0
0.69814,0.78398,0.77339,0,0,0,0,0,0,0,0,0,0,0,0
0.69354,0.77345,0.72866,0,0,0,0,0,0,0,0,0,0,0,0
0.7988,0.78294,0.76018,0,0,0,0,0,0,0,0,0,0,0,0
0.85516,0.77714,0.76844,0,0,0,0,0,0,0,0,0,0,0,0
0.87222,0.73811,0.7463,0,0,0,0,0,0,0,0,0,0,0,0
0.79797,0.77756,0.7744,0,0,0,0,0,0,0,0,0,0,0,0
0.64368,0.78167,0.77655,0,0,0,0,0,0,0,0,0,0,0,0
0.65077,0.78955,0.78399,0,0,0,0,0,0,0,0,0,0,0,0
0.64206,0.78183,0.77924,0,0,0,0,0,0,0,0,0,0,0,0
0.69156,0.78025,0.7913,0,0,0,0,0,0,0,0,0,0,0,0
0.63614,0.78634,0.78537,0,0,0,0,0,0,0,0,0,0,0,0
0.69583,0.78209,0.78842,0,0,0,0,0,0,0,0,0,0,0,0
0.64914,0.77795,0.76289,0,0,0,0,0,0,0,0,0,0,0,0
0.65279,0.74764,0.75734,0,0,0,0,0,0,0,0,0,0,0,0
0.70956,0.7675,0.77604,0,0,0,0,0,0,0,0,0,0,0,0
0.66729,0.75042,0.76451,0,0,0,0,0,0,0,0,0,0,0,0
0.63853,0.76453,0.78009,0,0,0,0,0,0,0,0,0,0,0,0
0.66792,0.74735,0.77821,0,0,0,0,0,0,0,0,0,0,0,0
0.63911,0.7479,0.75821,0,0,0,0,0,0,0,0,0,0,0,0
0.64295,0.75688,0.767,0,0,0,0,0,0,0,0,0,0,0,0
0.6652,0.78285,0.76371,0,0,0,0,0,0,0,0,0,0,0,0
0.71032,0.7902,0.76838,0,0,0,0,0,0,0,0,0,0,0,0
0.64197,0.7603,0.75395,0,0,0,0,0,0,0,0,0,0,0,0
0.70882,0.7374,0.77366,0,0,0,0,0,0,0,0,0,0,0,0
0.71897,0.74952,0.7717,0,0,0,0,0,0,0,0,0,0,0,0
0.71936,0.73802,0.75165,0,0,0,0,0,0,0,0,0,0,0,0
0.75548,0.76688,0.72908,0,0,0,0,0,0,0,0,0,0,0,0
0.73731,0.75149,0.74769,0,0,0,0,0,0,0,0,0,0,0,0
0.73434,0.75299,0.71841,0,0,0,0,0,0,0,0,0,0,0,0
0.71894,0.76292,0.72271,0,0,0,0,0,0,0,0,0,0,0,0
0.70885,0.78128,0.72173,0,0,0,0,0,0,0,0,0,0,0,0
0.71241,0.75935,0.75955,0,0,0,0,0,0,0,0,0,0,0,0
0.70175,0.75804,0.74887,0,0,0,0,0,0,0,0,0,0,0,0
0.68383,0.75095,0.75176,0,0,0,0,0,0,0,0,0,0,0,0
0.69074,0.74772,0.70725,0,0,0,0,0,0,0,0,0,0,0,0
0.68589,0.75569,0.63739,0,0,0,0,0,0,0,0,0,0,0,0
0.69121,0.78532,0.68834,0,0,0,0,0,0,0,0,0,0,0,0
0.69339,0.76036,0.63931,0,0,0,0,0,0,0,0,0,0,0,0
0.75064,0.77211,0.67613,0,0,0,0,0,0,0,0,0,0,0,0
0.76531,0.76468,0.71647,0,0,0,0,0,0,0,0,0,0,0,0
0.77352,0.79487,0.64463,0,0,0,0,0,0,0,0,0,0,0,0
0.79284,0.80783,0.68896,0,0,0,0,0,0,0,0,0,0,0,0
0.83904,0.76985,0.63921,0,0,0,0,0,0,0,0,0,0,0,0
0.78383,0.76254,0.64277,0,0,0,0,0,0,0,0,0,0,0,0
0.77441,0.77566,0.64549,0,0,0,0,0,0,0,0,0,0,0,0
0.7804,0.6945,0.71793,0,0,0,0,0,0,0,0,0,0,0,0
0.78232,0.65556,0.65791,0,0,0,0,0,0,0,0,0,0,0,0
0.79669,0.72395,0.67016,0,0,0,0,0,0,0,0,0,0,0,0
0.78807,0.6383,0.73968,0,0,0,0,0,0,0,0,0,0,0,0
0.76783,0.68792,0.71408,0,0,0,0,0,0,0,0,0,0,0,0
0.78276,0.67655,0.74023,0,0,0,0,0,0,0,0,0,0,0,0
0.78179,0.64051,0.78563,0,0,0,0,0,0,0,0,0,0,0,0
0.78131,0.71196,0.75153,0,0,0,0,0,0,0,0,0,0,0,0
0.76808,0.70208,0.69595,0,0,0,0,0,0,0,0,0,0,0,0
0.75307,0.66458,0.69324,0,0,0,0,0,0,0,0,0,0,0,0
0.80529,0.67427,0.70747,0,0,0,0,0,0,0,0,0,0,0,0
0.74065,0.64773,0.711,0,0,0,0,0,0,0,0,0,0,0,0
0.64146,0.64941,0.70885,0,0,0,0,0,0,0,0,0,0,0,0
0.67787,0.65221,0.70761,0,0,0,0,0,0,0,0,0,0,0,0
0.65197,0.70463,0.71222,0,0,0,0,0,0,0,0,0,0,0,0
0.66185,0.64284,0.71356,0,0,0,0,0,0,0,0,0,0,0,0
0.7043,0.69226,0.69703,0,0,0,0,0,0,0,0,0,0,0,0
0.65674,0.70624,0.74094,0,0,0,0,0,0,0,0,0,0,0,0
0.6615,0.7179,0.73849,0,0,0,0,0,0,0,0,0,0,0,0
0.6558,0.70642,0.74408,0,0,0,0,0,0,0,0,0,0,0,0
0.64348,0.73998,0.71815,0,0,0,0,0,0,0,0,0,0,0,0
0.63355,0.74691,0.70861,0,0,0,0,0,0,0,0,0,0,0,0
0.68038,0.70671,0.71191,0,0,0,0,0,0,0,0,0,0,0,0
0.68767,0.73755,0.71466,0,0,0,0,0,0,0,0,0,0,0,0
0.64699,0.70528,0.71485,0,0,0,0,0,0,0,0,0,0,0,0
0.70814,0.69163,0.7327,0,0,0,0,0,0,0,0,0,0,0,0
0.69068,0.69764,0.72168,0,0,0,0,0,0,0,0,0,0,0,0
0.69874,0.70149,0.74045,0,0,0,0,0,0,0,0,0,0,0,0
0.69331,0.70147,0.74358,0,0,0,0,0,0,0,0,0,0,0,0
0.77218,0.71288,0.76169,0,0,0,0,0,0,0,0,0,0,0,0
0.74455,0.72665,0.72547,0,0,0,0,0,0,0,0,0,0,0,0
0.71176,0.72172,0.72589,0,0,0,0,0,0,0,0,0,0,0,0
0.71699,0.75489,0.70343,0,0,0,0,0,0,0,0,0,0,0,0
0.69894,0.79886,0.714,0,0,0,0,0,0,0,0,0,0,0,0
0.69289,0.72378,0.70677,0,0,0,0,0,0,0,0,0,0,0,0
0.69939,0.64449,0.7471,0,0,0,0,0,0,0,0,0,0,0,0
0.68508,0.67035,0.7375,0,0,0,0,0,0,0,0,0,0,0,0
0.69071,0.65008,0.73018,0,0,0,0,0,0,0,0,0,0,0,0
0.68874,0.65562,0.71479,0,0,0,0,0,0,0,0,0,0,0,0
0.69595,0.70663,0.71567,0,0,0,0,0,0,0,0,0,0,0,0
0.68977,0.66187,0.71826,0,0,0,0,0,0,0,0,0,0,0,0
0.73606,0.64282,0.70143,0,0,0,0,0,0,0,0,0,0,0,0
0.74825,0.65364,0.63393,0,0,0,0,0,0,0,0,0,0,0,0
0.79218,0.6459,0.65941,0,0,0,0,0,0,0,0,0,0,0,0
0.78119,0.63892,0.67231,0,0,0,0,0,0,0,0,0,0,0,0
0.80833,0.6791,0.6442,0,0,0,0,0,0,0,0,0,0,0,0
0.7696,0.72536,0.69293,0,0,0,0,0,0,0,0,0,0,0,0
0.76502,0.64946,0.67819,0,0,0,0,0,0,0,0,0,0,0,0
0.76974,0.719,0.67795,0,0,0,0,0,0,0,0,0,0,0,0
0.73853,0.69177,0.6944,0,0,0,0,0,0,0,0,0,0,0,0
0.7479,0.70723,0.65535,0,0,0,0,0,0,0,0,0,0,0,0
0.78087,0.73413,0.6455,0,0,0,0,0,0,0,0,0,0,0,0
0.74836,0.76364,0.6518,0,0,0,0,0,0,0,0,0,0,0,0
0.77162,0.74924,0.63661,0,0,0,0,0,0,0,0,0,0,0,0
0.77581,0.73431,0.63303,0,0,0,0,0,0,0,0,0,0,0,0
0.7557,0.6957,0.65924,0,0,0,0,0,0,0,0,0,0,0,0
0.74828,0.69696,0.71545,0,0,0,0,0,0,0,0,0,0,0,0
0.75384,0.69858,0.64168,0,0,0,0,0,0,0,0,0,0,0,0
0.74928,0.69639,0.71472,0,0,0,0,0,0,0,0,0,0,0,0
0.77522,0.6908,0.70473,0,0,0,0,0,0,0,0,0,0,0,0
0.73848,0.68948,0.72184,0,0,0,0,0,0,0,0,0,0,0,0
0.73888,0.69598,0.71835,0,0,0,0,0,0,0,0,0,0,0,0
0.75983,0.69321,0.7775,0,0,0,0,0,0,0,0,0,0,0,0
0.77675,0.70081,0.73547,0,0,0,0,0,0,0,0,0,0,0,0
0.77885,0.74671,0.7202,0,0,0,0,0,0,0,0,0,0,0,0
0.77289,0.73993,0.68133,0,0,0,0,0,0,0,0,0,0,0,0
0.7864,0.78401,0.70046,0,0,0,0,0,0,0,0,0,0,0,0
0.77825,0.76612,0.70451,0,0,0,0,0,0,0,0,0,0,0,0
0.78453,0.76489,0.71099,0,0,0,0,0,0,0,0,0,0,0,0
0.7754,0.78131,0.71414,0,0,0,0,0,0,0,0,0,0,0,0
0.78554,0.76923,0.71508,0,0,0,0,0,0,0,0,0,0,0,0
0.80129,0.76958,0.71359,0,0,0,0,0,0,0,0,0,0,0,0
0.7681,0.8021,0.7294,0,0,0,0,0,0,0,0,0,0,0,0
0.78005,0.78706,0.74225,0,0,0,0,0,0,0,0,0,0,0,0
0.78203,0.76361,0.74702,0,0,0,0,0,0,0,0,0,0,0,0
0.78028,0.66178,0.75675,0,0,0,0,0,0,0,0,0,0,0,0
0.75566,0.64252,0.75854,0,0,0,0,0,0,0,0,0,0,0,0
0.74514,0.68974,0.76334,0,0,0,0,0,0,0,0,0,0,0,0
0.78135,0.64922,0.76558,0,0,0,0,0,0,0,0,0,0,0,0
0.85181,0.73721,0.81586,0,0,0,0,0,0,0,0,0,0,0,0
0.8147,0.72239,0.77176,0,0,0,0,0,0,0,0,0,0,0,0
0.7746,0.65521,0.74954,0,0,0,0,0,0,0,0,0,0,0,0
0.77289,0.66496,0.74748,0,0,0,0,0,0,0,0,0,0,0,0
0.78118,0.64562,0.75312,0,0,0,0,0,0,0,0,0,0,0,0
0.79818,0.64326,0.74644,0,0,0,0,0,0,0,0,0,0,0,0
0.76373,0.64381,0.75108,0,0,0,0,0,0,0,0,0,0,0,0
0.75884,0.70777,0.74746,0,0,0,0,0,0,0,0,0,0,0,0
0.76345,0.66767,0.75014,0,0,0,0,0,0,0,0,0,0,0,0
0.80329,0.64986,0.74441,0,0,0,0,0,0,0,0,0,0,0,0
0.7943,0.73918,0.75482,0,0,0,0,0,0,0,0,0,0,0,0
0.74915,0.71418,0.74833,0,0,0,0,0,0,0,0,0,0,0,0
0.75924,0.72552,0.75538,0,0,0,0,0,0,0,0,0,0,0,0
0.78016,0.7703,0.74848,0,0,0,0,0,0,0,0,0,0,0,0
0.75355,0.73173,0.73038,0,0,0,0,0,0,0,0,0,0,0,0
0.76635,0.71956,0.77575,0,0,0,0,0,0,0,0,0,0,0,0
0.78966,0.71004,0.7609,0,0,0,0,0,0,0,0,0,0,0,0
0.78076,0.71489,0.75328,0,0,0,0,0,0,0,0,0,0,0,0
0.78903,0.71221,0.75253,0,0,0,0,0,0,0,0,0,0,0,0
0.78828,0.72325,0.7531,0,0,0,0,0,0,0,0,0,0,0,0
0.75452,0.70853,0.76744,0,0,0,0,0,0,0,0,0,0,0,0
0.7561,0.71354,0.75104,0,0,0,0,0,0,0,0,0,0,0,0
0.79267,0.72257,0.75463,0,0,0,0,0,0,0,0,0,0,0,0
0.79754,0.7518,0.72107,0,0,0,0,0,0,0,0,0,0,0,0
0.80834,0.76482,0.72407,0,0,0,0,0,0,0,0,0,0,0,0
0.80307,0.78166,0.74997,0,0,0,0,0,0,0,0,0,0,0,0
0.7716,0.76692,0.75374,0,0,0,0,0,0,0,0,0,0,0,0
0.7927,0.75099,0.75292,0,0,0,0,0,0,0,0,0,0,0,0
0.79754,0.67267,0.74766,0,0,0,0,0,0,0,0,0,0,0,0
0.78564,0.65422,0.76262,0,0,0,0,0,0,0,0,0,0,0,0
0.75252,0.66801,0.7559,0,0,0,0,0,0,0,0,0,0,0,0
0.74852,0.66954,0.7246,0,0,0,0,0,0,0,0,0,0,0,0
0.73736,0.64743,0.75826,0,0,0,0,0,0,0,0,0,0,0,0
0.76502,0.68883,0.75067,0,0,0,0,0,0,0,0,0,0,0,0
0.78099,0.64594,0.73598,0,0,0,0,0,0,0,0,0,0,0,0
0.82424,0.6826,0.77612,0,0,0,0,0,0,0,0,0,0,0,0
0.78169,0.70369,0.75071,0,0,0,0,0,0,0,0,0,0,0,0
0.79168,0.66295,0.74801,0,0,0,0,0,0,0,0,0,0,0,0
0.77944,0.65568,0.75244,0,0,0,0,0,0,0,0,0,0,0,0
0.7805,0.64336,0.76563,0,0,0,0,0,0,0,0,0,0,0,0
0.74991,0.65058,0.76233,0,0,0,0,0,0,0,0,0,0,0,0
0.79941,0.64282,0.74986,0,0,0,0,0,0,0,0,0,0,0,0
0.79098,0.68515,0.73277,0,0,0,0,0,0,0,0,0,0,0,0
0.78543,0.72097,0.73018,0,0,0,0,0,0,0,0,0,0,0,0
0.79303,0.64994,0.75989,0,0,0,0,0,0,0,0,0,0,0,0
0.77141,0.71409,0.77305,0,0,0,0,0,0,0,0,0,0,0,0
0.82913,0.7159,0.79157,0,0,0,0,0,0,0,0,0,0,0,0
0.74403,0.71082,0.77204,0,0,0,0,0,0,0,0,0,0,0,0
0.75603,0.69967,0.78217,0,0,0,0,0,0,0,0,0,0,0,0
0.78858,0.74493,0.76444,0,0,0,0,0,0,0,0,0,0,0,0
0.81365,0.77647,0.78905,0,0,0,0,0,0,0,0,0,0,0,0
0.77213,0.71336,0.78476,0,0,0,0,0,0,0,0,0,0,0,0
0.74407,0.68535,0.73023,0,0,0,0,0,0,0,0,0,0,0,0
0.79222,0.6915,0.78031,0,0,0,0,0,0,0,0,0,0,0,0
0.81332,0.71734,0.77567,0,0,0,0,0,0,0,0,0,0,0,0
0.78659,0.70158,0.77432,0,0,0,0,0,0,0,0,0,0,0,0
0.75539,0.71611,0.77542,0,0,0,0,0,0,0,0,0,0,0,0
0.79846,0.71755,0.77273,0,0,0,0,0,0,0,0,0,0,0,0
0.77945,0.71824,0.7665,0,0,0,0,0,0,0,0,0,0,0,0
0.82621,0.72317,0.78529,0,0,0,0,0,0,0,0,0,0,0,0
0.80613,0.743,0.79748,0,0,0,0,0,0,0,0,0,0,0,0
0.79866,0.775,0.78098,0,0,0,0,0,0,0,0,0,0,0,0
0.81644,0.74587,0.79502,0,0,0,0,0,0,0,0,0,0,0,0
0.74918,0.71248,0.78116,0,0,0,0,0,0,0,0,0,0,0,0
0.78181,0.64126,0.77974,0,0,0,0,0,0,0,0,0,0,0,0
0.78673,0.6835,0.73513,0,0,0,0,0,0,0,0,0,0,0,0
0.7762,0.64479,0.74936,0,0,0,0,0,0,0,0,0,0,0,0
0.7662,0.66325,0.76341,0,0,0,0,0,0,0,0,0,0,0,0
0.80218,0.70842,0.75665,0,0,0,0,0,0,0,0,0,0,0,0
0.78822,0.6698,0.762,0,0,0,0,0,0,0,0,0,0,0,0
0.78459,0.64546,0.74204,0,0,0,0,0,0,0,0,0,0,0,0
0.77261,0.67183,0.75532,0,0,0,0,0,0,0,0,0,0,0,0
0.78354,0.66143,0.75291,0,0,0,0,0,0,0,0,0,0,0,0
0.79975,0.66251,0.75188,0,0,0,0,0,0,0,0,0,0,0,0
0.78334,0.67713,0.76403,0,0,0,0,0,0,0,0,0,0,0,0
0.77848,0.6909,0.76387,0,0,0,0,0,0,0,0,0,0,0,0
0.78643,0.65528,0.75455,0,0,0,0,0,0,0,0,0,0,0,0
0.76634,0.66302,0.76549,0,0,0,0,0,0,0,0,0,0,0,0
0.76822,0.69849,0.74884,0,0,0,0,0,0,0,0,0,0,0,0
0.79453,0.72023,0.69277,0,0,0,0,0,0,0,0,0,0,0,0
0.75897,0.72882,0.646,0,0,0,0,0,0,0,0,0,0,0,0
0.7808,0.74743,0.68707,0,0,0,0,0,0,0,0,0,0,0,0
0.78556,0.77047,0.63832,0,0,0,0,0,0,0,0,0,0,0,0
0.79414,0.73242,0.66104,0,0,0,0,0,0,0,0,0,0,0,0
0.78318,0.73177,0.69552,0,0,0,0,0,0,0,0,0,0,0,0
0.79629,0.7146,0.66934,0,0,0,0,0,0,0,0,0,0,0,0
0.77782,0.71222,0.6336,0,0,0,0,0,0,0,0,0,0,0,0
0.79334,0.69189,0.67861,0,0,0,0,0,0,0,0,0,0,0,0
0.77239,0.69899,0.64177,0,0,0,0,0,0,0,0,0,0,0,0
0.77939,0.71381,0.64451,0,0,0,0,0,0,0,0,0,0,0,0
0.77716,0.71161,0.6703,0,0,0,0,0,0,0,0,0,0,0,0
0.75692,0.71202,0.70691,0,0,0,0,0,0,0,0,0,0,0,0
0.77982,0.77148,0.63738,0,0,0,0,0,0,0,0,0,0,0,0
0.7597,0.77496,0.68981,0,0,0,0,0,0,0,0,0,0,0,0
0.74977,0.7829,0.69092,0,0,0,0,0,0,0,0,0,0,0,0
0.73259,0.74684,0.68798,0,0,0,0,0,0,0,0,0,0,0,0
0.78916,0.80058,0.69331,0,0,0,0,0,0,0,0,0,0,0,0
0.79471,0.77556,0.70974,0,0,0,0,0,0,0,0,0,0,0,0
0.7812,0.77327,0.75852,0,0,0,0,0,0,0,0,0,0,0,0
0.79643,0.77477,0.72771,0,0,0,0,0,0,0,0,0,0,0,0
0.82263,0.79538,0.72587,0,0,0,0,0,0,0,0,0,0,0,0
0.81208,0.88036,0.7213,0,0,0,0,0,0,0,0,0,0,0,0
0.78597,0.7907,0.71689,0,0,0,0,0,0,0,0,0,0,0,0
0.78484,0.67755,0.71085,0,0,0,0,0,0,0,0,0,0,0,0
0.79465,0.64229,0.70797,0,0,0,0,0,0,0,0,0,0,0,0
0.79836,0.68159,0.7131,0,0,0,0,0,0,0,0,0,0,0,0
0.77832,0.64117,0.70894,0,0,0,0,0,0,0,0,0,0,0,0
0.78983,0.68593,0.71224,0,0,0,0,0,0,0,0,0,0,0,0
0.74874,0.69123,0.73652,0,0,0,0,0,0,0,0,0,0,0,0
0.77394,0.66202,0.74157,0,0,0,0,0,0,0,0,0,0,0,0
0.78223,0.65041,0.74584,0,0,0,0,0,0,0,0,0,0,0,0
0.83409,0.64847,0.73692,0,0,0,0,0,0,0,0,0,0,0,0
0.7656,0.64124,0.7369,0,0,0,0,0,0,0,0,0,0,0,0
0.75405,0.64976,0.74035,0,0,0,0,0,0,0,0,0,0,0,0
0.8349,0.70202,0.73863,0,0,0,0,0,0,0,0,0,0,0,0
0.76893,0.67162,0.74322,0,0,0,0,0,0,0,0,0,0,0,0
0.74641,0.65365,0.75009,0,0,0,0,0,0,0,0,0,0,0,0
0.77061,0.70265,0.74278,0,0,0,0,0,0,0,0,0,0,0,0
0.78738,0.68207,0.7317,0,0,0,0,0,0,0,0,0,0,0,0
0.79584,0.69807,0.71677,0,0,0,0,0,0,0,0,0,0,0,0
0.80148,0.71395,0.72532,0,0,0,0,0,0,0,0,0,0,0,0
0.80521,0.73604,0.71884,0,0,0,0,0,0,0,0,0,0,0,0
0.78998,0.73252,0.71945,0,0,0,0,0,0,0,0,0,0,0,0
0.74792,0.70643,0.72398,0,0,0,0,0,0,0,0,0,0,0,0
0.80453,0.71988,0.71182,0,0,0,0,0,0,0,0,0,0,0,0
0.79088,0.72264,0.75339,0,0,0,0,0,0,0,0,0,0,0,0
0.79048,0.72152,0.7563,0,0,0,0,0,0,0,0,0,0,0,0
0.7922,0.71193,0.7227,0,0,0,0,0,0,0,0,0,0,0,0
0.78762,0.71237,0.74603,0,0,0,0,0,0,0,0,0,0,0,0
0.75584,0.72432,0.73826,0,0,0,0,0,0,0,0,0,0,0,0
0.7445,0.72652,0.76096,0,0,0,0,0,0,0,0,0,0,0,0
0.75713,0.73488,0.63843,0,0,0,0,0,0,0,0,0,0,0,0
0.7856,0.77781,0.64037,0,0,0,0,0,0,0,0,0,0,0,0
0.76779,0.77736,0.68824,0,0,0,0,0,0,0,0,0,0,0,0
0.82433,0.8147,0.67489,0,0,0,0,0,0,0,0,0,0,0,0
0.81498,0.78338,0.65292,0,0,0,0,0,0,0,0,0,0,0,0
0.79383,0.65942,0.68899,0,0,0,0,0,0,0,0,0,0,0,0
0.78999,0.65174,0.63791,0,0,0,0,0,0,0,0,0,0,0,0
0.79646,0.69132,0.67841,0,0,0,0,0,0,0,0,0,0,0,0
0.77879,0.64015,0.68658,0,0,0,0,0,0,0,0,0,0,0,0
0.79814,0.69935,0.65288,0,0,0,0,0,0,0,0,0,0,0,0
0.79671,0.64895,0.63939,0,0,0,0,0,0,0,0,0,0,0,0
0.78494,0.67487,0.64667,0,0,0,0,0,0,0,0,0,0,0,0
0.7884,0.7013,0.64065,0,0,0,0,0,0,0,0,0,0,0,0
0.78832,0.66288,0.64214,0,0,0,0,0,0,0,0,0,0,0,0
0.76795,0.64555,0.66909,0,0,0,0,0,0,0,0,0,0,0,0
0.76692,0.65307,0.69697,0,0,0,0,0,0,0,0,0,0,0,0
0.7565,0.6437,0.64012,0,0,0,0,0,0,0,0,0,0,0,0
0.76654,0.6487,0.69735,0,0,0,0,0,0,0,0,0,0,0,0
0.79469,0.66673,0.69228,0,0,0,0,0,0,0,0,0,0,0,0
0.80242,0.72061,0.7073,0,0,0,0,0,0,0,0,0,0,0,0
0.79375,0.64936,0.70251,0,0,0,0,0,0,0,0,0,0,0,0
0.79101,0.70346,0.74905,0,0,0,0,0,0,0,0,0,0,0,0
0.79398,0.73825,0.75282,0,0,0,0,0,0,0,0,0,0,0,0
0.7899,0.72342,0.7074,0,0,0,0,0,0,0,0,0,0,0,0
0.8031,0.72014,0.68531,0,0,0,0,0,0,0,0,0,0,0,0
0.79018,0.73773,0.69446,0,0,0,0,0,0,0,0,0,0,0,0
0.77912,0.74794,0.69549,0,0,0,0,0,0,0,0,0,0,0,0
0.76547,0.71127,0.72132,0,0,0,0,0,0,0,0,0,0,0,0
0.77627,0.72926,0.70247,0,0,0,0,0,0,0,0,0,0,0,0
0.80322,0.72042,0.70492,0,0,0,0,0,0,0,0,0,0,0,0
0.76989,0.7139,0.71416,0,0,0,0,0,0,0,0,0,0,0,0
0.78158,0.70661,0.72161,0,0,0,0,0,0,0,0,0,0,0,0
0.78894,0.69737,0.73421,0,0,0,0,0,0,0,0,0,0,0,0
0.80429,0.70313,0.75599,0,0,0,0,0,0,0,0,0,0,0,0
