0.000167
0.047425
0.024931
0.02418
0.023933
0.024298
0.02441
0.024102
0.023897
0.023996
0.024357
0.025174
0.024506
0.024336
0.023675
0.023686
0.023958
0.02422
0.024438
0.024241
0.024514
0.024261
0.024268
0.024433
0.024578
0.024548
0.025129
0.024337
0.025429
0.024578
0.026197
0.025137
0.025025
0.02471
0.025199
0.024822
0.024607
0.025412
0.024651
0.024915
0.024749
0.025748
0.025052
0.02502
0.025205
0.025307
0.02632
0.022119
0.025927
0.023302
0.023063
0.026348
0.022729
0.023137
0.022918
0.022523
0.022548
0.022346
0.02221
0.026128
0.025862
NaN
NaN
NaN
NaN
0.000175
0.047333
0.023797
0.023599
0.023866
0.023831
0.023461
0.024215
0.023823
0.023285
0.023665
0.022921
0.023037
0.023215
0.023433
0.023022
0.023497
0.023539
0.023398
0.023224
0.022998
0.023108
0.023127
0.023452
0.023454
0.023448
0.023541
0.023418
0.023345
0.023996
0.023478
0.023323
0.02383
0.023042
0.023277
0.023693
0.023397
0.02353
0.023161
0.02376
0.023432
0.023227
0.023327
0.023544
0.024073
0.023758
0.023713
0.023931
0.023951
0.023801
0.023956
0.023583
0.017135
0.017931
0.017573
0.017315
0.017351
0.01732
0.017193
0.017376
0.017328
0.017261
0.017342
0.017332
0.018283
0.018371
0.017635
0.017287
0.020208
0.019882
0.019834
0.020093
0.020075
0.019795
0.020279
0.019906
0.019862
0.020353
0.020015
0.01989
0.020149
0.01992
