13.712,13.617,12.922,13.134,12.789,12.833,12.944,12.742,13.466,13.318,12.827,13.746,12.827,13.344,12.896
0.94792,0.95596,0.9471,0.96086,0.93572,0.93323,0.94684,0.95715,0.95923,0.92319,0.95925,0.9473,0.94343,0.92329,0.93912
0.38679,0.3841,0.39256,0.37844,0.37357,0.38671,0.36557,0.36619,0.42723,0.3908,0.38276,0.40384,0.38471,0.40013,0.39164
0.43277,0.40178,0.41053,0.40553,0.40078,0.39105,0.38976,0.40754,0.42989,0.39745,0.40886,0.38578,0.39863,0.4012,0.46299
0.38654,0.38373,0.52393,0.38884,0.37256,0.38872,0.37899,0.37412,0.39955,0.3761,0.38352,0.38863,0.39094,0.36697,0.39086
0.39626,0.35921,0.39393,0.37557,0.38233,0.36992,0.3898,0.3756,0.40433,0.39267,0.38114,0.37549,0.40323,0.37673,0.38838
0.37483,0.35492,0.37474,0.35935,0.36892,0.34963,0.36439,0.3634,0.73579,0.35648,0.35806,0.36134,0.36425,0.35211,0.3625
0.35973,0.34386,0.35147,0.3572,0.38101,0.35069,0.36834,0.357,0.36394,0.35848,0.37154,0.35183,0.38023,0.34962,0.37931
0.3729,0.36461,0.34945,0.37643,0.36863,0.35434,0.35279,0.3484,0.36397,0.35822,0.3688,0.36159,0.36791,0.37112,0.35694
0.94393,0.9026,0.92426,0.91466,0.73876,0.89431,0.87056,0.90735,0.88086,0.90749,0.90855,0.89291,0.92437,0.91878,0.909
0.35556,0.36605,0.35573,0.35267,0.36281,0.35908,0.37439,0.37744,0.35561,0.36246,0.36801,0.37625,0.36166,0.37247,0.36563
0.38424,0.36349,0.36551,0.35861,0.36109,0.3571,0.35154,0.35651,0.3514,0.3619,0.36408,0.3534,0.36091,0.36923,0.36642
0.3793,0.3551,0.3435,0.35386,0.37011,0.35741,0.35789,0.35627,0.35364,0.35449,0.36415,0.35198,0.37334,0.36224,0.36747
0.37573,0.37694,0.34825,0.34667,0.36006,0.34328,0.35724,0.35511,0.35651,0.35118,0.34426,0.36963,0.36523,0.34839,0.3766
0.36421,0.35704,0.36829,0.37071,0.35111,0.37151,0.37094,0.35333,0.3576,0.35424,0.36406,0.35403,0.36148,0.36566,0.35637
0.37768,0.345,0.36238,0.34639,0.35943,0.3611,0.36215,0.35471,0.37361,0.35486,0.3612,0.35913,0.39481,0.34617,0.37085
0.35334,0.36999,0.37352,0.37426,0.35919,0.35915,0.34852,0.35324,0.36555,0.36265,0.3567,0.36053,0.36865,0.35214,0.35676
0.37722,0.3532,0.36479,0.35136,0.36119,0.35521,0.36519,0.36422,0.35561,0.35739,0.37587,0.37983,0.36639,0.34472,0.34337
0.40637,0.35036,0.36985,0.36948,0.36937,0.35584,0.35872,0.34604,0.37148,0.39415,0.36395,0.42238,0.36423,0.36879,0.35069
0.92392,0.89328,0.92494,0.94393,0.90578,0.94577,0.92879,0.94457,0.91356,0.9335,0.9354,0.97008,0.90105,0.92876,0.9185
0.38027,0.37721,0.36312,0.37348,0.35625,0.38007,0.3869,0.36888,0.35583,0.37375,0.36516,0.36488,0.35964,0.35258,0.38417
0.84543,0.34296,0.347,0.35974,0.35991,0.37164,0.36264,0.37041,0.35854,0.34218,0.34732,0.35836,0.34318,0.35619,0.3615
0.38061,0.36078,0.33982,0.3545,0.35176,0.35136,0.35258,0.33339,0.35846,0.35842,0.35112,0.34911,0.36151,0.36039,0.35087
0.37123,0.37536,0.35249,0.35142,0.3706,0.35193,0.3563,0.34771,0.36801,0.42412,0.35196,0.34628,0.35265,0.37472,0.36402
0.38576,0.33799,0.3538,0.35681,0.35795,0.33768,0.37082,0.36735,0.34798,0.35466,0.35049,0.36195,0.35473,0.34139,0.35577
0.38042,0.34888,0.34789,0.34355,0.36271,0.35681,0.34229,0.34276,0.36931,0.35442,0.34782,0.35966,0.37105,0.3625,0.35721
0.36675,0.36852,0.35904,0.35467,0.36112,0.35636,0.35844,0.36382,0.36213,0.34248,0.35624,0.36563,0.36523,0.35276,0.35856
0.36669,0.36297,0.3682,0.36876,0.35689,0.35019,0.34497,0.35916,0.34017,0.35845,0.33944,0.36244,0.35641,0.34675,0.36204
0.37128,0.35638,0.34354,0.36095,0.34761,0.35488,0.3521,0.34666,0.35459,0.34998,0.3535,0.34238,0.37802,0.39666,0.36424
0.90571,0.92023,0.93905,0.93342,0.90774,0.92642,0.91835,0.92761,0.92245,0.91028,0.92103,0.91892,0.97011,0.92996,0.92952
0.36629,0.36101,0.36488,0.36679,0.36411,0.35887,0.36904,0.34814,0.36137,0.35052,0.35341,0.34459,0.36269,0.35978,0.36622
0.36638,0.36293,0.35145,0.34204,0.34745,0.35608,0.36756,0.37146,0.35505,0.34428,0.35063,0.36756,0.34887,0.36742,0.33774
0.36118,0.3687,0.35734,0.35171,0.3483,0.3624,0.36245,0.36045,0.3696,0.37923,0.35924,0.36331,0.3496,0.38023,0.36017
0.38384,0.35674,0.40765,0.35198,0.35046,0.3595,0.36036,0.33914,0.36038,0.34915,0.35591,0.36782,0.34,0.36295,0.35314
0.36061,0.36011,0.36163,0.35934,0.34921,0.36162,0.35569,0.35934,0.36725,0.33691,0.3532,0.34078,0.34462,0.36706,0.35473
0.38876,0.36984,0.35033,0.36513,0.34428,0.35449,0.36353,0.34936,0.36149,0.37144,0.35474,0.34875,0.37109,0.36043,0.35337
0.35768,0.35084,0.34503,0.36916,0.35713,0.36798,0.35139,0.36466,0.35129,0.35773,0.34327,0.36522,0.35036,0.3421,0.35045
0.39337,0.343,0.35293,0.34552,0.34198,0.34406,0.34719,0.35592,0.34804,0.35832,0.3532,0.35137,0.34031,0.35465,0.3413
0.36058,0.35739,0.35098,0.34754,0.37602,0.36825,0.34935,0.35231,0.3361,0.3588,0.35417,0.35142,0.36286,0.3385,0.34308
0.94438,0.9218,0.95514,0.92807,0.91841,0.955,0.93754,0.94597,0.91082,0.95034,0.91925,0.91041,0.92988,0.94065,0.93601
0.37992,0.36481,0.37206,0.3636,0.36406,0.35914,0.35575,0.36508,0.34229,0.37176,0.35654,0.35402,0.35611,0.35836,0.35087
0.38157,0.3488,0.35789,0.36818,0.35845,0.35392,0.34845,0.34531,0.34045,0.35742,0.35464,0.3332,0.37029,0.36018,0.35987
0.3933,0.35273,0.34427,0.35298,0.36289,0.3484,0.37879,0.34694,0.34993,0.35539,0.35065,0.34156,0.34299,0.35143,0.36851
0.3679,0.43529,0.34949,0.36356,0.35481,0.35687,0.33505,0.35127,0.35061,0.35745,0.35503,0.36004,0.36551,0.36005,0.35966
0.35814,0.37685,0.3651,0.35395,0.36295,0.35288,0.36853,0.34365,0.35485,0.35265,0.35279,0.34926,0.3437,0.37359,0.36703
0.35224,0.38013,0.36772,0.36062,0.37581,0.34072,0.38146,0.34991,0.34614,0.36728,0.35866,0.35059,0.37164,0.34357,0.36236
0.36579,0.42468,0.3605,0.37621,0.37808,0.36132,0.36822,0.37311,0.3412,0.36009,0.36218,0.35182,0.35669,0.35564,0.35546
0.37988,0.35666,0.35229,0.34885,0.35374,0.36752,0.38054,0.3513,0.3483,0.3469,0.35974,0.34421,0.3567,0.36145,0.33745
0.38379,0.3601,0.34577,0.35703,0.35908,0.34901,0.35468,0.35895,0.36416,0.33949,0.33878,0.34566,0.35753,0.35903,0.36192
0.96832,0.96444,0.97886,0.94595,0.97438,0.95631,0.96702,0.96045,0.96767,0.94034,1.0024,0.93866,0.97023,0.93921,0.94573
0.38131,0.35881,0.38217,0.37116,0.36833,0.36907,0.37902,0.41929,0.36289,0.34228,0.35794,0.36093,0.36193,0.35989,0.36137
0.36762,0.35593,0.36288,0.35868,0.35584,0.36162,0.35886,0.36964,0.34765,0.35825,0.34258,0.36452,0.35075,0.36627,0.37196
0.3732,0.44198,0.33725,0.36401,0.34578,0.35654,0.37178,0.36117,0.35458,0.35,0.37592,0.36895,0.34909,0.36303,0.36359
0.35998,0.36721,0.3421,0.35392,0.362,0.34039,0.358,0.35806,0.36233,0.36549,0.34547,0.36157,0.33517,0.359,0.33464
0.36444,0.36405,0.35413,0.35349,0.36701,0.34538,0.34603,0.37255,0.33294,0.36048,0.36664,0.34533,0.35394,0.35119,0.36864
0.36823,0.3675,0.36294,0.34838,0.36616,0.36125,0.3562,0.33211,0.34148,0.36023,0.36957,0.3551,0.35006,0.35215,0.35261
0.35829,0.34629,0.34082,0.37407,0.35329,0.37257,0.33993,0.34378,0.34485,0.36334,0.34915,0.33504,0.3488,0.36464,0.34901
0.35847,0.35139,0.36471,0.3615,0.36709,0.34548,0.36032,0.35317,0.34962,0.35377,0.34712,0.36789,0.3389,0.35423,0.3312
0.387,0.35991,0.34862,0.36034,0.35126,0.35753,0.35309,0.36387,0.33577,0.37212,0.35483,0.34242,0.34626,0.35808,0.36812
1.0111,1.0349,1.0471,1.0372,1.0352,1.0272,1.0422,1.0842,1.071,0.97273,1.1492,1.0484,1.0855,1.0904,0.95082
0.40192,0.36854,0.35762,0.36346,0.35964,0.3628,0.35293,0.37002,0.35147,0.37194,0.36922,0.35103,0.35429,0.36784,0.34736
0.37293,0.35315,0.36346,0.34707,0.35614,0.35135,0.3517,0.34829,0.34444,0.35243,0.35746,0.34031,0.3563,0.34956,0.35744
0.36952,0.34545,0.35887,0.35201,0.35486,0.35643,0.34152,0.35772,0.35997,0.35875,0.35335,0.3629,0.37279,0.42398,0.34866
0.40064,0.34735,0.3726,0.35544,0.34607,0.34782,0.36366,0.34187,0.35207,0.35907,0.34309,0.35459,0.34878,0.43787,0.35642
0.3533,0.34043,0.37673,0.34914,0.37212,0.34456,0.36024,0.35119,0.36513,0.37982,0.36248,0.35183,0.36343,0.36716,0.33907
0.35338,0.35645,0.36408,0.33287,0.37489,0.34807,0.35279,0.3584,0.35955,0.34275,0.3527,0.34121,0.355,0.36059,0.33404
0.34431,0.35114,0.3716,0.37285,0.35109,0.35048,0.35007,0.3406,0.35917,0.34298,0.34792,0.34986,0.36774,0.35056,0.35556
0.38201,0.35336,0.34725,0.35238,0.36597,0.35668,0.35992,0.35169,0.34796,0.36125,0.35019,0.36828,0.35616,0.35872,0.33969
0.36313,0.34577,0.36878,0.3491,0.33405,0.3426,0.34281,0.34253,0.35231,0.34538,0.33701,0.35722,0.35484,0.35051,0.35459
1.1468,1.1629,1.1573,1.1526,1.1784,1.2045,1.2012,1.2002,1.1772,1.1668,1.2034,1.2058,1.2033,1.1483,1.1048
0.38897,0.38506,0.37428,0.36744,0.35774,0.37079,0.35489,0.35308,0.3763,0.35702,0.35532,0.34309,0.35371,0.3443,0.36373
0.33642,0.35296,0.33988,0.35341,0.35225,0.35701,0.353,0.34388,0.35803,0.34959,0.36762,0.34964,0.34491,0.36629,0.37051
0.35823,0.362,0.35559,0.35724,0.35528,0.37822,0.35034,0.33684,0.37023,0.34248,0.34806,0.34989,0.34583,0.3353,0.37944
0.38389,0.34361,0.37688,0.36529,0.36052,0.34586,0.35619,0.33129,0.35724,0.35741,0.34365,0.36269,0.35708,0.35077,0.35004
0.37133,0.33857,0.35967,0.363,0.3393,0.34718,0.34705,0.35767,0.35999,0.34946,0.35022,0.34241,0.353,0.35647,0.35555
0.37907,0.34503,0.37604,0.38396,0.35782,0.36095,0.34893,0.35897,0.3684,0.35554,0.3534,0.34182,0.34978,0.34124,0.34864
0.38618,0.34516,0.35946,0.34,0.35791,0.36385,0.34802,0.34057,0.34387,0.35067,0.35776,0.36144,0.35391,0.34732,0.34676
0.3709,0.36799,0.3672,0.34369,0.34785,0.34616,0.35339,0.352,0.35163,0.34625,0.33615,0.35894,0.36612,0.34471,0.34736
0.37742,0.33782,0.35158,0.33979,0.37495,0.33383,0.35129,0.34368,0.33902,0.40026,0.3644,0.35495,0.36637,0.3479,0.3665
1.3529,1.2288,1.3052,1.282,1.2396,1.2841,1.3725,1.3134,1.3147,1.282,1.3308,1.2668,1.2989,1.2912,1.2317
0.37064,0.35392,0.36117,0.36035,0.34934,0.37005,0.34392,0.36897,0.36496,0.37453,0.35645,0.3421,0.37046,0.36947,0.35927
0.37226,0.34778,0.37706,0.35435,0.35777,0.37946,0.35358,0.35062,0.34897,0.36153,0.35369,0.35443,0.34688,0.35192,0.35762
0.75948,0.77372,0.74386,0.77886,0.35784,0.76605,0.80338,0.72504,0.37058,0.78918,0.77632,0.75958,0.76209,0.7699,0.76701
0.76774,0.73438,0.75799,0.73608,0.7199,0.73823,0.75126,0.74589,0.72385,0.73215,0.82081,0.72854,0.7364,0.74207,0.75856
0.78636,0.75188,0.76238,0.72493,0.72891,0.76053,0.77043,0.74036,0.73944,0.77712,0.74849,0.72144,0.73201,0.73137,0.75613
0.79101,0.74356,0.77288,0.75539,0.34472,0.72708,0.75447,0.78681,0.74718,0.79283,0.76019,0.76657,0.73686,0.7589,0.75382
0.7791,0.74345,0.78765,0.7315,0.34871,0.75136,0.8187,0.75292,0.78414,0.77037,0.76268,0.7423,0.75013,0.76917,0.76405
0.37503,0.76926,0.77142,0.76653,0.374,0.72531,0.83541,0.78809,0.36898,0.75726,0.74729,0.3938,0.7717,0.7683,0.70651
0.37558,0.36855,0.36174,0.34588,0.35803,0.35598,0.37083,0.36214,0.37545,0.37103,0.36209,0.33821,0.37471,0.36274,0.42202
1.3365,1.2817,1.3537,1.3379,1.4068,1.3237,1.3965,1.4399,1.3826,1.3821,1.313,1.3798,1.332,1.3508,1.3383
0.38589,0.35127,0.35102,0.36073,0.37202,0.36473,0.38322,0.35006,0.36528,0.37652,0.36416,0.37085,0.37347,0.3558,0.35966
0.37235,0.34727,0.36159,0.34408,0.36736,0.34626,0.34952,0.37149,0.38311,0.35104,0.35864,0.35372,0.34683,0.3586,0.34549
0.37334,0.34933,0.373,0.36515,0.35969,0.35565,0.36403,0.3456,0.3534,0.34785,0.3433,0.36157,0.36292,0.35862,0.3639
0.37625,0.36107,0.35127,0.34655,0.35622,0.34633,0.3589,0.35593,0.34852,0.35718,0.3656,0.3454,0.37484,0.34742,0.34231
0.3693,0.3579,0.36484,0.35029,0.34071,0.34366,0.35911,0.36532,0.36468,0.34489,0.34992,0.33957,0.36754,0.35107,0.34655
0.36881,0.36009,0.36209,0.35746,0.35835,0.35847,0.37237,0.3557,0.35131,0.34374,0.34884,0.36187,0.36467,0.35105,0.36908
0.38551,0.34741,0.3808,0.35827,0.37364,0.35398,0.35103,0.35121,0.35959,0.3467,0.36393,0.34615,0.36458,0.35506,0.36263
0.36652,0.34656,0.36264,0.35964,0.35498,0.34794,0.36287,0.35872,0.34784,0.36091,0.36093,0.3764,0.35152,0.3514,0.36447
0.38935,0.35835,0.36544,0.35198,0.33862,0.35318,0.36017,0.36856,0.36314,0.35158,0.36869,0.34669,0.36872,0.34917,0.35747
1.4363,1.3662,1.4711,1.4485,1.4391,1.4439,1.4843,1.4728,1.5342,1.4383,1.4419,1.4298,1.4763,1.3774,1.3909
0.38783,0.37507,0.35533,0.36465,0.35365,0.34797,0.36683,0.37513,0.35488,0.35289,0.36583,0.43845,0.37656,0.35657,0.36098
0.40311,0.36367,0.34931,0.34215,0.37575,0.35568,0.36872,0.35597,0.3633,0.35536,0.35211,0.38053,0.36321,0.35982,0.35759
0.36997,0.36734,0.36835,0.3481,0.35635,0.35496,0.34538,0.35854,0.35944,0.35789,0.36411,0.36066,0.3547,0.34981,0.35974
0.36727,0.34352,0.36527,0.34723,0.34602,0.36886,0.3714,0.36088,0.37448,0.34703,0.3533,0.35557,0.36194,0.35102,0.3457
0.38532,0.35565,0.35512,0.3437,0.36128,0.35075,0.36061,0.36298,0.34808,0.36814,0.36085,0.36365,0.34895,0.34102,0.34723
0.41656,0.34991,0.36192,0.35496,0.36681,0.36019,0.33677,0.35855,0.36446,0.3594,0.34607,0.35562,0.35067,0.35851,0.37369
0.39189,0.35785,0.36054,0.34621,0.33663,0.35862,0.35048,0.37589,0.3654,0.36228,0.35546,0.35868,0.35615,0.35285,0.35221
0.39428,0.34533,0.36695,0.35286,0.35916,0.35661,0.36047,0.34491,0.3767,0.35174,0.35339,0.38583,0.35196,0.35724,0.34348
0.36387,0.35712,0.3821,0.34706,0.36606,0.34167,0.34952,0.35528,0.35541,0.35336,0.34291,0.36253,0.37688,0.34728,0.35603
1.3293,1.2717,1.3918,1.3953,1.4029,1.3853,1.4355,1.4819,1.4154,1.4199,1.4449,1.4185,1.4007,1.3673,1.3476
0.36708,0.39098,0.36035,0.36267,0.37548,0.35735,0.37596,0.37396,0.36094,0.37647,0.34978,0.37656,0.37502,0.36758,0.36305
0.34959,0.36307,0.35637,0.34827,0.3385,0.34441,0.36239,0.34753,0.35032,0.37507,0.36468,0.3387,0.35232,0.35779,0.73925
0.37386,0.35468,0.36089,0.34788,0.34713,0.3865,0.36403,0.35099,0.35985,0.36431,0.34947,0.35177,0.37223,0.37938,0.35656
0.39127,0.36925,0.37354,0.34893,0.36978,0.37704,0.77083,0.37023,0.35085,0.78343,0.35442,0.36172,0.35328,0.78116,0.33646
0.36389,0.35956,0.35377,0.35135,0.36195,0.37359,0.3768,0.3732,0.37397,0.3642,0.35739,0.364,0.36368,0.34995,0.37258
0.45509,0.38408,0.34615,0.35246,0.33401,0.36819,0.36942,0.34322,0.38052,0.34914,0.33958,0.3667,0.36125,0.3574,0.35107
0.7879,0.77425,0.73716,0.35012,0.36767,0.36644,0.35343,0.75251,0.35577,0.36028,0.37644,0.34688,0.7266,0.3687,0.34361
0.40122,0.3599,0.36309,0.37047,0.34724,0.35137,0.35194,0.36051,0.38566,0.33643,0.36586,0.35665,0.35584,0.34951,0.36851
0.3642,0.36133,0.37134,0.35183,0.3552,0.36896,0.34666,0.35359,0.3422,0.35725,0.37147,0.37184,0.34397,0.36149,0.34384
1.3512,1.346,1.3848,1.4728,1.3961,1.3632,1.4643,1.4607,1.4771,1.3912,1.4315,1.3889,1.3778,1.432,1.354
0.36814,0.3496,0.36608,0.34999,0.37119,0.35736,0.35642,0.35221,0.37284,0.36744,0.37449,0.3624,0.35371,0.37607,0.35695
0.37474,0.34891,0.36927,0.36398,0.3337,0.34335,0.34773,0.34476,0.33376,0.36449,0.35981,0.33648,0.36676,0.35945,0.35389
0.38716,0.34942,0.36376,0.37618,0.36246,0.36275,0.34662,0.34197,0.36417,0.3616,0.36119,0.3513,0.36059,0.37423,0.35003
0.39282,0.37796,0.38027,0.34786,0.37242,0.36003,0.35892,0.36305,0.35422,0.34278,0.35726,0.36275,0.35401,0.37086,0.3454
0.36771,0.3376,0.37109,0.35763,0.4522,0.35558,0.36055,0.34494,0.35732,0.37092,0.35219,0.35112,0.34883,0.37324,0.3473
0.39231,0.35635,0.36107,0.35435,0.35469,0.33681,0.35331,0.36207,0.36225,0.35575,0.36513,0.35315,0.37496,0.3674,0.36201
0.37699,0.3721,0.37462,0.37292,0.37815,0.34741,0.35705,0.36934,0.35265,0.34996,0.35908,0.35819,0.36168,0.35952,0.35961
0.36651,0.34858,0.37033,0.35379,0.37145,0.33963,0.39229,0.35444,0.34562,0.37333,0.35313,0.36657,0.3494,0.33776,0.34653
0.35895,0.36191,0.3642,0.35328,0.36559,0.36798,0.3709,0.34777,0.36675,0.35295,0.3579,0.35885,0.35779,0.37157,0.35323
1.4022,1.2883,1.4274,1.4952,1.402,1.403,1.4668,1.4771,1.435,1.4176,1.3909,1.409,1.4046,1.3407,1.3713
0.37029,0.37078,0.35724,0.36398,0.36455,0.36717,0.36715,0.36736,0.36818,0.37002,0.37422,0.36859,0.36097,0.37704,0.35642
0.38513,0.33978,0.35943,0.35357,0.37477,0.35541,0.34893,0.37021,0.35683,0.35093,0.35679,0.35443,0.36675,0.35746,0.34503
0.39497,0.35385,0.36765,0.35577,0.36696,0.34054,0.35211,0.3603,0.34623,0.36017,0.36596,0.37187,0.37445,0.34844,0.34083
0.377,0.35873,0.38066,0.37078,0.38089,0.3706,0.35063,0.38166,0.35764,0.36011,0.35266,0.36467,0.35388,0.35964,0.36265
0.36547,0.35305,0.37842,0.37035,0.3669,0.35838,0.36137,0.34788,0.38006,0.37118,0.36022,0.35314,0.35423,0.35404,0.37129
0.35381,0.34609,0.37116,0.37169,0.35441,0.37286,0.34563,0.33811,0.36864,0.35754,0.36129,0.35833,0.35803,0.36633,0.35691
0.37602,0.36379,0.38588,0.3726,0.35104,0.35355,0.3751,0.35265,0.36356,0.34475,0.37316,0.35431,0.36431,0.42516,0.36322
0.36661,0.3529,0.3751,0.33936,0.34196,0.36646,0.3738,0.37894,0.36065,0.35313,0.35614,0.36925,0.35756,0.36958,0.36187
0.38136,0.35614,0.37375,0.36998,0.36929,0.3769,0.37333,0.36776,0.36689,0.34722,0.36034,0.37277,0.38612,0.37956,0.37183
1.4113,1.3058,1.402,1.4411,1.4388,1.4213,1.5024,1.4896,1.4231,1.4028,1.416,1.3736,1.4186,1.4026,1.3838
0.37779,0.34707,0.37655,0.37403,0.36883,0.36515,0.36164,0.35385,0.36802,0.36518,0.3627,0.36157,0.36242,0.35805,0.36444
0.37769,0.34951,0.37465,0.37119,0.36425,0.35618,0.36539,0.33719,0.37202,0.35796,0.35539,0.36697,0.35699,0.36174,0.37316
0.36734,0.3629,0.3611,0.36286,0.35793,0.35962,0.36726,0.34663,0.36555,0.35601,0.36319,0.34918,0.35672,0.37202,0.35408
0.36643,0.36995,0.37232,0.3797,0.35542,0.36901,0.35674,0.42271,0.35652,0.38287,0.35935,0.35194,0.35107,0.35575,0.36658
0.37941,0.36023,0.36446,0.35989,0.36179,0.34882,0.36538,0.35259,0.33921,0.35623,0.34791,0.34337,0.37293,0.35914,0.35318
0.38786,0.37396,0.37017,0.36866,0.36084,0.33964,0.35625,0.358,0.35859,0.38405,0.35845,0.35209,0.358,0.34771,0.35576
0.37078,0.35743,0.35994,0.36141,0.37181,0.35729,0.3677,0.36089,0.35747,0.36326,0.35827,0.34255,0.36315,0.35839,0.35674
0.36684,0.37068,0.37106,0.34949,0.36527,0.3555,0.34395,0.35449,0.3453,0.37261,0.35213,0.36054,0.35239,0.35606,0.3716
0.3821,0.35124,0.37674,0.35323,0.36053,0.35711,0.36708,0.35009,0.36444,0.36899,0.36429,0.35093,0.35766,0.35872,0.35935
1.365,1.3229,1.3602,1.4534,1.4226,1.4304,1.4825,1.4663,1.3943,1.4268,1.4062,1.4077,1.4034,1.3937,1.3773
0.39492,0.36717,0.37454,0.37252,0.37284,0.37049,0.36343,0.35948,0.35928,0.3626,0.36273,0.35359,0.36475,0.36251,0.35614
0.37216,0.37253,0.35816,0.36431,0.3571,0.34857,0.35829,0.34786,0.36232,0.3655,0.35144,0.3621,0.35128,0.36039,0.35659
0.38961,0.3556,0.37098,0.3584,0.36333,0.37126,0.36304,0.35,0.35834,0.35535,0.35702,0.35924,0.35436,0.35941,0.36017
0.39206,0.36585,0.36594,0.34861,0.35593,0.35454,0.37479,0.36305,0.35638,0.37634,0.3712,0.36529,0.35949,0.36878,0.35379
0.38016,0.36812,0.37391,0.35935,0.35714,0.3441,0.43325,0.36603,0.36974,0.36974,0.36485,0.36377,0.35928,0.354,0.35605
0.3852,0.36303,0.37581,0.35284,0.3474,0.3626,0.37686,0.38094,0.37214,0.37852,0.36992,0.36995,0.35385,0.35919,0.36009
0.37333,0.37362,0.37255,0.35445,0.35708,0.35187,0.3833,0.37057,0.3718,0.35289,0.35536,0.36413,0.35975,0.3598,0.34686
0.36178,0.34831,0.36767,0.35591,0.37484,0.37739,0.35642,0.35353,0.35546,0.35966,0.37173,0.3656,0.36247,0.36723,0.36387
0.40728,0.36159,0.39558,0.34727,0.36524,0.40271,0.43368,0.36649,0.35118,0.36497,0.36163,0.36849,0.35741,0.35642,0.37509
1.3811,1.3129,1.4904,1.4648,1.4415,1.467,1.5479,1.5377,1.5146,1.4489,1.4158,1.4307,1.3531,1.4074,1.4263
0.39251,0.36883,0.38583,0.3479,0.36314,0.37126,0.3638,0.35361,0.37644,0.36901,0.36372,0.35266,0.367,0.3759,0.37484
0.39566,0.36804,0.37777,0.34308,0.36199,0.3605,0.36443,0.36306,0.3727,0.35323,0.36729,0.35396,0.37739,0.36768,0.37163
0.36938,0.36179,0.35648,0.3548,0.343,0.35174,0.35427,0.36037,0.36185,0.37007,0.35926,0.37508,0.35733,0.37051,0.36234
0.36485,0.37296,0.3715,0.35398,0.34475,0.36298,0.35057,0.37185,0.36846,0.36404,0.35851,0.36343,0.36631,0.36147,0.35352
0.3831,0.36342,0.3839,0.35333,0.4318,0.35224,0.36501,0.36414,0.3705,0.35671,0.36592,0.37254,0.37713,0.33847,0.37103
0.40416,0.35295,0.38525,0.36198,0.38174,0.37074,0.34752,0.37108,0.35692,0.3481,0.36333,0.36818,0.36564,0.37206,0.35752
0.38757,0.34803,0.37193,0.37339,0.35982,0.35737,0.35718,0.47038,0.35968,0.37344,0.35429,0.37404,0.35149,0.36132,0.33294
0.39958,0.34654,0.36385,0.35609,0.36361,0.36404,0.35132,0.36299,0.36036,0.38385,0.36391,0.35906,0.35658,0.37823,0.36041
0.38018,0.36235,0.35964,0.37528,0.35052,0.36566,0.36588,0.36172,0.37509,0.36892,0.37295,0.37835,0.36503,0.35926,0.34612
1.3895,1.3258,1.4727,1.5084,1.4488,1.4371,1.4261,1.4723,1.452,1.5054,1.3865,1.3916,1.4038,1.3619,1.4156
0.39815,0.37104,0.37491,0.35865,0.37216,0.36498,0.36349,0.37873,0.37019,0.37511,0.36516,0.36014,0.37349,0.37506,0.36674
0.37779,0.36143,0.38575,0.36929,0.36036,0.35373,0.35023,0.36599,0.3643,0.38522,0.34515,0.36969,0.36733,0.36805,0.37549
0.38833,0.36038,0.38102,0.35839,0.36058,0.36375,0.35107,0.37313,0.36339,0.37103,0.35187,0.36873,0.36917,0.36313,0.35594
0.37472,0.36289,0.38015,0.36772,0.35713,0.36483,0.37063,0.36207,0.34837,0.36212,0.35303,0.34563,0.37065,0.36415,0.36478
0.36972,0.36364,0.37524,0.36812,0.36673,0.36413,0.37055,0.36178,0.36257,0.37536,0.35693,0.36593,0.35337,0.38671,0.34567
0.3774,0.35076,0.35918,0.44755,0.3652,0.36166,0.38444,0.34504,0.38055,0.36914,0.3523,0.3595,0.36286,0.36632,0.38412
0.3701,0.3539,0.34737,0.38878,0.36068,0.38222,0.38485,0.37454,0.37938,0.36917,0.35533,0.36805,0.3651,0.35788,0.36383
0.38939,0.35969,0.37229,0.39875,0.36998,0.37482,0.37998,0.34615,0.38478,0.35929,0.36144,0.35564,0.36592,0.40783,0.3533
0.39603,0.35096,0.36565,0.36634,0.38189,0.3727,0.37065,0.36661,0.36813,0.37356,0.36342,0.33726,0.36843,0.39562,0.36018
1.3654,1.3352,1.4488,1.5686,1.4179,1.3917,1.4548,1.4626,1.4215,1.4318,1.414,1.3679,1.4084,1.4406,1.4116
0.40043,0.37067,0.37213,0.37557,0.37959,0.36954,0.4592,0.36193,0.37643,0.36688,0.37341,0.37027,0.37204,0.38602,0.37701
0.39087,0.35884,0.35837,0.44358,0.3717,0.3749,0.39117,0.36893,0.37907,0.37471,0.36598,0.36856,0.36534,0.37784,0.37656
0.40098,0.36136,0.36382,0.37728,0.36163,0.35985,0.3715,0.37258,0.37206,0.38383,0.38784,0.36234,0.36039,0.40758,0.42947
0.41798,0.36567,0.36289,0.37624,0.37765,0.37276,0.35524,0.34705,0.35909,0.39596,0.36371,0.35918,0.37271,0.3813,0.37976
0.45869,0.35977,0.38174,0.38049,0.35964,0.37173,0.36839,0.37668,0.3769,0.38672,0.38056,0.36453,0.46185,0.37606,0.36965
0.39115,0.35143,0.377,0.37021,0.37128,0.37165,0.38269,0.36829,0.38077,0.38488,0.39007,0.36951,0.37736,0.36812,0.36027
0.41323,0.3805,0.37615,0.36545,0.38392,0.36899,0.40065,0.3685,0.39103,0.37822,0.37547,0.36358,0.35444,0.36874,0.37396
0.39703,0.37005,0.38007,0.37982,0.36568,0.37435,0.37883,0.39309,0.38338,0.38376,0.35041,0.37869,0.36362,0.37409,0.39478
0.40346,0.34812,0.38548,0.35722,0.45173,0.37415,0.37348,0.3706,0.36549,0.3695,0.38861,0.39391,0.35052,0.37122,0.37331
1.4275,1.3487,1.4807,1.5038,1.4598,1.4643,1.4899,1.5085,1.4722,1.4258,1.4316,1.4605,1.4012,1.4043,1.4387
0.39982,0.37268,0.39796,0.39836,0.3762,0.37511,0.3862,0.38552,0.40249,0.40468,0.36726,0.38132,0.36172,0.37871,0.42687
