0.000151
0.045465
0.023792
0.024429
0.024165
0.024046
0.023846
0.024032
0.023917
0.023705
0.023561
0.024142
0.02414
0.024276
0.023575
0.02482
0.024648
0.023457
0.023402
0.023287
0.023786
0.023424
0.023595
0.022913
0.023191
0.023088
0.023346
0.023458
0.023434
0.02359
0.020441
0.021368
0.021946
0.021626
0.024408
0.024009
0.020604
0.020493
0.020962
0.023221
0.023877
0.023904
0.024554
0.024563
0.024191
0.024143
0.024561
0.024624
0.02451
0.024945
0.024125
0.02413
0.024111
0.02453
0.024192
0.024248
0.024452
0.025082
0.024262
0.024126
0.024234
0.024383
0.023958
