1
215.3174,140.1838,84.6212,50.9948
212.9424,139.9519,85.5970,53.1738
210.6185,139.8507,89.3926,52.6705
208.2238,138.9588,90.3203,57.7624
205.8174,140.0621,75.8316,57.5438
200.4174,141.0318,78.9383,55.6850
198.3902,141.3821,79.4836,57.1509
196.0445,142.0257,80.4803,57.1891
195.4971,140.2034,78.6395,67.0915
193.2161,139.9877,78.6911,69.6459
189.8278,140.1798,79.7538,69.6384
188.5735,140.1566,78.2795,74.2242
185.8261,139.5927,78.3216,77.2435
183.8135,138.7950,80.3643,75.3831
181.6387,136.6658,81.3160,75.6284
181.7757,133.0097,81.2314,80.0758
180.4551,131.8121,81.3796,82.5244
180.8467,131.5306,79.2460,83.8838
178.2634,150.9655,81.3750,66.8635
178.3635,150.7556,80.2758,66.6410
177.2479,154.1981,82.5832,66.9102
175.5106,157.1316,85.4453,65.8979
173.5097,158.2262,84.3771,65.2502
173.8283,159.3883,79.7599,64.1277
172.6630,160.0069,78.1792,64.7972
170.4549,159.9189,79.3944,65.0575
169.9726,159.3513,78.1024,66.4399
167.6172,160.4957,78.4991,59.9422
165.4337,162.8048,80.1042,57.1838
164.1744,163.0401,79.8160,61.7130
161.6822,164.1158,80.6267,61.1740
160.3392,164.7306,79.3863,58.2754
158.6669,165.8854,77.7489,61.3907
156.3764,165.4812,77.0905,66.2285
155.3967,166.2236,87.8562,66.8919
154.2808,166.9306,87.0756,68.3105
154.3939,167.5016,80.3805,62.9712
153.7646,168.6775,85.1991,62.6077
151.6335,165.4023,90.1984,65.1935
149.0411,165.3891,93.1970,61.4871
144.5250,162.4141,95.3618,63.9841
146.4923,162.2954,92.8219,64.4945
162.4231,160.8560,74.9197,66.4994
161.3177,162.9672,85.6837,65.1452
161.3406,160.9663,84.6669,64.2647
161.7776,160.4519,87.0998,67.1538
156.3384,161.1175,87.6711,65.0782
156.9039,161.8798,85.8636,61.5182
157.0974,160.0186,88.6799,63.4153
159.1627,160.5200,86.8966,63.4701
159.6409,160.5153,89.7518,60.5995
159.4986,161.5066,95.9163,59.0796
162.6002,161.6760,95.5016,59.9434
163.7958,162.9340,85.5229,59.5223
164.0226,163.2353,85.7614,60.1332
165.7040,164.5931,82.4404,65.3381
165.1979,163.6575,83.1388,67.0833
163.3246,161.9078,86.3150,68.8696
163.5529,162.6547,84.5878,69.2910
164.7045,162.8705,86.5542,71.6332
165.0018,163.0777,89.2003,71.3970
166.7005,163.9644,86.6728,71.4040
166.6363,164.4536,89.0769,57.0415
168.5328,165.5291,89.3637,56.3238
169.4510,165.3783,84.5247,56.4897
168.0940,165.3955,86.1788,61.1315
169.6819,165.5810,86.9958,61.1047
170.5753,164.7249,90.7351,65.6479
169.9119,165.8675,95.8618,63.8676
170.2548,165.2243,96.2418,64.8046
168.2281,165.1482,77.0953,65.5381
166.3851,165.4204,79.6163,65.1549
165.1600,163.9644,76.9580,53.9172
159.2864,160.3219,79.7070,57.5597
155.7493,161.1994,82.1739,53.4695
156.8460,160.3193,80.8964,53.8344
156.9743,161.6522,73.7309,53.3056
156.9549,162.7603,74.7115,52.3805
155.7351,162.8050,74.1891,52.1162
156.6427,160.5332,70.5571,52.6516
154.2975,161.5278,69.6717,51.7673
152.7511,161.5335,68.3751,51.8017
150.5574,161.7389,67.7691,51.4846
152.1567,163.7433,64.4685,50.6298
146.3196,164.5903,68.8877,49.9708
145.8735,164.6205,65.0741,49.6975
144.5241,164.0877,67.8929,50.4368
144.7671,158.4284,65.0430,55.5879
144.3842,158.2198,64.1920,58.6931
143.8982,159.9862,65.3264,57.6014
143.9387,160.7151,65.4951,56.3472
142.7304,159.8346,63.4620,57.3395
145.6360,158.3653,61.4516,58.1120
146.7328,158.7587,58.5562,59.1526
146.9788,158.3853,55.1550,61.5666
147.0287,159.8965,54.7251,58.0014
147.9952,159.6967,52.4515,60.5098
149.2462,161.8488,51.1720,58.9356
151.7042,162.0298,48.3122,59.3845
152.5028,158.1835,45.4808,63.3820
153.0904,158.9692,44.7750,62.6167
154.5119,158.9520,48.1101,63.8936
157.3055,158.9842,49.1903,65.6328
160.2879,158.9966,48.1807,64.1449
162.8772,158.7920,47.0145,64.9375
163.4781,159.5055,47.0343,63.6460
163.0699,156.8935,47.8052,65.8372
162.9421,157.2365,46.2899,65.3051
164.3591,157.1834,44.0963,65.0965
164.1424,157.9637,42.0599,65.4363
166.8415,156.1016,35.9462,66.5450
165.5943,158.0609,36.0777,66.0293
165.0777,158.1019,34.0823,66.7222
163.5296,158.2281,35.6878,64.1695
164.0423,157.7574,36.6087,64.1703
163.4347,157.6152,36.3626,65.2716
162.9340,157.7530,36.7814,66.2411
162.4711,157.6958,37.5457,66.2021
162.9818,157.4942,38.2694,66.1979
163.2702,155.3492,38.6969,69.9718
155.9032,154.2895,45.2013,70.6199
157.3414,153.2906,44.3470,74.1105
159.1905,155.1708,44.5656,71.6958
162.0521,156.5782,40.9712,70.6753
165.8622,157.2581,36.3682,74.9179
165.1635,155.1987,36.7710,76.4460
161.5634,157.0606,39.2859,73.9632
161.2685,156.8160,39.8623,74.7026
160.3319,156.7526,41.9152,72.5993
154.4300,157.3014,47.6443,74.4271
156.7640,156.9088,44.2367,74.7384
158.0160,157.6061,43.3441,72.8364
160.9686,157.4254,40.5173,71.9276
155.0710,156.3785,47.3058,73.2643
158.0441,155.4243,46.1624,71.6347
159.8874,155.6879,44.2968,70.2301
161.6899,156.0042,43.5020,70.6626
160.6169,153.4164,45.7100,71.2885
163.6055,153.7872,45.2875,71.4518
161.9493,154.0450,49.2975,70.9862
161.5647,156.9362,54.7683,68.4492
163.8693,155.4832,54.7029,70.7240
166.5464,154.1696,52.8921,70.7957
169.6627,152.9511,50.4813,71.5347
169.7781,153.3774,52.7537,71.3270
175.6445,154.7887,48.7405,68.9181
173.6920,153.8567,51.8557,70.1949
174.0564,153.5499,52.6793,69.3977
172.9254,154.2419,54.3976,70.0658
172.7265,156.1841,56.2835,68.3418
161.0680,157.9182,67.3749,66.0081
161.7275,158.5306,67.9086,65.6020
162.7671,159.8169,66.9517,64.3970
162.7187,159.8846,69.4109,64.5637
162.6967,157.6578,70.0348,66.5042
161.6059,155.1692,71.5957,69.4442
157.0245,157.1248,76.4395,67.5616
157.3677,158.0438,76.7262,67.6984
157.3307,155.7067,77.8759,70.1257
157.4653,152.7400,79.2504,72.9930
162.1379,152.6587,76.5326,71.9650
162.0884,152.6683,77.8701,71.8198
163.1201,153.0276,74.6707,65.1111
165.0210,152.3127,74.5734,66.8343
161.5731,151.1982,79.3868,66.7883
162.3983,151.5698,80.5474,67.4521
163.9462,151.3983,83.7223,68.2439
166.4882,150.6159,87.8466,69.2115
167.0441,150.6505,90.7711,69.1566
167.9480,151.0340,89.8567,68.0787
170.9228,152.1516,88.8340,68.4427
173.4798,155.5535,87.9433,67.6755
173.8135,159.3917,88.7007,65.2971
175.5555,161.2453,89.4235,64.8880
176.5057,162.1801,89.0262,65.5088
175.8809,162.6474,90.6526,66.3138
175.9811,164.0519,90.1490,66.6277
175.4086,164.9834,90.3654,66.8789
174.4016,165.0066,88.4570,69.3196
176.7149,166.7225,88.2287,69.9778
175.4965,169.3713,89.3138,69.7227
173.9923,170.3093,92.3629,68.9146
170.7574,171.4035,94.9805,68.8641
174.2446,173.4693,89.2874,66.6488
172.2290,173.6261,92.6076,68.1556
171.8553,173.6752,93.1578,68.4708
172.8039,173.9553,80.4536,68.8368
171.8913,173.5839,82.7736,69.2762
171.8933,173.0616,85.7284,69.3780
168.7444,172.8800,87.7678,70.4374
167.6905,177.5563,89.9968,64.9233
169.4296,175.3553,87.3189,68.5862
178.6323,173.9849,88.0312,69.0907
178.7355,173.5936,88.2544,68.9555
179.7362,174.0932,86.2203,68.7267
178.1481,173.5238,89.3564,70.5292
177.9283,173.2540,88.4420,71.4860
179.0580,173.3755,88.1892,62.0430
184.4913,167.6779,79.2487,64.0719
185.0177,170.4955,76.2391,60.7662
176.7843,165.1054,85.8009,65.8802
177.6502,166.5710,86.3450,72.7832
180.2623,166.9332,82.8077,71.9777
180.6310,167.0012,85.3785,71.0438
172.2264,166.4626,93.9151,60.7623
172.1117,167.1536,98.8441,60.7500
169.0409,166.9161,103.2043,60.5105
173.8772,167.0861,91.7863,62.7392
173.8990,166.7180,91.0333,62.9890
171.3981,156.3033,87.7827,74.4115
169.5242,156.7520,89.8139,78.4873
168.9743,157.7610,88.1362,77.3317
170.9849,169.1613,85.7713,66.1133
171.1967,170.6796,87.3406,65.0661
171.9992,169.7737,90.4733,65.6172
173.0507,170.6182,81.5530,65.9847
171.6445,170.3093,81.6199,65.8068
171.9400,169.4872,80.3705,67.0541
171.7632,170.1946,79.8507,66.6343
170.6486,170.6156,81.0677,66.4781
170.4484,170.7623,81.0914,65.9536
172.7694,170.7512,80.3669,67.4051
172.9756,171.1790,80.4308,69.4618
171.1769,172.3957,83.0551,68.3600
172.3793,172.2772,81.6771,70.0478
170.6258,172.8971,85.9028,71.5907
170.7251,174.1292,85.8509,71.7047
170.6698,173.9352,84.2265,71.6994
171.1704,175.1301,76.5899,70.4930
171.7037,173.8435,75.5700,71.6417
170.9791,173.8582,76.9345,71.8344
170.0252,174.1015,76.4742,72.3140
166.1443,173.8903,79.7129,72.1349
165.1942,173.8486,80.6560,72.2896
166.3124,174.0057,79.5263,72.0673
167.1843,173.8990,79.6773,74.5018
167.1661,174.1318,78.6462,74.1625
167.0904,162.4218,79.3162,85.5331
166.3229,161.0981,79.6983,86.8763
166.6152,161.4665,78.9989,85.7915
166.8365,173.3132,78.2366,73.6871
165.5505,173.3485,78.8188,72.1432
165.9858,172.9980,80.1579,71.8764
167.3529,173.6716,79.4965,72.3141
167.0919,172.7069,79.6412,73.4590
166.3324,172.1013,78.8481,73.3057
166.2664,173.3602,82.6076,72.4714
170.1481,159.0790,78.1035,85.4564
172.6259,159.4935,77.3328,83.9469
175.1252,161.0762,78.1753,82.0507
167.7627,161.0434,85.9299,81.0804
170.5799,160.9241,84.9513,81.3443
167.6201,159.7400,88.5351,82.5332
168.6160,160.4164,90.2324,82.0085
169.8244,160.2860,89.3332,81.3615
171.2379,159.8845,87.6574,80.9915
170.1295,159.9422,91.2612,76.9934
171.2056,158.9399,91.1233,77.6645
171.7239,159.9074,88.4705,78.0174
171.8743,160.4254,90.3169,76.2649
172.1769,160.3240,90.0166,77.1003
171.9397,145.4116,87.3472,80.6504
172.1761,143.5599,89.4703,81.6272
172.8038,143.1836,89.6618,80.5222
172.9369,155.7247,89.4844,66.6012
172.0576,155.6704,91.9352,65.0332
171.2313,156.1028,91.3982,65.4782
179.6418,150.3497,83.2069,71.2641
180.6186,149.3833,81.9646,71.4561
179.7813,149.4315,81.6028,72.6270
179.9681,148.7557,81.9745,72.9580
179.9953,148.0547,81.5038,75.0196
177.5972,146.8301,77.4068,80.9532
177.2707,148.6342,76.0793,75.9128
177.7325,147.7036,80.0489,74.6712
176.4940,147.6742,79.8728,73.2673
179.0388,139.9142,71.7303,81.0229
179.0848,138.8783,71.7018,82.2950
179.0250,138.8586,72.4146,81.4722
178.9139,139.5930,71.9067,79.0520
178.2967,139.8173,73.2390,80.3499
178.4212,140.1919,71.1184,80.0803
178.2372,139.2025,72.6343,81.3289
178.8008,139.8085,72.4679,82.7877
178.2963,140.0576,72.4721,78.3323
178.1406,140.1995,73.5023,78.6362
177.9007,139.8156,74.1418,78.5348
176.7219,139.9692,74.9994,75.6790
177.2622,139.3085,75.7600,83.5079
177.7048,139.9876,74.7324,82.6917
170.2119,138.9842,81.9376,84.3038
170.6540,127.5758,82.0749,98.5950
169.7993,127.2876,82.7744,99.4541
167.6339,128.9105,86.8873,95.7541
167.5315,129.4169,77.4007,92.7262
167.1006,129.2267,78.1345,90.7316
176.4894,125.3272,69.2576,93.1474
176.0679,126.1467,68.8170,90.8835
176.9904,124.7359,67.6579,91.7022
174.9829,122.1398,68.0894,93.3049
173.4029,118.1094,68.8404,95.9631
171.9195,118.0991,68.6639,94.7146
169.5548,127.5898,81.6055,83.5286
167.7181,126.2597,81.8251,90.2049
162.8982,125.6896,84.9712,88.7234
161.9481,125.1779,86.0540,87.7448
159.8784,124.4962,87.1146,87.4901
159.3818,123.6714,86.0081,86.9446
158.3560,123.2946,88.8579,87.1956
160.5822,122.7607,87.3064,88.3080
166.4660,122.8773,82.1041,88.2569
164.2662,123.0991,80.9499,87.7029
161.2189,120.2342,81.7128,91.6805
158.5445,124.3250,82.9795,88.5545
158.8340,123.7173,84.3388,90.0797
2
0
0
0
0
1
259.3625,198.3510,93.4897,44.2941
261.5213,198.5804,91.1940,43.5946
263.9957,198.2795,91.3394,44.6341
272.4259,199.0576,84.4080,44.9240
275.0827,197.3673,84.6838,47.2337
276.2688,198.3747,87.3735,46.1392
278.3268,197.0024,86.4245,47.3310
278.1683,196.8756,87.7220,47.7900
279.5246,197.9433,89.5146,46.5205
280.0918,196.2182,90.4157,47.3280
281.3910,196.6375,90.4004,47.9826
285.9293,194.6108,89.3248,52.2321
284.7949,192.4262,91.2722,55.2656
284.5195,190.2812,93.4793,55.8475
291.8377,187.8017,88.7338,54.5870
291.4381,184.9475,91.1810,54.9867
291.8780,183.5427,90.8556,54.0937
288.9774,177.7752,96.8888,57.4046
288.8307,176.1576,95.4317,56.1673
289.3734,180.1934,96.6797,50.1364
292.8650,179.2184,93.9603,49.2774
293.1558,179.8164,95.0737,49.9292
291.5948,180.7164,97.5191,48.2753
293.7793,178.9900,97.9276,48.4248
297.6916,175.7110,95.3826,49.7077
301.2941,174.6466,88.4690,50.3583
300.3430,175.5232,94.1432,47.4151
301.8090,173.0538,93.8171,48.4174
303.3893,171.3543,92.5794,51.3377
305.2507,171.4245,92.6189,49.9044
306.1526,172.2403,93.5852,49.0224
309.9034,176.3268,90.9578,45.3435
309.8602,175.6261,92.4116,46.1501
307.1864,175.6852,95.3345,46.8909
312.1042,172.7340,90.8947,49.4893
310.4587,171.6107,93.6445,50.0182
309.1707,172.5578,103.7967,48.6851
305.8959,172.3825,108.1960,49.8421
317.1427,171.9142,97.9285,51.1193
313.8042,170.1585,102.0647,55.5933
311.4074,169.6717,105.1181,56.7490
309.0787,168.9661,108.3337,57.4447
318.9871,172.0198,96.5303,60.9092
316.4011,172.5046,95.6569,59.8822
313.5993,173.3093,101.5843,62.4462
315.8640,169.9229,98.8179,48.4956
313.8405,169.8616,100.7019,48.1281
319.0647,168.7373,95.6866,51.1414
314.4057,168.8386,102.7546,52.2034
318.6862,169.5880,99.0692,51.8539
328.4356,168.7108,87.7940,53.6092
329.3221,169.3213,89.8711,54.1478
329.9951,167.8506,88.5405,54.9007
330.7577,169.1290,87.2611,53.9608
329.7263,169.5547,89.1736,52.8709
329.6728,168.0644,90.2416,53.1917
330.3014,167.9640,88.4366,54.7299
323.4375,166.9947,96.1387,56.6227
316.4330,166.5383,103.5365,57.3754
330.0374,159.3544,87.8980,64.5620
329.1879,160.6099,93.6640,67.7995
317.3669,171.0798,101.6765,59.3425
317.2829,170.5331,101.1051,61.4683
318.0822,170.6081,102.0903,60.7045
321.5945,170.6888,99.4486,62.9353
320.2625,174.4883,101.6927,55.6442
319.9967,174.8033,103.6322,52.6615
317.5690,173.8432,98.7824,53.6888
323.3053,170.7506,94.8327,57.7125
322.5791,170.1845,96.3165,57.5285
325.9030,172.8651,94.6211,54.4520
323.2872,176.3931,98.3781,49.7829
318.9646,179.9531,102.9247,46.7040
333.0694,177.5696,92.8024,49.4357
334.7971,177.6765,94.6018,50.7829
343.1538,177.5723,95.8402,51.3476
341.1110,176.1953,100.5952,52.7179
346.6367,179.9080,98.9208,51.6764
350.9771,179.9618,97.4828,49.8139
356.5616,177.7439,97.2848,51.9145
356.5873,175.3556,98.8541,54.9977
357.3294,175.1602,93.7914,55.5501
353.5279,181.5348,99.2377,48.9404
359.5563,180.9509,97.3238,49.1704
365.7492,174.1475,103.7588,55.0933
371.4362,173.6737,102.6474,55.3229
376.9816,181.8284,99.7743,46.7779
380.0698,181.2684,99.8148,46.1580
382.4042,180.7487,99.2656,44.9969
382.8536,180.3861,99.1837,45.3131
398.9331,178.9822,83.8134,50.1344
401.6764,178.6574,82.6411,49.4617
396.8379,177.1617,86.8840,49.8006
396.8583,176.0672,87.3277,50.9206
398.4771,175.9685,84.2781,51.1150
398.0455,174.4837,84.9390,51.6571
394.4184,175.7535,87.5303,50.1770
389.8006,175.3943,88.5926,49.3940
386.1036,174.1877,90.0281,50.3574
401.7645,173.6202,72.3294,50.2014
400.5468,171.5000,72.0994,52.2822
399.2572,169.2988,71.7177,53.8978
399.1721,169.2673,70.3328,53.2887
397.1534,168.2973,71.8509,53.6197
396.8810,167.9566,67.1930,54.2189
394.5068,167.8543,66.7487,54.6452
393.2182,168.5840,68.3275,54.0834
379.6324,167.2053,80.9055,54.5068
381.0591,167.7301,77.3457,53.7489
377.2744,167.0586,84.0055,53.4247
380.1078,165.9852,82.4966,54.6324
381.2755,166.3453,82.6621,54.3566
382.0767,165.4859,83.1936,55.9649
384.7285,164.3915,82.7942,56.6656
389.0723,163.9031,79.8062,59.7505
391.6940,165.0410,80.0120,57.3236
391.9576,163.7392,83.1809,56.7139
395.4241,163.1478,72.4401,59.3119
398.0108,161.8090,71.0960,59.5273
402.9954,163.0145,71.3106,58.1653
403.7750,162.4122,71.7814,58.1913
404.9947,162.3871,74.4962,60.3315
406.1212,162.4643,80.8863,60.3254
410.4988,160.9067,77.1078,63.5356
413.0647,161.3413,74.3088,60.3606
413.6912,162.1059,72.2822,60.1437
411.0325,160.5514,73.1862,61.1950
411.4389,160.7817,70.2468,61.2732
411.7280,160.5541,67.2946,59.1237
410.5085,160.0405,67.0248,61.0227
410.7931,160.2250,63.9584,56.9669
411.5679,159.1941,61.4942,60.3640
413.0865,158.1500,57.8639,60.1729
413.1785,157.6893,55.5131,60.2947
414.0244,156.3505,54.1422,60.1882
414.0489,155.7699,50.2594,62.7051
412.0305,156.9452,47.4489,61.2456
409.5812,156.7211,47.7304,62.0482
407.5248,155.7590,46.8184,63.8003
405.7379,154.9743,46.1766,64.6761
403.5800,155.1116,46.4895,65.2781
401.5452,156.2598,45.6278,66.0637
398.9346,154.1811,50.2108,67.4726
395.5305,158.5565,51.3251,65.8569
391.1113,161.2891,53.5815,63.0747
388.6551,161.3894,51.4212,65.1620
384.5447,161.6417,53.3563,63.1646
382.7388,161.7088,53.5790,62.2689
379.7827,162.6665,55.4395,59.2842
377.9241,161.8741,55.6026,61.9818
375.6099,161.3831,57.7877,58.9546
373.3712,161.3600,58.9814,60.4767
375.1069,161.4333,56.5936,63.9262
372.0486,161.4571,58.8855,62.5490
372.3334,161.1747,58.6149,61.7794
371.4292,160.6641,63.0538,61.6087
371.9695,158.5506,67.2527,63.9037
369.4780,155.3158,69.5619,67.1644
370.0630,155.9032,65.1615,66.9174
371.1431,155.3097,62.0432,68.5665
371.6880,155.1608,65.1496,66.8189
369.1969,155.4467,67.9370,65.6829
370.2975,156.4782,67.4243,65.8833
372.2780,155.7946,67.5439,66.4367
372.4314,156.5292,64.2959,64.5426
374.9787,155.4195,62.0659,64.9619
376.2351,154.6288,60.2462,64.9614
376.2230,154.9469,61.3749,65.3823
376.8750,154.4966,60.7172,65.1140
377.1205,154.7550,60.5969,68.7061
377.2370,154.6171,61.8886,68.5165
377.8792,154.4932,61.3312,68.5872
378.6676,155.3751,61.5036,66.8783
376.4629,156.0643,62.9977,64.3110
378.0375,157.0222,63.5887,62.5529
377.3674,155.2483,63.8198,63.5284
378.0413,155.6158,63.6677,65.4019
374.5440,154.2770,66.2498,68.4733
374.9910,153.8329,64.0606,67.2131
374.6988,153.5860,62.9170,66.5025
374.3461,152.9868,62.5362,66.8639
373.2147,153.1543,60.2360,67.7063
373.2354,153.2307,57.8510,68.9708
373.5509,153.2515,58.5129,66.4947
372.3604,152.8748,62.7011,67.9670
369.9024,152.2601,66.8694,68.0193
368.6588,152.8883,69.4070,71.8599
369.8018,156.7279,67.8402,69.1931
370.5641,145.8218,68.2424,79.6121
370.5063,144.0461,66.7991,79.1667
374.2377,142.9768,62.2915,79.6364
373.9858,144.1354,61.5123,79.6570
372.8077,148.6011,65.0437,76.7753
370.0538,147.6905,67.2494,75.0464
368.5867,147.9801,77.5751,75.7871
365.0833,147.8288,83.9779,73.4481
367.7733,147.6435,83.0028,76.3793
