6.2e-05,8.8e-05,6.1e-05,0,0,0,0,0,0,0,0,0,0,0,0
0.16836,0.12504,0.13118,0,0,0,0,0,0,0,0,0,0,0,0
0.040884,0.033373,0.033589,0,0,0,0,0,0,0,0,0,0,0,0
0.050542,0.034609,0.035397,0,0,0,0,0,0,0,0,0,0,0,0
0.051387,0.032917,0.035333,0,0,0,0,0,0,0,0,0,0,0,0
0.0466,0.033734,0.034046,0,0,0,0,0,0,0,0,0,0,0,0
0.041949,0.033016,0.036835,0,0,0,0,0,0,0,0,0,0,0,0
0.048626,0.032833,0.033857,0,0,0,0,0,0,0,0,0,0,0,0
0.045984,0.033401,0.037395,0,0,0,0,0,0,0,0,0,0,0,0
0.04595,0.033733,0.033932,0,0,0,0,0,0,0,0,0,0,0,0
0.046937,0.034,0.038678,0,0,0,0,0,0,0,0,0,0,0,0
0.051451,0.034162,0.033478,0,0,0,0,0,0,0,0,0,0,0,0
0.051671,0.032989,0.037933,0,0,0,0,0,0,0,0,0,0,0,0
0.044866,0.033423,0.03395,0,0,0,0,0,0,0,0,0,0,0,0
0.045514,0.033103,0.037469,0,0,0,0,0,0,0,0,0,0,0,0
0.052191,0.032785,0.032574,0,0,0,0,0,0,0,0,0,0,0,0
0.044408,0.033309,0.036854,0,0,0,0,0,0,0,0,0,0,0,0
0.046679,0.033242,0.032874,0,0,0,0,0,0,0,0,0,0,0,0
0.048783,0.03305,0.037524,0,0,0,0,0,0,0,0,0,0,0,0
0.052575,0.033557,0.034709,0,0,0,0,0,0,0,0,0,0,0,0
0.049254,0.032624,0.03561,0,0,0,0,0,0,0,0,0,0,0,0
0.052047,0.033079,0.032513,0,0,0,0,0,0,0,0,0,0,0,0
0.047337,0.033206,0.039755,0,0,0,0,0,0,0,0,0,0,0,0
0.044948,0.032923,0.035949,0,0,0,0,0,0,0,0,0,0,0,0
0.087162,0.032958,0.035325,0,0,0,0,0,0,0,0,0,0,0,0
0.057848,0.03303,0.036061,0,0,0,0,0,0,0,0,0,0,0,0
0.045244,0.032563,0.03505,0,0,0,0,0,0,0,0,0,0,0,0
0.043465,0.032594,0.039915,0,0,0,0,0,0,0,0,0,0,0,0
0.045946,0.03285,0.039494,0,0,0,0,0,0,0,0,0,0,0,0
0.038245,0.032405,0.042416,0,0,0,0,0,0,0,0,0,0,0,0
0.051175,0.03283,0.040082,0,0,0,0,0,0,0,0,0,0,0,0
0.049212,0.033734,0.032775,0,0,0,0,0,0,0,0,0,0,0,0
0.046148,0.032864,0.035074,0,0,0,0,0,0,0,0,0,0,0,0
0.04436,0.033096,0.032665,0,0,0,0,0,0,0,0,0,0,0,0
0.05305,0.032987,0.035376,0,0,0,0,0,0,0,0,0,0,0,0
0.054347,0.033093,0.032728,0,0,0,0,0,0,0,0,0,0,0,0
0.04194,0.03251,0.036374,0,0,0,0,0,0,0,0,0,0,0,0
0.049395,0.032761,0.03422,0,0,0,0,0,0,0,0,0,0,0,0
0.046338,0.033349,0.03792,0,0,0,0,0,0,0,0,0,0,0,0
0.044626,0.033451,0.032234,0,0,0,0,0,0,0,0,0,0,0,0
0.04638,0.033508,0.037346,0,0,0,0,0,0,0,0,0,0,0,0
0.042666,0.034355,0.036963,0,0,0,0,0,0,0,0,0,0,0,0
0.044541,0.034878,0.032513,0,0,0,0,0,0,0,0,0,0,0,0
0.044635,0.042414,0.032037,0,0,0,0,0,0,0,0,0,0,0,0
0.042113,0.034012,0.037616,0,0,0,0,0,0,0,0,0,0,0,0
0.043929,0.033441,0.034803,0,0,0,0,0,0,0,0,0,0,0,0
0.047174,0.032533,0.032887,0,0,0,0,0,0,0,0,0,0,0,0
0.051269,0.032681,0.035656,0,0,0,0,0,0,0,0,0,0,0,0
0.05286,0.032918,0.032649,0,0,0,0,0,0,0,0,0,0,0,0
0.07826,0.033352,0.036919,0,0,0,0,0,0,0,0,0,0,0,0
0.048778,0.033421,0.033109,0,0,0,0,0,0,0,0,0,0,0,0
0.048327,0.033025,0.035948,0,0,0,0,0,0,0,0,0,0,0,0
0.043539,0.032739,0.032616,0,0,0,0,0,0,0,0,0,0,0,0
0.052565,0.033143,0.037133,0,0,0,0,0,0,0,0,0,0,0,0
0.045959,0.032417,0.033584,0,0,0,0,0,0,0,0,0,0,0,0
0.051444,0.032444,0.037,0,0,0,0,0,0,0,0,0,0,0,0
0.04955,0.032474,0.032045,0,0,0,0,0,0,0,0,0,0,0,0
0.043152,0.032799,0.035336,0,0,0,0,0,0,0,0,0,0,0,0
0.049728,0.032677,0.031793,0,0,0,0,0,0,0,0,0,0,0,0
0.050088,0.032563,0.035083,0,0,0,0,0,0,0,0,0,0,0,0
0.049742,0.033563,0.033883,0,0,0,0,0,0,0,0,0,0,0,0
0.05012,0.032885,0.033499,0,0,0,0,0,0,0,0,0,0,0,0
0.039695,0.033289,0.034473,0,0,0,0,0,0,0,0,0,0,0,0
0.043941,0.033358,0.03316,0,0,0,0,0,0,0,0,0,0,0,0
0.04944,0.033091,0.03593,0,0,0,0,0,0,0,0,0,0,0,0
0.047099,0.03307,0.033047,0,0,0,0,0,0,0,0,0,0,0,0
0.051905,0.032823,0.033699,0,0,0,0,0,0,0,0,0,0,0,0
0.045471,0.0326,0.036277,0,0,0,0,0,0,0,0,0,0,0,0
0.04929,0.032963,0.036031,0,0,0,0,0,0,0,0,0,0,0,0
0.054556,0.032815,0.032671,0,0,0,0,0,0,0,0,0,0,0,0
0.047803,0.03279,0.034404,0,0,0,0,0,0,0,0,0,0,0,0
0.047238,0.033136,0.037708,0,0,0,0,0,0,0,0,0,0,0,0
0.044625,0.033109,0.032696,0,0,0,0,0,0,0,0,0,0,0,0
0.049137,0.032998,0.033269,0,0,0,0,0,0,0,0,0,0,0,0
0.04381,0.033033,0.033312,0,0,0,0,0,0,0,0,0,0,0,0
0.074635,0.034445,0.032952,0,0,0,0,0,0,0,0,0,0,0,0
0.052067,0.033084,0.03324,0,0,0,0,0,0,0,0,0,0,0,0
0.046775,0.033557,0.033291,0,0,0,0,0,0,0,0,0,0,0,0
0.04787,0.033452,0.033199,0,0,0,0,0,0,0,0,0,0,0,0
0.042562,0.033482,0.033521,0,0,0,0,0,0,0,0,0,0,0,0
0.047602,0.033268,0.036147,0,0,0,0,0,0,0,0,0,0,0,0
0.046366,0.032737,0.033233,0,0,0,0,0,0,0,0,0,0,0,0
0.05163,0.033929,0.03691,0,0,0,0,0,0,0,0,0,0,0,0
0.051553,0.034284,0.034566,0,0,0,0,0,0,0,0,0,0,0,0
0.051521,0.03313,0.037427,0,0,0,0,0,0,0,0,0,0,0,0
0.051661,0.034995,0.035632,0,0,0,0,0,0,0,0,0,0,0,0
0.047,0.033377,0.037429,0,0,0,0,0,0,0,0,0,0,0,0
0.047624,0.03477,0.036382,0,0,0,0,0,0,0,0,0,0,0,0
0.050234,0.033183,0.035149,0,0,0,0,0,0,0,0,0,0,0,0
0.046181,0.034765,0.033873,0,0,0,0,0,0,0,0,0,0,0,0
0.045898,0.035222,0.033922,0,0,0,0,0,0,0,0,0,0,0,0
0.051652,0.035339,0.034862,0,0,0,0,0,0,0,0,0,0,0,0
0.055643,0.035971,0.035389,0,0,0,0,0,0,0,0,0,0,0,0
0.044516,0.035142,0.03501,0,0,0,0,0,0,0,0,0,0,0,0
0.050089,0.035167,0.035123,0,0,0,0,0,0,0,0,0,0,0,0
0.052915,0.033478,0.03425,0,0,0,0,0,0,0,0,0,0,0,0
0.05478,0.033834,0.034043,0,0,0,0,0,0,0,0,0,0,0,0
0.043655,0.03414,0.032848,0,0,0,0,0,0,0,0,0,0,0,0
0.049732,0.033835,0.03313,0,0,0,0,0,0,0,0,0,0,0,0
0.054227,0.034566,0.033028,0,0,0,0,0,0,0,0,0,0,0,0
0.054353,0.036111,0.03321,0,0,0,0,0,0,0,0,0,0,0,0
0.049313,0.035386,0.032833,0,0,0,0,0,0,0,0,0,0,0,0
0.053344,0.040272,0.03403,0,0,0,0,0,0,0,0,0,0,0,0
0.039922,0.038808,0.033906,0,0,0,0,0,0,0,0,0,0,0,0
0.047274,0.033779,0.032891,0,0,0,0,0,0,0,0,0,0,0,0
0.050851,0.037746,0.034219,0,0,0,0,0,0,0,0,0,0,0,0
0.049119,0.033255,0.03312,0,0,0,0,0,0,0,0,0,0,0,0
0.047031,0.037696,0.033594,0,0,0,0,0,0,0,0,0,0,0,0
0.056176,0.033197,0.032862,0,0,0,0,0,0,0,0,0,0,0,0
0.048763,0.038623,0.033866,0,0,0,0,0,0,0,0,0,0,0,0
0.052809,0.036241,0.033597,0,0,0,0,0,0,0,0,0,0,0,0
0.048252,0.035852,0.033234,0,0,0,0,0,0,0,0,0,0,0,0
0.052255,0.035999,0.033764,0,0,0,0,0,0,0,0,0,0,0,0
0.049878,0.033248,0.033459,0,0,0,0,0,0,0,0,0,0,0,0
0.049394,0.036845,0.039113,0,0,0,0,0,0,0,0,0,0,0,0
0.043369,0.036305,0.032987,0,0,0,0,0,0,0,0,0,0,0,0
0.038579,0.033375,0.033901,0,0,0,0,0,0,0,0,0,0,0,0
NaN,NaN,NaN,0,0,0,0,0,0,0,0,0,0,0,0
NaN,NaN,NaN,0,0,0,0,0,0,0,0,0,0,0,0
NaN,NaN,NaN,0,0,0,0,0,0,0,0,0,0,0,0
NaN,NaN,NaN,0,0,0,0,0,0,0,0,0,0,0,0
9.3e-05,6.9e-05,6.1e-05,0,0,0,0,0,0,0,0,0,0,0,0
0.17574,0.13553,0.12428,0,0,0,0,0,0,0,0,0,0,0,0
0.047191,0.037616,0.032727,0,0,0,0,0,0,0,0,0,0,0,0
0.043476,0.039201,0.032884,0,0,0,0,0,0,0,0,0,0,0,0
0.044491,0.039027,0.032374,0,0,0,0,0,0,0,0,0,0,0,0
0.047052,0.036233,0.033801,0,0,0,0,0,0,0,0,0,0,0,0
0.049529,0.048615,0.033001,0,0,0,0,0,0,0,0,0,0,0,0
0.04116,0.041523,0.03266,0,0,0,0,0,0,0,0,0,0,0,0
0.04341,0.033322,0.033209,0,0,0,0,0,0,0,0,0,0,0,0
0.045891,0.0335,0.032621,0,0,0,0,0,0,0,0,0,0,0,0
0.043683,0.033689,0.032898,0,0,0,0,0,0,0,0,0,0,0,0
0.038721,0.033433,0.033814,0,0,0,0,0,0,0,0,0,0,0,0
0.049411,0.033427,0.033968,0,0,0,0,0,0,0,0,0,0,0,0
0.042636,0.03369,0.036381,0,0,0,0,0,0,0,0,0,0,0,0
0.05056,0.033723,0.033699,0,0,0,0,0,0,0,0,0,0,0,0
0.043008,0.033345,0.037526,0,0,0,0,0,0,0,0,0,0,0,0
0.046254,0.03389,0.033749,0,0,0,0,0,0,0,0,0,0,0,0
0.046757,0.033426,0.037008,0,0,0,0,0,0,0,0,0,0,0,0
0.051253,0.034279,0.035267,0,0,0,0,0,0,0,0,0,0,0,0
0.042608,0.034027,0.037913,0,0,0,0,0,0,0,0,0,0,0,0
0.05341,0.033347,0.034552,0,0,0,0,0,0,0,0,0,0,0,0
0.048321,0.034112,0.040846,0,0,0,0,0,0,0,0,0,0,0,0
0.054581,0.033177,0.034236,0,0,0,0,0,0,0,0,0,0,0,0
0.08919,0.032985,0.039206,0,0,0,0,0,0,0,0,0,0,0,0
0.065129,0.033276,0.038931,0,0,0,0,0,0,0,0,0,0,0,0
0.083555,0.033596,0.034187,0,0,0,0,0,0,0,0,0,0,0,0
0.052107,0.035186,0.038527,0,0,0,0,0,0,0,0,0,0,0,0
0.055711,0.033068,0.036715,0,0,0,0,0,0,0,0,0,0,0,0
0.042377,0.033178,0.033388,0,0,0,0,0,0,0,0,0,0,0,0
0.04265,0.033044,0.036538,0,0,0,0,0,0,0,0,0,0,0,0
0.040256,0.033331,0.033869,0,0,0,0,0,0,0,0,0,0,0,0
0.040761,0.034361,0.037894,0,0,0,0,0,0,0,0,0,0,0,0
0.047167,0.033438,0.032833,0,0,0,0,0,0,0,0,0,0,0,0
0.049881,0.033376,0.037447,0,0,0,0,0,0,0,0,0,0,0,0
0.043508,0.03413,0.033562,0,0,0,0,0,0,0,0,0,0,0,0
0.046601,0.03478,0.037934,0,0,0,0,0,0,0,0,0,0,0,0
0.073341,0.034175,0.033666,0,0,0,0,0,0,0,0,0,0,0,0
0.050377,0.034879,0.038975,0,0,0,0,0,0,0,0,0,0,0,0
0.045989,0.034434,0.0386,0,0,0,0,0,0,0,0,0,0,0,0
0.047183,0.034037,0.033344,0,0,0,0,0,0,0,0,0,0,0,0
0.050365,0.033126,0.03747,0,0,0,0,0,0,0,0,0,0,0,0
0.048293,0.034334,0.034554,0,0,0,0,0,0,0,0,0,0,0,0
0.043293,0.034074,0.037454,0,0,0,0,0,0,0,0,0,0,0,0
0.049228,0.034779,0.034194,0,0,0,0,0,0,0,0,0,0,0,0
0.0474,0.034923,0.034027,0,0,0,0,0,0,0,0,0,0,0,0
0.056028,0.03468,0.033761,0,0,0,0,0,0,0,0,0,0,0,0
0.042847,0.035164,0.034449,0,0,0,0,0,0,0,0,0,0,0,0
0.048739,0.034036,0.033717,0,0,0,0,0,0,0,0,0,0,0,0
0.049301,0.034452,0.034836,0,0,0,0,0,0,0,0,0,0,0,0
0.051235,0.035277,0.03509,0,0,0,0,0,0,0,0,0,0,0,0
0.052383,0.035231,0.039907,0,0,0,0,0,0,0,0,0,0,0,0
0.049361,0.035544,0.037705,0,0,0,0,0,0,0,0,0,0,0,0
0.04555,0.035471,0.034291,0,0,0,0,0,0,0,0,0,0,0,0
0.045328,0.042969,0.034734,0,0,0,0,0,0,0,0,0,0,0,0
0.045645,0.039501,0.034139,0,0,0,0,0,0,0,0,0,0,0,0
0.048546,0.038791,0.03533,0,0,0,0,0,0,0,0,0,0,0,0
0.045965,0.035945,0.035043,0,0,0,0,0,0,0,0,0,0,0,0
0.049132,0.036821,0.034599,0,0,0,0,0,0,0,0,0,0,0,0
0.05349,0.036403,0.035999,0,0,0,0,0,0,0,0,0,0,0,0
0.050872,0.037444,0.035057,0,0,0,0,0,0,0,0,0,0,0,0
0.049734,0.040674,0.034311,0,0,0,0,0,0,0,0,0,0,0,0
0.051503,0.037006,0.03647,0,0,0,0,0,0,0,0,0,0,0,0
0.048625,0.039948,0.035176,0,0,0,0,0,0,0,0,0,0,0,0
0.047268,0.035617,0.034328,0,0,0,0,0,0,0,0,0,0,0,0
0.049652,0.036476,0.035125,0,0,0,0,0,0,0,0,0,0,0,0
0.03528,0.034594,0.035454,0,0,0,0,0,0,0,0,0,0,0,0
0.04091,0.035238,0.034666,0,0,0,0,0,0,0,0,0,0,0,0
0.042797,0.03539,0.034577,0,0,0,0,0,0,0,0,0,0,0,0
0.042433,0.036983,0.034484,0,0,0,0,0,0,0,0,0,0,0,0
0.045444,0.035365,0.035442,0,0,0,0,0,0,0,0,0,0,0,0
0.045463,0.035255,0.035284,0,0,0,0,0,0,0,0,0,0,0,0
0.039749,0.03456,0.034319,0,0,0,0,0,0,0,0,0,0,0,0
0.055476,0.035094,0.034951,0,0,0,0,0,0,0,0,0,0,0,0
0.051753,0.03741,0.035118,0,0,0,0,0,0,0,0,0,0,0,0
0.083206,0.038459,0.036714,0,0,0,0,0,0,0,0,0,0,0,0
0.052444,0.0351,0.042298,0,0,0,0,0,0,0,0,0,0,0,0
0.056057,0.039601,0.038572,0,0,0,0,0,0,0,0,0,0,0,0
0.042044,0.034986,0.037427,0,0,0,0,0,0,0,0,0,0,0,0
0.04105,0.034461,0.036444,0,0,0,0,0,0,0,0,0,0,0,0
0.047539,0.035081,0.035282,0,0,0,0,0,0,0,0,0,0,0,0
0.049514,0.035778,0.035333,0,0,0,0,0,0,0,0,0,0,0,0
0.042171,0.034609,0.035192,0,0,0,0,0,0,0,0,0,0,0,0
0.045205,0.034996,0.035669,0,0,0,0,0,0,0,0,0,0,0,0
0.053304,0.035532,0.034494,0,0,0,0,0,0,0,0,0,0,0,0
0.046149,0.034498,0.034083,0,0,0,0,0,0,0,0,0,0,0,0
0.055518,0.034539,0.034862,0,0,0,0,0,0,0,0,0,0,0,0
0.0746,0.034524,0.03413,0,0,0,0,0,0,0,0,0,0,0,0
0.043611,0.036014,0.040537,0,0,0,0,0,0,0,0,0,0,0,0
0.047829,0.034821,0.035169,0,0,0,0,0,0,0,0,0,0,0,0
0.04709,0.036486,0.035215,0,0,0,0,0,0,0,0,0,0,0,0
0.042607,0.035973,0.034548,0,0,0,0,0,0,0,0,0,0,0,0
0.043383,0.04573,0.036617,0,0,0,0,0,0,0,0,0,0,0,0
0.047641,0.041344,0.035446,0,0,0,0,0,0,0,0,0,0,0,0
0.050168,0.043765,0.035089,0,0,0,0,0,0,0,0,0,0,0,0
0.046161,0.039703,0.034846,0,0,0,0,0,0,0,0,0,0,0,0
0.046709,0.041269,0.03524,0,0,0,0,0,0,0,0,0,0,0,0
0.053651,0.038173,0.034934,0,0,0,0,0,0,0,0,0,0,0,0
0.044822,0.044763,0.035418,0,0,0,0,0,0,0,0,0,0,0,0
0.046578,0.03807,0.03554,0,0,0,0,0,0,0,0,0,0,0,0
0.052471,0.040771,0.035265,0,0,0,0,0,0,0,0,0,0,0,0
0.050282,0.040797,0.035154,0,0,0,0,0,0,0,0,0,0,0,0
0.05039,0.039898,0.035485,0,0,0,0,0,0,0,0,0,0,0,0
0.049174,0.043458,0.036284,0,0,0,0,0,0,0,0,0,0,0,0
0.048795,0.041353,0.03507,0,0,0,0,0,0,0,0,0,0,0,0
0.046067,0.037842,0.034943,0,0,0,0,0,0,0,0,0,0,0,0
0.046702,0.040388,0.036168,0,0,0,0,0,0,0,0,0,0,0,0
0.052718,0.037186,0.035248,0,0,0,0,0,0,0,0,0,0,0,0
0.046156,0.042244,0.035027,0,0,0,0,0,0,0,0,0,0,0,0
0.049586,0.041252,0.044143,0,0,0,0,0,0,0,0,0,0,0,0
0.047668,0.038894,0.035211,0,0,0,0,0,0,0,0,0,0,0,0
0.054299,0.04434,0.04215,0,0,0,0,0,0,0,0,0,0,0,0
0.047552,0.039001,0.041277,0,0,0,0,0,0,0,0,0,0,0,0
0.047809,0.046143,0.035728,0,0,0,0,0,0,0,0,0,0,0,0
0.053139,0.043291,0.035066,0,0,0,0,0,0,0,0,0,0,0,0
0.051898,0.044028,0.034855,0,0,0,0,0,0,0,0,0,0,0,0
0.04357,0.044975,0.035359,0,0,0,0,0,0,0,0,0,0,0,0
0.046181,0.050929,0.034545,0,0,0,0,0,0,0,0,0,0,0,0
0.053596,0.036376,0.035783,0,0,0,0,0,0,0,0,0,0,0,0
0.047372,0.035371,0.034252,0,0,0,0,0,0,0,0,0,0,0,0
0.064839,0.036972,0.035975,0,0,0,0,0,0,0,0,0,0,0,0
0.053998,0.036138,0.035283,0,0,0,0,0,0,0,0,0,0,0,0
0.055816,0.036778,0.034812,0,0,0,0,0,0,0,0,0,0,0,0
0.05063,0.040415,0.034734,0,0,0,0,0,0,0,0,0,0,0,0
0.047025,0.039485,0.034875,0,0,0,0,0,0,0,0,0,0,0,0
0.048867,0.035393,0.035833,0,0,0,0,0,0,0,0,0,0,0,0
0.078759,0.039929,0.036702,0,0,0,0,0,0,0,0,0,0,0,0
0.053987,0.035056,0.037674,0,0,0,0,0,0,0,0,0,0,0,0
0.0473,0.036789,0.035948,0,0,0,0,0,0,0,0,0,0,0,0
0.045993,0.03523,0.041405,0,0,0,0,0,0,0,0,0,0,0,0
0.05409,0.035513,0.038321,0,0,0,0,0,0,0,0,0,0,0,0
0.052418,0.036543,0.042458,0,0,0,0,0,0,0,0,0,0,0,0
0.046052,0.036471,0.037747,0,0,0,0,0,0,0,0,0,0,0,0
0.044555,0.037787,0.03627,0,0,0,0,0,0,0,0,0,0,0,0
0.05248,0.036088,0.037505,0,0,0,0,0,0,0,0,0,0,0,0
0.049982,0.036384,0.035623,0,0,0,0,0,0,0,0,0,0,0,0
0.051601,0.035394,0.037332,0,0,0,0,0,0,0,0,0,0,0,0
0.067676,0.035855,0.035777,0,0,0,0,0,0,0,0,0,0,0,0
0.060994,0.036289,0.039486,0,0,0,0,0,0,0,0,0,0,0,0
0.052967,0.035857,0.038775,0,0,0,0,0,0,0,0,0,0,0,0
0.050181,0.037147,0.035629,0,0,0,0,0,0,0,0,0,0,0,0
0.050404,0.038114,0.039399,0,0,0,0,0,0,0,0,0,0,0,0
0.071518,0.037054,0.0372,0,0,0,0,0,0,0,0,0,0,0,0
0.048607,0.035643,0.038541,0,0,0,0,0,0,0,0,0,0,0,0
0.051762,0.036234,0.035718,0,0,0,0,0,0,0,0,0,0,0,0
0.048089,0.035752,0.038588,0,0,0,0,0,0,0,0,0,0,0,0
0.046141,0.03608,0.03913,0,0,0,0,0,0,0,0,0,0,0,0
0.048096,0.03592,0.037531,0,0,0,0,0,0,0,0,0,0,0,0
0.047431,0.034991,0.036869,0,0,0,0,0,0,0,0,0,0,0,0
0.047892,0.034724,0.034377,0,0,0,0,0,0,0,0,0,0,0,0
0.05665,0.0354,0.03475,0,0,0,0,0,0,0,0,0,0,0,0
0.048404,0.034839,0.034841,0,0,0,0,0,0,0,0,0,0,0,0
0.045916,0.03446,0.035596,0,0,0,0,0,0,0,0,0,0,0,0
0.055508,0.035922,0.035963,0,0,0,0,0,0,0,0,0,0,0,0
0.053387,0.035686,0.034958,0,0,0,0,0,0,0,0,0,0,0,0
0.051212,0.035423,0.034744,0,0,0,0,0,0,0,0,0,0,0,0
0.047636,0.03532,0.035723,0,0,0,0,0,0,0,0,0,0,0,0
0.058661,0.034477,0.034828,0,0,0,0,0,0,0,0,0,0,0,0
0.065808,0.034562,0.034636,0,0,0,0,0,0,0,0,0,0,0,0
0.046144,0.034792,0.034144,0,0,0,0,0,0,0,0,0,0,0,0
0.046892,0.035208,0.03452,0,0,0,0,0,0,0,0,0,0,0,0
0.053369,0.035092,0.03905,0,0,0,0,0,0,0,0,0,0,0,0
0.052419,0.040677,0.03781,0,0,0,0,0,0,0,0,0,0,0,0
0.046836,0.03535,0.035021,0,0,0,0,0,0,0,0,0,0,0,0
0.043413,0.039166,0.036915,0,0,0,0,0,0,0,0,0,0,0,0
0.045541,0.042426,0.03429,0,0,0,0,0,0,0,0,0,0,0,0
0.050141,0.035321,0.036832,0,0,0,0,0,0,0,0,0,0,0,0
0.047698,0.037341,0.033392,0,0,0,0,0,0,0,0,0,0,0,0
0.04374,0.03577,0.043024,0,0,0,0,0,0,0,0,0,0,0,0
0.052577,0.03659,0.036769,0,0,0,0,0,0,0,0,0,0,0,0
0.058311,0.036685,0.033887,0,0,0,0,0,0,0,0,0,0,0,0
0.046038,0.046519,0.035832,0,0,0,0,0,0,0,0,0,0,0,0
0.046721,0.046297,0.0346,0,0,0,0,0,0,0,0,0,0,0,0
0.04473,0.037574,0.035915,0,0,0,0,0,0,0,0,0,0,0,0
0.051785,0.035258,0.033838,0,0,0,0,0,0,0,0,0,0,0,0
0.046658,0.03795,0.035467,0,0,0,0,0,0,0,0,0,0,0,0
0.048718,0.037987,0.034649,0,0,0,0,0,0,0,0,0,0,0,0
0.05217,0.034909,0.036852,0,0,0,0,0,0,0,0,0,0,0,0
0.046927,0.038328,0.034086,0,0,0,0,0,0,0,0,0,0,0,0
0.055924,0.036213,0.035765,0,0,0,0,0,0,0,0,0,0,0,0
0.052161,0.040356,0.037996,0,0,0,0,0,0,0,0,0,0,0,0
0.053762,0.034938,0.037243,0,0,0,0,0,0,0,0,0,0,0,0
0.054679,0.035327,0.036106,0,0,0,0,0,0,0,0,0,0,0,0
0.046957,0.034897,0.038518,0,0,0,0,0,0,0,0,0,0,0,0
0.049783,0.035513,0.035656,0,0,0,0,0,0,0,0,0,0,0,0
0.056676,0.036233,0.036907,0,0,0,0,0,0,0,0,0,0,0,0
0.047693,0.038823,0.034269,0,0,0,0,0,0,0,0,0,0,0,0
0.046971,0.035464,0.034065,0,0,0,0,0,0,0,0,0,0,0,0
0.057822,0.036563,0.033543,0,0,0,0,0,0,0,0,0,0,0,0
0.049664,0.035418,0.034411,0,0,0,0,0,0,0,0,0,0,0,0
0.053811,0.038425,0.035421,0,0,0,0,0,0,0,0,0,0,0,0
0.053448,0.036003,0.034005,0,0,0,0,0,0,0,0,0,0,0,0
0.04948,0.036688,0.034068,0,0,0,0,0,0,0,0,0,0,0,0
0.051671,0.03763,0.034007,0,0,0,0,0,0,0,0,0,0,0,0
0.045966,0.043067,0.034751,0,0,0,0,0,0,0,0,0,0,0,0
0.050927,0.035455,0.033834,0,0,0,0,0,0,0,0,0,0,0,0
0.055161,0.038489,0.034274,0,0,0,0,0,0,0,0,0,0,0,0
0.049568,0.035718,0.033765,0,0,0,0,0,0,0,0,0,0,0,0
0.051867,0.040495,0.034012,0,0,0,0,0,0,0,0,0,0,0,0
0.063512,0.0356,0.033291,0,0,0,0,0,0,0,0,0,0,0,0
0.053041,0.034893,0.033974,0,0,0,0,0,0,0,0,0,0,0,0
0.057615,0.035646,0.033777,0,0,0,0,0,0,0,0,0,0,0,0
0.049118,0.034678,0.033442,0,0,0,0,0,0,0,0,0,0,0,0
0.047369,0.03531,0.033751,0,0,0,0,0,0,0,0,0,0,0,0
0.046154,0.038065,0.033905,0,0,0,0,0,0,0,0,0,0,0,0
0.051083,0.037786,0.033667,0,0,0,0,0,0,0,0,0,0,0,0
0.046029,0.03516,0.033263,0,0,0,0,0,0,0,0,0,0,0,0
0.058935,0.034816,0.033614,0,0,0,0,0,0,0,0,0,0,0,0
0.057402,0.035262,0.034244,0,0,0,0,0,0,0,0,0,0,0,0
0.039519,0.035306,0.033936,0,0,0,0,0,0,0,0,0,0,0,0
0.051041,0.03482,0.034052,0,0,0,0,0,0,0,0,0,0,0,0
0.048003,0.035085,0.034458,0,0,0,0,0,0,0,0,0,0,0,0
0.050717,0.03539,0.034096,0,0,0,0,0,0,0,0,0,0,0,0
0.041932,0.034831,0.033566,0,0,0,0,0,0,0,0,0,0,0,0
0.051021,0.034296,0.034058,0,0,0,0,0,0,0,0,0,0,0,0
0.052056,0.034674,0.034642,0,0,0,0,0,0,0,0,0,0,0,0
0.04875,0.034843,0.033989,0,0,0,0,0,0,0,0,0,0,0,0
0.05443,0.03554,0.034495,0,0,0,0,0,0,0,0,0,0,0,0
0.046471,0.035158,0.034582,0,0,0,0,0,0,0,0,0,0,0,0
0.048071,0.036257,0.035734,0,0,0,0,0,0,0,0,0,0,0,0
0.044955,0.034968,0.034286,0,0,0,0,0,0,0,0,0,0,0,0
0.052172,0.034597,0.033769,0,0,0,0,0,0,0,0,0,0,0,0
0.053801,0.035374,0.035413,0,0,0,0,0,0,0,0,0,0,0,0
0.056638,0.035834,0.034371,0,0,0,0,0,0,0,0,0,0,0,0
0.04889,0.037252,0.035832,0,0,0,0,0,0,0,0,0,0,0,0
0.064784,0.044429,0.035399,0,0,0,0,0,0,0,0,0,0,0,0
0.047319,0.037212,0.036019,0,0,0,0,0,0,0,0,0,0,0,0
0.052922,0.044859,0.035348,0,0,0,0,0,0,0,0,0,0,0,0
0.047234,0.038083,0.034376,0,0,0,0,0,0,0,0,0,0,0,0
0.049444,0.037707,0.036422,0,0,0,0,0,0,0,0,0,0,0,0
0.053597,0.036183,0.035605,0,0,0,0,0,0,0,0,0,0,0,0
0.048661,0.036698,0.035879,0,0,0,0,0,0,0,0,0,0,0,0
0.052619,0.036491,0.035238,0,0,0,0,0,0,0,0,0,0,0,0
0.10052,0.036261,0.034978,0,0,0,0,0,0,0,0,0,0,0,0
0.061671,0.035542,0.034358,0,0,0,0,0,0,0,0,0,0,0,0
0.048098,0.03713,0.035426,0,0,0,0,0,0,0,0,0,0,0,0
0.059176,0.035459,0.035994,0,0,0,0,0,0,0,0,0,0,0,0
0.057872,0.03882,0.035787,0,0,0,0,0,0,0,0,0,0,0,0
0.041337,0.040002,0.036114,0,0,0,0,0,0,0,0,0,0,0,0
0.050696,0.039754,0.036951,0,0,0,0,0,0,0,0,0,0,0,0
0.048174,0.036759,0.037645,0,0,0,0,0,0,0,0,0,0,0,0
0.04213,0.040657,0.03854,0,0,0,0,0,0,0,0,0,0,0,0
0.043233,0.035261,0.036201,0,0,0,0,0,0,0,0,0,0,0,0
0.051531,0.041306,0.03741,0,0,0,0,0,0,0,0,0,0,0,0
0.045713,0.037699,0.035228,0,0,0,0,0,0,0,0,0,0,0,0
0.045892,0.038903,0.035576,0,0,0,0,0,0,0,0,0,0,0,0
0.054733,0.041571,0.03568,0,0,0,0,0,0,0,0,0,0,0,0
0.047188,0.036623,0.035409,0,0,0,0,0,0,0,0,0,0,0,0
0.046113,0.040988,0.035656,0,0,0,0,0,0,0,0,0,0,0,0
0.044919,0.038407,0.03485,0,0,0,0,0,0,0,0,0,0,0,0
0.044945,0.036339,0.036585,0,0,0,0,0,0,0,0,0,0,0,0
0.043423,0.036845,0.034708,0,0,0,0,0,0,0,0,0,0,0,0
0.049738,0.039122,0.034324,0,0,0,0,0,0,0,0,0,0,0,0
0.052949,0.037401,0.034631,0,0,0,0,0,0,0,0,0,0,0,0
0.047547,0.037767,0.034837,0,0,0,0,0,0,0,0,0,0,0,0
0.045551,0.039587,0.034534,0,0,0,0,0,0,0,0,0,0,0,0
0.047999,0.038172,0.034724,0,0,0,0,0,0,0,0,0,0,0,0
0.064082,0.038198,0.034597,0,0,0,0,0,0,0,0,0,0,0,0
0.044118,0.039411,0.03532,0,0,0,0,0,0,0,0,0,0,0,0
0.05846,0.038846,0.035266,0,0,0,0,0,0,0,0,0,0,0,0
0.054124,0.039527,0.036022,0,0,0,0,0,0,0,0,0,0,0,0
0.052032,0.040431,0.035354,0,0,0,0,0,0,0,0,0,0,0,0
0.057437,0.039268,0.036078,0,0,0,0,0,0,0,0,0,0,0,0
0.048947,0.048066,0.035157,0,0,0,0,0,0,0,0,0,0,0,0
0.055371,0.038567,0.036598,0,0,0,0,0,0,0,0,0,0,0,0
0.045163,0.041892,0.035644,0,0,0,0,0,0,0,0,0,0,0,0
0.049924,0.040746,0.036666,0,0,0,0,0,0,0,0,0,0,0,0
0.048148,0.042105,0.035919,0,0,0,0,0,0,0,0,0,0,0,0
0.051525,0.039037,0.03459,0,0,0,0,0,0,0,0,0,0,0,0
0.047548,0.038992,0.035687,0,0,0,0,0,0,0,0,0,0,0,0
0.056355,0.039991,0.035656,0,0,0,0,0,0,0,0,0,0,0,0
0.045513,0.044801,0.034919,0,0,0,0,0,0,0,0,0,0,0,0
0.051073,0.0449,0.034564,0,0,0,0,0,0,0,0,0,0,0,0
0.048999,0.03556,0.034246,0,0,0,0,0,0,0,0,0,0,0,0
0.054621,0.036052,0.034701,0,0,0,0,0,0,0,0,0,0,0,0
0.046491,0.036799,0.036167,0,0,0,0,0,0,0,0,0,0,0,0
0.046545,0.035942,0.035091,0,0,0,0,0,0,0,0,0,0,0,0
0.047371,0.035555,0.03503,0,0,0,0,0,0,0,0,0,0,0,0
0.045994,0.035822,0.036022,0,0,0,0,0,0,0,0,0,0,0,0
0.045454,0.035767,0.034917,0,0,0,0,0,0,0,0,0,0,0,0
0.053912,0.035651,0.03511,0,0,0,0,0,0,0,0,0,0,0,0
0.049962,0.035794,0.03477,0,0,0,0,0,0,0,0,0,0,0,0
0.043155,0.036083,0.03502,0,0,0,0,0,0,0,0,0,0,0,0
0.050396,0.03695,0.034556,0,0,0,0,0,0,0,0,0,0,0,0
0.04375,0.038397,0.034097,0,0,0,0,0,0,0,0,0,0,0,0
0.050604,0.038931,0.034645,0,0,0,0,0,0,0,0,0,0,0,0
0.045128,0.036063,0.035058,0,0,0,0,0,0,0,0,0,0,0,0
0.048026,0.038666,0.035333,0,0,0,0,0,0,0,0,0,0,0,0
0.054837,0.038775,0.034618,0,0,0,0,0,0,0,0,0,0,0,0
0.043785,0.040239,0.035633,0,0,0,0,0,0,0,0,0,0,0,0
0.053151,0.039356,0.035645,0,0,0,0,0,0,0,0,0,0,0,0
0.049007,0.041329,0.036579,0,0,0,0,0,0,0,0,0,0,0,0
0.064038,0.038282,0.03703,0,0,0,0,0,0,0,0,0,0,0,0
0.049967,0.035832,0.036936,0,0,0,0,0,0,0,0,0,0,0,0
0.041802,0.035391,0.04199,0,0,0,0,0,0,0,0,0,0,0,0
0.055184,0.036397,0.041831,0,0,0,0,0,0,0,0,0,0,0,0
0.056,0.036486,0.04245,0,0,0,0,0,0,0,0,0,0,0,0
0.049652,0.035033,0.039713,0,0,0,0,0,0,0,0,0,0,0,0
0.049496,0.035936,0.034733,0,0,0,0,0,0,0,0,0,0,0,0
0.062117,0.036736,0.035734,0,0,0,0,0,0,0,0,0,0,0,0
0.04512,0.034664,0.033842,0,0,0,0,0,0,0,0,0,0,0,0
0.046604,0.036549,0.035711,0,0,0,0,0,0,0,0,0,0,0,0
0.043472,0.035028,0.03439,0,0,0,0,0,0,0,0,0,0,0,0
0.056665,0.034341,0.033568,0,0,0,0,0,0,0,0,0,0,0,0
0.041941,0.034903,0.034017,0,0,0,0,0,0,0,0,0,0,0,0
0.049721,0.035852,0.036582,0,0,0,0,0,0,0,0,0,0,0,0
0.041838,0.034677,0.033949,0,0,0,0,0,0,0,0,0,0,0,0
0.051911,0.034115,0.033297,0,0,0,0,0,0,0,0,0,0,0,0
0.051466,0.035053,0.034433,0,0,0,0,0,0,0,0,0,0,0,0
0.047977,0.033621,0.033544,0,0,0,0,0,0,0,0,0,0,0,0
0.052181,0.033236,0.032824,0,0,0,0,0,0,0,0,0,0,0,0
0.051062,0.033499,0.032728,0,0,0,0,0,0,0,0,0,0,0,0
0.051081,0.033854,0.033054,0,0,0,0,0,0,0,0,0,0,0,0
0.047076,0.03398,0.032974,0,0,0,0,0,0,0,0,0,0,0,0
0.048464,0.036047,0.037379,0,0,0,0,0,0,0,0,0,0,0,0
0.052472,0.034477,0.033711,0,0,0,0,0,0,0,0,0,0,0,0
0.042435,0.033749,0.035732,0,0,0,0,0,0,0,0,0,0,0,0
0.043433,0.034618,0.032851,0,0,0,0,0,0,0,0,0,0,0,0
0.055266,0.034603,0.036948,0,0,0,0,0,0,0,0,0,0,0,0
0.059513,0.035159,0.03431,0,0,0,0,0,0,0,0,0,0,0,0
0.047382,0.034952,0.037393,0,0,0,0,0,0,0,0,0,0,0,0
0.051122,0.038308,0.034766,0,0,0,0,0,0,0,0,0,0,0,0
0.054029,0.039103,0.038029,0,0,0,0,0,0,0,0,0,0,0,0
0.046051,0.041057,0.035511,0,0,0,0,0,0,0,0,0,0,0,0
0.05032,0.035837,0.035808,0,0,0,0,0,0,0,0,0,0,0,0
0.050039,0.034646,0.034373,0,0,0,0,0,0,0,0,0,0,0,0
0.064862,0.034494,0.03583,0,0,0,0,0,0,0,0,0,0,0,0
0.050647,0.035623,0.037891,0,0,0,0,0,0,0,0,0,0,0,0
0.054938,0.035276,0.034683,0,0,0,0,0,0,0,0,0,0,0,0
0.056425,0.034976,0.037758,0,0,0,0,0,0,0,0,0,0,0,0
0.053307,0.034362,0.033581,0,0,0,0,0,0,0,0,0,0,0,0
0.037737,0.034857,0.036354,0,0,0,0,0,0,0,0,0,0,0,0
0.063437,0.034429,0.033261,0,0,0,0,0,0,0,0,0,0,0,0
0.21034,0.034869,0.037265,0,0,0,0,0,0,0,0,0,0,0,0
0.057045,0.038091,0.035548,0,0,0,0,0,0,0,0,0,0,0,0
0.04942,0.039303,0.035178,0,0,0,0,0,0,0,0,0,0,0,0
0.046517,0.038524,0.034128,0,0,0,0,0,0,0,0,0,0,0,0
0.049458,0.039083,0.034691,0,0,0,0,0,0,0,0,0,0,0,0
0.046737,0.040866,0.034,0,0,0,0,0,0,0,0,0,0,0,0
0.050201,0.037992,0.033945,0,0,0,0,0,0,0,0,0,0,0,0
0.045752,0.034795,0.033929,0,0,0,0,0,0,0,0,0,0,0,0
0.044838,0.039398,0.034009,0,0,0,0,0,0,0,0,0,0,0,0
0.045442,0.044791,0.033812,0,0,0,0,0,0,0,0,0,0,0,0
0.049014,0.035636,0.034326,0,0,0,0,0,0,0,0,0,0,0,0
0.058263,0.035594,0.034351,0,0,0,0,0,0,0,0,0,0,0,0
0.068467,0.035473,0.034232,0,0,0,0,0,0,0,0,0,0,0,0
0.042865,0.035548,0.034086,0,0,0,0,0,0,0,0,0,0,0,0
0.046485,0.035534,0.034436,0,0,0,0,0,0,0,0,0,0,0,0
0.054779,0.035823,0.03611,0,0,0,0,0,0,0,0,0,0,0,0
0.052452,0.035436,0.036532,0,0,0,0,0,0,0,0,0,0,0,0
0.053388,0.041645,0.03956,0,0,0,0,0,0,0,0,0,0,0,0
0.050955,0.039838,0.040891,0,0,0,0,0,0,0,0,0,0,0,0
0.052307,0.041408,0.039262,0,0,0,0,0,0,0,0,0,0,0,0
0.049113,0.037974,0.045511,0,0,0,0,0,0,0,0,0,0,0,0
0.048583,0.040209,0.036097,0,0,0,0,0,0,0,0,0,0,0,0
0.055244,0.041291,0.034046,0,0,0,0,0,0,0,0,0,0,0,0
0.050744,0.038774,0.034318,0,0,0,0,0,0,0,0,0,0,0,0
0.051305,0.038215,0.033109,0,0,0,0,0,0,0,0,0,0,0,0
0.047247,0.037695,0.034268,0,0,0,0,0,0,0,0,0,0,0,0
0.053637,0.038271,0.033635,0,0,0,0,0,0,0,0,0,0,0,0
0.049033,0.037642,0.034565,0,0,0,0,0,0,0,0,0,0,0,0
0.040671,0.037098,0.034511,0,0,0,0,0,0,0,0,0,0,0,0
0.042603,0.035572,0.034678,0,0,0,0,0,0,0,0,0,0,0,0
0.042905,0.034858,0.033363,0,0,0,0,0,0,0,0,0,0,0,0
0.051002,0.034549,0.034557,0,0,0,0,0,0,0,0,0,0,0,0
0.048478,0.034634,0.034181,0,0,0,0,0,0,0,0,0,0,0,0
0.04073,0.034733,0.033575,0,0,0,0,0,0,0,0,0,0,0,0
0.04442,0.034556,0.033157,0,0,0,0,0,0,0,0,0,0,0,0
0.078807,0.039326,0.033705,0,0,0,0,0,0,0,0,0,0,0,0
0.052457,0.039574,0.034142,0,0,0,0,0,0,0,0,0,0,0,0
0.054815,0.038917,0.033782,0,0,0,0,0,0,0,0,0,0,0,0
0.047023,0.035021,0.033792,0,0,0,0,0,0,0,0,0,0,0,0
0.04575,0.03541,0.036818,0,0,0,0,0,0,0,0,0,0,0,0
0.051876,0.034883,0.035731,0,0,0,0,0,0,0,0,0,0,0,0
0.045667,0.03503,0.033335,0,0,0,0,0,0,0,0,0,0,0,0
0.041772,0.035583,0.034642,0,0,0,0,0,0,0,0,0,0,0,0
0.055175,0.035216,0.035235,0,0,0,0,0,0,0,0,0,0,0,0
0.051254,0.034531,0.033066,0,0,0,0,0,0,0,0,0,0,0,0
0.040884,0.035029,0.033469,0,0,0,0,0,0,0,0,0,0,0,0
0.041556,0.035732,0.034407,0,0,0,0,0,0,0,0,0,0,0,0
0.045804,0.036528,0.033816,0,0,0,0,0,0,0,0,0,0,0,0
0.04834,0.03734,0.033833,0,0,0,0,0,0,0,0,0,0,0,0
0.051198,0.03635,0.038822,0,0,0,0,0,0,0,0,0,0,0,0
0.042523,0.038195,0.037767,0,0,0,0,0,0,0,0,0,0,0,0
0.050252,0.042668,0.036665,0,0,0,0,0,0,0,0,0,0,0,0
0.041205,0.040323,0.037059,0,0,0,0,0,0,0,0,0,0,0,0
0.046624,0.036425,0.035674,0,0,0,0,0,0,0,0,0,0,0,0
0.046636,0.038278,0.036496,0,0,0,0,0,0,0,0,0,0,0,0
0.045367,0.040657,0.036093,0,0,0,0,0,0,0,0,0,0,0,0
0.048438,0.035642,0.036764,0,0,0,0,0,0,0,0,0,0,0,0
0.038284,0.04126,0.038921,0,0,0,0,0,0,0,0,0,0,0,0
0.0474,0.035171,0.037123,0,0,0,0,0,0,0,0,0,0,0,0
0.050633,0.041281,0.036726,0,0,0,0,0,0,0,0,0,0,0,0
0.051589,0.037335,0.036093,0,0,0,0,0,0,0,0,0,0,0,0
0.051916,0.038743,0.036392,0,0,0,0,0,0,0,0,0,0,0,0
0.044011,0.04185,0.036793,0,0,0,0,0,0,0,0,0,0,0,0
0.05208,0.035771,0.03799,0,0,0,0,0,0,0,0,0,0,0,0
0.045784,0.041751,0.036423,0,0,0,0,0,0,0,0,0,0,0,0
0.048503,0.039296,0.040611,0,0,0,0,0,0,0,0,0,0,0,0
0.048794,0.035816,0.033783,0,0,0,0,0,0,0,0,0,0,0,0
0.051672,0.039612,0.04728,0,0,0,0,0,0,0,0,0,0,0,0
0.048529,0.035619,0.033875,0,0,0,0,0,0,0,0,0,0,0,0
0.042352,0.040157,0.034637,0,0,0,0,0,0,0,0,0,0,0,0
0.044073,0.036831,0.035165,0,0,0,0,0,0,0,0,0,0,0,0
0.046119,0.036279,0.035571,0,0,0,0,0,0,0,0,0,0,0,0
0.048183,0.037914,0.04241,0,0,0,0,0,0,0,0,0,0,0,0
0.054093,0.035303,0.038013,0,0,0,0,0,0,0,0,0,0,0,0
0.052413,0.038462,0.038827,0,0,0,0,0,0,0,0,0,0,0,0
0.047015,0.034721,0.04166,0,0,0,0,0,0,0,0,0,0,0,0
0.04264,0.03858,0.037629,0,0,0,0,0,0,0,0,0,0,0,0
0.040784,0.037101,0.040635,0,0,0,0,0,0,0,0,0,0,0,0
0.050571,0.038898,0.035225,0,0,0,0,0,0,0,0,0,0,0,0
0.048699,0.037205,0.03319,0,0,0,0,0,0,0,0,0,0,0,0
0.050896,0.034421,0.034919,0,0,0,0,0,0,0,0,0,0,0,0
0.059515,0.037639,0.034047,0,0,0,0,0,0,0,0,0,0,0,0
0.052493,0.034553,0.033626,0,0,0,0,0,0,0,0,0,0,0,0
0.049293,0.038349,0.034808,0,0,0,0,0,0,0,0,0,0,0,0
0.0541,0.034399,0.033529,0,0,0,0,0,0,0,0,0,0,0,0
0.05039,0.03487,0.036962,0,0,0,0,0,0,0,0,0,0,0,0
0.046588,0.034456,0.039698,0,0,0,0,0,0,0,0,0,0,0,0
0.047238,0.034596,0.033813,0,0,0,0,0,0,0,0,0,0,0,0
0.045414,0.036013,0.037534,0,0,0,0,0,0,0,0,0,0,0,0
0.041264,0.034955,0.037447,0,0,0,0,0,0,0,0,0,0,0,0
0.045671,0.034515,0.034358,0,0,0,0,0,0,0,0,0,0,0,0
0.041359,0.034432,0.033454,0,0,0,0,0,0,0,0,0,0,0,0
0.054616,0.034932,0.034176,0,0,0,0,0,0,0,0,0,0,0,0
0.050209,0.034963,0.033905,0,0,0,0,0,0,0,0,0,0,0,0
0.047774,0.034413,0.033815,0,0,0,0,0,0,0,0,0,0,0,0
0.048865,0.035378,0.035721,0,0,0,0,0,0,0,0,0,0,0,0
0.072938,0.034552,0.033964,0,0,0,0,0,0,0,0,0,0,0,0
0.056437,0.034576,0.034915,0,0,0,0,0,0,0,0,0,0,0,0
0.041466,0.034534,0.033592,0,0,0,0,0,0,0,0,0,0,0,0
0.050425,0.034851,0.033573,0,0,0,0,0,0,0,0,0,0,0,0
0.058892,0.036183,0.034196,0,0,0,0,0,0,0,0,0,0,0,0
0.045622,0.036445,0.034506,0,0,0,0,0,0,0,0,0,0,0,0
0.049621,0.046037,0.034832,0,0,0,0,0,0,0,0,0,0,0,0
0.049308,0.04419,0.034877,0,0,0,0,0,0,0,0,0,0,0,0
0.057719,0.039952,0.034192,0,0,0,0,0,0,0,0,0,0,0,0
0.044996,0.034838,0.034267,0,0,0,0,0,0,0,0,0,0,0,0
0.048524,0.035201,0.033703,0,0,0,0,0,0,0,0,0,0,0,0
0.05257,0.035276,0.033937,0,0,0,0,0,0,0,0,0,0,0,0
0.047295,0.035069,0.033204,0,0,0,0,0,0,0,0,0,0,0,0
0.045286,0.034586,0.033958,0,0,0,0,0,0,0,0,0,0,0,0
0.045297,0.035594,0.034622,0,0,0,0,0,0,0,0,0,0,0,0
0.041411,0.038203,0.034207,0,0,0,0,0,0,0,0,0,0,0,0
0.047043,0.035064,0.034233,0,0,0,0,0,0,0,0,0,0,0,0
0.046018,0.034447,0.034241,0,0,0,0,0,0,0,0,0,0,0,0
0.049011,0.03497,0.034049,0,0,0,0,0,0,0,0,0,0,0,0
0.053456,0.034507,0.034318,0,0,0,0,0,0,0,0,0,0,0,0
0.049689,0.034838,0.03338,0,0,0,0,0,0,0,0,0,0,0,0
0.053044,0.034635,0.034228,0,0,0,0,0,0,0,0,0,0,0,0
0.048656,0.035813,0.035018,0,0,0,0,0,0,0,0,0,0,0,0
0.051741,0.035198,0.03417,0,0,0,0,0,0,0,0,0,0,0,0
0.047364,0.034412,0.033752,0,0,0,0,0,0,0,0,0,0,0,0
0.044381,0.035252,0.034392,0,0,0,0,0,0,0,0,0,0,0,0
0.053252,0.039801,0.034315,0,0,0,0,0,0,0,0,0,0,0,0
0.049371,0.046691,0.035899,0,0,0,0,0,0,0,0,0,0,0,0
0.050058,0.043096,0.034075,0,0,0,0,0,0,0,0,0,0,0,0
0.047586,0.035128,0.039754,0,0,0,0,0,0,0,0,0,0,0,0
0.044233,0.03613,0.034958,0,0,0,0,0,0,0,0,0,0,0,0
0.043433,0.034349,0.034562,0,0,0,0,0,0,0,0,0,0,0,0
0.040761,0.034429,0.034853,0,0,0,0,0,0,0,0,0,0,0,0
0.046896,0.034503,0.034293,0,0,0,0,0,0,0,0,0,0,0,0
0.05149,0.035606,0.037469,0,0,0,0,0,0,0,0,0,0,0,0
0.05196,0.035136,0.035398,0,0,0,0,0,0,0,0,0,0,0,0
0.055371,0.03484,0.037875,0,0,0,0,0,0,0,0,0,0,0,0
0.047051,0.036305,0.034537,0,0,0,0,0,0,0,0,0,0,0,0
0.048083,0.034984,0.033428,0,0,0,0,0,0,0,0,0,0,0,0
0.047624,0.039884,0.035371,0,0,0,0,0,0,0,0,0,0,0,0
0.050489,0.035768,0.032897,0,0,0,0,0,0,0,0,0,0,0,0
0.047983,0.035382,0.03348,0,0,0,0,0,0,0,0,0,0,0,0
0.049009,0.034774,0.033481,0,0,0,0,0,0,0,0,0,0,0,0
0.046618,0.034133,0.033302,0,0,0,0,0,0,0,0,0,0,0,0
0.047079,0.034399,0.034009,0,0,0,0,0,0,0,0,0,0,0,0
0.04603,0.033395,0.033096,0,0,0,0,0,0,0,0,0,0,0,0
0.056854,0.034069,0.033399,0,0,0,0,0,0,0,0,0,0,0,0
0.051454,0.033982,0.033976,0,0,0,0,0,0,0,0,0,0,0,0
0.052449,0.033268,0.032746,0,0,0,0,0,0,0,0,0,0,0,0
0.049447,0.033315,0.033126,0,0,0,0,0,0,0,0,0,0,0,0
0.04698,0.032914,0.032701,0,0,0,0,0,0,0,0,0,0,0,0
0.049354,0.033249,0.033279,0,0,0,0,0,0,0,0,0,0,0,0
0.051837,0.034924,0.034248,0,0,0,0,0,0,0,0,0,0,0,0
0.053235,0.033351,0.0331,0,0,0,0,0,0,0,0,0,0,0,0
0.055081,0.034027,0.033012,0,0,0,0,0,0,0,0,0,0,0,0
0.045758,0.035216,0.033482,0,0,0,0,0,0,0,0,0,0,0,0
0.048228,0.034894,0.033421,0,0,0,0,0,0,0,0,0,0,0,0
0.041801,0.034181,0.032866,0,0,0,0,0,0,0,0,0,0,0,0
0.047054,0.036081,0.032818,0,0,0,0,0,0,0,0,0,0,0,0
0.042773,0.038887,0.034471,0,0,0,0,0,0,0,0,0,0,0,0
0.048636,0.033772,0.033259,0,0,0,0,0,0,0,0,0,0,0,0
0.051897,0.034316,0.032841,0,0,0,0,0,0,0,0,0,0,0,0
0.052048,0.03334,0.032695,0,0,0,0,0,0,0,0,0,0,0,0
0.050162,0.033603,0.033428,0,0,0,0,0,0,0,0,0,0,0,0
0.037972,0.033096,0.032897,0,0,0,0,0,0,0,0,0,0,0,0
0.043125,0.03356,0.032992,0,0,0,0,0,0,0,0,0,0,0,0
0.049371,0.032569,0.032929,0,0,0,0,0,0,0,0,0,0,0,0
0.052546,0.0332,0.033004,0,0,0,0,0,0,0,0,0,0,0,0
0.043419,0.033556,0.032968,0,0,0,0,0,0,0,0,0,0,0,0
0.047017,0.032896,0.032846,0,0,0,0,0,0,0,0,0,0,0,0
0.043567,0.033327,0.032993,0,0,0,0,0,0,0,0,0,0,0,0
0.046034,0.033387,0.032946,0,0,0,0,0,0,0,0,0,0,0,0
0.041924,0.033204,0.033092,0,0,0,0,0,0,0,0,0,0,0,0
0.039571,0.035285,0.034298,0,0,0,0,0,0,0,0,0,0,0,0
0.041247,0.034288,0.033861,0,0,0,0,0,0,0,0,0,0,0,0
0.043555,0.03321,0.032856,0,0,0,0,0,0,0,0,0,0,0,0
0.048536,0.033586,0.032711,0,0,0,0,0,0,0,0,0,0,0,0
0.054285,0.033337,0.033079,0,0,0,0,0,0,0,0,0,0,0,0
0.040579,0.032777,0.032901,0,0,0,0,0,0,0,0,0,0,0,0
0.03834,0.032872,0.033125,0,0,0,0,0,0,0,0,0,0,0,0
0.046418,0.033144,0.032655,0,0,0,0,0,0,0,0,0,0,0,0
0.049404,0.032892,0.032691,0,0,0,0,0,0,0,0,0,0,0,0
0.045308,0.033534,0.033283,0,0,0,0,0,0,0,0,0,0,0,0
0.038939,0.032862,0.032878,0,0,0,0,0,0,0,0,0,0,0,0
0.047602,0.033029,0.032374,0,0,0,0,0,0,0,0,0,0,0,0
0.049673,0.03207,0.032502,0,0,0,0,0,0,0,0,0,0,0,0
0.042512,0.032826,0.032624,0,0,0,0,0,0,0,0,0,0,0,0
0.04459,0.032778,0.032586,0,0,0,0,0,0,0,0,0,0,0,0
0.045547,0.032743,0.03322,0,0,0,0,0,0,0,0,0,0,0,0
0.05113,0.032377,0.033173,0,0,0,0,0,0,0,0,0,0,0,0
0.053028,0.032941,0.033593,0,0,0,0,0,0,0,0,0,0,0,0
0.044653,0.033981,0.034232,0,0,0,0,0,0,0,0,0,0,0,0
0.048988,0.034019,0.034565,0,0,0,0,0,0,0,0,0,0,0,0
0.04874,0.032685,0.033585,0,0,0,0,0,0,0,0,0,0,0,0
0.046609,0.033076,0.033222,0,0,0,0,0,0,0,0,0,0,0,0
0.04321,0.038654,0.032747,0,0,0,0,0,0,0,0,0,0,0,0
0.044347,0.036544,0.031958,0,0,0,0,0,0,0,0,0,0,0,0
0.049806,0.032972,0.032767,0,0,0,0,0,0,0,0,0,0,0,0
0.048725,0.033333,0.032802,0,0,0,0,0,0,0,0,0,0,0,0
0.044575,0.033827,0.032782,0,0,0,0,0,0,0,0,0,0,0,0
0.048868,0.034064,0.033074,0,0,0,0,0,0,0,0,0,0,0,0
0.065381,0.032445,0.032227,0,0,0,0,0,0,0,0,0,0,0,0
0.071673,0.033355,0.032727,0,0,0,0,0,0,0,0,0,0,0,0
0.042192,0.033162,0.033419,0,0,0,0,0,0,0,0,0,0,0,0
0.043589,0.032893,0.033095,0,0,0,0,0,0,0,0,0,0,0,0
0.043341,0.034074,0.032752,0,0,0,0,0,0,0,0,0,0,0,0
0.045558,0.033602,0.032609,0,0,0,0,0,0,0,0,0,0,0,0
0.054607,0.033639,0.032653,0,0,0,0,0,0,0,0,0,0,0,0
0.041358,0.038999,0.03261,0,0,0,0,0,0,0,0,0,0,0,0
0.071023,0.034866,0.03273,0,0,0,0,0,0,0,0,0,0,0,0
0.05748,0.033198,0.032957,0,0,0,0,0,0,0,0,0,0,0,0
0.047507,0.034223,0.033302,0,0,0,0,0,0,0,0,0,0,0,0
0.044329,0.035403,0.032799,0,0,0,0,0,0,0,0,0,0,0,0
0.046989,0.035885,0.032629,0,0,0,0,0,0,0,0,0,0,0,0
0.039514,0.037022,0.033054,0,0,0,0,0,0,0,0,0,0,0,0
0.046106,0.034363,0.032889,0,0,0,0,0,0,0,0,0,0,0,0
0.047753,0.036738,0.032551,0,0,0,0,0,0,0,0,0,0,0,0
0.04469,0.035004,0.032552,0,0,0,0,0,0,0,0,0,0,0,0
0.048458,0.033234,0.033255,0,0,0,0,0,0,0,0,0,0,0,0
0.049658,0.033904,0.033597,0,0,0,0,0,0,0,0,0,0,0,0
0.051018,0.034113,0.033375,0,0,0,0,0,0,0,0,0,0,0,0
0.048243,0.033289,0.033675,0,0,0,0,0,0,0,0,0,0,0,0
0.047408,0.03398,0.03335,0,0,0,0,0,0,0,0,0,0,0,0
0.047076,0.033433,0.033477,0,0,0,0,0,0,0,0,0,0,0,0
0.051996,0.033597,0.034029,0,0,0,0,0,0,0,0,0,0,0,0
0.052807,0.033872,0.033679,0,0,0,0,0,0,0,0,0,0,0,0
0.044969,0.033016,0.035014,0,0,0,0,0,0,0,0,0,0,0,0
0.05314,0.033849,0.034902,0,0,0,0,0,0,0,0,0,0,0,0
0.047212,0.033912,0.03358,0,0,0,0,0,0,0,0,0,0,0,0
0.057292,0.033159,0.032986,0,0,0,0,0,0,0,0,0,0,0,0
0.049123,0.032574,0.032896,0,0,0,0,0,0,0,0,0,0,0,0
0.041287,0.033478,0.033064,0,0,0,0,0,0,0,0,0,0,0,0
0.048246,0.032993,0.032685,0,0,0,0,0,0,0,0,0,0,0,0
0.048411,0.033339,0.033838,0,0,0,0,0,0,0,0,0,0,0,0
0.046017,0.033786,0.032965,0,0,0,0,0,0,0,0,0,0,0,0
0.047173,0.032828,0.032505,0,0,0,0,0,0,0,0,0,0,0,0
0.045008,0.042449,0.032243,0,0,0,0,0,0,0,0,0,0,0,0
0.042489,0.033352,0.033359,0,0,0,0,0,0,0,0,0,0,0,0
0.047651,0.0327,0.032507,0,0,0,0,0,0,0,0,0,0,0,0
0.043216,0.033082,0.033331,0,0,0,0,0,0,0,0,0,0,0,0
0.049624,0.033777,0.033537,0,0,0,0,0,0,0,0,0,0,0,0
0.045435,0.032689,0.032508,0,0,0,0,0,0,0,0,0,0,0,0
0.052962,0.032657,0.03176,0,0,0,0,0,0,0,0,0,0,0,0
0.049952,0.033354,0.032939,0,0,0,0,0,0,0,0,0,0,0,0
0.042802,0.033117,0.032651,0,0,0,0,0,0,0,0,0,0,0,0
0.04682,0.032856,0.032654,0,0,0,0,0,0,0,0,0,0,0,0
0.042432,0.032814,0.031853,0,0,0,0,0,0,0,0,0,0,0,0
0.047661,0.032616,0.033474,0,0,0,0,0,0,0,0,0,0,0,0
0.048323,0.033206,0.032983,0,0,0,0,0,0,0,0,0,0,0,0
0.04296,0.033748,0.033428,0,0,0,0,0,0,0,0,0,0,0,0
0.043448,0.033455,0.033546,0,0,0,0,0,0,0,0,0,0,0,0
0.051574,0.033514,0.034344,0,0,0,0,0,0,0,0,0,0,0,0
0.046511,0.033291,0.033435,0,0,0,0,0,0,0,0,0,0,0,0
0.047019,0.032522,0.034094,0,0,0,0,0,0,0,0,0,0,0,0
0.046135,0.032592,0.033329,0,0,0,0,0,0,0,0,0,0,0,0
0.049013,0.033511,0.032912,0,0,0,0,0,0,0,0,0,0,0,0
0.043188,0.032387,0.032206,0,0,0,0,0,0,0,0,0,0,0,0
0.042813,0.032885,0.032622,0,0,0,0,0,0,0,0,0,0,0,0
0.04665,0.03252,0.032784,0,0,0,0,0,0,0,0,0,0,0,0
0.042551,0.032678,0.032397,0,0,0,0,0,0,0,0,0,0,0,0
0.051334,0.033588,0.033973,0,0,0,0,0,0,0,0,0,0,0,0
0.040671,0.033344,0.032688,0,0,0,0,0,0,0,0,0,0,0,0
0.04188,0.033228,0.03297,0,0,0,0,0,0,0,0,0,0,0,0
0.040296,0.034108,0.033146,0,0,0,0,0,0,0,0,0,0,0,0
0.037853,0.032406,0.032192,0,0,0,0,0,0,0,0,0,0,0,0
0.048001,0.032464,0.032908,0,0,0,0,0,0,0,0,0,0,0,0
0.051139,0.032911,0.03296,0,0,0,0,0,0,0,0,0,0,0,0
0.049584,0.0339,0.032839,0,0,0,0,0,0,0,0,0,0,0,0
0.050712,0.033167,0.032702,0,0,0,0,0,0,0,0,0,0,0,0
0.040968,0.034229,0.033201,0,0,0,0,0,0,0,0,0,0,0,0
0.051659,0.033054,0.032925,0,0,0,0,0,0,0,0,0,0,0,0
0.046563,0.033392,0.032815,0,0,0,0,0,0,0,0,0,0,0,0
0.042318,0.034296,0.032542,0,0,0,0,0,0,0,0,0,0,0,0
0.052825,0.034514,0.032425,0,0,0,0,0,0,0,0,0,0,0,0
0.043081,0.033858,0.032047,0,0,0,0,0,0,0,0,0,0,0,0
0.053857,0.035683,0.032849,0,0,0,0,0,0,0,0,0,0,0,0
0.041936,0.032724,0.032497,0,0,0,0,0,0,0,0,0,0,0,0
0.060539,0.032583,0.032367,0,0,0,0,0,0,0,0,0,0,0,0
0.062167,0.032838,0.033742,0,0,0,0,0,0,0,0,0,0,0,0
0.05812,0.033662,0.033115,0,0,0,0,0,0,0,0,0,0,0,0
0.054333,0.032393,0.032851,0,0,0,0,0,0,0,0,0,0,0,0
0.04718,0.032292,0.032537,0,0,0,0,0,0,0,0,0,0,0,0
0.041302,0.032713,0.032692,0,0,0,0,0,0,0,0,0,0,0,0
0.04648,0.032398,0.032475,0,0,0,0,0,0,0,0,0,0,0,0
0.042204,0.032474,0.032045,0,0,0,0,0,0,0,0,0,0,0,0
0.048764,0.032312,0.032086,0,0,0,0,0,0,0,0,0,0,0,0
0.051893,0.032573,0.033048,0,0,0,0,0,0,0,0,0,0,0,0
0.043454,0.033479,0.033686,0,0,0,0,0,0,0,0,0,0,0,0
0.045241,0.032968,0.033567,0,0,0,0,0,0,0,0,0,0,0,0
0.047298,0.032545,0.032225,0,0,0,0,0,0,0,0,0,0,0,0
0.049287,0.03304,0.032794,0,0,0,0,0,0,0,0,0,0,0,0
0.047196,0.032457,0.032725,0,0,0,0,0,0,0,0,0,0,0,0
0.053206,0.032753,0.032919,0,0,0,0,0,0,0,0,0,0,0,0
0.0611,0.033327,0.033392,0,0,0,0,0,0,0,0,0,0,0,0
0.04638,0.0339,0.033589,0,0,0,0,0,0,0,0,0,0,0,0
0.044362,0.033876,0.033471,0,0,0,0,0,0,0,0,0,0,0,0
0.065134,0.032809,0.032758,0,0,0,0,0,0,0,0,0,0,0,0
0.040573,0.033155,0.033322,0,0,0,0,0,0,0,0,0,0,0,0
0.045494,0.03296,0.032152,0,0,0,0,0,0,0,0,0,0,0,0
0.052404,0.033531,0.03326,0,0,0,0,0,0,0,0,0,0,0,0
0.056136,0.03304,0.03302,0,0,0,0,0,0,0,0,0,0,0,0
0.055375,0.03285,0.032539,0,0,0,0,0,0,0,0,0,0,0,0
0.048771,0.032659,0.032187,0,0,0,0,0,0,0,0,0,0,0,0
0.04445,0.033156,0.032646,0,0,0,0,0,0,0,0,0,0,0,0
0.051041,0.032943,0.032553,0,0,0,0,0,0,0,0,0,0,0,0
0.077686,0.033281,0.032858,0,0,0,0,0,0,0,0,0,0,0,0
0.1385,0.033162,0.033318,0,0,0,0,0,0,0,0,0,0,0,0
0.05431,0.033006,0.0337,0,0,0,0,0,0,0,0,0,0,0,0
0.064235,0.033545,0.033205,0,0,0,0,0,0,0,0,0,0,0,0
0.05932,0.032629,0.033064,0,0,0,0,0,0,0,0,0,0,0,0
0.056731,0.033215,0.033986,0,0,0,0,0,0,0,0,0,0,0,0
0.057934,0.032819,0.039184,0,0,0,0,0,0,0,0,0,0,0,0
0.058982,0.033388,0.035192,0,0,0,0,0,0,0,0,0,0,0,0
0.052634,0.032953,0.033975,0,0,0,0,0,0,0,0,0,0,0,0
0.054672,0.032776,0.03385,0,0,0,0,0,0,0,0,0,0,0,0
0.056149,0.033879,0.03474,0,0,0,0,0,0,0,0,0,0,0,0
0.058427,0.032686,0.032728,0,0,0,0,0,0,0,0,0,0,0,0
0.058959,0.033475,0.033735,0,0,0,0,0,0,0,0,0,0,0,0
0.05901,0.033243,0.033158,0,0,0,0,0,0,0,0,0,0,0,0
0.048467,0.032728,0.032598,0,0,0,0,0,0,0,0,0,0,0,0
0.057894,0.032822,0.032613,0,0,0,0,0,0,0,0,0,0,0,0
0.060744,0.032787,0.032981,0,0,0,0,0,0,0,0,0,0,0,0
0.053302,0.032868,0.032268,0,0,0,0,0,0,0,0,0,0,0,0
0.049437,0.033703,0.033382,0,0,0,0,0,0,0,0,0,0,0,0
0.062038,0.03313,0.03267,0,0,0,0,0,0,0,0,0,0,0,0
0.060036,0.032905,0.033066,0,0,0,0,0,0,0,0,0,0,0,0
0.04969,0.033031,0.032579,0,0,0,0,0,0,0,0,0,0,0,0
0.059701,0.033184,0.033221,0,0,0,0,0,0,0,0,0,0,0,0
0.055894,0.033152,0.032491,0,0,0,0,0,0,0,0,0,0,0,0
0.055092,0.03433,0.033938,0,0,0,0,0,0,0,0,0,0,0,0
0.051846,0.033484,0.032721,0,0,0,0,0,0,0,0,0,0,0,0
0.059159,0.033799,0.032145,0,0,0,0,0,0,0,0,0,0,0,0
0.060652,0.035436,0.032542,0,0,0,0,0,0,0,0,0,0,0,0
0.063216,0.034111,0.032249,0,0,0,0,0,0,0,0,0,0,0,0
0.066492,0.03714,0.031834,0,0,0,0,0,0,0,0,0,0,0,0
0.069414,0.032475,0.031806,0,0,0,0,0,0,0,0,0,0,0,0
0.064876,0.032615,0.032399,0,0,0,0,0,0,0,0,0,0,0,0
0.065403,0.033606,0.032327,0,0,0,0,0,0,0,0,0,0,0,0
0.067443,0.032594,0.03237,0,0,0,0,0,0,0,0,0,0,0,0
0.070391,0.033339,0.032931,0,0,0,0,0,0,0,0,0,0,0,0
0.061543,0.03313,0.033576,0,0,0,0,0,0,0,0,0,0,0,0
0.046409,0.032875,0.032415,0,0,0,0,0,0,0,0,0,0,0,0
0.041339,0.032693,0.032933,0,0,0,0,0,0,0,0,0,0,0,0
0.041709,0.032487,0.032375,0,0,0,0,0,0,0,0,0,0,0,0
0.040785,0.032206,0.031929,0,0,0,0,0,0,0,0,0,0,0,0
0.039294,0.032473,0.031736,0,0,0,0,0,0,0,0,0,0,0,0
0.041726,0.03236,0.032164,0,0,0,0,0,0,0,0,0,0,0,0
0.040073,0.032438,0.032326,0,0,0,0,0,0,0,0,0,0,0,0
0.042377,0.032302,0.032288,0,0,0,0,0,0,0,0,0,0,0,0
0.046935,0.032966,0.032939,0,0,0,0,0,0,0,0,0,0,0,0
0.046689,0.032937,0.032076,0,0,0,0,0,0,0,0,0,0,0,0
0.046669,0.032993,0.032846,0,0,0,0,0,0,0,0,0,0,0,0
0.048414,0.032458,0.032304,0,0,0,0,0,0,0,0,0,0,0,0
0.042378,0.033554,0.03359,0,0,0,0,0,0,0,0,0,0,0,0
0.04241,0.033116,0.033532,0,0,0,0,0,0,0,0,0,0,0,0
0.046462,0.031974,0.031762,0,0,0,0,0,0,0,0,0,0,0,0
0.041213,0.032502,0.032622,0,0,0,0,0,0,0,0,0,0,0,0
0.04199,0.032789,0.032109,0,0,0,0,0,0,0,0,0,0,0,0
0.047438,0.032286,0.032587,0,0,0,0,0,0,0,0,0,0,0,0
0.042428,0.032874,0.031939,0,0,0,0,0,0,0,0,0,0,0,0
0.048224,0.032657,0.032256,0,0,0,0,0,0,0,0,0,0,0,0
0.049374,0.032753,0.032318,0,0,0,0,0,0,0,0,0,0,0,0
0.050077,0.032401,0.032194,0,0,0,0,0,0,0,0,0,0,0,0
0.04284,0.032529,0.032796,0,0,0,0,0,0,0,0,0,0,0,0
0.043104,0.032622,0.032291,0,0,0,0,0,0,0,0,0,0,0,0
0.046244,0.032253,0.032837,0,0,0,0,0,0,0,0,0,0,0,0
0.049023,0.032681,0.031845,0,0,0,0,0,0,0,0,0,0,0,0
0.052819,0.032807,0.03309,0,0,0,0,0,0,0,0,0,0,0,0
0.044878,0.033242,0.032576,0,0,0,0,0,0,0,0,0,0,0,0
0.042108,0.032759,0.03323,0,0,0,0,0,0,0,0,0,0,0,0
0.050266,0.033105,0.034544,0,0,0,0,0,0,0,0,0,0,0,0
0.056404,0.032118,0.033229,0,0,0,0,0,0,0,0,0,0,0,0
0.047332,0.033221,0.033417,0,0,0,0,0,0,0,0,0,0,0,0
0.044088,0.032542,0.033467,0,0,0,0,0,0,0,0,0,0,0,0
0.047702,0.032168,0.033514,0,0,0,0,0,0,0,0,0,0,0,0
0.047974,0.032556,0.032702,0,0,0,0,0,0,0,0,0,0,0,0
0.040767,0.032757,0.032455,0,0,0,0,0,0,0,0,0,0,0,0
0.046136,0.031895,0.032125,0,0,0,0,0,0,0,0,0,0,0,0
0.042253,0.031941,0.032207,0,0,0,0,0,0,0,0,0,0,0,0
0.048087,0.032467,0.032304,0,0,0,0,0,0,0,0,0,0,0,0
0.050099,0.032126,0.032462,0,0,0,0,0,0,0,0,0,0,0,0
0.040634,0.032103,0.031839,0,0,0,0,0,0,0,0,0,0,0,0
0.047969,0.032069,0.031859,0,0,0,0,0,0,0,0,0,0,0,0
0.064713,0.033524,0.033142,0,0,0,0,0,0,0,0,0,0,0,0
0.040071,0.032166,0.032631,0,0,0,0,0,0,0,0,0,0,0,0
0.05544,0.032081,0.031737,0,0,0,0,0,0,0,0,0,0,0,0
0.041597,0.032691,0.032889,0,0,0,0,0,0,0,0,0,0,0,0
0.083999,0.033281,0.03212,0,0,0,0,0,0,0,0,0,0,0,0
0.08646,0.032491,0.032536,0,0,0,0,0,0,0,0,0,0,0,0
0.055918,0.033569,0.032306,0,0,0,0,0,0,0,0,0,0,0,0
0.053151,0.032064,0.03243,0,0,0,0,0,0,0,0,0,0,0,0
0.040093,0.032724,0.03296,0,0,0,0,0,0,0,0,0,0,0,0
0.038473,0.032614,0.033349,0,0,0,0,0,0,0,0,0,0,0,0
0.040984,0.032526,0.031718,0,0,0,0,0,0,0,0,0,0,0,0
0.044856,0.032696,0.032848,0,0,0,0,0,0,0,0,0,0,0,0
0.041475,0.03298,0.031835,0,0,0,0,0,0,0,0,0,0,0,0
0.040922,0.033557,0.033625,0,0,0,0,0,0,0,0,0,0,0,0
0.049149,0.032727,0.032362,0,0,0,0,0,0,0,0,0,0,0,0
0.042902,0.03385,0.033723,0,0,0,0,0,0,0,0,0,0,0,0
0.047769,0.032735,0.032965,0,0,0,0,0,0,0,0,0,0,0,0
0.036873,0.032605,0.032844,0,0,0,0,0,0,0,0,0,0,0,0
0.040093,0.03349,0.033136,0,0,0,0,0,0,0,0,0,0,0,0
0.044316,0.032536,0.033085,0,0,0,0,0,0,0,0,0,0,0,0
0.068807,0.031967,0.032472,0,0,0,0,0,0,0,0,0,0,0,0
0.048888,0.032704,0.032981,0,0,0,0,0,0,0,0,0,0,0,0
0.03746,0.032037,0.032617,0,0,0,0,0,0,0,0,0,0,0,0
0.046424,0.032412,0.032444,0,0,0,0,0,0,0,0,0,0,0,0
0.051443,0.032544,0.032567,0,0,0,0,0,0,0,0,0,0,0,0
0.053112,0.032579,0.032701,0,0,0,0,0,0,0,0,0,0,0,0
0.047856,0.032266,0.03202,0,0,0,0,0,0,0,0,0,0,0,0
0.047105,0.033401,0.032796,0,0,0,0,0,0,0,0,0,0,0,0
0.043753,0.032021,0.031965,0,0,0,0,0,0,0,0,0,0,0,0
0.045203,0.032775,0.032505,0,0,0,0,0,0,0,0,0,0,0,0
0.051589,0.033857,0.032825,0,0,0,0,0,0,0,0,0,0,0,0
0.04974,0.032047,0.032259,0,0,0,0,0,0,0,0,0,0,0,0
0.04569,0.033658,0.033116,0,0,0,0,0,0,0,0,0,0,0,0
0.046614,0.033828,0.033114,0,0,0,0,0,0,0,0,0,0,0,0
0.039761,0.032528,0.0325,0,0,0,0,0,0,0,0,0,0,0,0
0.046435,0.032431,0.032228,0,0,0,0,0,0,0,0,0,0,0,0
0.047674,0.0324,0.032461,0,0,0,0,0,0,0,0,0,0,0,0
0.048607,0.032496,0.032365,0,0,0,0,0,0,0,0,0,0,0,0
0.048257,0.032254,0.031682,0,0,0,0,0,0,0,0,0,0,0,0
0.043735,0.032338,0.031873,0,0,0,0,0,0,0,0,0,0,0,0
0.046748,0.03238,0.031827,0,0,0,0,0,0,0,0,0,0,0,0
0.047768,0.033231,0.032695,0,0,0,0,0,0,0,0,0,0,0,0
0.045537,0.033417,0.032988,0,0,0,0,0,0,0,0,0,0,0,0
0.041805,0.034175,0.032393,0,0,0,0,0,0,0,0,0,0,0,0
0.043247,0.034001,0.033276,0,0,0,0,0,0,0,0,0,0,0,0
0.049358,0.033651,0.032835,0,0,0,0,0,0,0,0,0,0,0,0
0.053765,0.033652,0.032511,0,0,0,0,0,0,0,0,0,0,0,0
0.042403,0.034811,0.032701,0,0,0,0,0,0,0,0,0,0,0,0
0.038779,0.035577,0.034312,0,0,0,0,0,0,0,0,0,0,0,0
0.043364,0.045612,0.032764,0,0,0,0,0,0,0,0,0,0,0,0
0.044658,0.036002,0.034485,0,0,0,0,0,0,0,0,0,0,0,0
0.045393,0.033712,0.033241,0,0,0,0,0,0,0,0,0,0,0,0
0.042926,0.033692,0.032475,0,0,0,0,0,0,0,0,0,0,0,0
0.043951,0.034212,0.031955,0,0,0,0,0,0,0,0,0,0,0,0
0.039036,0.035002,0.032056,0,0,0,0,0,0,0,0,0,0,0,0
0.051418,0.035385,0.031905,0,0,0,0,0,0,0,0,0,0,0,0
0.044831,0.033753,0.032011,0,0,0,0,0,0,0,0,0,0,0,0
0.039576,0.039838,0.031593,0,0,0,0,0,0,0,0,0,0,0,0
0.040515,0.032519,0.032248,0,0,0,0,0,0,0,0,0,0,0,0
0.043029,0.034149,0.032201,0,0,0,0,0,0,0,0,0,0,0,0
0.043271,0.038949,0.032764,0,0,0,0,0,0,0,0,0,0,0,0
0.041702,0.032737,0.033113,0,0,0,0,0,0,0,0,0,0,0,0
0.041313,0.032816,0.032376,0,0,0,0,0,0,0,0,0,0,0,0
0.044011,0.031835,0.032223,0,0,0,0,0,0,0,0,0,0,0,0
0.043876,0.032176,0.033004,0,0,0,0,0,0,0,0,0,0,0,0
0.042131,0.031731,0.032242,0,0,0,0,0,0,0,0,0,0,0,0
0.042334,0.03264,0.031919,0,0,0,0,0,0,0,0,0,0,0,0
0.046104,0.032728,0.031811,0,0,0,0,0,0,0,0,0,0,0,0
0.047105,0.032727,0.032442,0,0,0,0,0,0,0,0,0,0,0,0
0.046333,0.03266,0.032985,0,0,0,0,0,0,0,0,0,0,0,0
0.062733,0.032891,0.032302,0,0,0,0,0,0,0,0,0,0,0,0
0.039415,0.033165,0.035407,0,0,0,0,0,0,0,0,0,0,0,0
0.044215,0.035084,0.032149,0,0,0,0,0,0,0,0,0,0,0,0
0.045969,0.032361,0.03173,0,0,0,0,0,0,0,0,0,0,0,0
0.049155,0.035818,0.032196,0,0,0,0,0,0,0,0,0,0,0,0
0.047114,0.032266,0.031994,0,0,0,0,0,0,0,0,0,0,0,0
0.050955,0.034885,0.03318,0,0,0,0,0,0,0,0,0,0,0,0
0.042259,0.032334,0.032467,0,0,0,0,0,0,0,0,0,0,0,0
0.039042,0.034888,0.032825,0,0,0,0,0,0,0,0,0,0,0,0
0.054854,0.033455,0.033178,0,0,0,0,0,0,0,0,0,0,0,0
0.048067,0.034851,0.032853,0,0,0,0,0,0,0,0,0,0,0,0
0.050748,0.031835,0.032226,0,0,0,0,0,0,0,0,0,0,0,0
0.057943,0.035047,0.032883,0,0,0,0,0,0,0,0,0,0,0,0
0.055141,0.032194,0.03216,0,0,0,0,0,0,0,0,0,0,0,0
0.049345,0.03781,0.032522,0,0,0,0,0,0,0,0,0,0,0,0
0.040166,0.032567,0.032067,0,0,0,0,0,0,0,0,0,0,0,0
0.041825,0.038206,0.033293,0,0,0,0,0,0,0,0,0,0,0,0
0.049004,0.032374,0.032358,0,0,0,0,0,0,0,0,0,0,0,0
0.040402,0.034216,0.034359,0,0,0,0,0,0,0,0,0,0,0,0
0.039234,0.032757,0.032143,0,0,0,0,0,0,0,0,0,0,0,0
0.044395,0.033792,0.033153,0,0,0,0,0,0,0,0,0,0,0,0
0.045751,0.03262,0.033192,0,0,0,0,0,0,0,0,0,0,0,0
0.043682,0.033369,0.033273,0,0,0,0,0,0,0,0,0,0,0,0
0.043235,0.033119,0.033235,0,0,0,0,0,0,0,0,0,0,0,0
0.041572,0.03288,0.032625,0,0,0,0,0,0,0,0,0,0,0,0
0.036908,0.0324,0.032938,0,0,0,0,0,0,0,0,0,0,0,0
0.045483,0.03213,0.031984,0,0,0,0,0,0,0,0,0,0,0,0
0.039459,0.033677,0.031568,0,0,0,0,0,0,0,0,0,0,0,0
0.037595,0.032655,0.031985,0,0,0,0,0,0,0,0,0,0,0,0
0.059097,0.033481,0.032587,0,0,0,0,0,0,0,0,0,0,0,0
0.039101,0.032226,0.031881,0,0,0,0,0,0,0,0,0,0,0,0
0.041426,0.03308,0.03249,0,0,0,0,0,0,0,0,0,0,0,0
0.039955,0.03196,0.031815,0,0,0,0,0,0,0,0,0,0,0,0
0.037809,0.033559,0.032517,0,0,0,0,0,0,0,0,0,0,0,0
0.042584,0.031899,0.031917,0,0,0,0,0,0,0,0,0,0,0,0
0.042505,0.034434,0.03257,0,0,0,0,0,0,0,0,0,0,0,0
0.041974,0.032398,0.033539,0,0,0,0,0,0,0,0,0,0,0,0
0.041122,0.034978,0.032943,0,0,0,0,0,0,0,0,0,0,0,0
0.046902,0.032427,0.034103,0,0,0,0,0,0,0,0,0,0,0,0
0.041905,0.035031,0.034394,0,0,0,0,0,0,0,0,0,0,0,0
0.051852,0.032373,0.033037,0,0,0,0,0,0,0,0,0,0,0,0
0.042926,0.033789,0.032535,0,0,0,0,0,0,0,0,0,0,0,0
0.044518,0.031697,0.03338,0,0,0,0,0,0,0,0,0,0,0,0
0.038952,0.034089,0.036394,0,0,0,0,0,0,0,0,0,0,0,0
0.042775,0.0318,0.033193,0,0,0,0,0,0,0,0,0,0,0,0
0.046384,0.034034,0.03295,0,0,0,0,0,0,0,0,0,0,0,0
0.04628,0.031559,0.034216,0,0,0,0,0,0,0,0,0,0,0,0
0.047687,0.033817,0.031689,0,0,0,0,0,0,0,0,0,0,0,0
0.099874,0.032787,0.03155,0,0,0,0,0,0,0,0,0,0,0,0
0.06062,0.033494,0.035476,0,0,0,0,0,0,0,0,0,0,0,0
0.044873,0.031265,0.034679,0,0,0,0,0,0,0,0,0,0,0,0
0.046949,0.034666,0.032668,0,0,0,0,0,0,0,0,0,0,0,0
0.044363,0.031954,0.035659,0,0,0,0,0,0,0,0,0,0,0,0
0.048173,0.033944,0.032308,0,0,0,0,0,0,0,0,0,0,0,0
0.051616,0.031901,0.033918,0,0,0,0,0,0,0,0,0,0,0,0
0.047684,0.034194,0.033018,0,0,0,0,0,0,0,0,0,0,0,0
0.048466,0.031276,0.033802,0,0,0,0,0,0,0,0,0,0,0,0
0.042951,0.033415,0.031853,0,0,0,0,0,0,0,0,0,0,0,0
0.058877,0.032075,0.034873,0,0,0,0,0,0,0,0,0,0,0,0
0.046396,0.03675,0.040003,0,0,0,0,0,0,0,0,0,0,0,0
0.048214,0.037515,0.034609,0,0,0,0,0,0,0,0,0,0,0,0
0.041436,0.033635,0.032537,0,0,0,0,0,0,0,0,0,0,0,0
0.046195,0.032557,0.034422,0,0,0,0,0,0,0,0,0,0,0,0
0.039917,0.032247,0.0318,0,0,0,0,0,0,0,0,0,0,0,0
0.041573,0.033843,0.036019,0,0,0,0,0,0,0,0,0,0,0,0
0.05018,0.034416,0.033151,0,0,0,0,0,0,0,0,0,0,0,0
0.049578,0.034766,0.035819,0,0,0,0,0,0,0,0,0,0,0,0
0.045858,0.035767,0.03679,0,0,0,0,0,0,0,0,0,0,0,0
0.041436,0.042203,0.03235,0,0,0,0,0,0,0,0,0,0,0,0
0.045455,0.041811,0.03473,0,0,0,0,0,0,0,0,0,0,0,0
0.074263,0.033769,0.033657,0,0,0,0,0,0,0,0,0,0,0,0
0.043552,0.032641,0.03219,0,0,0,0,0,0,0,0,0,0,0,0
0.042751,0.032839,0.033427,0,0,0,0,0,0,0,0,0,0,0,0
0.038537,0.032777,0.032676,0,0,0,0,0,0,0,0,0,0,0,0
0.049242,0.034977,0.032617,0,0,0,0,0,0,0,0,0,0,0,0
0.046354,0.033126,0.032959,0,0,0,0,0,0,0,0,0,0,0,0
0.044524,0.033395,0.033123,0,0,0,0,0,0,0,0,0,0,0,0
0.037294,0.033168,0.032409,0,0,0,0,0,0,0,0,0,0,0,0
0.042883,0.032774,0.031894,0,0,0,0,0,0,0,0,0,0,0,0
0.043493,0.032766,0.031965,0,0,0,0,0,0,0,0,0,0,0,0
0.046467,0.032895,0.032765,0,0,0,0,0,0,0,0,0,0,0,0
0.04439,0.033932,0.032614,0,0,0,0,0,0,0,0,0,0,0,0
0.049473,0.032888,0.032384,0,0,0,0,0,0,0,0,0,0,0,0
0.043821,0.032572,0.032373,0,0,0,0,0,0,0,0,0,0,0,0
0.04552,0.032388,0.03315,0,0,0,0,0,0,0,0,0,0,0,0
0.042659,0.033081,0.032782,0,0,0,0,0,0,0,0,0,0,0,0
0.04883,0.032674,0.032694,0,0,0,0,0,0,0,0,0,0,0,0
0.054236,0.032813,0.032089,0,0,0,0,0,0,0,0,0,0,0,0
0.04472,0.032875,0.032899,0,0,0,0,0,0,0,0,0,0,0,0
0.043058,0.031973,0.031624,0,0,0,0,0,0,0,0,0,0,0,0
0.049556,0.032857,0.032325,0,0,0,0,0,0,0,0,0,0,0,0
0.042533,0.032207,0.031981,0,0,0,0,0,0,0,0,0,0,0,0
0.047734,0.032717,0.032143,0,0,0,0,0,0,0,0,0,0,0,0
0.042561,0.032499,0.032661,0,0,0,0,0,0,0,0,0,0,0,0
0.050814,0.032666,0.033427,0,0,0,0,0,0,0,0,0,0,0,0
0.040148,0.032293,0.033844,0,0,0,0,0,0,0,0,0,0,0,0
0.046049,0.032438,0.034081,0,0,0,0,0,0,0,0,0,0,0,0
0.048955,0.03196,0.03406,0,0,0,0,0,0,0,0,0,0,0,0
0.044683,0.032094,0.034931,0,0,0,0,0,0,0,0,0,0,0,0
0.048178,0.033827,0.033796,0,0,0,0,0,0,0,0,0,0,0,0
0.044725,0.032823,0.044113,0,0,0,0,0,0,0,0,0,0,0,0
0.050811,0.032476,0.032661,0,0,0,0,0,0,0,0,0,0,0,0
0.043522,0.033345,0.033137,0,0,0,0,0,0,0,0,0,0,0,0
0.045383,0.032643,0.032779,0,0,0,0,0,0,0,0,0,0,0,0
0.038989,0.032517,0.032697,0,0,0,0,0,0,0,0,0,0,0,0
0.03888,0.031936,0.036969,0,0,0,0,0,0,0,0,0,0,0,0
0.043931,0.032912,0.035382,0,0,0,0,0,0,0,0,0,0,0,0
0.03836,0.032973,0.033857,0,0,0,0,0,0,0,0,0,0,0,0
0.047505,0.033433,0.033291,0,0,0,0,0,0,0,0,0,0,0,0
0.04564,0.033846,0.035254,0,0,0,0,0,0,0,0,0,0,0,0
0.041824,0.032861,0.03276,0,0,0,0,0,0,0,0,0,0,0,0
0.047806,0.032625,0.032272,0,0,0,0,0,0,0,0,0,0,0,0
0.037188,0.032812,0.033061,0,0,0,0,0,0,0,0,0,0,0,0
0.048032,0.033373,0.033444,0,0,0,0,0,0,0,0,0,0,0,0
0.048919,0.033709,0.034166,0,0,0,0,0,0,0,0,0,0,0,0
0.047687,0.03414,0.034031,0,0,0,0,0,0,0,0,0,0,0,0
0.043337,0.032527,0.0335,0,0,0,0,0,0,0,0,0,0,0,0
0.043712,0.033705,0.033512,0,0,0,0,0,0,0,0,0,0,0,0
0.039469,0.03355,0.033728,0,0,0,0,0,0,0,0,0,0,0,0
0.046391,0.03289,0.033568,0,0,0,0,0,0,0,0,0,0,0,0
0.046921,0.034323,0.037193,0,0,0,0,0,0,0,0,0,0,0,0
0.04171,0.036048,0.034079,0,0,0,0,0,0,0,0,0,0,0,0
0.042133,0.036752,0.037946,0,0,0,0,0,0,0,0,0,0,0,0
0.04202,0.036087,0.034208,0,0,0,0,0,0,0,0,0,0,0,0
0.038115,0.040107,0.03803,0,0,0,0,0,0,0,0,0,0,0,0
0.047751,0.036818,0.033683,0,0,0,0,0,0,0,0,0,0,0,0
0.045788,0.035068,0.033556,0,0,0,0,0,0,0,0,0,0,0,0
0.045062,0.037572,0.035429,0,0,0,0,0,0,0,0,0,0,0,0
0.039681,0.034521,0.034293,0,0,0,0,0,0,0,0,0,0,0,0
0.046209,0.034171,0.034057,0,0,0,0,0,0,0,0,0,0,0,0
0.049284,0.035402,0.034796,0,0,0,0,0,0,0,0,0,0,0,0
0.052253,0.034977,0.034371,0,0,0,0,0,0,0,0,0,0,0,0
0.040191,0.035612,0.035959,0,0,0,0,0,0,0,0,0,0,0,0
0.046438,0.034104,0.034188,0,0,0,0,0,0,0,0,0,0,0,0
0.052667,0.034658,0.034851,0,0,0,0,0,0,0,0,0,0,0,0
0.045421,0.036292,0.034932,0,0,0,0,0,0,0,0,0,0,0,0
0.048697,0.03478,0.034264,0,0,0,0,0,0,0,0,0,0,0,0
0.053953,0.034641,0.03439,0,0,0,0,0,0,0,0,0,0,0,0
0.047338,0.034726,0.035423,0,0,0,0,0,0,0,0,0,0,0,0
0.047474,0.035288,0.034976,0,0,0,0,0,0,0,0,0,0,0,0
0.076773,0.034518,0.034867,0,0,0,0,0,0,0,0,0,0,0,0
0.05118,0.035282,0.034934,0,0,0,0,0,0,0,0,0,0,0,0
0.050977,0.034951,0.034809,0,0,0,0,0,0,0,0,0,0,0,0
0.047719,0.035257,0.03548,0,0,0,0,0,0,0,0,0,0,0,0
0.05299,0.035564,0.03566,0,0,0,0,0,0,0,0,0,0,0,0
0.047868,0.038167,0.03494,0,0,0,0,0,0,0,0,0,0,0,0
0.052448,0.037951,0.034645,0,0,0,0,0,0,0,0,0,0,0,0
0.062484,0.035702,0.037689,0,0,0,0,0,0,0,0,0,0,0,0
0.049893,0.039082,0.035915,0,0,0,0,0,0,0,0,0,0,0,0
0.052756,0.0362,0.039453,0,0,0,0,0,0,0,0,0,0,0,0
0.051157,0.041983,0.037406,0,0,0,0,0,0,0,0,0,0,0,0
0.044329,0.041872,0.043672,0,0,0,0,0,0,0,0,0,0,0,0
0.044896,0.040261,0.036764,0,0,0,0,0,0,0,0,0,0,0,0
0.048329,0.037099,0.03695,0,0,0,0,0,0,0,0,0,0,0,0
0.041218,0.035502,0.03671,0,0,0,0,0,0,0,0,0,0,0,0
0.049527,0.037073,0.039564,0,0,0,0,0,0,0,0,0,0,0,0
0.045391,0.036539,0.040476,0,0,0,0,0,0,0,0,0,0,0,0
0.046158,0.037568,0.0426,0,0,0,0,0,0,0,0,0,0,0,0
0.052995,0.036958,0.047369,0,0,0,0,0,0,0,0,0,0,0,0
0.052582,0.037213,0.044816,0,0,0,0,0,0,0,0,0,0,0,0
0.055785,0.03745,0.037408,0,0,0,0,0,0,0,0,0,0,0,0
0.053654,0.036346,0.036192,0,0,0,0,0,0,0,0,0,0,0,0
0.053498,0.036957,0.035351,0,0,0,0,0,0,0,0,0,0,0,0
0.055672,0.03573,0.035068,0,0,0,0,0,0,0,0,0,0,0,0
0.048757,0.036344,0.036624,0,0,0,0,0,0,0,0,0,0,0,0
0.052736,0.036084,0.0354,0,0,0,0,0,0,0,0,0,0,0,0
0.048995,0.036084,0.035925,0,0,0,0,0,0,0,0,0,0,0,0
0.059972,0.037402,0.035645,0,0,0,0,0,0,0,0,0,0,0,0
0.062286,0.036947,0.036109,0,0,0,0,0,0,0,0,0,0,0,0
0.054156,0.036002,0.035603,0,0,0,0,0,0,0,0,0,0,0,0
0.062352,0.038561,0.037557,0,0,0,0,0,0,0,0,0,0,0,0
0.060916,0.03618,0.03622,0,0,0,0,0,0,0,0,0,0,0,0
0.064506,0.03696,0.036249,0,0,0,0,0,0,0,0,0,0,0,0
0.077796,0.037694,0.035841,0,0,0,0,0,0,0,0,0,0,0,0
0.06241,0.036805,0.035354,0,0,0,0,0,0,0,0,0,0,0,0
0.06926,0.037594,0.035327,0,0,0,0,0,0,0,0,0,0,0,0
0.066241,0.037172,0.034958,0,0,0,0,0,0,0,0,0,0,0,0
0.074727,0.038806,0.035263,0,0,0,0,0,0,0,0,0,0,0,0
0.055592,0.04046,0.036723,0,0,0,0,0,0,0,0,0,0,0,0
0.054874,0.048213,0.035357,0,0,0,0,0,0,0,0,0,0,0,0
0.075804,0.036128,0.037211,0,0,0,0,0,0,0,0,0,0,0,0
0.054079,0.036769,0.036655,0,0,0,0,0,0,0,0,0,0,0,0
0.046525,0.03611,0.035543,0,0,0,0,0,0,0,0,0,0,0,0
0.049262,0.035694,0.03616,0,0,0,0,0,0,0,0,0,0,0,0
0.03997,0.03561,0.034993,0,0,0,0,0,0,0,0,0,0,0,0
0.047124,0.034712,0.034933,0,0,0,0,0,0,0,0,0,0,0,0
0.051677,0.034754,0.035143,0,0,0,0,0,0,0,0,0,0,0,0
0.051376,0.034617,0.035634,0,0,0,0,0,0,0,0,0,0,0,0
0.054433,0.035541,0.035092,0,0,0,0,0,0,0,0,0,0,0,0
0.040308,0.034786,0.035202,0,0,0,0,0,0,0,0,0,0,0,0
0.046366,0.035926,0.036203,0,0,0,0,0,0,0,0,0,0,0,0
0.046104,0.035387,0.035436,0,0,0,0,0,0,0,0,0,0,0,0
0.050724,0.034999,0.035652,0,0,0,0,0,0,0,0,0,0,0,0
0.047677,0.035318,0.035593,0,0,0,0,0,0,0,0,0,0,0,0
0.049157,0.035356,0.03601,0,0,0,0,0,0,0,0,0,0,0,0
0.043772,0.034484,0.035814,0,0,0,0,0,0,0,0,0,0,0,0
0.043688,0.034542,0.034357,0,0,0,0,0,0,0,0,0,0,0,0
0.042482,0.034792,0.034654,0,0,0,0,0,0,0,0,0,0,0,0
0.039227,0.034727,0.0348,0,0,0,0,0,0,0,0,0,0,0,0
0.049202,0.036136,0.035893,0,0,0,0,0,0,0,0,0,0,0,0
0.036497,0.034501,0.034964,0,0,0,0,0,0,0,0,0,0,0,0
0.044677,0.03579,0.035789,0,0,0,0,0,0,0,0,0,0,0,0
0.048164,0.034595,0.034298,0,0,0,0,0,0,0,0,0,0,0,0
0.043348,0.035293,0.035529,0,0,0,0,0,0,0,0,0,0,0,0
0.044782,0.036128,0.035435,0,0,0,0,0,0,0,0,0,0,0,0
0.043873,0.035277,0.036018,0,0,0,0,0,0,0,0,0,0,0,0
0.051982,0.034858,0.036751,0,0,0,0,0,0,0,0,0,0,0,0
0.048731,0.034394,0.037359,0,0,0,0,0,0,0,0,0,0,0,0
0.052403,0.034681,0.038506,0,0,0,0,0,0,0,0,0,0,0,0
0.052861,0.035597,0.039609,0,0,0,0,0,0,0,0,0,0,0,0
0.050767,0.035012,0.041396,0,0,0,0,0,0,0,0,0,0,0,0
0.050432,0.033954,0.034371,0,0,0,0,0,0,0,0,0,0,0,0
0.051888,0.033661,0.033886,0,0,0,0,0,0,0,0,0,0,0,0
0.049948,0.033555,0.03401,0,0,0,0,0,0,0,0,0,0,0,0
0.048623,0.033325,0.034005,0,0,0,0,0,0,0,0,0,0,0,0
0.05264,0.032882,0.033381,0,0,0,0,0,0,0,0,0,0,0,0
0.042938,0.033183,0.033309,0,0,0,0,0,0,0,0,0,0,0,0
0.048342,0.035314,0.034037,0,0,0,0,0,0,0,0,0,0,0,0
0.047621,0.033301,0.0333,0,0,0,0,0,0,0,0,0,0,0,0
0.054839,0.033209,0.034407,0,0,0,0,0,0,0,0,0,0,0,0
0.041833,0.033564,0.034539,0,0,0,0,0,0,0,0,0,0,0,0
0.046085,0.03331,0.032847,0,0,0,0,0,0,0,0,0,0,0,0
0.039649,0.0345,0.034757,0,0,0,0,0,0,0,0,0,0,0,0
0.037744,0.033635,0.033984,0,0,0,0,0,0,0,0,0,0,0,0
0.046347,0.033354,0.033143,0,0,0,0,0,0,0,0,0,0,0,0
0.042271,0.033176,0.033173,0,0,0,0,0,0,0,0,0,0,0,0
0.042939,0.032944,0.033087,0,0,0,0,0,0,0,0,0,0,0,0
0.044746,0.033483,0.03322,0,0,0,0,0,0,0,0,0,0,0,0
0.044363,0.033221,0.033091,0,0,0,0,0,0,0,0,0,0,0,0
0.045202,0.033571,0.033369,0,0,0,0,0,0,0,0,0,0,0,0
0.048368,0.033598,0.033389,0,0,0,0,0,0,0,0,0,0,0,0
0.049102,0.034335,0.03286,0,0,0,0,0,0,0,0,0,0,0,0
0.044933,0.034464,0.033184,0,0,0,0,0,0,0,0,0,0,0,0
0.040569,0.034239,0.032838,0,0,0,0,0,0,0,0,0,0,0,0
0.052699,0.034663,0.034179,0,0,0,0,0,0,0,0,0,0,0,0
0.046542,0.037755,0.033378,0,0,0,0,0,0,0,0,0,0,0,0
0.045674,0.034367,0.033512,0,0,0,0,0,0,0,0,0,0,0,0
0.048329,0.033212,0.032749,0,0,0,0,0,0,0,0,0,0,0,0
0.044318,0.03285,0.033944,0,0,0,0,0,0,0,0,0,0,0,0
0.044327,0.033338,0.033189,0,0,0,0,0,0,0,0,0,0,0,0
0.061733,0.032786,0.033008,0,0,0,0,0,0,0,0,0,0,0,0
0.049696,0.033757,0.033169,0,0,0,0,0,0,0,0,0,0,0,0
0.050098,0.033264,0.033083,0,0,0,0,0,0,0,0,0,0,0,0
0.043856,0.033754,0.033194,0,0,0,0,0,0,0,0,0,0,0,0
0.041574,0.033342,0.033201,0,0,0,0,0,0,0,0,0,0,0,0
0.044123,0.033483,0.03317,0,0,0,0,0,0,0,0,0,0,0,0
0.04668,0.033777,0.032635,0,0,0,0,0,0,0,0,0,0,0,0
0.040232,0.033564,0.033482,0,0,0,0,0,0,0,0,0,0,0,0
0.045655,0.032763,0.032411,0,0,0,0,0,0,0,0,0,0,0,0
0.043487,0.033168,0.033988,0,0,0,0,0,0,0,0,0,0,0,0
0.0512,0.033634,0.03357,0,0,0,0,0,0,0,0,0,0,0,0
0.048032,0.040185,0.0332,0,0,0,0,0,0,0,0,0,0,0,0
0.048542,0.032521,0.032794,0,0,0,0,0,0,0,0,0,0,0,0
0.046711,0.033196,0.033213,0,0,0,0,0,0,0,0,0,0,0,0
0.043688,0.032681,0.032819,0,0,0,0,0,0,0,0,0,0,0,0
0.045725,0.032849,0.032968,0,0,0,0,0,0,0,0,0,0,0,0
0.048167,0.032701,0.033199,0,0,0,0,0,0,0,0,0,0,0,0
0.050697,0.032578,0.032753,0,0,0,0,0,0,0,0,0,0,0,0
0.04801,0.032373,0.03301,0,0,0,0,0,0,0,0,0,0,0,0
0.053258,0.033293,0.033597,0,0,0,0,0,0,0,0,0,0,0,0
0.056557,0.032852,0.032834,0,0,0,0,0,0,0,0,0,0,0,0
0.047211,0.034647,0.033088,0,0,0,0,0,0,0,0,0,0,0,0
0.053333,0.033015,0.03268,0,0,0,0,0,0,0,0,0,0,0,0
0.060399,0.033304,0.034775,0,0,0,0,0,0,0,0,0,0,0,0
0.054961,0.033635,0.034871,0,0,0,0,0,0,0,0,0,0,0,0
0.047966,0.033847,0.036861,0,0,0,0,0,0,0,0,0,0,0,0
0.043908,0.033828,0.038805,0,0,0,0,0,0,0,0,0,0,0,0
0.035055,0.033079,0.038703,0,0,0,0,0,0,0,0,0,0,0,0
0.043233,0.033272,0.035556,0,0,0,0,0,0,0,0,0,0,0,0
0.081782,0.034313,0.037877,0,0,0,0,0,0,0,0,0,0,0,0
0.046282,0.033257,0.033794,0,0,0,0,0,0,0,0,0,0,0,0
0.040794,0.034306,0.044288,0,0,0,0,0,0,0,0,0,0,0,0
0.040976,0.033252,0.033323,0,0,0,0,0,0,0,0,0,0,0,0
0.048245,0.032676,0.032733,0,0,0,0,0,0,0,0,0,0,0,0
0.042716,0.032634,0.032849,0,0,0,0,0,0,0,0,0,0,0,0
0.044676,0.033938,0.033964,0,0,0,0,0,0,0,0,0,0,0,0
0.041036,0.033094,0.032741,0,0,0,0,0,0,0,0,0,0,0,0
0.041866,0.032942,0.033708,0,0,0,0,0,0,0,0,0,0,0,0
0.048553,0.034055,0.03449,0,0,0,0,0,0,0,0,0,0,0,0
0.039982,0.033586,0.033341,0,0,0,0,0,0,0,0,0,0,0,0
0.041769,0.033379,0.033088,0,0,0,0,0,0,0,0,0,0,0,0
0.049437,0.032872,0.033186,0,0,0,0,0,0,0,0,0,0,0,0
0.043727,0.03268,0.034069,0,0,0,0,0,0,0,0,0,0,0,0
0.046633,0.033204,0.03377,0,0,0,0,0,0,0,0,0,0,0,0
0.04562,0.032816,0.032865,0,0,0,0,0,0,0,0,0,0,0,0
0.044207,0.033141,0.033713,0,0,0,0,0,0,0,0,0,0,0,0
0.066108,0.032901,0.035543,0,0,0,0,0,0,0,0,0,0,0,0
0.044442,0.039286,0.033,0,0,0,0,0,0,0,0,0,0,0,0
0.048036,0.036778,0.036745,0,0,0,0,0,0,0,0,0,0,0,0
0.043628,0.035379,0.033275,0,0,0,0,0,0,0,0,0,0,0,0
0.034209,0.035267,0.036174,0,0,0,0,0,0,0,0,0,0,0,0
0.044232,0.03562,0.03612,0,0,0,0,0,0,0,0,0,0,0,0
0.047885,0.03412,0.033716,0,0,0,0,0,0,0,0,0,0,0,0
0.04265,0.04351,0.035703,0,0,0,0,0,0,0,0,0,0,0,0
0.04354,0.038523,0.03349,0,0,0,0,0,0,0,0,0,0,0,0
0.048926,0.034242,0.035575,0,0,0,0,0,0,0,0,0,0,0,0
0.056597,0.033611,0.033586,0,0,0,0,0,0,0,0,0,0,0,0
0.051338,0.034284,0.03683,0,0,0,0,0,0,0,0,0,0,0,0
0.048519,0.033247,0.033311,0,0,0,0,0,0,0,0,0,0,0,0
0.044653,0.033547,0.036254,0,0,0,0,0,0,0,0,0,0,0,0
0.048864,0.033537,0.032911,0,0,0,0,0,0,0,0,0,0,0,0
0.042249,0.033403,0.03613,0,0,0,0,0,0,0,0,0,0,0,0
0.047387,0.033559,0.033339,0,0,0,0,0,0,0,0,0,0,0,0
0.047415,0.03327,0.036157,0,0,0,0,0,0,0,0,0,0,0,0
0.052377,0.033784,0.032881,0,0,0,0,0,0,0,0,0,0,0,0
0.045674,0.033404,0.03643,0,0,0,0,0,0,0,0,0,0,0,0
0.042858,0.033248,0.036052,0,0,0,0,0,0,0,0,0,0,0,0
0.081107,0.033566,0.034281,0,0,0,0,0,0,0,0,0,0,0,0
0.058211,0.035147,0.03712,0,0,0,0,0,0,0,0,0,0,0,0
0.045392,0.033907,0.034061,0,0,0,0,0,0,0,0,0,0,0,0
0.03807,0.032904,0.036211,0,0,0,0,0,0,0,0,0,0,0,0
0.047635,0.035843,0.035134,0,0,0,0,0,0,0,0,0,0,0,0
0.050867,0.033328,0.036444,0,0,0,0,0,0,0,0,0,0,0,0
0.04527,0.035072,0.034171,0,0,0,0,0,0,0,0,0,0,0,0
0.055831,0.033749,0.035942,0,0,0,0,0,0,0,0,0,0,0,0
0.046854,0.032991,0.035757,0,0,0,0,0,0,0,0,0,0,0,0
0.039743,0.032651,0.035714,0,0,0,0,0,0,0,0,0,0,0,0
0.046458,0.033523,0.033664,0,0,0,0,0,0,0,0,0,0,0,0
0.04304,0.03276,0.035493,0,0,0,0,0,0,0,0,0,0,0,0
0.04889,0.033466,0.034007,0,0,0,0,0,0,0,0,0,0,0,0
0.042923,0.032914,0.035692,0,0,0,0,0,0,0,0,0,0,0,0
0.046412,0.033473,0.036633,0,0,0,0,0,0,0,0,0,0,0,0
0.048637,0.033215,0.037917,0,0,0,0,0,0,0,0,0,0,0,0
0.044041,0.033172,0.037868,0,0,0,0,0,0,0,0,0,0,0,0
0.048398,0.032886,0.037488,0,0,0,0,0,0,0,0,0,0,0,0
0.043765,0.032942,0.034638,0,0,0,0,0,0,0,0,0,0,0,0
0.046503,0.032747,0.033496,0,0,0,0,0,0,0,0,0,0,0,0
0.043259,0.034314,0.034381,0,0,0,0,0,0,0,0,0,0,0,0
0.048466,0.033386,0.033433,0,0,0,0,0,0,0,0,0,0,0,0
0.050427,0.033089,0.033603,0,0,0,0,0,0,0,0,0,0,0,0
0.048525,0.032913,0.033061,0,0,0,0,0,0,0,0,0,0,0,0
0.040658,0.032824,0.033116,0,0,0,0,0,0,0,0,0,0,0,0
0.046316,0.033244,0.033903,0,0,0,0,0,0,0,0,0,0,0,0
0.038032,0.032963,0.033098,0,0,0,0,0,0,0,0,0,0,0,0
0.054552,0.033983,0.035741,0,0,0,0,0,0,0,0,0,0,0,0
0.044154,0.032541,0.035061,0,0,0,0,0,0,0,0,0,0,0,0
0.045526,0.033324,0.041761,0,0,0,0,0,0,0,0,0,0,0,0
0.052077,0.032507,0.032247,0,0,0,0,0,0,0,0,0,0,0,0
0.046753,0.037785,0.032728,0,0,0,0,0,0,0,0,0,0,0,0
0.043415,0.034454,0.033103,0,0,0,0,0,0,0,0,0,0,0,0
0.04719,0.032954,0.032078,0,0,0,0,0,0,0,0,0,0,0,0
0.043606,0.032561,0.032941,0,0,0,0,0,0,0,0,0,0,0,0
0.045109,0.032601,0.032618,0,0,0,0,0,0,0,0,0,0,0,0
0.043822,0.032056,0.031919,0,0,0,0,0,0,0,0,0,0,0,0
0.052417,0.032336,0.032319,0,0,0,0,0,0,0,0,0,0,0,0
0.044378,0.032479,0.032681,0,0,0,0,0,0,0,0,0,0,0,0
0.044594,0.032264,0.032589,0,0,0,0,0,0,0,0,0,0,0,0
0.055175,0.032821,0.033169,0,0,0,0,0,0,0,0,0,0,0,0
0.046218,0.033098,0.032887,0,0,0,0,0,0,0,0,0,0,0,0
0.04722,0.032706,0.033033,0,0,0,0,0,0,0,0,0,0,0,0
0.041515,0.031997,0.032284,0,0,0,0,0,0,0,0,0,0,0,0
0.053653,0.03263,0.032922,0,0,0,0,0,0,0,0,0,0,0,0
0.046681,0.032081,0.032409,0,0,0,0,0,0,0,0,0,0,0,0
0.04516,0.032793,0.032905,0,0,0,0,0,0,0,0,0,0,0,0
0.044383,0.032268,0.032803,0,0,0,0,0,0,0,0,0,0,0,0
0.046434,0.032471,0.032399,0,0,0,0,0,0,0,0,0,0,0,0
0.045217,0.032582,0.03294,0,0,0,0,0,0,0,0,0,0,0,0
0.043988,0.031985,0.031922,0,0,0,0,0,0,0,0,0,0,0,0
0.048858,0.032494,0.032527,0,0,0,0,0,0,0,0,0,0,0,0
0.039852,0.032251,0.032218,0,0,0,0,0,0,0,0,0,0,0,0
0.039226,0.032657,0.032889,0,0,0,0,0,0,0,0,0,0,0,0
0.041102,0.032783,0.032752,0,0,0,0,0,0,0,0,0,0,0,0
0.043793,0.032395,0.032898,0,0,0,0,0,0,0,0,0,0,0,0
0.050293,0.033303,0.033279,0,0,0,0,0,0,0,0,0,0,0,0
0.046198,0.032672,0.032673,0,0,0,0,0,0,0,0,0,0,0,0
0.050826,0.03244,0.032554,0,0,0,0,0,0,0,0,0,0,0,0
0.054977,0.032944,0.033282,0,0,0,0,0,0,0,0,0,0,0,0
0.048106,0.033053,0.033048,0,0,0,0,0,0,0,0,0,0,0,0
0.042274,0.03286,0.033849,0,0,0,0,0,0,0,0,0,0,0,0
0.038496,0.033754,0.034072,0,0,0,0,0,0,0,0,0,0,0,0
0.046426,0.034207,0.034169,0,0,0,0,0,0,0,0,0,0,0,0
0.049417,0.034625,0.034852,0,0,0,0,0,0,0,0,0,0,0,0
0.051352,0.034171,0.034369,0,0,0,0,0,0,0,0,0,0,0,0
0.039114,0.034289,0.034334,0,0,0,0,0,0,0,0,0,0,0,0
0.049517,0.03384,0.033995,0,0,0,0,0,0,0,0,0,0,0,0
0.046958,0.033407,0.03431,0,0,0,0,0,0,0,0,0,0,0,0
0.050555,0.034282,0.034125,0,0,0,0,0,0,0,0,0,0,0,0
0.047579,0.033897,0.038901,0,0,0,0,0,0,0,0,0,0,0,0
0.051617,0.034988,0.037802,0,0,0,0,0,0,0,0,0,0,0,0
0.044566,0.034647,0.036318,0,0,0,0,0,0,0,0,0,0,0,0
0.047643,0.035948,0.039214,0,0,0,0,0,0,0,0,0,0,0,0
0.046428,0.0375,0.038903,0,0,0,0,0,0,0,0,0,0,0,0
0.052805,0.036568,0.044397,0,0,0,0,0,0,0,0,0,0,0,0
0.055285,0.034631,0.042098,0,0,0,0,0,0,0,0,0,0,0,0
0.046242,0.035379,0.03462,0,0,0,0,0,0,0,0,0,0,0,0
0.048666,0.034062,0.03405,0,0,0,0,0,0,0,0,0,0,0,0
0.045818,0.034967,0.034474,0,0,0,0,0,0,0,0,0,0,0,0
0.050582,0.034584,0.033797,0,0,0,0,0,0,0,0,0,0,0,0
0.047999,0.034679,0.033882,0,0,0,0,0,0,0,0,0,0,0,0
0.056606,0.03532,0.034386,0,0,0,0,0,0,0,0,0,0,0,0
0.04428,0.035962,0.034209,0,0,0,0,0,0,0,0,0,0,0,0
0.047948,0.035587,0.035112,0,0,0,0,0,0,0,0,0,0,0,0
0.04283,0.034789,0.034377,0,0,0,0,0,0,0,0,0,0,0,0
0.040454,0.034409,0.03396,0,0,0,0,0,0,0,0,0,0,0,0
0.041758,0.033951,0.034167,0,0,0,0,0,0,0,0,0,0,0,0
0.045076,0.034021,0.033919,0,0,0,0,0,0,0,0,0,0,0,0
0.043507,0.034198,0.033852,0,0,0,0,0,0,0,0,0,0,0,0
0.043937,0.033549,0.033609,0,0,0,0,0,0,0,0,0,0,0,0
0.051556,0.033308,0.033898,0,0,0,0,0,0,0,0,0,0,0,0
0.044906,0.033563,0.033765,0,0,0,0,0,0,0,0,0,0,0,0
0.044973,0.034549,0.034455,0,0,0,0,0,0,0,0,0,0,0,0
0.053862,0.033539,0.03439,0,0,0,0,0,0,0,0,0,0,0,0
0.049306,0.034139,0.03426,0,0,0,0,0,0,0,0,0,0,0,0
0.042,0.033868,0.034698,0,0,0,0,0,0,0,0,0,0,0,0
0.047632,0.033723,0.034286,0,0,0,0,0,0,0,0,0,0,0,0
0.067798,0.033824,0.034645,0,0,0,0,0,0,0,0,0,0,0,0
0.043739,0.033871,0.035226,0,0,0,0,0,0,0,0,0,0,0,0
0.048655,0.034455,0.034618,0,0,0,0,0,0,0,0,0,0,0,0
0.047999,0.033985,0.034194,0,0,0,0,0,0,0,0,0,0,0,0
0.058793,0.034971,0.035299,0,0,0,0,0,0,0,0,0,0,0,0
0.048616,0.0346,0.033907,0,0,0,0,0,0,0,0,0,0,0,0
0.044802,0.034185,0.03448,0,0,0,0,0,0,0,0,0,0,0,0
0.04566,0.034689,0.034209,0,0,0,0,0,0,0,0,0,0,0,0
0.057747,0.033924,0.034639,0,0,0,0,0,0,0,0,0,0,0,0
0.056603,0.034615,0.035346,0,0,0,0,0,0,0,0,0,0,0,0
0.049847,0.034558,0.0344,0,0,0,0,0,0,0,0,0,0,0,0
0.04526,0.034929,0.035241,0,0,0,0,0,0,0,0,0,0,0,0
0.037452,0.034098,0.033983,0,0,0,0,0,0,0,0,0,0,0,0
0.051504,0.034168,0.034271,0,0,0,0,0,0,0,0,0,0,0,0
0.052414,0.03456,0.033965,0,0,0,0,0,0,0,0,0,0,0,0
0.062125,0.034491,0.035255,0,0,0,0,0,0,0,0,0,0,0,0
0.051939,0.034301,0.034506,0,0,0,0,0,0,0,0,0,0,0,0
0.044259,0.035203,0.03605,0,0,0,0,0,0,0,0,0,0,0,0
0.043284,0.034369,0.035022,0,0,0,0,0,0,0,0,0,0,0,0
0.044872,0.034802,0.03431,0,0,0,0,0,0,0,0,0,0,0,0
0.047258,0.035998,0.036343,0,0,0,0,0,0,0,0,0,0,0,0
0.049541,0.03658,0.03594,0,0,0,0,0,0,0,0,0,0,0,0
0.051661,0.037002,0.035811,0,0,0,0,0,0,0,0,0,0,0,0
0.078656,0.035358,0.036802,0,0,0,0,0,0,0,0,0,0,0,0
0.041539,0.035674,0.035061,0,0,0,0,0,0,0,0,0,0,0,0
0.048839,0.036399,0.036351,0,0,0,0,0,0,0,0,0,0,0,0
0.048515,0.0358,0.037458,0,0,0,0,0,0,0,0,0,0,0,0
0.041394,0.036442,0.03623,0,0,0,0,0,0,0,0,0,0,0,0
0.048029,0.03521,0.039339,0,0,0,0,0,0,0,0,0,0,0,0
0.047359,0.035178,0.038329,0,0,0,0,0,0,0,0,0,0,0,0
0.042352,0.035286,0.040363,0,0,0,0,0,0,0,0,0,0,0,0
0.044445,0.035343,0.040865,0,0,0,0,0,0,0,0,0,0,0,0
0.052114,0.036155,0.042522,0,0,0,0,0,0,0,0,0,0,0,0
0.044653,0.035197,0.037138,0,0,0,0,0,0,0,0,0,0,0,0
0.043502,0.034688,0.041835,0,0,0,0,0,0,0,0,0,0,0,0
0.055332,0.034844,0.034851,0,0,0,0,0,0,0,0,0,0,0,0
0.054974,0.034555,0.038456,0,0,0,0,0,0,0,0,0,0,0,0
0.05184,0.034646,0.035035,0,0,0,0,0,0,0,0,0,0,0,0
0.0367,0.034649,0.036344,0,0,0,0,0,0,0,0,0,0,0,0
0.049948,0.034542,0.034555,0,0,0,0,0,0,0,0,0,0,0,0
0.048497,0.03423,0.037082,0,0,0,0,0,0,0,0,0,0,0,0
0.049072,0.034139,0.036837,0,0,0,0,0,0,0,0,0,0,0,0
0.04901,0.034867,0.035218,0,0,0,0,0,0,0,0,0,0,0,0
0.057564,0.034897,0.036876,0,0,0,0,0,0,0,0,0,0,0,0
0.051554,0.036129,0.034796,0,0,0,0,0,0,0,0,0,0,0,0
0.051459,0.034405,0.036778,0,0,0,0,0,0,0,0,0,0,0,0
0.04646,0.034663,0.035992,0,0,0,0,0,0,0,0,0,0,0,0
0.045406,0.034847,0.037854,0,0,0,0,0,0,0,0,0,0,0,0
0.048306,0.03578,0.038549,0,0,0,0,0,0,0,0,0,0,0,0
0.04575,0.034576,0.035065,0,0,0,0,0,0,0,0,0,0,0,0
0.04281,0.034469,0.036988,0,0,0,0,0,0,0,0,0,0,0,0
0.044234,0.034601,0.034733,0,0,0,0,0,0,0,0,0,0,0,0
0.042178,0.03487,0.037404,0,0,0,0,0,0,0,0,0,0,0,0
0.037682,0.036107,0.035125,0,0,0,0,0,0,0,0,0,0,0,0
0.045989,0.034753,0.037627,0,0,0,0,0,0,0,0,0,0,0,0
0.045932,0.034288,0.035109,0,0,0,0,0,0,0,0,0,0,0,0
0.048683,0.034283,0.037524,0,0,0,0,0,0,0,0,0,0,0,0
0.042037,0.035031,0.038662,0,0,0,0,0,0,0,0,0,0,0,0
0.04334,0.035411,0.034418,0,0,0,0,0,0,0,0,0,0,0,0
0.047992,0.035606,0.038503,0,0,0,0,0,0,0,0,0,0,0,0
0.041604,0.034864,0.034709,0,0,0,0,0,0,0,0,0,0,0,0
0.042623,0.035437,0.037524,0,0,0,0,0,0,0,0,0,0,0,0
0.047765,0.035922,0.036516,0,0,0,0,0,0,0,0,0,0,0,0
0.051783,0.034906,0.037643,0,0,0,0,0,0,0,0,0,0,0,0
0.042961,0.03451,0.034439,0,0,0,0,0,0,0,0,0,0,0,0
0.046459,0.036336,0.038046,0,0,0,0,0,0,0,0,0,0,0,0
0.048596,0.035951,0.034451,0,0,0,0,0,0,0,0,0,0,0,0
0.049968,0.036762,0.038412,0,0,0,0,0,0,0,0,0,0,0,0
0.045207,0.036194,0.035781,0,0,0,0,0,0,0,0,0,0,0,0
0.041314,0.039688,0.035527,0,0,0,0,0,0,0,0,0,0,0,0
0.048384,0.03793,0.035024,0,0,0,0,0,0,0,0,0,0,0,0
0.053865,0.03542,0.034934,0,0,0,0,0,0,0,0,0,0,0,0
0.047266,0.03983,0.034851,0,0,0,0,0,0,0,0,0,0,0,0
0.045201,0.036376,0.034769,0,0,0,0,0,0,0,0,0,0,0,0
0.04548,0.03893,0.034822,0,0,0,0,0,0,0,0,0,0,0,0
0.046798,0.036044,0.034702,0,0,0,0,0,0,0,0,0,0,0,0
0.043594,0.040269,0.03449,0,0,0,0,0,0,0,0,0,0,0,0
0.074444,0.039022,0.033811,0,0,0,0,0,0,0,0,0,0,0,0
0.066366,0.034808,0.035502,0,0,0,0,0,0,0,0,0,0,0,0
0.071861,0.038279,0.034407,0,0,0,0,0,0,0,0,0,0,0,0
0.05575,0.034477,0.034738,0,0,0,0,0,0,0,0,0,0,0,0
0.055427,0.039143,0.033993,0,0,0,0,0,0,0,0,0,0,0,0
0.054711,0.034381,0.035867,0,0,0,0,0,0,0,0,0,0,0,0
0.082769,0.038516,0.037288,0,0,0,0,0,0,0,0,0,0,0,0
0.054703,0.036919,0.042685,0,0,0,0,0,0,0,0,0,0,0,0
0.058334,0.036595,0.042759,0,0,0,0,0,0,0,0,0,0,0,0
0.06019,0.038253,0.036678,0,0,0,0,0,0,0,0,0,0,0,0
0.060874,0.034073,0.036614,0,0,0,0,0,0,0,0,0,0,0,0
0.056558,0.035387,0.048519,0,0,0,0,0,0,0,0,0,0,0,0
0.055472,0.034391,0.041494,0,0,0,0,0,0,0,0,0,0,0,0
0.05026,0.033978,0.034345,0,0,0,0,0,0,0,0,0,0,0,0
0.058533,0.034938,0.034889,0,0,0,0,0,0,0,0,0,0,0,0
0.051814,0.034759,0.03471,0,0,0,0,0,0,0,0,0,0,0,0
0.056501,0.034373,0.033985,0,0,0,0,0,0,0,0,0,0,0,0
0.058439,0.034596,0.034959,0,0,0,0,0,0,0,0,0,0,0,0
0.058228,0.033734,0.034586,0,0,0,0,0,0,0,0,0,0,0,0
0.052722,0.034031,0.035133,0,0,0,0,0,0,0,0,0,0,0,0
0.060813,0.034522,0.035138,0,0,0,0,0,0,0,0,0,0,0,0
0.058687,0.034201,0.034652,0,0,0,0,0,0,0,0,0,0,0,0
0.061444,0.035949,0.035288,0,0,0,0,0,0,0,0,0,0,0,0
0.061988,0.034836,0.034523,0,0,0,0,0,0,0,0,0,0,0,0
0.058387,0.034764,0.035103,0,0,0,0,0,0,0,0,0,0,0,0
0.065573,0.035063,0.034726,0,0,0,0,0,0,0,0,0,0,0,0
0.061125,0.035884,0.035674,0,0,0,0,0,0,0,0,0,0,0,0
0.065405,0.035094,0.03435,0,0,0,0,0,0,0,0,0,0,0,0
0.06898,0.035215,0.035147,0,0,0,0,0,0,0,0,0,0,0,0
0.063256,0.034369,0.034234,0,0,0,0,0,0,0,0,0,0,0,0
0.10388,0.03588,0.034386,0,0,0,0,0,0,0,0,0,0,0,0
0.058704,0.034992,0.034348,0,0,0,0,0,0,0,0,0,0,0,0
0.057819,0.034628,0.034442,0,0,0,0,0,0,0,0,0,0,0,0
0.04725,0.034646,0.034497,0,0,0,0,0,0,0,0,0,0,0,0
0.045554,0.03471,0.039996,0,0,0,0,0,0,0,0,0,0,0,0
0.046919,0.035119,0.038954,0,0,0,0,0,0,0,0,0,0,0,0
0.054625,0.03571,0.035472,0,0,0,0,0,0,0,0,0,0,0,0
0.047689,0.036796,0.039511,0,0,0,0,0,0,0,0,0,0,0,0
0.041933,0.038544,0.034737,0,0,0,0,0,0,0,0,0,0,0,0
0.053102,0.034732,0.039848,0,0,0,0,0,0,0,0,0,0,0,0
0.04551,0.038331,0.039655,0,0,0,0,0,0,0,0,0,0,0,0
0.045619,0.03487,0.03499,0,0,0,0,0,0,0,0,0,0,0,0
0.045407,0.038779,0.039678,0,0,0,0,0,0,0,0,0,0,0,0
0.048223,0.034936,0.035242,0,0,0,0,0,0,0,0,0,0,0,0
0.061838,0.038803,0.039321,0,0,0,0,0,0,0,0,0,0,0,0
0.061968,0.038914,0.035059,0,0,0,0,0,0,0,0,0,0,0,0
0.045621,0.035051,0.039989,0,0,0,0,0,0,0,0,0,0,0,0
0.047147,0.038698,0.040157,0,0,0,0,0,0,0,0,0,0,0,0
0.050473,0.034887,0.035157,0,0,0,0,0,0,0,0,0,0,0,0
0.043548,0.039988,0.039947,0,0,0,0,0,0,0,0,0,0,0,0
0.041155,0.035391,0.035154,0,0,0,0,0,0,0,0,0,0,0,0
0.047771,0.039222,0.037958,0,0,0,0,0,0,0,0,0,0,0,0
0.067665,0.034818,0.036871,0,0,0,0,0,0,0,0,0,0,0,0
0.042646,0.039478,0.035383,0,0,0,0,0,0,0,0,0,0,0,0
0.047467,0.03917,0.03499,0,0,0,0,0,0,0,0,0,0,0,0
0.051348,0.035413,0.03588,0,0,0,0,0,0,0,0,0,0,0,0
0.046556,0.040005,0.036734,0,0,0,0,0,0,0,0,0,0,0,0
0.046495,0.035149,0.034812,0,0,0,0,0,0,0,0,0,0,0,0
0.045034,0.038478,0.038194,0,0,0,0,0,0,0,0,0,0,0,0
0.041042,0.037681,0.037004,0,0,0,0,0,0,0,0,0,0,0,0
0.042211,0.033926,0.037824,0,0,0,0,0,0,0,0,0,0,0,0
0.044167,0.037488,0.039503,0,0,0,0,0,0,0,0,0,0,0,0
0.048144,0.036361,0.036562,0,0,0,0,0,0,0,0,0,0,0,0
0.048152,0.036765,0.040945,0,0,0,0,0,0,0,0,0,0,0,0
0.054194,0.036245,0.036748,0,0,0,0,0,0,0,0,0,0,0,0
0.049737,0.035672,0.037116,0,0,0,0,0,0,0,0,0,0,0,0
0.048561,0.03658,0.034422,0,0,0,0,0,0,0,0,0,0,0,0
0.049666,0.037241,0.038097,0,0,0,0,0,0,0,0,0,0,0,0
0.048226,0.036191,0.034985,0,0,0,0,0,0,0,0,0,0,0,0
0.043237,0.038895,0.035343,0,0,0,0,0,0,0,0,0,0,0,0
0.043387,0.038799,0.034021,0,0,0,0,0,0,0,0,0,0,0,0
0.042748,0.035018,0.034839,0,0,0,0,0,0,0,0,0,0,0,0
0.038668,0.034411,0.034444,0,0,0,0,0,0,0,0,0,0,0,0
0.045932,0.034168,0.034853,0,0,0,0,0,0,0,0,0,0,0,0
0.056706,0.035305,0.034324,0,0,0,0,0,0,0,0,0,0,0,0
0.037913,0.034557,0.033968,0,0,0,0,0,0,0,0,0,0,0,0
0.039427,0.035701,0.034942,0,0,0,0,0,0,0,0,0,0,0,0
0.037968,0.03473,0.034453,0,0,0,0,0,0,0,0,0,0,0,0
0.040008,0.034738,0.035993,0,0,0,0,0,0,0,0,0,0,0,0
0.043678,0.034171,0.034772,0,0,0,0,0,0,0,0,0,0,0,0
0.050466,0.034955,0.034541,0,0,0,0,0,0,0,0,0,0,0,0
0.045859,0.035116,0.035976,0,0,0,0,0,0,0,0,0,0,0,0
0.042301,0.034029,0.034484,0,0,0,0,0,0,0,0,0,0,0,0
0.043473,0.033808,0.033959,0,0,0,0,0,0,0,0,0,0,0,0
0.042353,0.033932,0.033917,0,0,0,0,0,0,0,0,0,0,0,0
0.045093,0.033581,0.034002,0,0,0,0,0,0,0,0,0,0,0,0
0.050531,0.033864,0.033959,0,0,0,0,0,0,0,0,0,0,0,0
0.050455,0.034079,0.034855,0,0,0,0,0,0,0,0,0,0,0,0
0.049504,0.033682,0.034598,0,0,0,0,0,0,0,0,0,0,0,0
0.05882,0.033345,0.03451,0,0,0,0,0,0,0,0,0,0,0,0
0.053082,0.034179,0.034574,0,0,0,0,0,0,0,0,0,0,0,0
0.058293,0.034506,0.034185,0,0,0,0,0,0,0,0,0,0,0,0
0.052789,0.034247,0.034082,0,0,0,0,0,0,0,0,0,0,0,0
0.052245,0.033613,0.034019,0,0,0,0,0,0,0,0,0,0,0,0
0.03966,0.0339,0.034252,0,0,0,0,0,0,0,0,0,0,0,0
0.047493,0.033826,0.034704,0,0,0,0,0,0,0,0,0,0,0,0
0.056043,0.034392,0.034239,0,0,0,0,0,0,0,0,0,0,0,0
0.066263,0.034198,0.034809,0,0,0,0,0,0,0,0,0,0,0,0
0.048484,0.034028,0.034174,0,0,0,0,0,0,0,0,0,0,0,0
0.03795,0.03327,0.034011,0,0,0,0,0,0,0,0,0,0,0,0
0.052255,0.033754,0.033721,0,0,0,0,0,0,0,0,0,0,0,0
0.05048,0.034523,0.036637,0,0,0,0,0,0,0,0,0,0,0,0
0.047766,0.034797,0.034971,0,0,0,0,0,0,0,0,0,0,0,0
0.042645,0.034002,0.033914,0,0,0,0,0,0,0,0,0,0,0,0
0.039585,0.032968,0.033569,0,0,0,0,0,0,0,0,0,0,0,0
0.043273,0.034304,0.035901,0,0,0,0,0,0,0,0,0,0,0,0
0.053266,0.03399,0.035766,0,0,0,0,0,0,0,0,0,0,0,0
0.041724,0.033536,0.034228,0,0,0,0,0,0,0,0,0,0,0,0
0.041749,0.034214,0.035001,0,0,0,0,0,0,0,0,0,0,0,0
0.045657,0.033865,0.03352,0,0,0,0,0,0,0,0,0,0,0,0
0.045912,0.033107,0.03358,0,0,0,0,0,0,0,0,0,0,0,0
0.038116,0.033258,0.033593,0,0,0,0,0,0,0,0,0,0,0,0
0.042725,0.032926,0.033226,0,0,0,0,0,0,0,0,0,0,0,0
0.042788,0.03331,0.033578,0,0,0,0,0,0,0,0,0,0,0,0
0.044448,0.033268,0.03327,0,0,0,0,0,0,0,0,0,0,0,0
0.038745,0.032888,0.034596,0,0,0,0,0,0,0,0,0,0,0,0
