1
339.3100,127.5300,420.5100,124.1500,419.9900,111.8800,338.8000,115.2600
339.3100,127.5300,420.5100,124.1500,419.9900,111.8800,338.8000,115.2600
339.3100,127.5300,420.5100,124.1500,419.9900,111.8800,338.8000,115.2600
339.3100,127.5300,420.5100,124.1500,419.9900,111.8800,338.8000,115.2600
339.3100,127.5300,420.5100,124.1500,419.9900,111.8800,338.8000,115.2600
339.3100,127.5300,420.5100,124.1500,419.9900,111.8800,338.8000,115.2600
339.3100,127.5300,420.5100,124.1500,419.9900,111.8800,338.8000,115.2600
2
0
0
0
0
1
295.7500,138.8500,310.7800,135.6200,292.7500,51.9000,277.7200,55.1370
294.9159,135.9678,310.1651,130.7237,280.9146,45.7876,265.6663,51.0390
294.9159,135.9678,310.1651,130.7237,280.9146,45.7876,265.6663,51.0390
292.1971,134.3300,307.2608,129.6871,281.3602,45.7825,266.2970,50.4325
289.0712,135.0441,303.7781,131.4399,283.6644,49.5207,268.9577,53.1318
289.0712,135.0441,303.7781,131.4399,283.6644,49.5207,268.9577,53.1318
283.2101,135.7931,298.2755,133.9075,287.7348,49.9871,272.6688,51.8795
279.2378,136.0858,294.5373,135.9861,293.9447,50.7572,278.6438,50.8638
286.4042,136.0183,302.1604,134.9580,296.2154,47.1873,280.4582,48.2547
289.9632,130.7974,304.8911,128.6264,292.7607,45.4726,277.8323,47.6505
289.9632,130.7974,304.8911,128.6264,292.7607,45.4726,277.8323,47.6505
289.9632,130.7974,304.8911,128.6264,292.7607,45.4726,277.8323,47.6505
289.9632,130.7974,304.8911,128.6264,292.7607,45.4726,277.8323,47.6505
287.3317,131.6256,302.8210,130.4081,296.0007,44.1249,280.5105,45.3495
277.0279,129.8160,292.4046,130.8193,297.9565,45.1577,282.5779,44.1611
277.0279,129.8160,292.4046,130.8193,297.9565,45.1577,282.5779,44.1611
277.0279,129.8160,292.4046,130.8193,297.9565,45.1577,282.5779,44.1611
277.0279,129.8160,292.4046,130.8193,297.9565,45.1577,282.5779,44.1611
263.2858,133.7304,280.8675,139.7587,314.4065,41.8013,296.8204,35.7803
263.5022,140.6859,283.0414,145.3161,308.7874,36.4576,289.2443,31.8356
267.3813,157.3708,289.0325,161.3853,311.3433,40.7630,289.6883,36.7577
270.7376,170.0715,293.7255,173.5058,312.8012,45.4385,289.8096,42.0141
270.8750,184.1953,295.6092,187.8001,315.6305,50.0040,290.8923,46.4098
270.8750,184.1953,295.6092,187.8001,315.6305,50.0040,290.8923,46.4098
281.0607,177.7698,305.3469,180.1777,318.7015,44.8799,294.4118,42.4826
292.4283,166.9626,314.6201,169.1191,326.5792,45.4899,304.3844,43.3431
287.6361,149.5497,307.1986,153.8400,331.0511,44.8527,311.4849,40.5706
2
0
0
0
0
1
298.7000,64.7260,286.7800,57.7840,245.1800,129.2100,257.1000,136.1600
298.7000,64.7260,286.7800,57.7840,245.1800,129.2100,257.1000,136.1600
298.7000,64.7260,286.7800,57.7840,245.1800,129.2100,257.1000,136.1600
295.7224,67.4238,282.4500,60.2913,239.7081,139.8205,252.9807,146.9617
295.7224,67.4238,282.4500,60.2913,239.7081,139.8205,252.9807,146.9617
295.7224,67.4238,282.4500,60.2913,239.7081,139.8205,252.9807,146.9617
295.7224,67.4238,282.4500,60.2913,239.7081,139.8205,252.9807,146.9617
295.7224,67.4238,282.4500,60.2913,239.7081,139.8205,252.9807,146.9617
295.7224,67.4238,282.4500,60.2913,239.7081,139.8205,252.9807,146.9617
303.2505,71.6136,290.8655,63.0522,239.5617,137.2639,251.9460,145.8340
303.1124,73.2550,288.7279,65.2510,240.7639,151.4442,255.1486,159.4577
303.1124,73.2550,288.7279,65.2510,240.7639,151.4442,255.1486,159.4577
303.1124,73.2550,288.7279,65.2510,240.7639,151.4442,255.1486,159.4577
303.1124,73.2550,288.7279,65.2510,240.7639,151.4442,255.1486,159.4577
303.1124,73.2550,288.7279,65.2510,240.7639,151.4442,255.1486,159.4577
303.1124,73.2550,288.7279,65.2510,240.7639,151.4442,255.1486,159.4577
303.1124,73.2550,288.7279,65.2510,240.7639,151.4442,255.1486,159.4577
303.1124,73.2550,288.7279,65.2510,240.7639,151.4442,255.1486,159.4577
313.4679,72.0591,298.2260,60.2595,227.5180,151.5899,242.7584,163.4006
2
0
0
0
0
1
222.7300,257.5800,238.7000,258.5000,243.3000,178.8600,227.3300,177.9400
228.3393,256.0192,243.7845,255.1018,239.2211,178.0775,223.7759,178.9949
228.3393,256.0192,243.7845,255.1018,239.2211,178.0775,223.7759,178.9949
229.9923,258.8221,246.3499,257.2711,238.6277,175.6964,222.2701,177.2474
230.2910,269.8733,247.0672,269.4884,245.1604,185.8274,228.3843,186.2123
230.2910,269.8733,247.0672,269.4884,245.1604,185.8274,228.3843,186.2123
232.5473,279.1608,250.6980,278.1281,245.5621,187.6122,227.4114,188.6448
232.5473,279.1608,250.6980,278.1281,245.5621,187.6122,227.4114,188.6448
233.9118,281.5095,250.7767,278.6029,236.2944,194.4972,219.4295,197.4038
233.9118,281.5095,250.7767,278.6029,236.2944,194.4972,219.4295,197.4038
235.7989,282.5311,252.1242,278.2535,230.8049,196.8376,214.4795,201.1152
235.7989,282.5311,252.1242,278.2535,230.8049,196.8376,214.4795,201.1152
244.4735,298.7023,260.4934,292.2047,228.1030,212.3103,212.0831,218.8079
255.1425,296.4373,268.0238,286.5940,218.9460,222.3490,206.0647,232.1923
256.9422,293.7792,269.0115,283.5974,218.2454,223.4014,206.1761,233.5832
256.9422,293.7792,269.0115,283.5974,218.2454,223.4014,206.1761,233.5832
256.9422,293.7792,269.0115,283.5974,218.2454,223.4014,206.1761,233.5832
256.9422,293.7792,269.0115,283.5974,218.2454,223.4014,206.1761,233.5832
262.0729,299.5922,274.9717,286.7717,211.0469,222.4372,198.1481,235.2577
264.1840,312.4596,279.1461,297.1692,202.9058,222.5431,187.9437,237.8335
266.4829,329.5404,283.2334,313.3776,202.6440,229.8324,185.8935,245.9952
273.3931,360.0631,295.2308,345.7389,223.8141,236.8260,201.9765,251.1502
274.2917,358.2058,295.1315,344.5742,227.1677,240.6380,206.3279,254.2696
280.7185,353.5046,298.4525,337.1601,216.9578,248.7101,199.2237,265.0545
282.2390,355.6487,301.9604,339.7224,222.5521,241.3619,202.8307,257.2883
282.4499,352.9823,300.9652,340.9969,241.2091,248.6536,222.6937,260.6390
275.8344,364.5639,295.4526,356.5920,255.7123,258.7522,236.0941,266.7241
276.1708,395.7354,297.6967,389.5717,266.9750,282.2196,245.4491,288.3833
278.4740,390.5672,297.9067,383.3844,262.1014,286.4705,242.6687,293.6534
274.8449,414.3676,296.6681,411.8299,284.0295,302.9982,262.2064,305.5359
274.1483,410.9314,292.0689,409.1154,283.0262,319.7462,265.1057,321.5622
274.1483,410.9314,292.0689,409.1154,283.0262,319.7462,265.1057,321.5622
268.4587,405.3997,285.2562,405.8578,287.5536,322.0907,270.7561,321.6326
268.4587,405.3997,285.2562,405.8578,287.5536,322.0907,270.7561,321.6326
268.4587,405.3997,285.2562,405.8578,287.5536,322.0907,270.7561,321.6326
263.9531,412.5493,280.2932,413.5465,285.2782,332.0611,268.9382,331.0639
263.9531,412.5493,280.2932,413.5465,285.2782,332.0611,268.9382,331.0639
263.9531,412.5493,280.2932,413.5465,285.2782,332.0611,268.9382,331.0639
265.2193,409.9734,280.3720,410.5139,283.0790,334.9493,267.9263,334.4088
262.4394,410.6082,277.7635,412.3713,286.5671,335.9530,271.2430,334.1900
252.5394,418.7702,267.2694,424.1844,294.2809,350.7314,279.5509,345.3171
252.5394,418.7702,267.2694,424.1844,294.2809,350.7314,279.5509,345.3171
250.7900,419.6006,265.2025,425.8790,296.5232,354.0102,282.1107,347.7317
250.7900,419.6006,265.2025,425.8790,296.5232,354.0102,282.1107,347.7317
250.7900,419.6006,265.2025,425.8790,296.5232,354.0102,282.1107,347.7317
2
0
0
0
0
1
265.1200,548.5300,278.0000,544.0100,250.0900,464.4100,237.2100,468.9300
265.1200,548.5300,278.0000,544.0100,250.0900,464.4100,237.2100,468.9300
265.1200,548.5300,278.0000,544.0100,250.0900,464.4100,237.2100,468.9300
265.1200,548.5300,278.0000,544.0100,250.0900,464.4100,237.2100,468.9300
265.1200,548.5300,278.0000,544.0100,250.0900,464.4100,237.2100,468.9300
265.1200,548.5300,278.0000,544.0100,250.0900,464.4100,237.2100,468.9300
265.1200,548.5300,278.0000,544.0100,250.0900,464.4100,237.2100,468.9300
265.1200,548.5300,278.0000,544.0100,250.0900,464.4100,237.2100,468.9300
265.1200,548.5300,278.0000,544.0100,250.0900,464.4100,237.2100,468.9300
265.1200,548.5300,278.0000,544.0100,250.0900,464.4100,237.2100,468.9300
265.1200,548.5300,278.0000,544.0100,250.0900,464.4100,237.2100,468.9300
273.0023,506.4414,257.5658,507.9791,267.0421,603.3723,282.4786,601.8346
280.3481,509.0314,264.7723,508.9622,264.3191,605.2136,279.8949,605.2827
280.3481,509.0314,264.7723,508.9622,264.3191,605.2136,279.8949,605.2827
280.3231,508.5030,262.3763,508.2741,260.9319,619.1767,278.8786,619.4056
297.5408,507.3832,279.2419,501.7905,244.6512,614.8599,262.9500,620.4526
297.5408,507.3832,279.2419,501.7905,244.6512,614.8599,262.9500,620.4526
284.3270,510.1984,267.1828,507.3629,249.6322,613.3014,266.7764,616.1369
276.5232,512.9122,259.8258,512.7054,258.5201,615.8872,275.2174,616.0940
279.8086,534.2889,264.0904,531.6287,247.6256,628.7557,263.3438,631.4159
2
0
0
0
0
1
338.9600,573.7300,345.9300,585.5700,417.2900,543.5900,410.3200,531.7500
346.2560,566.7640,354.3630,580.4233,436.6878,531.5952,428.5808,517.9359
346.2560,566.7640,354.3630,580.4233,436.6878,531.5952,428.5808,517.9359
346.2560,566.7640,354.3630,580.4233,436.6878,531.5952,428.5808,517.9359
357.5128,562.9496,366.7050,576.5197,448.4939,521.1516,439.3016,507.5815
375.3093,558.8693,386.4762,570.8860,458.9081,503.6161,447.7411,491.5994
378.1651,561.7270,391.6665,572.2264,454.9594,490.8862,441.4580,480.3868
380.5803,560.4231,395.4590,569.8618,452.3631,480.2202,437.4844,470.7814
2
0
0
0
0
1
486.1700,581.8600,500.1100,584.6800,514.2300,514.7400,500.2900,511.9300
486.1700,581.8600,500.1100,584.6800,514.2300,514.7400,500.2900,511.9300
486.1700,581.8600,500.1100,584.6800,514.2300,514.7400,500.2900,511.9300
486.1700,581.8600,500.1100,584.6800,514.2300,514.7400,500.2900,511.9300
486.1700,581.8600,500.1100,584.6800,514.2300,514.7400,500.2900,511.9300
486.1700,581.8600,500.1100,584.6800,514.2300,514.7400,500.2900,511.9300
486.1700,581.8600,500.1100,584.6800,514.2300,514.7400,500.2900,511.9300
486.1700,581.8600,500.1100,584.6800,514.2300,514.7400,500.2900,511.9300
486.1700,581.8600,500.1100,584.6800,514.2300,514.7400,500.2900,511.9300
2
0
0
0
0
1
504.0346,677.9298,558.5585,661.4807,552.2866,640.7151,497.7659,657.1730
513.6603,693.6290,559.5349,657.0204,545.5854,639.5518,499.7173,676.1675
534.5536,687.4622,563.9418,638.7911,545.3999,627.6034,516.0200,676.2787
535.8754,686.6351,555.7922,629.3708,533.9785,621.7917,514.0712,679.0587
2
0
0
0
0
1
638.1909,552.8865,648.9490,538.6764,586.1982,491.1807,575.4403,505.3907
638.1909,552.8865,648.9490,538.6764,586.1982,491.1807,575.4403,505.3907
640.5088,549.8406,650.4201,536.5699,591.8182,492.8124,581.9069,506.0830
652.7741,554.3628,662.8568,541.9398,607.9975,497.4254,597.9149,509.8484
652.7741,554.3628,662.8568,541.9398,607.9975,497.4254,597.9149,509.8484
657.4982,575.0117,671.4013,562.7773,617.3732,501.3932,603.4702,513.6276
672.6391,581.8782,687.3622,565.6341,615.6286,500.6311,600.9055,516.8751
685.2917,596.1957,704.4563,576.3971,617.0251,491.7843,597.8607,511.5828
721.7733,613.8100,738.8932,589.5548,631.7847,513.9729,614.6649,538.2280
746.2733,633.2115,763.3964,609.1434,657.1143,533.5471,639.9913,557.6151
750.1760,635.9676,765.7345,614.1731,669.4921,545.4840,653.9337,567.2784
757.0239,642.4211,773.0380,620.2515,675.1390,549.5511,659.1250,571.7206
770.6868,653.9780,787.6833,629.8591,681.1764,554.8217,664.1800,578.9406
770.3239,659.1697,789.1628,637.5060,693.4962,554.3319,674.6573,575.9956
760.1339,655.1115,779.8965,637.4419,701.8661,550.1878,682.1037,567.8573
758.9925,680.2444,782.8948,668.4736,730.9084,562.9373,707.0062,574.7082
758.0618,678.6859,774.4049,670.4298,737.9416,598.2700,721.5986,606.5262
748.3296,679.2491,764.3019,675.6404,748.3596,605.1154,732.3873,608.7242
748.3296,679.2491,764.3019,675.6404,748.3596,605.1154,732.3873,608.7242
755.4604,683.1005,772.0724,678.2734,750.7502,604.9249,734.1384,609.7520
758.4278,689.0226,776.8466,684.2683,755.8449,602.9412,737.4261,607.6955
769.4366,682.4815,786.5256,673.1572,745.3453,597.7041,728.2563,607.0284
2
0
0
0
0
1
818.6500,623.8300,902.0900,634.2600,903.6800,621.5800,820.2300,611.1500
818.6500,623.8300,902.0900,634.2600,903.6800,621.5800,820.2300,611.1500
818.6500,623.8300,902.0900,634.2600,903.6800,621.5800,820.2300,611.1500
818.6500,623.8300,902.0900,634.2600,903.6800,621.5800,820.2300,611.1500
818.6500,623.8300,902.0900,634.2600,903.6800,621.5800,820.2300,611.1500
818.6500,623.8300,902.0900,634.2600,903.6800,621.5800,820.2300,611.1500
818.6500,623.8300,902.0900,634.2600,903.6800,621.5800,820.2300,611.1500
818.6500,623.8300,902.0900,634.2600,903.6800,621.5800,820.2300,611.1500
819.3306,629.6353,931.9865,641.7979,933.8414,624.6780,821.1721,612.5156
841.6689,633.2625,940.9850,640.9435,942.1582,625.8506,842.8303,618.1701
841.6689,633.2625,940.9850,640.9435,942.1582,625.8506,842.8303,618.1701
841.6689,633.2625,940.9850,640.9435,942.1582,625.8506,842.8303,618.1701
841.6689,633.2625,940.9850,640.9435,942.1582,625.8506,842.8303,618.1701
841.6689,633.2625,940.9850,640.9435,942.1582,625.8506,842.8303,618.1701
848.7833,628.5576,953.7185,638.6572,955.2595,622.7105,850.3117,612.6113
848.7833,628.5576,953.7185,638.6572,955.2595,622.7105,850.3117,612.6113
850.5791,624.5063,958.7783,640.3808,961.1971,623.9384,852.9849,608.0636
2
0
0
0
0
1
1085.7000,636.4500,1090.1000,623.7700,1010.2000,596.0400,1005.8000,608.7300
1085.7000,636.4500,1090.1000,623.7700,1010.2000,596.0400,1005.8000,608.7300
1085.7000,636.4500,1090.1000,623.7700,1010.2000,596.0400,1005.8000,608.7300
1085.7000,636.4500,1090.1000,623.7700,1010.2000,596.0400,1005.8000,608.7300
1085.7000,636.4500,1090.1000,623.7700,1010.2000,596.0400,1005.8000,608.7300
1085.7000,636.4500,1090.1000,623.7700,1010.2000,596.0400,1005.8000,608.7300
1091.3414,646.3177,1097.0680,632.2718,1008.5612,596.1827,1002.8341,610.2399
1091.3414,646.3177,1097.0680,632.2718,1008.5612,596.1827,1002.8341,610.2399
1096.2225,644.3115,1099.8218,629.5765,1006.9727,606.8915,1003.3745,621.6378
1094.9254,642.9948,1098.9897,628.1117,1005.2068,602.4961,1001.1433,617.3907
1094.9254,642.9948,1098.9897,628.1117,1005.2068,602.4961,1001.1433,617.3907
1120.9633,639.8839,1124.5330,622.1553,1012.8197,599.6554,1009.2517,617.3973
1120.9633,639.8839,1124.5330,622.1553,1012.8197,599.6554,1009.2517,617.3973
2
0
0
0
0
1
1210.0000,688.5600,1222.7000,684.5300,1197.0000,603.7400,1184.3000,607.7700
1210.0000,688.5600,1222.7000,684.5300,1197.0000,603.7400,1184.3000,607.7700
1212.9619,700.2218,1227.8959,695.0284,1194.7832,600.0294,1179.8494,605.2228
1216.5574,730.1774,1233.7704,725.3378,1202.8981,615.8356,1185.6852,620.6754
1225.5314,742.8185,1242.9982,735.0804,1193.6819,623.9761,1176.2150,631.7144
1218.5060,748.0560,1234.5382,744.0832,1209.1870,642.0898,1193.1547,646.0626
1225.4315,780.6280,1241.4044,776.1610,1212.9087,674.5474,1196.9358,679.0144
2
0
0
0
0
1
1402.0000,688.6700,1412.1000,697.8100,1468.8000,635.3900,1458.8000,626.2500
1402.0000,688.6700,1412.1000,697.8100,1468.8000,635.3900,1458.8000,626.2500
2
0
0
0
0
1
1583.4000,531.4500,1595.7000,520.1400,1546.3000,466.2600,1533.9000,477.5700
1577.9586,532.2276,1591.7429,522.9214,1551.1185,462.5607,1537.2358,471.8520
1577.2899,522.3446,1589.7623,513.5959,1551.5686,458.9780,1539.0059,467.7146
1564.3442,507.8071,1578.1664,499.3878,1541.4220,438.8665,1527.5048,447.2669
1557.7598,488.8852,1568.1362,477.7639,1519.5498,432.2997,1509.0825,443.4279
2
0
0
0
0
1
1465.9000,381.2200,1478.5000,373.5400,1434.1000,301.0300,1421.5000,308.7100
2
0
0
0
0
1
1160.7000,365.8900,1240.8000,368.9200,1241.2000,357.4600,1161.1000,354.4400
1160.7000,365.8900,1240.8000,368.9200,1241.2000,357.4600,1161.1000,354.4400
1160.7000,365.8900,1240.8000,368.9200,1241.2000,357.4600,1161.1000,354.4400
2
0
0
0
0
1
999.7100,368.3600,1084.2000,367.7600,1084.1000,356.3200,999.6300,356.9200
999.7100,368.3600,1084.2000,367.7600,1084.1000,356.3200,999.6300,356.9200
999.7100,368.3600,1084.2000,367.7600,1084.1000,356.3200,999.6300,356.9200
999.7100,368.3600,1084.2000,367.7600,1084.1000,356.3200,999.6300,356.9200
999.7100,368.3600,1084.2000,367.7600,1084.1000,356.3200,999.6300,356.9200
2
0
0
0
0
1
1042.9011,433.6895,1060.6083,427.6943,1041.0287,369.9665,1023.3214,375.9616
1044.4277,428.5701,1061.5999,423.8926,1046.3177,367.9075,1029.1456,372.5850
1053.4500,423.6574,1068.6932,417.1452,1047.4319,367.4526,1032.1885,373.9648
2
0
0
0
0
1
889.6500,376.2500,976.7800,380.5000,977.4300,367.1900,890.3000,362.9400
889.6500,376.2500,976.7800,380.5000,977.4300,367.1900,890.3000,362.9400
889.6500,376.2500,976.7800,380.5000,977.4300,367.1900,890.3000,362.9400
889.6500,376.2500,976.7800,380.5000,977.4300,367.1900,890.3000,362.9400
2
0
0
0
0
1
725.1100,338.4900,808.1700,337.3200,807.9800,323.9200,724.9200,325.0900
725.1100,338.4900,808.1700,337.3200,807.9800,323.9200,724.9200,325.0900
725.1100,338.4900,808.1700,337.3200,807.9800,323.9200,724.9200,325.0900
725.1100,338.4900,808.1700,337.3200,807.9800,323.9200,724.9200,325.0900
2
0
0
0
0
1
569.8000,298.1000,652.7500,310.7600,654.7000,298.0100,571.7500,285.3400
569.8000,298.1000,652.7500,310.7600,654.7000,298.0100,571.7500,285.3400
569.8000,298.1000,652.7500,310.7600,654.7000,298.0100,571.7500,285.3400
569.8000,298.1000,652.7500,310.7600,654.7000,298.0100,571.7500,285.3400
569.8000,298.1000,652.7500,310.7600,654.7000,298.0100,571.7500,285.3400
569.8000,298.1000,652.7500,310.7600,654.7000,298.0100,571.7500,285.3400
569.8000,298.1000,652.7500,310.7600,654.7000,298.0100,571.7500,285.3400
2
0
0
0
0
1
359.7700,324.7800,440.4600,311.1200,438.4100,299.0200,357.7200,312.6800
359.7700,324.7800,440.4600,311.1200,438.4100,299.0200,357.7200,312.6800
359.7700,324.7800,440.4600,311.1200,438.4100,299.0200,357.7200,312.6800
330.8183,343.5420,432.6924,306.4643,427.1302,291.1880,325.2562,328.2657
325.0407,339.5710,438.5176,316.5831,435.0682,299.5665,321.5913,322.5545
318.6328,336.0386,426.0647,323.1638,424.1319,307.0535,316.7000,319.9283
2
0
0
0
0
1
289.4200,254.4100,302.3300,249.4700,271.6500,169.1500,258.7400,174.0800
289.4200,254.4100,302.3300,249.4700,271.6500,169.1500,258.7400,174.0800
289.4200,254.4100,302.3300,249.4700,271.6500,169.1500,258.7400,174.0800
289.4200,254.4100,302.3300,249.4700,271.6500,169.1500,258.7400,174.0800
289.4200,254.4100,302.3300,249.4700,271.6500,169.1500,258.7400,174.0800
2
0
0
0
0
1
293.3600,136.2900,296.2800,148.2000,376.1900,128.6300,373.2700,116.7100
293.3600,136.2900,296.2800,148.2000,376.1900,128.6300,373.2700,116.7100
293.3600,136.2900,296.2800,148.2000,376.1900,128.6300,373.2700,116.7100
293.3600,136.2900,296.2800,148.2000,376.1900,128.6300,373.2700,116.7100
293.3600,136.2900,296.2800,148.2000,376.1900,128.6300,373.2700,116.7100
293.3600,136.2900,296.2800,148.2000,376.1900,128.6300,373.2700,116.7100
293.3600,136.2900,296.2800,148.2000,376.1900,128.6300,373.2700,116.7100
293.3600,136.2900,296.2800,148.2000,376.1900,128.6300,373.2700,116.7100
2
0
0
0
0
1
480.8800,150.7700,485.9800,138.7700,406.7900,105.1000,401.6900,117.0900
480.8800,150.7700,485.9800,138.7700,406.7900,105.1000,401.6900,117.0900
480.8800,150.7700,485.9800,138.7700,406.7900,105.1000,401.6900,117.0900
480.8800,150.7700,485.9800,138.7700,406.7900,105.1000,401.6900,117.0900
