0.00027763
0.5023
0.079649
0.061146
0.071463
NaN
0.06677
0.046599
NaN
NaN
NaN
NaN
0.00039902
0.48881
0.11691
NaN
NaN
NaN
NaN
0.00028304
0.50854
0.092136
0.056613
0.066987
0.075341
NaN
0.060404
0.046305
0.043129
0.040622
0.051932
0.042995
0.042196
0.049657
0.044138
0.041067
0.042606
0.053205
0.039878
0.042682
0.040672
0.05481
0.060155
NaN
0.041981
0.041146
0.042345
0.038934
0.042993
0.054385
0.041262
0.042521
0.040987
0.042167
0.04286
0.055089
0.055134
0.051277
0.03945
0.041528
0.048812
0.053459
0.055112
0.04379
0.042275
0.049758
0.051255
0.057493
0.037632
0.048722
0.05399
0.050808
0.04168
0.048477
0.051308
0.041089
0.052443
NaN
NaN
NaN
NaN
0.00029176
0.48263
0.097643
0.064185
0.084722
NaN
0.07648
NaN
0.044381
0.045882
0.054577
0.04671
0.059408
0.044907
0.056175
0.059845
0.047239
0.043501
0.059399
0.04492
0.054878
0.044123
0.056105
NaN
0.058109
0.063507
0.045921
0.063413
0.047664
0.043025
0.060389
0.048286
0.055133
NaN
0.06184
0.047095
0.054779
0.048959
0.058265
0.058613
0.059562
0.066581
NaN
0.047861
0.045598
0.04317
0.048212
0.042887
0.056516
0.048189
0.047032
0.047412
0.049698
0.054124
0.047985
0.051016
0.046298
0.048953
0.049566
0.04742
0.051343
0.049924
0.050014
0.053466
0.051931
0.046478
0.050938
0.049108
0.048838
0.050061
NaN
NaN
NaN
NaN
0.00028394
0.57812
0.073976
0.079471
NaN
0.072439
0.081739
NaN
0.0553
0.051357
0.041322
0.040856
0.040787
0.040066
0.045868
NaN
NaN
NaN
NaN
0.00026531
0.51082
0.094265
0.067075
0.071805
NaN
0.081037
0.054414
0.054564
NaN
0.059495
0.060059
0.051429
0.05416
0.047754
0.050622
0.049013
0.046929
0.046511
0.045877
0.044989
0.054275
0.044643
0.055415
0.048339
0.046154
0.046215
0.047028
0.046031
0.045349
0.045325
0.046871
0.046896
0.046228
0.045989
0.045473
0.046331
0.054931
0.045657
0.04549
0.04567
0.04606
0.046761
0.047028
0.04781
0.045985
0.044606
0.046783
0.049459
0.04253
0.042606
NaN
NaN
NaN
NaN
0.00039422
0.51909
0.092455
0.070958
0.071574
NaN
0.097845
NaN
0.058156
0.05899
0.057734
0.062583
NaN
0.055495
0.061005
0.064099
0.053025
0.055004
0.056504
0.054474
NaN
0.052254
0.048694
0.052104
0.045539
0.047484
0.04774
0.046589
0.048057
0.048537
0.050887
0.0502
0.048011
0.048339
0.058165
0.047049
0.047278
0.048009
0.048346
0.045168
0.048651
0.045083
0.045708
NaN
NaN
NaN
NaN
0.00029146
0.49602
0.09476
0.062137
0.058663
0.085869
NaN
0.0434
NaN
NaN
NaN
NaN
0.00042366
0.5342
0.10393
0.068179
0.071569
NaN
0.085342
NaN
0.06604
0.055516
0.049968
0.056551
0.061435
0.055102
0.045124
0.055532
NaN
0.054155
0.046919
0.042988
0.056755
0.056711
0.0602
0.058796
0.057386
0.056293
NaN
0.060962
0.062629
0.062525
0.060679
0.055442
NaN
0.057523
0.06428
0.056808
0.060579
0.065078
NaN
NaN
NaN
NaN
NaN
0.00037438
0.52403
0.080028
0.068943
NaN
NaN
NaN
NaN
