1
585.0000,193.0000,61.0000,55.0000
584.0000,192.0000,61.0000,56.0000
583.0000,192.0000,60.0000,55.0000
581.0000,191.0000,60.0000,56.0000
579.5000,191.0000,60.0000,56.0000
577.0000,190.0000,60.0000,57.0000
575.0000,189.0000,60.0000,57.0000
575.0000,188.0000,60.0000,57.0000
569.0000,188.0000,60.0000,57.0000
561.0000,190.0000,60.0000,57.0000
558.0000,187.0000,60.0000,57.0000
556.0000,186.0000,60.0000,57.0000
554.0000,183.0000,60.0000,57.0000
552.0000,182.0000,60.0000,57.0000
550.0000,181.0000,60.0000,57.0000
548.0000,181.0000,60.0000,57.0000
548.0000,181.0000,60.0000,57.0000
546.0000,180.0000,60.0000,57.0000
546.0000,180.0000,60.0000,57.0000
545.0000,179.0000,60.0000,57.0000
545.0000,178.0000,60.0000,57.0000
545.0000,178.0000,60.0000,57.0000
544.0000,178.0000,60.0000,57.0000
544.0000,178.0000,60.0000,57.0000
543.0000,178.0000,60.0000,57.0000
543.0000,178.0000,60.0000,57.0000
541.0000,178.0000,60.0000,57.0000
542.0000,179.0000,60.0000,57.0000
541.0000,179.0000,60.0000,57.0000
541.0000,178.0000,60.0000,57.0000
540.0000,178.0000,60.0000,57.0000
540.0000,178.0000,60.0000,57.0000
539.0000,177.0000,60.0000,57.0000
540.0000,178.0000,60.0000,57.0000
542.0000,177.0000,60.0000,57.0000
545.0000,177.0000,60.0000,57.0000
545.0000,177.0000,60.0000,57.0000
545.5000,177.0000,60.0000,58.0000
545.0000,178.0000,60.0000,58.0000
543.5000,179.0000,60.0000,58.0000
542.0000,177.0000,60.0000,58.0000
541.0000,178.0000,60.0000,58.0000
541.0000,179.0000,60.0000,58.0000
540.0000,178.0000,60.0000,58.0000
541.5000,180.0000,60.0000,59.0000
540.0000,179.0000,60.0000,59.0000
540.0000,179.0000,60.0000,59.0000
540.0000,180.0000,60.0000,59.0000
540.0000,180.0000,60.0000,59.0000
540.0000,180.0000,60.0000,59.0000
541.0000,181.0000,60.0000,59.0000
542.0000,182.0000,60.0000,59.0000
543.0000,182.0000,60.0000,59.0000
544.0000,183.0000,60.0000,59.0000
545.0000,183.0000,60.0000,59.0000
546.0000,184.0000,60.0000,59.0000
541.0000,187.0000,60.0000,59.0000
539.0000,185.0000,60.0000,59.0000
538.0000,185.0000,60.0000,59.0000
537.0000,188.0000,60.0000,59.0000
538.0000,189.0000,60.0000,59.0000
540.0000,190.0000,60.0000,59.0000
542.0000,191.0000,60.0000,59.0000
544.0000,191.0000,60.0000,59.0000
546.0000,193.0000,60.0000,59.0000
548.0000,193.0000,60.0000,59.0000
550.0000,194.0000,60.0000,59.0000
552.0000,195.0000,60.0000,59.0000
554.0000,195.0000,60.0000,59.0000
556.0000,196.0000,60.0000,59.0000
558.0000,196.0000,60.0000,59.0000
560.0000,196.0000,60.0000,59.0000
561.0000,196.0000,60.0000,59.0000
563.0000,198.0000,60.0000,59.0000
565.0000,197.0000,60.0000,59.0000
567.0000,198.0000,60.0000,59.0000
569.0000,198.0000,60.0000,59.0000
570.0000,200.0000,60.0000,59.0000
572.0000,199.0000,60.0000,59.0000
574.0000,199.0000,60.0000,59.0000
575.0000,201.0000,60.0000,59.0000
577.0000,201.0000,60.0000,59.0000
578.0000,201.0000,60.0000,59.0000
580.0000,203.0000,60.0000,59.0000
581.0000,202.0000,60.0000,59.0000
582.0000,203.0000,60.0000,59.0000
583.0000,204.0000,60.0000,59.0000
585.0000,204.0000,60.0000,59.0000
586.0000,204.0000,60.0000,59.0000
586.0000,206.0000,60.0000,59.0000
585.0000,206.0000,60.0000,59.0000
586.0000,207.0000,60.0000,59.0000
585.0000,207.0000,60.0000,59.0000
586.0000,207.0000,60.0000,59.0000
587.0000,207.0000,60.0000,59.0000
588.0000,208.0000,60.0000,59.0000
588.0000,208.0000,60.0000,59.0000
589.0000,208.0000,60.0000,59.0000
589.0000,208.0000,60.0000,59.0000
590.0000,209.0000,60.0000,59.0000
591.0000,208.0000,60.0000,59.0000
592.0000,208.0000,60.0000,59.0000
597.0000,207.0000,60.0000,59.0000
600.0000,206.0000,60.0000,59.0000
605.0000,205.0000,60.0000,59.0000
606.0000,205.0000,60.0000,59.0000
606.0000,205.0000,60.0000,59.0000
604.0000,204.0000,60.0000,59.0000
603.0000,205.0000,60.0000,59.0000
601.0000,204.0000,60.0000,59.0000
599.0000,203.0000,60.0000,59.0000
598.0000,203.0000,60.0000,59.0000
596.0000,202.0000,60.0000,59.0000
594.0000,201.0000,60.0000,59.0000
593.0000,201.0000,60.0000,59.0000
590.0000,201.0000,60.0000,59.0000
589.0000,200.0000,60.0000,59.0000
587.0000,200.0000,60.0000,59.0000
585.0000,200.0000,60.0000,59.0000
583.0000,199.0000,60.0000,59.0000
581.0000,198.0000,60.0000,59.0000
579.0000,198.0000,60.0000,59.0000
578.0000,198.0000,60.0000,59.0000
576.0000,197.0000,60.0000,59.0000
575.0000,197.0000,60.0000,59.0000
573.0000,196.0000,60.0000,59.0000
570.0000,198.0000,60.0000,59.0000
565.0000,198.0000,60.0000,59.0000
560.0000,197.0000,60.0000,59.0000
558.0000,197.0000,60.0000,59.0000
556.0000,197.0000,60.0000,59.0000
554.0000,199.0000,60.0000,59.0000
553.0000,198.0000,60.0000,59.0000
552.0000,198.0000,60.0000,59.0000
552.0000,199.0000,60.0000,59.0000
551.0000,198.0000,60.0000,59.0000
552.0000,198.0000,60.0000,59.0000
550.0000,198.0000,60.0000,59.0000
551.0000,197.0000,60.0000,59.0000
550.0000,198.0000,60.0000,59.0000
550.0000,198.0000,60.0000,59.0000
551.0000,197.0000,60.0000,59.0000
550.0000,198.0000,60.0000,59.0000
551.0000,197.0000,60.0000,59.0000
551.0000,197.0000,60.0000,59.0000
553.0000,196.0000,60.0000,59.0000
552.0000,197.0000,60.0000,59.0000
554.0000,196.0000,60.0000,59.0000
555.0000,196.0000,60.0000,59.0000
556.0000,196.0000,60.0000,59.0000
557.0000,196.0000,60.0000,59.0000
557.0000,196.0000,60.0000,59.0000
559.0000,196.0000,60.0000,59.0000
558.0000,196.0000,60.0000,59.0000
559.0000,197.0000,60.0000,59.0000
558.0000,197.0000,60.0000,59.0000
559.0000,199.0000,60.0000,59.0000
560.0000,199.0000,60.0000,59.0000
562.0000,199.0000,60.0000,59.0000
564.0000,198.0000,60.0000,59.0000
566.0000,198.0000,60.0000,59.0000
568.0000,198.0000,60.0000,59.0000
569.0000,199.0000,60.0000,59.0000
570.0000,199.0000,60.0000,59.0000
572.0000,199.0000,60.0000,59.0000
573.0000,199.0000,60.0000,59.0000
575.0000,198.0000,60.0000,59.0000
576.0000,199.0000,60.0000,59.0000
577.0000,198.0000,60.0000,59.0000
578.0000,200.0000,60.0000,59.0000
579.0000,199.0000,60.0000,59.0000
578.0000,199.0000,60.0000,59.0000
580.0000,199.0000,60.0000,59.0000
579.0000,200.0000,60.0000,59.0000
2
0
0
0
0
1
598.0000,186.0000,81.0000,70.0000
598.0000,186.0000,81.0000,70.0000
598.0000,186.0000,81.0000,70.0000
598.0000,186.0000,81.0000,70.0000
598.5000,185.0000,81.0000,71.0000
597.5000,185.0000,81.0000,72.0000
595.0000,185.0000,81.0000,72.0000
601.0000,184.0000,81.0000,72.0000
606.0000,185.0000,81.0000,72.0000
607.0000,186.0000,81.0000,72.0000
607.0000,185.0000,81.0000,72.0000
606.0000,186.0000,81.0000,72.0000
605.0000,185.0000,81.0000,72.0000
604.0000,186.0000,81.0000,72.0000
603.0000,185.0000,81.0000,72.0000
602.0000,186.0000,81.0000,72.0000
599.0000,188.2727,81.0000,65.4545
598.0000,187.7727,81.0000,65.4545
597.0000,187.7727,81.0000,65.4545
596.0000,187.7727,81.0000,65.4545
595.0000,187.7727,81.0000,65.4545
595.0000,187.7727,81.0000,65.4545
593.0000,187.7727,81.0000,65.4545
593.0000,187.2727,81.0000,65.4545
592.0000,187.7727,81.0000,65.4545
591.0000,187.2727,81.0000,65.4545
590.0000,188.2727,81.0000,65.4545
589.0000,187.2727,81.0000,65.4545
589.0000,188.2727,81.0000,65.4545
588.5000,186.7727,81.0000,65.4545
586.5000,187.7727,81.0000,65.4545
586.0000,186.7727,81.0000,65.4545
584.0000,189.2727,81.0000,65.4545
584.5000,186.7727,81.0000,65.4545
583.5000,188.7727,81.0000,65.4545
581.5000,187.2727,81.0000,65.4545
582.0000,189.2727,81.0000,65.4545
581.5000,187.2727,81.0000,65.4545
580.0000,188.7727,81.0000,65.4545
579.5000,187.2727,81.0000,65.4545
580.5000,188.7727,81.0000,65.4545
580.0000,187.7727,81.0000,65.4545
581.0000,188.7727,81.0000,65.4545
579.5000,188.2727,81.0000,65.4545
578.5000,191.2727,81.0000,65.4545
579.5000,192.2727,81.0000,65.4545
584.0000,194.7727,81.0000,65.4545
584.0000,195.7727,81.0000,65.4545
582.0000,196.7727,81.0000,65.4545
581.0000,197.2727,81.0000,65.4545
578.0000,199.7727,81.0000,65.4545
577.0000,199.7727,81.0000,65.4545
574.5000,199.2727,81.0000,65.4545
572.0000,199.2727,81.0000,65.4545
568.5000,201.2727,81.0000,65.4545
566.5000,200.7727,81.0000,65.4545
560.0000,200.7727,81.0000,65.4545
557.0000,201.7727,81.0000,65.4545
552.5000,201.2727,81.0000,65.4545
549.5000,202.2727,81.0000,65.4545
543.0000,202.7727,81.0000,65.4545
539.5000,202.7727,81.0000,65.4545
533.5000,202.2727,81.0000,65.4545
530.5000,203.7727,81.0000,65.4545
523.0000,203.7727,81.0000,65.4545
520.0000,203.2727,81.0000,65.4545
513.5000,204.7727,81.0000,65.4545
510.0000,204.7727,81.0000,65.4545
504.0000,205.2727,81.0000,65.4545
501.0000,206.2727,81.0000,65.4545
494.0000,206.2727,81.0000,65.4545
491.0000,208.2727,81.0000,65.4545
484.5000,208.7727,81.0000,65.4545
480.5000,209.7727,81.0000,65.4545
477.5000,210.2727,81.0000,65.4545
470.5000,210.2727,81.0000,65.4545
467.5000,211.7727,81.0000,65.4545
464.0000,211.2727,81.0000,65.4545
460.0000,211.7727,81.0000,65.4545
456.5000,210.7727,81.0000,65.4545
453.5000,210.7727,81.0000,65.4545
449.5000,212.7727,81.0000,65.4545
442.5000,212.2727,81.0000,65.4545
437.5000,211.2727,81.0000,65.4545
436.0000,213.2727,81.0000,65.4545
434.5000,212.7727,81.0000,65.4545
432.5000,213.7727,81.0000,65.4545
430.0000,215.2727,81.0000,65.4545
428.5000,214.7727,81.0000,65.4545
427.0000,215.2727,81.0000,65.4545
426.0000,215.7727,81.0000,65.4545
425.0000,216.7727,81.0000,65.4545
424.5000,217.2727,81.0000,65.4545
423.0000,218.7727,81.0000,65.4545
422.5000,218.7727,81.0000,65.4545
422.5000,218.7727,81.0000,65.4545
421.5000,220.2727,81.0000,65.4545
422.5000,219.7727,81.0000,65.4545
422.0000,221.2727,81.0000,65.4545
421.5000,221.2727,81.0000,65.4545
423.0000,223.2727,81.0000,65.4545
421.0000,223.7727,81.0000,65.4545
421.0000,223.7727,81.0000,65.4545
425.5000,224.7727,81.0000,65.4545
427.5000,225.2727,81.0000,65.4545
427.5000,227.2727,81.0000,65.4545
427.0000,227.7727,81.0000,65.4545
424.5000,228.7727,81.0000,65.4545
425.5000,230.7727,81.0000,65.4545
424.0000,231.7727,81.0000,65.4545
422.5000,233.7727,81.0000,65.4545
420.5000,234.7727,81.0000,65.4545
421.5000,236.2727,81.0000,65.4545
419.5000,236.2727,81.0000,65.4545
417.0000,237.7727,81.0000,65.4545
415.5000,238.2727,81.0000,65.4545
414.5000,238.7727,81.0000,65.4545
411.0000,239.2727,81.0000,65.4545
408.5000,239.7727,81.0000,65.4545
407.0000,239.7727,81.0000,65.4545
408.0000,240.2727,81.0000,65.4545
407.0000,241.7727,81.0000,65.4545
409.0000,241.7727,81.0000,65.4545
409.0000,242.7727,81.0000,65.4545
409.0000,242.7727,81.0000,65.4545
410.5000,242.7727,81.0000,65.4545
412.0000,243.2727,81.0000,65.4545
411.5000,245.2727,81.0000,65.4545
414.0000,244.2727,81.0000,65.4545
413.5000,244.2727,81.0000,65.4545
415.5000,244.7727,81.0000,65.4545
417.0000,243.7727,81.0000,65.4545
417.5000,243.7727,81.0000,65.4545
415.5000,244.7727,81.0000,65.4545
421.0000,244.2727,81.0000,65.4545
422.5000,244.7727,81.0000,65.4545
418.0000,242.7727,81.0000,65.4545
417.0000,243.2727,81.0000,65.4545
415.5000,243.7727,81.0000,65.4545
415.5000,243.7727,81.0000,65.4545
415.0000,244.7727,81.0000,65.4545
415.5000,243.2727,81.0000,65.4545
415.5000,243.2727,81.0000,65.4545
415.0000,244.2727,81.0000,65.4545
417.0000,245.2727,81.0000,65.4545
418.5000,244.7727,81.0000,65.4545
418.0000,245.2727,81.0000,65.4545
417.5000,244.2727,81.0000,65.4545
422.5000,245.2727,81.0000,65.4545
422.0000,245.2727,81.0000,65.4545
422.0000,244.2727,81.0000,65.4545
425.0000,244.7727,81.0000,65.4545
427.0000,244.7727,81.0000,65.4545
428.5000,243.7727,81.0000,65.4545
431.0000,243.7727,81.0000,65.4545
434.0000,242.7727,81.0000,65.4545
437.5000,242.7727,81.0000,65.4545
443.0000,241.7727,81.0000,65.4545
449.0000,239.0000,81.0000,65.4545
451.0000,237.0000,81.0000,65.4545
455.0000,234.7727,81.0000,65.4545
459.0000,233.7727,81.0000,65.4545
463.0000,232.7727,81.0000,65.4545
466.5000,231.7727,81.0000,65.4545
470.0000,230.7727,81.0000,65.4545
472.5000,229.7727,81.0000,65.4545
476.5000,227.2727,81.0000,65.4545
479.5000,226.2727,81.0000,65.4545
482.5000,225.7727,81.0000,65.4545
487.0000,224.7727,81.0000,65.4545
490.5000,223.7727,81.0000,65.4545
494.0000,222.7727,81.0000,65.4545
497.5000,222.2727,81.0000,65.4545
501.0000,221.2727,81.0000,65.4545
505.0000,219.7727,81.0000,65.4545
508.5000,218.2727,81.0000,65.4545
512.0000,217.2727,81.0000,65.4545
516.0000,215.7727,81.0000,65.4545
518.5000,214.2727,81.0000,65.4545
522.0000,212.2727,81.0000,65.4545
525.0000,211.2727,81.0000,65.4545
528.0000,209.7727,81.0000,65.4545
531.5000,209.2727,81.0000,65.4545
533.5000,207.7727,81.0000,65.4545
536.0000,206.2727,81.0000,65.4545
536.0000,206.2727,81.0000,65.4545
537.0000,205.7727,81.0000,65.4545
536.0000,205.7727,81.0000,65.4545
537.0000,206.2727,81.0000,65.4545
539.5000,205.7727,81.0000,65.4545
539.0000,204.2727,81.0000,65.4545
539.5000,202.7727,81.0000,65.4545
540.5000,201.7727,81.0000,65.4545
541.0000,200.7727,81.0000,65.4545
541.5000,197.7727,81.0000,65.4545
541.5000,196.7727,81.0000,65.4545
540.5000,195.2727,81.0000,65.4545
541.0000,193.2727,81.0000,65.4545
541.5000,191.2727,81.0000,65.4545
541.0000,190.2727,81.0000,65.4545
541.5000,188.7727,81.0000,65.4545
541.5000,187.7727,81.0000,65.4545
541.5000,186.7727,81.0000,65.4545
541.5000,185.7727,81.0000,65.4545
542.5000,183.7727,81.0000,65.4545
543.5000,182.7727,81.0000,65.4545
542.0000,181.7727,81.0000,65.4545
543.0000,179.7727,81.0000,65.4545
543.5000,177.7727,81.0000,65.4545
543.0000,175.7727,81.0000,65.4545
543.5000,173.7727,81.0000,65.4545
543.5000,172.2727,81.0000,65.4545
543.5000,170.7727,81.0000,65.4545
543.0000,169.2727,81.0000,65.4545
545.5000,167.2727,81.0000,65.4545
544.0000,164.2727,81.0000,65.4545
548.5000,161.7727,81.0000,65.4545
554.0000,157.0000,81.0000,65.4545
556.0000,155.0000,81.0000,65.4545
554.0000,154.0000,81.0000,65.4545
553.0000,153.0000,81.0000,65.4545
553.0000,152.0000,81.0000,65.4545
552.0000,151.0000,81.0000,65.4545
552.0000,149.0000,81.0000,65.4545
552.0000,148.0000,81.0000,65.4545
552.0000,146.0000,81.0000,65.4545
552.0000,145.0000,81.0000,65.4545
552.0000,144.0000,81.0000,65.4545
551.0000,143.0000,81.0000,65.4545
551.0000,142.0000,81.0000,65.4545
551.0000,141.0000,81.0000,65.4545
551.0000,140.0000,81.0000,65.4545
550.0000,139.0000,81.0000,65.4545
550.0000,138.0000,81.0000,65.4545
549.0000,137.0000,81.0000,65.4545
548.0000,136.0000,81.0000,65.4545
547.0000,134.0000,81.0000,65.4545
547.0000,133.0000,81.0000,65.4545
546.0000,132.0000,81.0000,65.4545
545.0000,131.0000,81.0000,65.4545
544.0000,130.0000,81.0000,65.4545
544.0000,129.0000,81.0000,65.4545
544.0000,128.0000,81.0000,65.4545
544.0000,128.0000,81.0000,65.4545
543.0000,128.0000,81.0000,65.4545
543.0000,126.2727,81.0000,65.4545
542.0000,127.0000,81.0000,65.4545
542.0000,126.0000,81.0000,65.4545
542.0000,124.7727,81.0000,65.4545
540.5000,124.2727,81.0000,65.4545
540.0000,125.0000,81.0000,65.4545
540.0000,124.0000,81.0000,65.4545
540.0000,123.7727,81.0000,65.4545
539.0000,122.2727,81.0000,65.4545
539.0000,122.7727,81.0000,65.4545
539.5000,123.2727,81.0000,65.4545
539.5000,121.7727,81.0000,65.4545
539.0000,122.7727,81.0000,65.4545
528.0000,124.7727,81.0000,65.4545
523.5000,126.2727,81.0000,65.4545
522.0000,125.7727,82.0000,65.4545
519.0000,126.2727,83.0000,65.4545
519.0000,126.2727,83.0000,65.4545
515.0000,126.2727,83.0000,65.4545
515.0000,125.2727,83.0000,65.4545
515.0000,125.2727,83.0000,65.4545
512.0000,125.7727,83.0000,65.4545
513.0000,125.7727,82.0000,65.4545
512.0000,125.7727,83.0000,65.4545
510.0000,124.7727,83.0000,65.4545
510.0000,124.2727,83.0000,65.4545
510.0000,124.7727,82.0000,65.4545
510.0000,124.7727,82.0000,65.4545
509.0000,124.7727,82.0000,65.4545
509.0000,124.7727,82.0000,65.4545
509.0000,124.7727,82.0000,65.4545
509.0000,124.7727,82.0000,65.4545
508.0000,124.2727,82.0000,65.4545
508.0000,123.2727,82.0000,65.4545
508.0000,123.2727,81.0000,65.4545
507.5000,123.2727,81.0000,65.4545
509.0000,122.2727,81.0000,65.4545
511.0000,122.0000,81.0000,66.0000
512.0000,122.0000,81.0000,67.0000
525.0000,118.0000,81.0000,67.0000
524.0000,120.0000,81.0000,67.0000
524.0000,119.0000,81.0000,67.0000
524.0000,118.0000,81.0000,67.0000
524.0000,117.0000,81.0000,67.0000
523.0000,118.0000,81.0000,67.0000
523.0000,117.0000,81.0000,67.0000
523.0000,117.0000,81.0000,67.0000
523.0000,117.0000,81.0000,67.0000
523.0000,116.0000,81.0000,67.0000
522.0000,118.0000,81.0000,67.0000
522.0000,117.0000,81.0000,67.0000
522.0000,116.0000,81.0000,67.0000
521.0000,117.0000,81.0000,67.0000
521.5000,116.2727,81.0000,65.4545
521.0000,118.0000,81.0000,65.4545
521.0000,117.0000,81.0000,65.4545
521.0000,117.0000,81.0000,65.4545
521.0000,117.0000,81.0000,65.4545
521.0000,117.0000,81.0000,65.4545
521.0000,116.0000,81.0000,65.4545
521.0000,116.0000,81.0000,65.4545
521.0000,116.0000,81.0000,65.4545
521.0000,116.0000,81.0000,65.4545
521.0000,116.0000,81.0000,65.4545
521.0000,115.0000,81.0000,65.4545
520.0000,116.0000,81.0000,65.4545
520.0000,115.0000,81.0000,65.4545
520.0000,115.0000,81.0000,65.4545
520.0000,115.0000,81.0000,65.4545
519.0000,114.0000,81.0000,65.4545
519.0000,115.0000,81.0000,65.4545
519.0000,114.0000,81.0000,65.4545
518.0000,114.0000,81.0000,65.4545
518.0000,113.0000,81.0000,65.4545
518.0000,114.0000,81.0000,65.4545
518.5000,112.2727,81.0000,65.4545
518.5000,112.2727,81.0000,65.4545
517.0000,114.0000,81.0000,65.4545
517.0000,113.0000,81.0000,65.4545
517.0000,112.0000,81.0000,65.4545
517.0000,110.7727,81.0000,65.4545
517.0000,113.0000,81.0000,65.4545
517.5000,110.7727,81.0000,65.4545
516.0000,111.0000,81.0000,65.4545
516.0000,110.0000,81.0000,65.4545
516.0000,111.0000,81.0000,65.4545
515.5000,109.2727,81.0000,65.4545
515.0000,111.0000,81.0000,65.4545
515.0000,110.0000,81.0000,65.4545
515.0000,111.0000,81.0000,65.4545
512.0000,112.0000,81.0000,65.4545
513.5000,110.0000,81.0000,67.0000
513.0000,112.0000,81.0000,67.0000
513.0000,111.0000,81.0000,67.0000
514.0000,110.0000,81.0000,67.0000
516.0000,109.0000,81.0000,67.0000
515.0000,110.0000,81.0000,67.0000
515.0000,109.0000,81.0000,67.0000
516.5000,108.0000,81.0000,66.0000
515.0000,109.0000,81.0000,66.0000
515.0000,108.0000,81.0000,66.0000
514.0000,108.0000,81.0000,66.0000
514.0000,107.0000,81.0000,66.0000
515.0000,106.0000,81.0000,66.0000
518.0000,104.0000,81.0000,66.0000
520.0000,104.7727,81.0000,65.4545
519.5000,104.2727,81.0000,65.4545
503.5000,105.7727,81.0000,65.4545
500.5000,104.7727,81.0000,65.4545
500.5000,103.7727,81.0000,65.4545
500.5000,103.7727,81.0000,65.4545
498.0000,102.7727,81.0000,65.4545
500.0000,102.7727,81.0000,65.4545
498.5000,101.2727,81.0000,65.4545
500.5000,102.2727,81.0000,65.4545
498.5000,101.2727,81.0000,65.4545
496.5000,100.7727,81.0000,65.4545
498.0000,100.2727,81.0000,65.4545
497.0000,100.2727,81.0000,65.4545
495.5000,99.7727,81.0000,65.4545
494.0000,99.7727,81.0000,65.4545
493.0000,99.7727,81.0000,65.4545
494.0000,99.7727,81.0000,65.4545
493.0000,99.0000,81.0000,66.0000
491.5000,97.7727,81.0000,65.4545
491.0000,98.7727,81.0000,65.4545
489.5000,98.0000,81.0000,66.0000
491.5000,97.7727,81.0000,65.4545
489.5000,97.0000,81.0000,66.0000
490.0000,97.0000,81.0000,66.0000
490.5000,96.0000,81.0000,67.0000
502.0000,94.0000,81.0000,67.0000
504.5000,96.7727,81.0000,65.4545
502.0000,96.0000,81.0000,65.4545
500.5000,94.0000,81.0000,66.0000
500.5000,94.0000,81.0000,66.0000
500.0000,94.2727,81.0000,65.4545
499.5000,94.2727,81.0000,65.4545
499.0000,95.7727,81.0000,65.4545
498.5000,94.2727,81.0000,65.4545
497.5000,94.2727,81.0000,65.4545
497.5000,94.2727,81.0000,65.4545
497.5000,94.7727,81.0000,65.4545
496.5000,94.7727,81.0000,65.4545
495.5000,94.7727,81.0000,65.4545
496.0000,94.7727,81.0000,65.4545
496.0000,94.7727,81.0000,65.4545
495.0000,94.7727,81.0000,65.4545
494.5000,94.7727,81.0000,65.4545
494.0000,93.7727,81.0000,65.4545
494.5000,94.2727,81.0000,65.4545
494.5000,94.7727,81.0000,65.4545
493.5000,93.7727,81.0000,65.4545
494.0000,94.7727,81.0000,65.4545
493.5000,95.0000,81.0000,66.0000
493.0000,94.0000,81.0000,66.0000
493.0000,95.0000,81.0000,66.0000
493.0000,95.0000,81.0000,66.0000
492.5000,95.0000,81.0000,66.0000
492.0000,96.0000,81.0000,66.0000
496.5000,96.2727,81.0000,65.4545
502.0000,95.7727,81.0000,65.4545
483.0000,97.0000,81.0000,66.0000
481.0000,96.7727,81.0000,65.4545
480.0000,97.7727,83.0000,65.4545
481.0000,98.7727,85.0000,65.4545
478.0000,98.7727,86.0000,65.4545
480.0000,99.7727,87.0000,65.4545
478.0000,98.7727,87.0000,65.4545
480.0000,100.0000,86.0000,66.0000
480.0000,99.0000,84.0000,66.0000
482.0000,100.0000,83.0000,66.0000
481.0000,99.7727,83.0000,65.4545
483.0000,101.0000,83.0000,66.0000
481.0000,100.0000,83.0000,66.0000
483.0000,101.0000,83.0000,67.0000
482.0000,101.0000,82.0000,67.0000
483.0000,101.0000,82.0000,67.0000
484.0000,101.0000,82.0000,66.0000
483.0000,102.0000,82.0000,66.0000
485.0000,101.7727,81.0000,65.4545
484.0000,102.0000,81.0000,66.0000
486.0000,102.0000,81.0000,66.0000
484.5000,102.0000,81.0000,66.0000
487.0000,103.0000,82.0000,66.0000
486.0000,102.7727,81.0000,65.4545
489.0000,104.0000,82.0000,66.0000
489.0000,104.0000,82.0000,66.0000
490.0000,104.0000,83.0000,66.0000
489.0000,103.7727,82.0000,65.4545
491.0000,104.0000,82.0000,66.0000
493.0000,105.0000,83.0000,67.0000
491.0000,105.0000,84.0000,68.0000
490.0000,106.0000,87.0000,69.0000
489.0000,106.0000,89.0000,69.0000
488.0000,106.0000,91.0000,70.0000
488.0000,106.0000,92.0000,71.0000
489.0000,107.0000,92.0000,71.0000
488.0000,107.0000,93.0000,72.0000
488.0000,107.0000,93.0000,72.0000
489.0000,107.0000,94.0000,72.0000
488.0000,108.0000,94.0000,72.0000
489.0000,108.0000,94.0000,72.0000
489.0000,108.0000,93.0000,72.0000
490.0000,109.0000,94.0000,72.0000
489.0000,109.0000,94.0000,72.0000
490.0000,109.0000,95.0000,72.0000
490.0000,109.0000,95.0000,72.0000
491.0000,109.0000,96.0000,72.0000
490.0000,110.0000,95.0000,72.0000
493.0000,109.0000,95.0000,73.0000
492.0000,110.0000,95.0000,73.0000
492.0000,110.0000,96.0000,74.0000
493.0000,110.0000,95.0000,74.0000
493.0000,111.0000,95.0000,73.0000
495.0000,111.0000,94.0000,73.0000
494.0000,112.0000,95.0000,72.0000
498.0000,112.0000,94.0000,73.0000
496.0000,112.0000,94.0000,73.0000
498.0000,113.0000,94.0000,72.0000
498.0000,113.0000,93.0000,72.0000
501.0000,113.0000,93.0000,72.0000
500.0000,113.0000,93.0000,72.0000
503.0000,113.0000,93.0000,73.0000
502.0000,114.0000,94.0000,72.0000
504.0000,114.0000,94.0000,72.0000
504.0000,114.0000,94.0000,72.0000
507.0000,113.0000,93.0000,72.0000
510.0000,112.0000,89.0000,73.0000
513.0000,111.0000,89.0000,73.0000
536.0000,112.0000,81.0000,67.0000
535.0000,111.7727,81.0000,65.4545
534.0000,111.7727,81.0000,65.4545
535.0000,111.7727,81.0000,65.4545
535.0000,111.7727,81.0000,65.4545
536.0000,111.7727,81.0000,65.4545
535.0000,112.0000,81.0000,65.4545
537.0000,111.7727,81.0000,65.4545
536.0000,112.0000,81.0000,65.4545
536.0000,112.0000,81.0000,65.4545
537.0000,112.0000,81.0000,65.4545
536.0000,112.0000,81.0000,65.4545
538.0000,112.0000,81.0000,65.4545
537.0000,112.0000,81.0000,65.4545
538.0000,112.0000,81.0000,65.4545
538.0000,113.0000,81.0000,65.4545
538.0000,112.0000,81.0000,65.4545
540.0000,113.0000,81.0000,65.4545
540.0000,113.0000,81.0000,65.4545
545.0000,112.2727,81.0000,65.4545
530.0000,111.0000,81.0000,69.0000
528.0000,113.0000,81.0000,69.0000
525.5000,113.0000,81.0000,68.0000
525.0000,113.0000,81.0000,66.0000
525.5000,112.7727,81.0000,65.4545
525.0000,112.7727,81.0000,65.4545
525.5000,111.2727,81.0000,65.4545
527.5000,111.2727,81.0000,65.4545
527.0000,110.2727,81.0000,65.4545
527.5000,110.7727,81.0000,65.4545
527.5000,110.0000,81.0000,66.0000
527.0000,109.7727,81.0000,65.4545
526.0000,110.7727,81.0000,65.4545
528.5000,109.7727,81.0000,65.4545
527.0000,110.2727,81.0000,65.4545
527.5000,110.2727,81.0000,65.4545
527.0000,110.7727,81.0000,65.4545
527.5000,110.2727,81.0000,65.4545
527.5000,110.7727,81.0000,65.4545
528.5000,110.7727,81.0000,65.4545
527.5000,109.7727,81.0000,65.4545
527.0000,109.7727,81.0000,65.4545
529.5000,109.0000,81.0000,66.0000
532.0000,107.0000,81.0000,68.0000
548.5000,106.2727,81.0000,65.4545
546.0000,108.0000,81.0000,65.4545
547.0000,107.0000,81.0000,65.4545
546.5000,106.0000,81.0000,66.0000
547.0000,107.0000,81.0000,66.0000
547.5000,107.0000,81.0000,66.0000
547.0000,106.0000,81.0000,67.0000
546.5000,106.0000,81.0000,66.0000
545.0000,106.0000,81.0000,66.0000
545.0000,106.0000,81.0000,67.0000
545.0000,106.0000,81.0000,66.0000
545.0000,106.0000,81.0000,66.0000
545.0000,106.0000,81.0000,66.0000
545.0000,106.0000,81.0000,66.0000
545.0000,106.0000,81.0000,66.0000
545.0000,106.0000,81.0000,66.0000
545.0000,106.0000,81.0000,66.0000
545.0000,106.0000,81.0000,66.0000
545.0000,105.0000,81.0000,66.0000
545.0000,106.0000,81.0000,66.0000
545.0000,106.0000,81.0000,66.0000
546.0000,106.0000,81.0000,66.0000
545.5000,105.0000,81.0000,66.0000
545.5000,106.0000,81.0000,66.0000
545.5000,106.0000,81.0000,66.0000
545.5000,106.0000,81.0000,66.0000
545.0000,105.0000,81.0000,66.0000
546.5000,105.0000,81.0000,68.0000
547.0000,105.0000,81.0000,68.0000
548.0000,106.0000,81.0000,68.0000
549.5000,106.0000,81.0000,68.0000
549.0000,108.0000,81.0000,66.0000
549.5000,108.0000,81.0000,66.0000
551.0000,107.0000,81.0000,67.0000
551.5000,107.0000,81.0000,66.0000
553.5000,106.0000,81.0000,67.0000
554.0000,106.0000,81.0000,67.0000
555.0000,107.0000,81.0000,66.0000
555.5000,107.0000,81.0000,66.0000
556.5000,107.0000,81.0000,67.0000
557.5000,106.0000,81.0000,67.0000
557.5000,106.0000,81.0000,67.0000
558.5000,106.0000,81.0000,67.0000
559.0000,105.0000,81.0000,67.0000
559.5000,105.0000,81.0000,67.0000
559.5000,105.0000,81.0000,67.0000
559.5000,106.0000,81.0000,66.0000
560.0000,106.0000,81.0000,66.0000
560.0000,105.0000,81.0000,67.0000
559.5000,105.0000,81.0000,67.0000
559.5000,105.0000,81.0000,67.0000
559.0000,105.0000,81.0000,66.0000
559.5000,103.0000,81.0000,68.0000
557.0000,102.0000,81.0000,68.0000
565.0000,102.2727,81.0000,65.4545
544.0000,102.0000,81.0000,65.4545
540.5000,103.0000,81.0000,66.0000
535.0000,103.0000,81.0000,66.0000
534.5000,103.0000,81.0000,66.0000
534.5000,101.7727,81.0000,65.4545
534.5000,102.7727,81.0000,65.4545
535.5000,102.7727,81.0000,65.4545
536.5000,102.0000,81.0000,66.0000
538.0000,101.7727,81.0000,65.4545
538.5000,102.0000,81.0000,66.0000
538.5000,102.0000,81.0000,66.0000
537.5000,102.0000,81.0000,66.0000
536.5000,101.7727,81.0000,65.4545
535.5000,102.2727,81.0000,65.4545
535.0000,102.7727,81.0000,65.4545
533.0000,102.7727,81.0000,65.4545
532.0000,103.7727,81.0000,65.4545
531.0000,103.7727,81.0000,65.4545
531.0000,103.7727,81.0000,65.4545
529.0000,103.7727,81.0000,65.4545
529.5000,103.2727,81.0000,65.4545
529.0000,103.2727,81.0000,65.4545
527.5000,103.2727,81.0000,65.4545
527.5000,103.2727,81.0000,65.4545
526.5000,103.2727,81.0000,65.4545
529.0000,103.2727,81.0000,65.4545
528.0000,103.2727,81.0000,65.4545
528.0000,103.2727,81.0000,65.4545
527.5000,103.2727,81.0000,65.4545
528.5000,103.2727,81.0000,65.4545
527.5000,103.7727,81.0000,65.4545
528.5000,102.7727,81.0000,65.4545
529.0000,102.0000,81.0000,66.0000
534.5000,100.0000,81.0000,68.0000
555.0000,96.7727,81.0000,65.4545
553.0000,99.0000,81.0000,65.4545
553.0000,98.0000,81.0000,65.4545
553.0000,97.0000,81.0000,65.4545
552.0000,97.0000,81.0000,65.4545
551.0000,97.0000,81.0000,65.4545
550.0000,98.0000,81.0000,65.4545
551.0000,97.0000,81.0000,65.4545
550.0000,98.0000,81.0000,65.4545
549.0000,98.0000,81.0000,65.4545
548.0000,98.0000,81.0000,65.4545
547.0000,98.0000,81.0000,65.4545
550.0000,98.0000,81.0000,65.4545
531.5000,98.0000,81.0000,69.0000
521.5000,99.0000,81.0000,68.0000
519.0000,100.0000,81.0000,67.0000
518.5000,101.0000,81.0000,66.0000
520.0000,101.7727,81.0000,65.4545
519.0000,100.7727,81.0000,65.4545
519.0000,99.7727,81.0000,65.4545
519.0000,99.7727,81.0000,65.4545
519.0000,100.7727,81.0000,65.4545
520.0000,99.7727,81.0000,65.4545
520.0000,99.7727,81.0000,65.4545
519.5000,99.7727,81.0000,65.4545
519.0000,99.7727,81.0000,65.4545
518.0000,99.7727,81.0000,65.4545
519.0000,100.0000,81.0000,66.0000
518.0000,99.0000,81.0000,66.0000
519.5000,99.0000,81.0000,66.0000
519.5000,98.0000,81.0000,66.0000
524.5000,97.0000,81.0000,67.0000
545.5000,95.7727,81.0000,65.4545
542.0000,99.0000,81.0000,65.4545
545.0000,97.0000,81.0000,65.4545
545.0000,96.0000,81.0000,65.4545
545.0000,96.0000,81.0000,65.4545
545.0000,96.0000,81.0000,65.4545
545.0000,96.0000,81.0000,65.4545
545.0000,96.0000,81.0000,65.4545
545.0000,96.0000,81.0000,65.4545
544.0000,96.0000,81.0000,65.4545
544.0000,96.0000,81.0000,65.4545
544.0000,95.0000,81.0000,65.4545
544.0000,96.0000,81.0000,65.4545
544.0000,95.0000,81.0000,65.4545
544.0000,95.0000,81.0000,65.4545
544.0000,95.0000,81.0000,65.4545
544.0000,95.0000,81.0000,65.4545
544.0000,95.0000,81.0000,65.4545
544.0000,95.0000,81.0000,65.4545
544.0000,95.0000,81.0000,65.4545
544.0000,95.0000,81.0000,65.4545
544.0000,95.0000,81.0000,65.4545
544.0000,95.0000,81.0000,65.4545
545.0000,95.0000,81.0000,65.4545
544.0000,95.0000,81.0000,65.4545
546.0000,96.0000,81.0000,65.4545
532.0000,95.0000,81.0000,65.4545
525.0000,96.0000,81.0000,66.0000
521.0000,95.7727,81.0000,65.4545
521.0000,97.0000,81.0000,67.0000
520.0000,97.0000,81.0000,67.0000
523.0000,96.0000,81.0000,67.0000
523.0000,97.0000,81.0000,67.0000
523.0000,97.0000,81.0000,66.0000
523.0000,97.0000,81.0000,66.0000
524.0000,97.0000,81.0000,66.0000
523.5000,96.7727,81.0000,65.4545
524.5000,97.2727,81.0000,65.4545
523.5000,97.2727,81.0000,65.4545
524.5000,97.7727,81.0000,65.4545
523.5000,97.7727,81.0000,65.4545
523.0000,97.7727,81.0000,65.4545
522.5000,97.7727,81.0000,65.4545
522.5000,97.0000,81.0000,66.0000
520.5000,98.0000,81.0000,66.0000
519.5000,98.0000,81.0000,66.0000
519.5000,97.7727,81.0000,65.4545
518.0000,97.7727,81.0000,65.4545
519.0000,97.0000,81.0000,66.0000
520.5000,96.0000,81.0000,67.0000
528.0000,94.0000,81.0000,72.0000
544.0000,90.0000,81.0000,72.0000
545.0000,90.0000,81.0000,72.0000
543.0000,89.0000,81.0000,72.0000
545.0000,88.0000,81.0000,72.0000
543.0000,90.0000,81.0000,72.0000
545.0000,88.0000,81.0000,72.0000
543.0000,90.0000,81.0000,72.0000
543.0000,89.0000,81.0000,72.0000
543.0000,89.0000,81.0000,72.0000
544.0000,88.0000,81.0000,72.0000
542.0000,90.0000,81.0000,72.0000
544.0000,89.0000,81.0000,72.0000
543.0000,89.0000,81.0000,72.0000
544.0000,89.0000,81.0000,72.0000
543.0000,88.0000,81.0000,72.0000
544.0000,90.0000,81.0000,72.0000
543.0000,89.0000,81.0000,72.0000
545.0000,89.0000,81.0000,72.0000
544.0000,90.0000,81.0000,72.0000
543.0000,90.0000,81.0000,72.0000
546.0000,90.0000,81.0000,72.0000
546.0000,91.0000,81.0000,72.0000
548.0000,91.0000,81.0000,72.0000
552.5000,92.0000,81.0000,71.0000
553.0000,93.0000,81.0000,71.0000
554.0000,93.0000,81.0000,71.0000
555.0000,93.0000,81.0000,72.0000
556.0000,93.0000,81.0000,72.0000
555.5000,93.0000,81.0000,71.0000
556.5000,94.0000,81.0000,71.0000
557.0000,93.0000,81.0000,71.0000
557.0000,94.0000,81.0000,70.0000
558.0000,94.0000,81.0000,70.0000
558.5000,94.0000,81.0000,71.0000
559.0000,94.0000,81.0000,70.0000
559.5000,95.0000,81.0000,70.0000
560.5000,95.0000,81.0000,70.0000
561.5000,95.0000,81.0000,69.0000
562.0000,95.0000,81.0000,70.0000
562.0000,95.0000,81.0000,69.0000
562.0000,95.0000,81.0000,69.0000
562.5000,95.0000,81.0000,69.0000
562.5000,95.0000,81.0000,69.0000
562.5000,95.0000,81.0000,69.0000
562.5000,94.0000,81.0000,70.0000
561.0000,92.0000,81.0000,70.0000
560.0000,93.0000,81.0000,70.0000
547.0000,92.0000,81.0000,70.0000
539.0000,95.0000,81.0000,70.0000
535.5000,95.0000,81.0000,68.0000
533.5000,95.0000,81.0000,67.0000
534.0000,96.0000,81.0000,67.0000
533.5000,96.0000,81.0000,67.0000
535.5000,96.0000,81.0000,67.0000
534.5000,96.0000,81.0000,67.0000
536.0000,96.0000,81.0000,67.0000
536.0000,96.7727,81.0000,65.4545
536.0000,97.7727,81.0000,65.4545
536.5000,97.7727,81.0000,65.4545
535.5000,97.7727,81.0000,65.4545
536.0000,97.2727,81.0000,65.4545
536.0000,97.0000,81.0000,66.0000
536.5000,96.7727,81.0000,65.4545
537.0000,97.0000,81.0000,66.0000
537.0000,97.0000,81.0000,66.0000
537.0000,96.7727,81.0000,65.4545
536.5000,97.0000,81.0000,66.0000
537.0000,97.0000,81.0000,66.0000
537.0000,97.0000,81.0000,66.0000
538.5000,96.0000,81.0000,67.0000
542.5000,95.0000,81.0000,68.0000
562.0000,93.0000,81.0000,68.0000
564.0000,94.0000,81.0000,68.0000
568.5000,93.0000,81.0000,68.0000
568.5000,92.0000,81.0000,68.0000
570.5000,93.0000,81.0000,68.0000
570.0000,92.0000,81.0000,69.0000
570.5000,92.0000,81.0000,69.0000
570.0000,93.0000,81.0000,69.0000
571.0000,93.0000,81.0000,69.0000
571.5000,92.0000,81.0000,69.0000
571.5000,92.0000,81.0000,69.0000
572.0000,93.0000,81.0000,68.0000
572.0000,93.0000,81.0000,69.0000
573.0000,93.0000,81.0000,69.0000
573.0000,93.0000,81.0000,68.0000
574.5000,92.0000,81.0000,69.0000
575.0000,92.0000,81.0000,69.0000
576.0000,93.0000,81.0000,67.0000
577.0000,93.0000,81.0000,66.0000
578.5000,92.0000,81.0000,66.0000
580.0000,91.7727,81.0000,65.4545
581.5000,92.0000,81.0000,66.0000
582.5000,91.7727,81.0000,65.4545
583.5000,91.7727,81.0000,65.4545
584.0000,91.7727,81.0000,65.4545
585.5000,91.7727,81.0000,65.4545
586.0000,91.2727,81.0000,65.4545
586.5000,92.2727,81.0000,65.4545
587.5000,92.2727,81.0000,65.4545
587.5000,91.7727,81.0000,65.4545
588.0000,91.7727,81.0000,65.4545
588.5000,92.2727,81.0000,65.4545
588.5000,90.7727,81.0000,65.4545
589.5000,92.2727,81.0000,65.4545
588.5000,91.7727,81.0000,65.4545
589.5000,90.7727,81.0000,65.4545
589.5000,91.2727,81.0000,65.4545
589.5000,91.2727,81.0000,65.4545
590.0000,89.7727,81.0000,65.4545
587.0000,90.0000,81.0000,65.4545
584.5000,90.0000,81.0000,66.0000
570.0000,90.0000,81.0000,66.0000
563.5000,91.7727,81.0000,65.4545
563.0000,92.2727,81.0000,65.4545
564.0000,93.2727,81.0000,65.4545
565.0000,92.2727,81.0000,65.4545
565.0000,92.2727,81.0000,65.4545
565.0000,91.7727,81.0000,65.4545
565.0000,91.7727,81.0000,65.4545
565.0000,92.2727,81.0000,65.4545
565.0000,92.2727,81.0000,65.4545
565.5000,92.2727,81.0000,65.4545
565.0000,92.7727,81.0000,65.4545
565.5000,92.2727,81.0000,65.4545
565.0000,92.2727,81.0000,65.4545
565.0000,91.7727,81.0000,65.4545
564.5000,91.7727,81.0000,65.4545
565.0000,91.2727,81.0000,65.4545
565.0000,91.2727,81.0000,65.4545
566.0000,91.7727,81.0000,65.4545
566.0000,91.7727,81.0000,65.4545
565.0000,91.7727,81.0000,65.4545
565.5000,91.7727,81.0000,65.4545
565.0000,91.2727,81.0000,65.4545
565.0000,91.2727,81.0000,65.4545
566.5000,90.7727,81.0000,65.4545
568.0000,91.0000,81.0000,66.0000
577.0000,90.0000,81.0000,67.0000
588.0000,89.0000,81.0000,67.0000
593.0000,87.2727,81.0000,65.4545
593.5000,86.7727,81.0000,65.4545
593.0000,86.7727,81.0000,65.4545
592.0000,86.7727,81.0000,65.4545
592.5000,86.0000,81.0000,67.0000
591.5000,86.0000,81.0000,68.0000
591.5000,86.0000,81.0000,68.0000
590.5000,86.0000,81.0000,68.0000
590.5000,86.0000,81.0000,68.0000
590.5000,86.0000,81.0000,67.0000
591.5000,86.0000,81.0000,68.0000
590.5000,85.0000,81.0000,67.0000
588.0000,86.0000,81.0000,67.0000
586.5000,85.7727,81.0000,65.4545
564.5000,89.0000,81.0000,66.0000
563.0000,89.0000,81.0000,66.0000
564.0000,88.2727,81.0000,65.4545
564.5000,88.2727,81.0000,65.4545
565.5000,88.2727,81.0000,65.4545
565.0000,88.2727,81.0000,65.4545
565.0000,88.2727,81.0000,65.4545
564.5000,88.2727,81.0000,65.4545
565.0000,88.2727,81.0000,65.4545
564.0000,88.7727,81.0000,65.4545
565.0000,88.2727,81.0000,65.4545
564.0000,87.7727,81.0000,65.4545
565.0000,87.7727,81.0000,65.4545
565.0000,87.7727,81.0000,65.4545
565.0000,87.7727,81.0000,65.4545
566.0000,87.7727,81.0000,65.4545
566.0000,87.7727,81.0000,65.4545
567.0000,87.7727,81.0000,65.4545
566.5000,87.7727,81.0000,65.4545
571.5000,86.7727,81.0000,65.4545
593.5000,85.2727,81.0000,65.4545
595.0000,86.0000,81.0000,65.4545
600.5000,84.0000,81.0000,67.0000
601.5000,85.0000,81.0000,66.0000
601.5000,84.0000,81.0000,67.0000
602.0000,85.0000,81.0000,67.0000
602.5000,85.0000,81.0000,66.0000
603.5000,85.0000,81.0000,66.0000
604.5000,84.0000,81.0000,67.0000
604.5000,85.0000,81.0000,66.0000
605.5000,84.0000,81.0000,66.0000
605.0000,84.0000,81.0000,66.0000
606.5000,84.0000,81.0000,66.0000
607.0000,84.7727,81.0000,65.4545
608.0000,84.7727,81.0000,65.4545
609.0000,84.7727,81.0000,65.4545
609.5000,84.2727,81.0000,65.4545
611.0000,83.7727,81.0000,65.4545
611.0000,84.2727,81.0000,65.4545
611.5000,84.2727,81.0000,65.4545
612.5000,83.0000,81.0000,66.0000
610.0000,83.0000,81.0000,66.0000
608.5000,84.0000,81.0000,66.0000
589.5000,87.0000,81.0000,67.0000
586.0000,88.0000,81.0000,66.0000
584.5000,87.2727,81.0000,65.4545
583.5000,88.2727,81.0000,65.4545
585.5000,89.2727,81.0000,65.4545
587.0000,88.7727,81.0000,65.4545
587.5000,88.7727,81.0000,65.4545
588.0000,89.7727,81.0000,65.4545
588.5000,89.2727,81.0000,65.4545
589.5000,89.2727,81.0000,65.4545
588.0000,89.2727,81.0000,65.4545
590.0000,89.2727,81.0000,65.4545
590.0000,89.7727,81.0000,65.4545
591.0000,89.2727,81.0000,65.4545
591.5000,89.7727,81.0000,65.4545
592.0000,89.7727,81.0000,65.4545
591.0000,89.7727,81.0000,65.4545
593.0000,89.7727,81.0000,65.4545
592.0000,89.2727,81.0000,65.4545
592.0000,89.2727,81.0000,65.4545
593.5000,90.2727,81.0000,65.4545
593.0000,90.2727,81.0000,65.4545
593.0000,89.7727,81.0000,65.4545
594.0000,89.7727,81.0000,65.4545
594.0000,89.7727,81.0000,65.4545
594.0000,89.7727,81.0000,65.4545
594.0000,89.7727,81.0000,65.4545
594.0000,89.7727,81.0000,65.4545
597.5000,88.7727,81.0000,65.4545
606.0000,88.0000,81.0000,68.0000
620.0000,86.0000,81.0000,68.0000
624.0000,84.0000,81.0000,68.0000
629.0000,82.7727,81.0000,65.4545
629.5000,83.0000,81.0000,66.0000
630.0000,83.0000,81.0000,66.0000
630.0000,83.0000,81.0000,66.0000
631.0000,83.7727,81.0000,65.4545
631.0000,83.7727,81.0000,65.4545
631.5000,82.7727,81.0000,65.4545
632.5000,83.0000,81.0000,66.0000
633.5000,83.7727,81.0000,65.4545
633.5000,84.0000,81.0000,66.0000
634.0000,83.0000,81.0000,66.0000
635.0000,83.0000,81.0000,67.0000
635.5000,83.0000,81.0000,67.0000
635.5000,84.0000,81.0000,66.0000
636.5000,84.0000,81.0000,66.0000
637.0000,84.0000,81.0000,66.0000
637.5000,84.0000,81.0000,66.0000
638.5000,85.0000,81.0000,66.0000
639.0000,85.0000,81.0000,66.0000
640.0000,85.0000,81.0000,67.0000
639.5000,85.0000,81.0000,66.0000
641.0000,83.0000,81.0000,67.0000
639.0000,83.0000,81.0000,67.0000
638.0000,83.0000,81.0000,67.0000
643.0000,84.0000,81.0000,67.0000
614.0000,87.7727,81.0000,65.4545
612.5000,89.7727,81.0000,65.4545
613.5000,89.2727,81.0000,65.4545
614.5000,89.2727,81.0000,65.4545
615.0000,89.2727,81.0000,65.4545
615.0000,89.2727,81.0000,65.4545
617.0000,89.2727,81.0000,65.4545
617.0000,89.2727,81.0000,65.4545
617.0000,89.2727,81.0000,65.4545
618.0000,89.2727,81.0000,65.4545
618.0000,89.2727,81.0000,65.4545
619.0000,89.7727,81.0000,65.4545
618.0000,88.7727,81.0000,65.4545
619.0000,89.2727,81.0000,65.4545
619.0000,89.2727,81.0000,65.4545
620.0000,89.7727,81.0000,65.4545
620.5000,89.2727,81.0000,65.4545
622.5000,89.2727,81.0000,65.4545
624.5000,88.7727,81.0000,65.4545
636.0000,87.0000,81.0000,66.0000
646.0000,85.0000,81.0000,66.0000
655.5000,82.0000,81.0000,68.0000
655.5000,82.0000,81.0000,69.0000
656.5000,83.0000,81.0000,69.0000
656.5000,83.0000,81.0000,70.0000
655.0000,84.0000,81.0000,69.0000
654.5000,84.0000,81.0000,69.0000
655.5000,83.0000,81.0000,70.0000
656.5000,84.0000,81.0000,69.0000
656.5000,84.0000,81.0000,69.0000
656.5000,84.0000,81.0000,68.0000
656.5000,84.0000,81.0000,67.0000
657.5000,85.0000,81.0000,67.0000
659.5000,84.0000,81.0000,68.0000
659.5000,84.0000,81.0000,69.0000
660.5000,85.0000,81.0000,69.0000
660.5000,85.0000,81.0000,68.0000
660.5000,85.0000,81.0000,67.0000
662.5000,85.0000,81.0000,67.0000
662.0000,85.0000,81.0000,67.0000
663.0000,85.0000,81.0000,67.0000
663.5000,85.0000,81.0000,67.0000
662.0000,84.0000,81.0000,67.0000
661.0000,83.0000,81.0000,67.0000
646.0000,88.0000,81.0000,68.0000
635.5000,89.7727,81.0000,65.4545
633.0000,90.7727,81.0000,65.4545
634.5000,90.7727,81.0000,65.4545
636.5000,91.2727,81.0000,65.4545
636.5000,91.7727,81.0000,65.4545
638.5000,91.7727,81.0000,65.4545
638.5000,91.7727,81.0000,65.4545
638.0000,92.2727,81.0000,65.4545
638.0000,92.2727,81.0000,65.4545
638.0000,92.2727,81.0000,65.4545
637.5000,92.2727,81.0000,65.4545
640.0000,92.2727,81.0000,65.4545
639.0000,92.2727,81.0000,65.4545
639.0000,91.7727,81.0000,65.4545
638.5000,91.2727,81.0000,65.4545
642.5000,90.7727,81.0000,65.4545
655.5000,89.0000,81.0000,67.0000
661.0000,88.0000,81.0000,67.0000
667.5000,88.0000,81.0000,66.0000
669.0000,88.0000,81.0000,66.0000
668.0000,89.0000,81.0000,67.0000
667.5000,89.0000,81.0000,67.0000
667.5000,88.0000,81.0000,68.0000
667.0000,88.0000,81.0000,68.0000
666.5000,88.0000,81.0000,68.0000
668.0000,87.0000,81.0000,69.0000
668.0000,87.0000,81.0000,69.0000
668.0000,87.0000,81.0000,69.0000
668.5000,86.0000,81.0000,68.0000
668.5000,86.0000,81.0000,68.0000
669.0000,86.0000,81.0000,68.0000
666.0000,84.0000,81.0000,68.0000
663.0000,86.0000,81.0000,68.0000
647.5000,90.0000,81.0000,69.0000
638.0000,91.0000,81.0000,67.0000
636.0000,92.0000,81.0000,67.0000
635.5000,92.0000,81.0000,66.0000
637.0000,92.7727,81.0000,65.4545
637.0000,92.7727,81.0000,65.4545
636.5000,92.7727,81.0000,65.4545
637.5000,92.7727,81.0000,65.4545
636.5000,92.7727,81.0000,65.4545
637.5000,92.7727,81.0000,65.4545
635.5000,92.7727,81.0000,65.4545
637.0000,92.2727,81.0000,65.4545
636.0000,92.2727,81.0000,65.4545
635.0000,92.2727,81.0000,65.4545
637.0000,91.7727,81.0000,65.4545
636.0000,91.2727,81.0000,65.4545
637.0000,92.7727,81.0000,65.4545
638.5000,91.7727,81.0000,65.4545
644.5000,91.0000,81.0000,67.0000
658.0000,88.0000,81.0000,67.0000
663.0000,87.0000,81.0000,67.0000
667.5000,87.0000,81.0000,66.0000
667.0000,87.0000,81.0000,67.0000
666.5000,87.0000,81.0000,67.0000
666.0000,87.0000,81.0000,67.0000
665.0000,87.0000,81.0000,67.0000
666.0000,88.0000,81.0000,66.0000
666.0000,88.0000,81.0000,66.0000
666.0000,87.0000,81.0000,66.0000
666.0000,87.0000,81.0000,66.0000
666.0000,87.0000,81.0000,66.0000
667.5000,87.0000,81.0000,66.0000
667.0000,86.7727,81.0000,65.4545
667.5000,86.7727,81.0000,65.4545
668.0000,87.7727,81.0000,65.4545
668.0000,87.0000,81.0000,66.0000
669.0000,87.0000,81.0000,66.0000
669.0000,87.0000,81.0000,66.0000
669.0000,87.0000,81.0000,67.0000
670.0000,87.0000,81.0000,66.0000
671.0000,87.0000,81.0000,66.0000
671.0000,87.0000,81.0000,67.0000
671.5000,87.7727,81.0000,65.4545
672.5000,87.7727,81.0000,65.4545
675.0000,88.7727,81.0000,65.4545
676.0000,88.2727,81.0000,65.4545
677.0000,89.2727,81.0000,65.4545
678.0000,90.0000,81.0000,66.0000
678.5000,92.2727,81.0000,65.4545
680.0000,93.7727,81.0000,65.4545
681.0000,95.7727,81.0000,65.4545
682.5000,96.7727,81.0000,65.4545
684.5000,98.0000,81.0000,66.0000
686.5000,98.7727,81.0000,65.4545
688.0000,99.7727,81.0000,65.4545
690.5000,101.0000,81.0000,66.0000
692.5000,101.0000,81.0000,66.0000
695.0000,102.0000,81.0000,67.0000
696.5000,103.0000,81.0000,66.0000
698.0000,104.0000,82.0000,66.0000
701.0000,106.0000,81.0000,66.0000
704.0000,107.0000,81.0000,66.0000
707.0000,109.0000,82.0000,66.0000
711.0000,111.0000,81.0000,67.0000
713.5000,113.0000,81.0000,66.0000
715.0000,115.2727,81.0000,65.4545
717.5000,118.2727,81.0000,65.4545
719.5000,120.2727,81.0000,65.4545
721.0000,121.2727,81.0000,65.4545
724.0000,123.2727,81.0000,65.4545
726.0000,125.7727,81.0000,65.4545
728.0000,127.2727,81.0000,65.4545
730.0000,129.7727,81.0000,65.4545
731.5000,130.7727,81.0000,65.4545
732.5000,132.0000,81.0000,66.0000
734.0000,133.0000,81.0000,67.0000
735.5000,134.7727,81.0000,65.4545
737.0000,135.2727,81.0000,65.4545
739.0000,136.0000,81.0000,66.0000
740.0000,137.7727,81.0000,65.4545
741.0000,140.0000,81.0000,66.0000
740.5000,140.0000,81.0000,67.0000
740.5000,141.0000,81.0000,68.0000
740.5000,141.0000,81.0000,70.0000
738.0000,140.0000,81.0000,73.0000
736.0000,141.0000,81.0000,73.0000
733.0000,144.0000,81.0000,73.0000
729.0000,146.0000,81.0000,74.0000
725.5000,148.0000,81.0000,74.0000
720.5000,149.0000,81.0000,74.0000
712.0000,149.0000,85.0000,77.0000
702.0000,153.0000,87.0000,76.0000
691.0000,160.0000,88.0000,74.0000
681.0000,168.0000,88.0000,74.0000
675.0000,176.0000,90.0000,77.0000
671.0000,181.0000,88.0000,78.0000
671.0000,184.0000,87.0000,79.0000
673.0000,186.0000,90.0000,76.0000
675.0000,183.0000,92.0000,78.0000
676.0000,182.0000,94.0000,78.0000
677.0000,181.0000,95.0000,79.0000
677.0000,181.0000,99.0000,77.0000
679.0000,179.0000,101.0000,77.0000
684.0000,176.0000,103.0000,77.0000
691.0000,171.0000,101.0000,80.0000
692.0000,169.0000,101.0000,80.0000
702.0000,170.0000,101.0000,80.0000
712.0000,171.0000,101.0000,80.0000
709.0000,156.0000,101.0000,80.0000
702.0000,157.0000,101.0000,80.0000
710.0000,156.0000,83.0000,84.0000
700.0000,151.0000,83.0000,84.0000
696.0000,147.0000,83.0000,84.0000
692.0000,144.0000,83.0000,84.0000
690.0000,142.0000,83.0000,84.0000
694.0000,160.0000,83.0000,84.0000
692.0000,159.0000,83.0000,84.0000
691.0000,158.0000,83.0000,84.0000
693.0000,155.0000,83.0000,84.0000
696.0000,153.0000,83.0000,84.0000
684.0000,139.0000,83.0000,84.0000
685.0000,140.0000,83.0000,84.0000
688.0000,141.0000,83.0000,84.0000
695.0000,137.0000,83.0000,84.0000
706.0000,160.0000,83.0000,84.0000
705.0000,168.0000,83.0000,84.0000
701.0000,132.0000,83.0000,84.0000
704.0000,126.0000,83.0000,84.0000
2
0
0
0
0
1
740.0000,199.0000,20.0000,45.0000
738.0000,195.0000,20.0000,45.0000
736.0000,192.0000,20.0000,45.0000
733.0000,188.0000,20.0000,45.0000
2
0
0
0
0
1
740.0000,170.0000,19.0000,60.0000
736.0000,170.0000,21.0000,57.0000
734.0000,166.0000,19.0000,55.0000
731.0000,167.0000,15.0000,46.0000
726.0000,165.0000,15.0000,46.0000
722.0000,163.0000,15.0000,46.0000
720.0000,162.0000,15.0000,46.0000
718.0000,160.0000,15.0000,46.0000
715.0000,159.0000,15.0000,46.0000
713.0000,159.0000,15.0000,46.0000
710.0000,158.0000,15.0000,46.0000
708.0000,157.0000,15.0000,46.0000
706.0000,156.0000,15.0000,46.0000
704.0000,155.0000,15.0000,46.0000
702.0000,156.0000,15.0000,42.0000
699.0000,157.0000,15.0000,42.0000
698.0000,158.0000,15.0000,42.0000
696.0000,160.0000,15.0000,42.0000
694.0000,164.0000,15.0000,42.0000
691.0000,171.0000,15.0000,42.0000
688.0000,181.0000,15.0000,42.0000
686.0000,195.0000,14.0000,43.0000
680.0000,214.0000,18.0000,48.0000
675.0000,232.0000,18.0000,48.0000
674.0000,258.0000,18.0000,48.0000
678.0000,275.0000,18.0000,48.0000
679.0000,272.0000,18.0000,48.0000
673.0000,272.0000,18.0000,48.0000
671.0000,273.0000,18.0000,48.0000
