1
1097.0000,612.6000,49.6000,57.0000
1091.0000,608.6000,48.8000,56.6000
1063.4000,614.0000,48.4000,56.2000
2
0
0
0
0
1
886.8000,605.2000,68.4000,66.0000
860.3577,597.0421,81.9793,68.5511
844.9222,585.9283,84.8138,74.6689
826.3778,575.3329,91.0725,80.2256
816.1499,566.8190,95.5327,81.2929
813.8000,562.4000,92.8000,79.0000
809.2018,563.1931,85.7663,73.1668
800.3224,558.2152,78.8684,67.3924
790.0000,558.4000,80.2000,68.2000
783.3861,561.1898,70.0767,63.1777
779.4349,554.8205,72.9414,67.6724
769.3674,549.0106,81.5666,69.9492
764.4232,550.2843,85.5127,65.6548
758.5975,550.2269,97.7888,62.5069
767.0000,551.2000,98.2000,62.8000
2
0
0
0
0
1
798.8286,499.6149,42.6294,59.1833
796.6000,495.6000,42.0000,58.2000
792.0000,489.2000,41.4000,57.2000
787.2000,487.4000,40.6000,56.2000
779.0000,489.4000,40.6000,56.0000
767.4000,485.6000,40.0000,55.0000
778.2000,498.4000,39.8000,54.8000
2
0
0
0
0
1
654.4000,472.4000,35.2000,17.6000
636.6497,467.8543,31.5033,19.0341
614.3473,462.3471,30.5492,21.2288
590.8098,457.3234,31.3216,23.1019
565.2518,454.7144,30.2438,22.3919
537.3547,452.2373,30.9174,22.5695
507.8144,449.0215,32.0697,23.6424
476.4439,445.8146,32.8358,24.2019
443.5750,443.7918,34.2688,25.0252
408.7753,443.0029,34.7264,24.6043
373.4899,441.6795,36.7289,25.5707
336.9400,440.9421,38.0698,26.6419
295.9271,441.2372,36.8059,25.4348
2
0
0
0
0
1
