1
1096.4000,611.2000,50.2000,58.0000
1090.6000,609.8000,49.8000,57.6000
1059.0000,608.2000,49.8000,57.4000
2
0
0
0
0
1
885.8000,603.8000,69.2000,66.8000
862.8307,594.2032,77.2846,71.0769
846.0981,579.6864,80.9331,81.4818
828.9728,573.2808,86.0039,84.0281
820.5883,566.0731,86.6443,83.3923
816.8000,555.4000,85.8000,82.8000
813.0314,562.0219,80.6553,71.5104
802.4830,557.3038,72.9228,67.3352
794.6000,557.6000,71.8000,66.4000
787.6198,558.2133,61.8813,64.5677
783.3564,554.3351,66.1330,70.0700
772.7658,547.4938,76.1310,72.2711
766.9574,548.3133,79.8651,67.6437
769.8000,546.2000,79.6000,67.4000
769.4000,549.0000,77.6000,65.6000
2
0
0
0
0
1
798.6143,501.0782,42.6666,58.2011
796.8000,494.0000,42.0000,56.8000
792.8000,490.0000,41.4000,56.0000
787.4000,487.2000,41.0000,55.2000
775.4000,487.0000,40.4000,54.4000
761.6000,487.4000,39.6000,53.2000
791.6000,488.4000,39.4000,53.2000
2
0
0
0
0
1
656.4000,472.2000,34.6000,17.4000
635.6480,465.5162,32.4184,22.6272
613.8486,461.4337,31.3480,22.7982
590.9303,457.1833,30.7557,23.5250
564.9928,454.0489,29.9551,23.6559
536.9502,451.1053,30.7618,24.8845
507.4859,447.5558,32.3978,26.4714
476.8000,446.2000,32.0000,26.0000
443.7238,443.9673,31.9099,26.1938
410.6978,442.7158,31.8564,25.2244
374.8371,441.2723,33.4049,26.9377
336.9075,440.1526,35.9822,26.9681
296.2071,440.9860,35.1462,26.5451
254.5446,440.4019,34.0103,27.3433
2
0
0
0
0
