0.94815
1.6469
0.48779
0.47292
0.4032
0.43829
0.44762
0.47234
0.27866
0.22547
0.23873
0.23697
0.22591
0.23678
0.22417
0.22124
0.21895
0.2156
0.24023
0.22277
0.24216
0.22469
0.23099
0.23995
0.23603
0.26368
0.23629
0.23926
0.23947
0.23603
0.23735
0.24463
0.22994
0.25018
0.24484
0.25266
0.24457
0.26227
0.29335
0.27479
0.30198
0.25899
0.24068
0.41443
0.31466
0.2267
0.30781
0.4489
0.48146
0.477
0.47942
0.46533
0.46526
0.4634
0.46455
0.47033
0.4661
0.46002
0.47058
0.42256
0.44531
0.46129
0.16859
0.1374
0.1423
0.14194
0.11766
0.16014
0.12803
0.12622
0.12688
0.13485
0.12682
0.13126
0.13678
0.14124
0.11819
0.15233
0.14022
0.14619
0.1434
0.15344
0.15186
0.15557
0.15317
0.15764
0.16171
0.16552
0.17042
0.16662
0.17953
0.17626
0.17395
0.17458
0.17316
0.17726
0.14829
0.16535
0.17968
0.18855
0.15805
0.17075
0.19152
0.20937
0.21344
0.21461
0.19536
0.19679
0.17884
0.20366
0.2072
0.22481
0.23634
