1
256.0000,110.0000,120.0000,96.0000
254.0000,110.0000,120.0000,96.0000
252.0000,112.0000,120.0000,96.0000
252.0000,114.0000,120.0000,96.0000
250.0000,114.0000,120.0000,96.0000
248.0000,114.0000,120.0000,96.0000
248.0000,116.0000,120.0000,96.0000
248.0000,116.0000,120.0000,96.0000
246.0000,114.0000,120.0000,96.0000
246.0000,114.0000,120.0000,96.0000
246.0000,114.0000,120.0000,96.0000
246.0000,114.0000,120.0000,96.0000
246.0000,114.0000,120.0000,96.0000
246.0000,114.0000,120.0000,96.0000
246.0000,114.0000,120.0000,96.0000
246.0000,114.0000,120.0000,96.0000
246.0000,114.0000,120.0000,96.0000
246.0000,114.0000,120.0000,96.0000
246.0000,114.0000,120.0000,96.0000
246.0000,114.0000,120.0000,96.0000
246.0000,114.0000,120.0000,96.0000
246.0000,114.0000,120.0000,96.0000
246.0000,114.0000,120.0000,96.0000
246.0000,114.0000,120.0000,96.0000
244.0000,114.0000,120.0000,96.0000
242.0000,114.0000,120.0000,96.0000
240.0000,114.0000,120.0000,96.0000
238.0000,112.0000,120.0000,96.0000
236.0000,110.0000,120.0000,96.0000
234.0000,110.0000,120.0000,96.0000
230.0000,108.0000,120.0000,96.0000
228.0000,106.0000,120.0000,96.0000
224.0000,104.0000,120.0000,96.0000
2
0
0
0
0
1
344.0000,130.0000,114.0000,100.0000
342.0000,128.0000,114.0000,100.0000
342.0000,128.0000,114.0000,100.0000
340.0000,128.0000,114.0000,100.0000
340.0000,128.0000,114.0000,100.0000
340.0000,128.0000,114.0000,100.0000
340.0000,128.0000,114.0000,100.0000
338.0000,128.0000,114.0000,100.0000
338.0000,128.0000,114.0000,100.0000
336.0000,128.0000,114.0000,100.0000
336.0000,128.0000,114.0000,100.0000
336.0000,128.0000,114.0000,100.0000
334.0000,128.0000,114.0000,100.0000
332.0000,128.0000,114.0000,100.0000
332.0000,128.0000,114.0000,100.0000
330.0000,126.0000,114.0000,100.0000
328.0000,124.0000,114.0000,100.0000
326.0000,122.0000,114.0000,100.0000
322.0000,120.0000,114.0000,100.0000
320.0000,118.0000,114.0000,100.0000
316.0000,114.0000,114.0000,100.0000
312.0000,110.0000,114.0000,100.0000
308.0000,108.0000,114.0000,100.0000
304.0000,104.0000,114.0000,100.0000
300.0000,100.0000,114.0000,100.0000
296.0000,98.0000,114.0000,100.0000
292.0000,94.0000,114.0000,100.0000
288.0000,92.0000,114.0000,100.0000
282.0000,90.0000,114.0000,100.0000
278.0000,88.0000,114.0000,100.0000
276.0000,86.0000,114.0000,100.0000
272.0000,86.0000,114.0000,100.0000
268.0000,86.0000,114.0000,100.0000
264.0000,86.0000,114.0000,100.0000
260.0000,86.0000,114.0000,100.0000
256.0000,86.0000,114.0000,100.0000
252.0000,86.0000,114.0000,100.0000
248.0000,86.0000,114.0000,100.0000
2
0
0
0
0
1
346.0000,126.0000,22.0000,50.0000
344.0000,126.0000,22.0000,50.0000
348.0000,122.0000,22.0000,50.0000
350.0000,124.0000,22.0000,50.0000
350.0000,126.0000,22.0000,50.0000
350.0000,126.0000,22.0000,50.0000
350.0000,128.0000,22.0000,50.0000
350.0000,128.0000,22.0000,50.0000
348.0000,128.0000,22.0000,50.0000
348.0000,130.0000,22.0000,50.0000
348.0000,114.0000,22.0000,50.0000
348.0000,116.0000,22.0000,50.0000
348.0000,118.0000,22.0000,50.0000
346.0000,120.0000,22.0000,50.0000
346.0000,122.0000,22.0000,50.0000
344.0000,124.0000,22.0000,50.0000
344.0000,124.0000,22.0000,50.0000
342.0000,126.0000,22.0000,50.0000
342.0000,128.0000,22.0000,50.0000
342.0000,130.0000,22.0000,50.0000
346.0000,134.0000,22.0000,50.0000
346.0000,134.0000,22.0000,50.0000
344.0000,136.0000,22.0000,50.0000
344.0000,138.0000,22.0000,50.0000
346.0000,138.0000,22.0000,50.0000
340.0000,132.0000,22.0000,50.0000
344.0000,142.0000,22.0000,50.0000
344.0000,142.0000,22.0000,50.0000
344.0000,144.0000,22.0000,50.0000
344.0000,146.0000,22.0000,50.0000
344.0000,146.0000,22.0000,50.0000
344.0000,148.0000,22.0000,50.0000
344.0000,148.0000,22.0000,50.0000
344.0000,148.0000,22.0000,50.0000
344.0000,148.0000,22.0000,50.0000
344.0000,150.0000,22.0000,50.0000
344.0000,150.0000,22.0000,50.0000
344.0000,152.0000,22.0000,50.0000
344.0000,154.0000,22.0000,50.0000
344.0000,156.0000,22.0000,50.0000
344.0000,156.0000,22.0000,50.0000
344.0000,158.0000,22.0000,50.0000
344.0000,158.0000,22.0000,50.0000
344.0000,160.0000,22.0000,50.0000
344.0000,160.0000,22.0000,50.0000
344.0000,162.0000,22.0000,50.0000
344.0000,164.0000,22.0000,50.0000
344.0000,164.0000,22.0000,50.0000
344.0000,166.0000,22.0000,50.0000
344.0000,166.0000,22.0000,50.0000
344.0000,168.0000,22.0000,50.0000
344.0000,168.0000,22.0000,50.0000
344.0000,170.0000,22.0000,50.0000
2
0
0
0
0
1
312.0000,132.0000,62.0000,38.0000
310.0000,132.0000,62.0000,38.0000
310.0000,132.0000,62.0000,38.0000
308.0000,132.0000,62.0000,38.0000
308.0000,132.0000,62.0000,38.0000
308.0000,132.0000,62.0000,38.0000
306.0000,134.0000,62.0000,38.0000
306.0000,134.0000,62.0000,38.0000
306.0000,134.0000,62.0000,38.0000
306.0000,134.0000,62.0000,38.0000
308.0000,136.0000,62.0000,38.0000
308.0000,136.0000,62.0000,38.0000
310.0000,136.0000,62.0000,38.0000
308.0000,138.0000,62.0000,38.0000
306.0000,140.0000,62.0000,38.0000
306.0000,140.0000,62.0000,38.0000
306.0000,142.0000,62.0000,38.0000
304.0000,142.0000,62.0000,38.0000
304.0000,142.0000,62.0000,38.0000
304.0000,142.0000,62.0000,38.0000
304.0000,144.0000,62.0000,38.0000
340.0000,154.0000,62.0000,38.0000
340.0000,154.0000,62.0000,38.0000
338.0000,156.0000,62.0000,38.0000
338.0000,156.0000,62.0000,38.0000
338.0000,156.0000,62.0000,38.0000
338.0000,156.0000,62.0000,38.0000
338.0000,156.0000,62.0000,38.0000
340.0000,156.0000,62.0000,38.0000
340.0000,156.0000,62.0000,38.0000
340.0000,156.0000,62.0000,38.0000
2
0
0
0
0
1
344.0000,118.0000,78.0000,36.0000
344.0000,118.0000,78.0000,36.0000
342.0000,118.0000,78.0000,36.0000
342.0000,118.0000,78.0000,36.0000
342.0000,118.0000,78.0000,36.0000
342.0000,118.0000,78.0000,36.0000
342.0000,118.0000,78.0000,36.0000
342.0000,118.0000,78.0000,36.0000
342.0000,118.0000,78.0000,36.0000
342.0000,118.0000,78.0000,36.0000
340.0000,118.0000,78.0000,36.0000
340.0000,118.0000,78.0000,36.0000
340.0000,118.0000,78.0000,36.0000
340.0000,118.0000,78.0000,36.0000
340.0000,118.0000,78.0000,36.0000
340.0000,118.0000,78.0000,36.0000
340.0000,118.0000,78.0000,36.0000
338.0000,118.0000,78.0000,36.0000
336.0000,118.0000,78.0000,36.0000
334.0000,118.0000,78.0000,36.0000
332.0000,120.0000,78.0000,36.0000
328.0000,124.0000,78.0000,36.0000
2
0
0
0
0
1
408.0000,96.0000,62.0000,46.0000
406.0000,96.0000,62.0000,46.0000
406.0000,98.0000,62.0000,46.0000
404.0000,98.0000,62.0000,46.0000
404.0000,98.0000,62.0000,46.0000
402.0000,100.0000,62.0000,46.0000
402.0000,100.0000,62.0000,46.0000
400.0000,102.0000,62.0000,46.0000
398.0000,102.0000,62.0000,46.0000
396.0000,104.0000,62.0000,46.0000
396.0000,106.0000,62.0000,46.0000
396.0000,108.0000,62.0000,46.0000
394.0000,110.0000,62.0000,46.0000
392.0000,112.0000,62.0000,46.0000
390.0000,114.0000,62.0000,46.0000
388.0000,116.0000,62.0000,46.0000
388.0000,118.0000,62.0000,46.0000
388.0000,120.0000,62.0000,46.0000
388.0000,120.0000,62.0000,46.0000
388.0000,120.0000,62.0000,46.0000
388.0000,122.0000,62.0000,46.0000
386.0000,122.0000,62.0000,46.0000
386.0000,124.0000,62.0000,46.0000
386.0000,124.0000,62.0000,46.0000
384.0000,124.0000,62.0000,46.0000
382.0000,124.0000,62.0000,46.0000
380.0000,124.0000,62.0000,46.0000
378.0000,124.0000,62.0000,46.0000
378.0000,126.0000,62.0000,46.0000
376.0000,128.0000,62.0000,46.0000
376.0000,130.0000,62.0000,46.0000
2
0
0
0
0
1
426.0000,118.0000,68.0000,64.0000
424.0000,122.0000,68.0000,64.0000
422.0000,124.0000,68.0000,64.0000
420.0000,124.0000,68.0000,64.0000
418.0000,126.0000,68.0000,64.0000
416.0000,128.0000,68.0000,64.0000
416.0000,128.0000,68.0000,64.0000
416.0000,130.0000,68.0000,64.0000
414.0000,130.0000,68.0000,64.0000
412.0000,132.0000,68.0000,64.0000
410.0000,132.0000,68.0000,64.0000
408.0000,134.0000,68.0000,64.0000
406.0000,134.0000,68.0000,64.0000
406.0000,132.0000,68.0000,64.0000
404.0000,132.0000,68.0000,64.0000
404.0000,132.0000,68.0000,64.0000
404.0000,132.0000,68.0000,64.0000
404.0000,130.0000,68.0000,64.0000
404.0000,130.0000,68.0000,64.0000
406.0000,128.0000,68.0000,64.0000
406.0000,126.0000,68.0000,64.0000
406.0000,124.0000,68.0000,64.0000
406.0000,124.0000,68.0000,64.0000
406.0000,122.0000,68.0000,64.0000
406.0000,122.0000,68.0000,64.0000
406.0000,120.0000,68.0000,64.0000
406.0000,120.0000,68.0000,64.0000
406.0000,118.0000,68.0000,64.0000
406.0000,118.0000,68.0000,64.0000
406.0000,116.0000,68.0000,64.0000
406.0000,116.0000,68.0000,64.0000
406.0000,114.0000,68.0000,64.0000
406.0000,114.0000,68.0000,64.0000
406.0000,114.0000,68.0000,64.0000
406.0000,114.0000,68.0000,64.0000
406.0000,114.0000,68.0000,64.0000
406.0000,114.0000,68.0000,64.0000
406.0000,114.0000,68.0000,64.0000
404.0000,114.0000,68.0000,64.0000
404.0000,114.0000,68.0000,64.0000
404.0000,114.0000,68.0000,64.0000
404.0000,114.0000,68.0000,64.0000
404.0000,114.0000,68.0000,64.0000
404.0000,114.0000,68.0000,64.0000
404.0000,114.0000,68.0000,64.0000
404.0000,114.0000,68.0000,64.0000
404.0000,114.0000,68.0000,64.0000
404.0000,114.0000,68.0000,64.0000
2
0
0
0
0
1
370.0000,186.0000,66.0000,88.0000
370.0000,186.0000,66.0000,88.0000
372.0000,184.0000,66.0000,88.0000
374.0000,182.0000,66.0000,88.0000
374.0000,182.0000,66.0000,88.0000
376.0000,180.0000,66.0000,88.0000
376.0000,178.0000,66.0000,88.0000
376.0000,176.0000,66.0000,88.0000
376.0000,174.0000,66.0000,88.0000
376.0000,172.0000,66.0000,88.0000
376.0000,172.0000,66.0000,88.0000
