0.000402
2.9546
0.091443
0.090208
0.088581
0.08855
0.086141
0.08574
0.084548
0.087866
0.088781
0.08947
0.091309
0.089106
0.089927
0.086923
0.089093
0.090532
0.090895
0.092797
0.092156
0.087376
0.089222
0.088373
0.089637
0.091135
0.090641
0.090242
0.090685
0.091498
0.092377
0.090116
0.09029
0.089848
0.090016
0.089847
0.090274
0.08776
0.087772
0.08758
0.087737
0.088742
0.089235
0.088451
0.089425
0.089577
0.090598
0.087546
0.090047
0.088795
0.088511
0.088706
0.087146
0.087564
0.086743
0.086044
0.086051
0.084478
0.085292
0.08598
0.084482
0.085721
0.085395
0.084491
0.08314
0.083509
0.083283
0.083044
0.084006
0.082982
0.083791
0.084076
0.084106
0.083609
0.084365
0.083488
0.083982
0.087526
0.087181
0.086285
0.086523
0.085749
0.085684
0.085935
0.086428
0.087348
0.086316
0.087679
0.087182
0.086302
0.08486
0.087368
0.086726
0.084773
0.084717
0.084625
0.083183
0.0826
0.081994
0.082122
0.081582
0.082916
0.082247
0.083968
0.08394
0.084412
0.084988
0.085379
0.083799
0.084211
0.085048
0.084516
0.085126
0.085825
0.083704
0.08408
0.083128
0.082004
0.082631
0.082008
0.082439
0.083198
0.082841
0.083117
0.083471
0.083004
0.083882
0.084493
0.083264
0.084664
0.085021
0.086669
0.088538
0.089312
0.088052
0.089921
0.089393
0.088424
0.087755
0.088194
0.086304
0.085804
0.088033
0.088899
0.085676
0.087151
0.084786
0.084849
0.084358
0.085151
0.085109
