1
667.0000,681.0000,41.0000,23.0000
676.0000,677.0000,34.0000,21.0000
676.0000,677.0000,34.0000,21.0000
683.0000,670.0000,31.0000,24.0000
683.0000,670.0000,31.0000,24.0000
2
0
0
0
0
1
691.0000,593.0000,39.0000,12.0000
693.0000,581.0000,40.0000,16.0000
693.0000,581.0000,40.0000,16.0000
699.0000,571.0000,38.0000,19.0000
699.0000,571.0000,38.0000,19.0000
709.0000,552.0000,45.0000,24.0000
709.0000,552.0000,45.0000,24.0000
718.0000,545.0000,31.0000,20.0000
718.0000,545.0000,31.0000,20.0000
725.0000,531.0000,32.0000,30.0000
737.0000,523.0000,24.0000,27.0000
737.0000,523.0000,24.0000,27.0000
741.0000,519.0000,24.0000,26.0000
741.0000,519.0000,24.0000,26.0000
743.0000,516.0000,29.0000,21.0000
2
758.0000,506.0000,14.0000,24.0000
0
0
0
0
1
778.0000,446.0000,50.0000,52.0000
779.0000,419.0000,74.0000,76.0000
779.0000,419.0000,74.0000,76.0000
783.0000,409.0000,74.0000,75.0000
793.0000,404.0000,63.0000,63.0000
793.0000,404.0000,63.0000,63.0000
792.0000,394.0000,68.0000,68.0000
792.0000,394.0000,68.0000,68.0000
791.0000,379.0000,72.0000,71.0000
791.0000,379.0000,72.0000,71.0000
796.0000,379.0000,59.0000,59.0000
798.0000,380.0000,57.0000,56.0000
798.0000,380.0000,57.0000,56.0000
797.0000,379.0000,61.0000,60.0000
797.0000,379.0000,61.0000,60.0000
793.0000,376.0000,75.0000,74.0000
798.0000,379.0000,78.0000,78.0000
798.0000,379.0000,78.0000,78.0000
803.0000,381.0000,78.0000,79.0000
862.0000,396.0000,21.0000,21.0000
862.0000,396.0000,21.0000,21.0000
866.0000,397.0000,20.0000,21.0000
794.0000,-117.0000,568.0000,581.0000
794.0000,-117.0000,568.0000,581.0000
788.0000,-140.0000,604.0000,618.0000
0
0
0
0
0
0
0
0
0
0
0
0
0
0
0
0
0
0
0
0
0
0
0
0
0
0
0
0
0
0
0
0
0
0
0
0
0
0
0
0
0
0
0
0
0
0
0
0
0
0
0
0
0
0
