1
508.0000,199.0000,55.0000,30.0000
504.0000,198.0000,56.0000,31.0000
492.0000,198.0000,55.0000,30.0000
476.0000,198.0000,55.0000,30.0000
468.0000,198.0000,54.0000,29.0000
464.0000,202.0000,55.0000,30.0000
437.0000,198.0000,54.0000,29.0000
424.0000,198.0000,55.0000,30.0000
416.0000,202.0000,54.0000,29.0000
405.0000,202.0000,53.0000,28.0000
425.0000,202.0000,52.0000,27.0000
426.0000,199.0000,51.0000,26.0000
411.0000,183.0000,51.0000,26.0000
404.0000,180.0000,51.0000,26.0000
397.0000,177.0000,52.0000,27.0000
381.0000,186.0000,53.0000,28.0000
388.0000,200.0000,54.0000,29.0000
2
0
0
0
0
1
275.0000,158.0000,49.0000,35.0000
275.0000,162.0000,49.0000,35.0000
272.0000,162.0000,48.0000,34.0000
2
0
0
0
0
1
186.0000,166.0000,54.0000,32.0000
174.0000,166.0000,53.0000,31.0000
170.0000,166.0000,54.0000,32.0000
191.0000,146.0000,54.0000,32.0000
182.0000,179.0000,55.0000,33.0000
174.0000,184.0000,54.0000,32.0000
178.0000,196.0000,54.0000,32.0000
182.0000,204.0000,53.0000,31.0000
2
0
0
0
0
1
138.0000,170.0000,46.0000,35.0000
142.0000,174.0000,46.0000,35.0000
146.0000,174.0000,47.0000,36.0000
146.0000,170.0000,48.0000,37.0000
146.0000,174.0000,49.0000,38.0000
150.0000,178.0000,48.0000,37.0000
154.0000,182.0000,48.0000,37.0000
154.0000,186.0000,49.0000,38.0000
166.0000,178.0000,48.0000,37.0000
170.0000,178.0000,47.0000,36.0000
174.0000,178.0000,46.0000,35.0000
178.0000,182.0000,46.0000,35.0000
178.0000,182.0000,45.0000,34.0000
182.0000,182.0000,44.0000,33.0000
182.0000,190.0000,45.0000,34.0000
182.0000,208.0000,44.0000,33.0000
186.0000,215.0000,43.0000,32.0000
2
0
0
0
0
1
195.0000,186.0000,40.0000,44.0000
196.0000,190.0000,39.0000,43.0000
200.0000,194.0000,39.0000,43.0000
204.0000,194.0000,39.0000,43.0000
208.0000,198.0000,38.0000,42.0000
212.0000,198.0000,38.0000,42.0000
216.0000,202.0000,38.0000,42.0000
220.0000,202.0000,37.0000,41.0000
220.0000,206.0000,36.0000,40.0000
220.0000,210.0000,35.0000,39.0000
224.0000,210.0000,35.0000,39.0000
221.0000,217.0000,34.0000,38.0000
222.0000,221.0000,33.0000,37.0000
215.0000,230.0000,34.0000,38.0000
216.0000,230.0000,33.0000,37.0000
219.0000,233.0000,32.0000,36.0000
223.0000,234.0000,31.0000,35.0000
224.0000,234.0000,30.0000,34.0000
233.0000,218.0000,31.0000,35.0000
236.0000,218.0000,31.0000,35.0000
239.0000,221.0000,32.0000,36.0000
243.0000,222.0000,31.0000,35.0000
243.0000,225.0000,31.0000,35.0000
247.0000,226.0000,30.0000,34.0000
249.0000,223.0000,31.0000,35.0000
252.0000,223.0000,31.0000,35.0000
258.0000,229.0000,32.0000,36.0000
261.0000,235.0000,33.0000,37.0000
265.0000,246.0000,32.0000,36.0000
267.0000,249.0000,33.0000,37.0000
269.0000,251.0000,34.0000,38.0000
286.0000,251.0000,34.0000,38.0000
289.0000,255.0000,33.0000,37.0000
293.0000,259.0000,32.0000,36.0000
297.0000,266.0000,31.0000,35.0000
301.0000,266.0000,30.0000,34.0000
293.0000,281.0000,29.0000,33.0000
290.0000,272.0000,29.0000,33.0000
270.0000,275.0000,28.0000,32.0000
267.0000,272.0000,28.0000,32.0000
266.0000,272.0000,29.0000,33.0000
266.0000,272.0000,30.0000,34.0000
266.0000,275.0000,31.0000,35.0000
269.0000,277.0000,32.0000,36.0000
268.0000,279.0000,33.0000,37.0000
265.0000,275.0000,34.0000,38.0000
273.0000,286.0000,33.0000,37.0000
269.0000,286.0000,34.0000,38.0000
261.0000,282.0000,35.0000,39.0000
259.0000,285.0000,34.0000,38.0000
260.0000,289.0000,33.0000,37.0000
260.0000,291.0000,34.0000,38.0000
260.0000,294.0000,35.0000,39.0000
260.0000,298.0000,35.0000,39.0000
278.0000,302.0000,36.0000,40.0000
282.0000,306.0000,35.0000,39.0000
282.0000,306.0000,35.0000,39.0000
278.0000,310.0000,35.0000,39.0000
257.0000,306.0000,35.0000,39.0000
252.0000,306.0000,36.0000,40.0000
252.0000,313.0000,36.0000,40.0000
245.0000,312.0000,37.0000,41.0000
242.0000,316.0000,36.0000,40.0000
242.0000,312.0000,35.0000,39.0000
242.0000,316.0000,35.0000,39.0000
242.0000,316.0000,34.0000,38.0000
242.0000,323.0000,33.0000,37.0000
239.0000,331.0000,32.0000,36.0000
240.0000,335.0000,31.0000,35.0000
243.0000,339.0000,30.0000,34.0000
243.0000,342.0000,30.0000,34.0000
239.0000,348.0000,31.0000,35.0000
225.0000,351.0000,32.0000,36.0000
225.0000,351.0000,32.0000,36.0000
235.0000,355.0000,31.0000,35.0000
236.0000,353.0000,30.0000,34.0000
215.0000,356.0000,30.0000,34.0000
214.0000,353.0000,31.0000,35.0000
220.0000,354.0000,30.0000,34.0000
232.0000,348.0000,30.0000,34.0000
235.0000,348.0000,29.0000,33.0000
233.0000,345.0000,28.0000,32.0000
232.0000,347.0000,29.0000,33.0000
226.0000,346.0000,30.0000,34.0000
223.0000,346.0000,29.0000,33.0000
224.0000,343.0000,28.0000,32.0000
224.0000,341.0000,27.0000,31.0000
227.0000,340.0000,28.0000,32.0000
