1.4843,0,0,0,0,0,0,0,0,0,0,0,0,0,0
0.1049,0,0,0,0,0,0,0,0,0,0,0,0,0,0
0.1063,0,0,0,0,0,0,0,0,0,0,0,0,0,0
0.10499,0,0,0,0,0,0,0,0,0,0,0,0,0,0
0.10219,0,0,0,0,0,0,0,0,0,0,0,0,0,0
0.10385,0,0,0,0,0,0,0,0,0,0,0,0,0,0
0.10081,0,0,0,0,0,0,0,0,0,0,0,0,0,0
0.10226,0,0,0,0,0,0,0,0,0,0,0,0,0,0
0.1067,0,0,0,0,0,0,0,0,0,0,0,0,0,0
0.10328,0,0,0,0,0,0,0,0,0,0,0,0,0,0
0.10203,0,0,0,0,0,0,0,0,0,0,0,0,0,0
0.10862,0,0,0,0,0,0,0,0,0,0,0,0,0,0
0.097309,0,0,0,0,0,0,0,0,0,0,0,0,0,0
0.10369,0,0,0,0,0,0,0,0,0,0,0,0,0,0
0.09816,0,0,0,0,0,0,0,0,0,0,0,0,0,0
0.10866,0,0,0,0,0,0,0,0,0,0,0,0,0,0
0.097488,0,0,0,0,0,0,0,0,0,0,0,0,0,0
0.10554,0,0,0,0,0,0,0,0,0,0,0,0,0,0
0.10343,0,0,0,0,0,0,0,0,0,0,0,0,0,0
0.1022,0,0,0,0,0,0,0,0,0,0,0,0,0,0
0.10501,0,0,0,0,0,0,0,0,0,0,0,0,0,0
0.094052,0,0,0,0,0,0,0,0,0,0,0,0,0,0
0.11011,0,0,0,0,0,0,0,0,0,0,0,0,0,0
0.11042,0,0,0,0,0,0,0,0,0,0,0,0,0,0
0.11456,0,0,0,0,0,0,0,0,0,0,0,0,0,0
0.11514,0,0,0,0,0,0,0,0,0,0,0,0,0,0
0.11417,0,0,0,0,0,0,0,0,0,0,0,0,0,0
0.10707,0,0,0,0,0,0,0,0,0,0,0,0,0,0
0.10946,0,0,0,0,0,0,0,0,0,0,0,0,0,0
0.11273,0,0,0,0,0,0,0,0,0,0,0,0,0,0
0.11549,0,0,0,0,0,0,0,0,0,0,0,0,0,0
0.091817,0,0,0,0,0,0,0,0,0,0,0,0,0,0
0.097909,0,0,0,0,0,0,0,0,0,0,0,0,0,0
0.096725,0,0,0,0,0,0,0,0,0,0,0,0,0,0
0.086713,0,0,0,0,0,0,0,0,0,0,0,0,0,0
0.09149,0,0,0,0,0,0,0,0,0,0,0,0,0,0
0.092281,0,0,0,0,0,0,0,0,0,0,0,0,0,0
0.0921,0,0,0,0,0,0,0,0,0,0,0,0,0,0
0.10224,0,0,0,0,0,0,0,0,0,0,0,0,0,0
0.10054,0,0,0,0,0,0,0,0,0,0,0,0,0,0
0.097224,0,0,0,0,0,0,0,0,0,0,0,0,0,0
0.097496,0,0,0,0,0,0,0,0,0,0,0,0,0,0
0.087727,0,0,0,0,0,0,0,0,0,0,0,0,0,0
0.091588,0,0,0,0,0,0,0,0,0,0,0,0,0,0
0.099075,0,0,0,0,0,0,0,0,0,0,0,0,0,0
0.093404,0,0,0,0,0,0,0,0,0,0,0,0,0,0
0.096318,0,0,0,0,0,0,0,0,0,0,0,0,0,0
0.097339,0,0,0,0,0,0,0,0,0,0,0,0,0,0
0.095786,0,0,0,0,0,0,0,0,0,0,0,0,0,0
0.097486,0,0,0,0,0,0,0,0,0,0,0,0,0,0
0.094124,0,0,0,0,0,0,0,0,0,0,0,0,0,0
0.095454,0,0,0,0,0,0,0,0,0,0,0,0,0,0
0.13676,0,0,0,0,0,0,0,0,0,0,0,0,0,0
0.097503,0,0,0,0,0,0,0,0,0,0,0,0,0,0
0.09314,0,0,0,0,0,0,0,0,0,0,0,0,0,0
0.088862,0,0,0,0,0,0,0,0,0,0,0,0,0,0
0.085925,0,0,0,0,0,0,0,0,0,0,0,0,0,0
0.091262,0,0,0,0,0,0,0,0,0,0,0,0,0,0
0.091877,0,0,0,0,0,0,0,0,0,0,0,0,0,0
0.088315,0,0,0,0,0,0,0,0,0,0,0,0,0,0
0.087165,0,0,0,0,0,0,0,0,0,0,0,0,0,0
0.083806,0,0,0,0,0,0,0,0,0,0,0,0,0,0
0.093193,0,0,0,0,0,0,0,0,0,0,0,0,0,0
0.085675,0,0,0,0,0,0,0,0,0,0,0,0,0,0
0.083533,0,0,0,0,0,0,0,0,0,0,0,0,0,0
0.091899,0,0,0,0,0,0,0,0,0,0,0,0,0,0
0.094213,0,0,0,0,0,0,0,0,0,0,0,0,0,0
0.095193,0,0,0,0,0,0,0,0,0,0,0,0,0,0
0.09688,0,0,0,0,0,0,0,0,0,0,0,0,0,0
0.097695,0,0,0,0,0,0,0,0,0,0,0,0,0,0
0.093956,0,0,0,0,0,0,0,0,0,0,0,0,0,0
0.10239,0,0,0,0,0,0,0,0,0,0,0,0,0,0
0.11768,0,0,0,0,0,0,0,0,0,0,0,0,0,0
0.10875,0,0,0,0,0,0,0,0,0,0,0,0,0,0
0.1064,0,0,0,0,0,0,0,0,0,0,0,0,0,0
0.11059,0,0,0,0,0,0,0,0,0,0,0,0,0,0
0.11151,0,0,0,0,0,0,0,0,0,0,0,0,0,0
0.1044,0,0,0,0,0,0,0,0,0,0,0,0,0,0
0.10847,0,0,0,0,0,0,0,0,0,0,0,0,0,0
0.11192,0,0,0,0,0,0,0,0,0,0,0,0,0,0
0.1101,0,0,0,0,0,0,0,0,0,0,0,0,0,0
0.11061,0,0,0,0,0,0,0,0,0,0,0,0,0,0
0.1102,0,0,0,0,0,0,0,0,0,0,0,0,0,0
0.11639,0,0,0,0,0,0,0,0,0,0,0,0,0,0
0.11174,0,0,0,0,0,0,0,0,0,0,0,0,0,0
0.11016,0,0,0,0,0,0,0,0,0,0,0,0,0,0
0.11099,0,0,0,0,0,0,0,0,0,0,0,0,0,0
0.11717,0,0,0,0,0,0,0,0,0,0,0,0,0,0
0.11589,0,0,0,0,0,0,0,0,0,0,0,0,0,0
0.11738,0,0,0,0,0,0,0,0,0,0,0,0,0,0
0.12085,0,0,0,0,0,0,0,0,0,0,0,0,0,0
0.11513,0,0,0,0,0,0,0,0,0,0,0,0,0,0
0.13448,0,0,0,0,0,0,0,0,0,0,0,0,0,0
0.11431,0,0,0,0,0,0,0,0,0,0,0,0,0,0
0.11172,0,0,0,0,0,0,0,0,0,0,0,0,0,0
0.098577,0,0,0,0,0,0,0,0,0,0,0,0,0,0
0.10226,0,0,0,0,0,0,0,0,0,0,0,0,0,0
0.084788,0,0,0,0,0,0,0,0,0,0,0,0,0,0
0.092745,0,0,0,0,0,0,0,0,0,0,0,0,0,0
0.097545,0,0,0,0,0,0,0,0,0,0,0,0,0,0
0.10741,0,0,0,0,0,0,0,0,0,0,0,0,0,0
0.094347,0,0,0,0,0,0,0,0,0,0,0,0,0,0
0.1029,0,0,0,0,0,0,0,0,0,0,0,0,0,0
0.10283,0,0,0,0,0,0,0,0,0,0,0,0,0,0
0.098636,0,0,0,0,0,0,0,0,0,0,0,0,0,0
0.099535,0,0,0,0,0,0,0,0,0,0,0,0,0,0
0.1022,0,0,0,0,0,0,0,0,0,0,0,0,0,0
0.10801,0,0,0,0,0,0,0,0,0,0,0,0,0,0
0.10923,0,0,0,0,0,0,0,0,0,0,0,0,0,0
0.10869,0,0,0,0,0,0,0,0,0,0,0,0,0,0
0.11218,0,0,0,0,0,0,0,0,0,0,0,0,0,0
0.1412,0,0,0,0,0,0,0,0,0,0,0,0,0,0
0.11331,0,0,0,0,0,0,0,0,0,0,0,0,0,0
0.1136,0,0,0,0,0,0,0,0,0,0,0,0,0,0
0.11105,0,0,0,0,0,0,0,0,0,0,0,0,0,0
0.10854,0,0,0,0,0,0,0,0,0,0,0,0,0,0
0.10858,0,0,0,0,0,0,0,0,0,0,0,0,0,0
0.11716,0,0,0,0,0,0,0,0,0,0,0,0,0,0
0.11249,0,0,0,0,0,0,0,0,0,0,0,0,0,0
0.10698,0,0,0,0,0,0,0,0,0,0,0,0,0,0
0.10184,0,0,0,0,0,0,0,0,0,0,0,0,0,0
0.099888,0,0,0,0,0,0,0,0,0,0,0,0,0,0
0.11272,0,0,0,0,0,0,0,0,0,0,0,0,0,0
0.11059,0,0,0,0,0,0,0,0,0,0,0,0,0,0
0.12419,0,0,0,0,0,0,0,0,0,0,0,0,0,0
0.1142,0,0,0,0,0,0,0,0,0,0,0,0,0,0
0.11119,0,0,0,0,0,0,0,0,0,0,0,0,0,0
0.11218,0,0,0,0,0,0,0,0,0,0,0,0,0,0
0.10582,0,0,0,0,0,0,0,0,0,0,0,0,0,0
0.11067,0,0,0,0,0,0,0,0,0,0,0,0,0,0
0.10464,0,0,0,0,0,0,0,0,0,0,0,0,0,0
0.11079,0,0,0,0,0,0,0,0,0,0,0,0,0,0
0.11016,0,0,0,0,0,0,0,0,0,0,0,0,0,0
0.10976,0,0,0,0,0,0,0,0,0,0,0,0,0,0
0.10551,0,0,0,0,0,0,0,0,0,0,0,0,0,0
0.10546,0,0,0,0,0,0,0,0,0,0,0,0,0,0
0.10357,0,0,0,0,0,0,0,0,0,0,0,0,0,0
0.092393,0,0,0,0,0,0,0,0,0,0,0,0,0,0
0.095791,0,0,0,0,0,0,0,0,0,0,0,0,0,0
0.10014,0,0,0,0,0,0,0,0,0,0,0,0,0,0
0.10295,0,0,0,0,0,0,0,0,0,0,0,0,0,0
0.10338,0,0,0,0,0,0,0,0,0,0,0,0,0,0
0.1069,0,0,0,0,0,0,0,0,0,0,0,0,0,0
0.11497,0,0,0,0,0,0,0,0,0,0,0,0,0,0
0.10199,0,0,0,0,0,0,0,0,0,0,0,0,0,0
0.11535,0,0,0,0,0,0,0,0,0,0,0,0,0,0
0.12301,0,0,0,0,0,0,0,0,0,0,0,0,0,0
0.11942,0,0,0,0,0,0,0,0,0,0,0,0,0,0
0.11601,0,0,0,0,0,0,0,0,0,0,0,0,0,0
0.13505,0,0,0,0,0,0,0,0,0,0,0,0,0,0
0.12313,0,0,0,0,0,0,0,0,0,0,0,0,0,0
0.13538,0,0,0,0,0,0,0,0,0,0,0,0,0,0
0.12278,0,0,0,0,0,0,0,0,0,0,0,0,0,0
0.12145,0,0,0,0,0,0,0,0,0,0,0,0,0,0
0.12367,0,0,0,0,0,0,0,0,0,0,0,0,0,0
0.1192,0,0,0,0,0,0,0,0,0,0,0,0,0,0
0.11586,0,0,0,0,0,0,0,0,0,0,0,0,0,0
0.11,0,0,0,0,0,0,0,0,0,0,0,0,0,0
0.11316,0,0,0,0,0,0,0,0,0,0,0,0,0,0
0.11563,0,0,0,0,0,0,0,0,0,0,0,0,0,0
0.046177,0,0,0,0,0,0,0,0,0,0,0,0,0,0
0.045838,0,0,0,0,0,0,0,0,0,0,0,0,0,0
0.042179,0,0,0,0,0,0,0,0,0,0,0,0,0,0
0.042226,0,0,0,0,0,0,0,0,0,0,0,0,0,0
0.045113,0,0,0,0,0,0,0,0,0,0,0,0,0,0
0.046722,0,0,0,0,0,0,0,0,0,0,0,0,0,0
0.044286,0,0,0,0,0,0,0,0,0,0,0,0,0,0
0.046071,0,0,0,0,0,0,0,0,0,0,0,0,0,0
0.043701,0,0,0,0,0,0,0,0,0,0,0,0,0,0
0.042999,0,0,0,0,0,0,0,0,0,0,0,0,0,0
0.042453,0,0,0,0,0,0,0,0,0,0,0,0,0,0
0.04295,0,0,0,0,0,0,0,0,0,0,0,0,0,0
0.041303,0,0,0,0,0,0,0,0,0,0,0,0,0,0
0.046071,0,0,0,0,0,0,0,0,0,0,0,0,0,0
0.047798,0,0,0,0,0,0,0,0,0,0,0,0,0,0
0.045658,0,0,0,0,0,0,0,0,0,0,0,0,0,0
0.04722,0,0,0,0,0,0,0,0,0,0,0,0,0,0
0.046945,0,0,0,0,0,0,0,0,0,0,0,0,0,0
0.047342,0,0,0,0,0,0,0,0,0,0,0,0,0,0
0.046161,0,0,0,0,0,0,0,0,0,0,0,0,0,0
0.045858,0,0,0,0,0,0,0,0,0,0,0,0,0,0
0.042531,0,0,0,0,0,0,0,0,0,0,0,0,0,0
0.045203,0,0,0,0,0,0,0,0,0,0,0,0,0,0
0.045991,0,0,0,0,0,0,0,0,0,0,0,0,0,0
0.047792,0,0,0,0,0,0,0,0,0,0,0,0,0,0
0.048683,0,0,0,0,0,0,0,0,0,0,0,0,0,0
0.048587,0,0,0,0,0,0,0,0,0,0,0,0,0,0
0.051602,0,0,0,0,0,0,0,0,0,0,0,0,0,0
0.050193,0,0,0,0,0,0,0,0,0,0,0,0,0,0
0.049025,0,0,0,0,0,0,0,0,0,0,0,0,0,0
0.049336,0,0,0,0,0,0,0,0,0,0,0,0,0,0
0.048236,0,0,0,0,0,0,0,0,0,0,0,0,0,0
0.048021,0,0,0,0,0,0,0,0,0,0,0,0,0,0
0.046284,0,0,0,0,0,0,0,0,0,0,0,0,0,0
0.050669,0,0,0,0,0,0,0,0,0,0,0,0,0,0
0.052549,0,0,0,0,0,0,0,0,0,0,0,0,0,0
0.050415,0,0,0,0,0,0,0,0,0,0,0,0,0,0
0.049564,0,0,0,0,0,0,0,0,0,0,0,0,0,0
0.051792,0,0,0,0,0,0,0,0,0,0,0,0,0,0
0.050233,0,0,0,0,0,0,0,0,0,0,0,0,0,0
0.11249,0,0,0,0,0,0,0,0,0,0,0,0,0,0
0.11303,0,0,0,0,0,0,0,0,0,0,0,0,0,0
0.11333,0,0,0,0,0,0,0,0,0,0,0,0,0,0
0.1106,0,0,0,0,0,0,0,0,0,0,0,0,0,0
0.10875,0,0,0,0,0,0,0,0,0,0,0,0,0,0
0.1144,0,0,0,0,0,0,0,0,0,0,0,0,0,0
0.11513,0,0,0,0,0,0,0,0,0,0,0,0,0,0
0.11303,0,0,0,0,0,0,0,0,0,0,0,0,0,0
0.11569,0,0,0,0,0,0,0,0,0,0,0,0,0,0
0.11228,0,0,0,0,0,0,0,0,0,0,0,0,0,0
0.11612,0,0,0,0,0,0,0,0,0,0,0,0,0,0
0.05211,0,0,0,0,0,0,0,0,0,0,0,0,0,0
0.04996,0,0,0,0,0,0,0,0,0,0,0,0,0,0
0.049555,0,0,0,0,0,0,0,0,0,0,0,0,0,0
0.04802,0,0,0,0,0,0,0,0,0,0,0,0,0,0
0.049084,0,0,0,0,0,0,0,0,0,0,0,0,0,0
0.048849,0,0,0,0,0,0,0,0,0,0,0,0,0,0
0.049204,0,0,0,0,0,0,0,0,0,0,0,0,0,0
0.12124,0,0,0,0,0,0,0,0,0,0,0,0,0,0
0.11334,0,0,0,0,0,0,0,0,0,0,0,0,0,0
0.1157,0,0,0,0,0,0,0,0,0,0,0,0,0,0
0.11604,0,0,0,0,0,0,0,0,0,0,0,0,0,0
0.11705,0,0,0,0,0,0,0,0,0,0,0,0,0,0
0.12117,0,0,0,0,0,0,0,0,0,0,0,0,0,0
0.11742,0,0,0,0,0,0,0,0,0,0,0,0,0,0
0.11976,0,0,0,0,0,0,0,0,0,0,0,0,0,0
0.1187,0,0,0,0,0,0,0,0,0,0,0,0,0,0
0.11234,0,0,0,0,0,0,0,0,0,0,0,0,0,0
0.095212,0,0,0,0,0,0,0,0,0,0,0,0,0,0
0.11035,0,0,0,0,0,0,0,0,0,0,0,0,0,0
0.11658,0,0,0,0,0,0,0,0,0,0,0,0,0,0
0.11973,0,0,0,0,0,0,0,0,0,0,0,0,0,0
0.11971,0,0,0,0,0,0,0,0,0,0,0,0,0,0
0.11873,0,0,0,0,0,0,0,0,0,0,0,0,0,0
0.11516,0,0,0,0,0,0,0,0,0,0,0,0,0,0
0.11612,0,0,0,0,0,0,0,0,0,0,0,0,0,0
0.1156,0,0,0,0,0,0,0,0,0,0,0,0,0,0
0.11229,0,0,0,0,0,0,0,0,0,0,0,0,0,0
0.1117,0,0,0,0,0,0,0,0,0,0,0,0,0,0
0.12341,0,0,0,0,0,0,0,0,0,0,0,0,0,0
0.11831,0,0,0,0,0,0,0,0,0,0,0,0,0,0
0.12267,0,0,0,0,0,0,0,0,0,0,0,0,0,0
0.10918,0,0,0,0,0,0,0,0,0,0,0,0,0,0
0.11082,0,0,0,0,0,0,0,0,0,0,0,0,0,0
0.1142,0,0,0,0,0,0,0,0,0,0,0,0,0,0
0.11272,0,0,0,0,0,0,0,0,0,0,0,0,0,0
0.11325,0,0,0,0,0,0,0,0,0,0,0,0,0,0
0.11242,0,0,0,0,0,0,0,0,0,0,0,0,0,0
0.10081,0,0,0,0,0,0,0,0,0,0,0,0,0,0
0.10118,0,0,0,0,0,0,0,0,0,0,0,0,0,0
0.11267,0,0,0,0,0,0,0,0,0,0,0,0,0,0
0.10969,0,0,0,0,0,0,0,0,0,0,0,0,0,0
0.10712,0,0,0,0,0,0,0,0,0,0,0,0,0,0
0.11317,0,0,0,0,0,0,0,0,0,0,0,0,0,0
0.10943,0,0,0,0,0,0,0,0,0,0,0,0,0,0
0.11597,0,0,0,0,0,0,0,0,0,0,0,0,0,0
0.047965,0,0,0,0,0,0,0,0,0,0,0,0,0,0
0.047044,0,0,0,0,0,0,0,0,0,0,0,0,0,0
0.049081,0,0,0,0,0,0,0,0,0,0,0,0,0,0
0.048784,0,0,0,0,0,0,0,0,0,0,0,0,0,0
0.04729,0,0,0,0,0,0,0,0,0,0,0,0,0,0
0.049302,0,0,0,0,0,0,0,0,0,0,0,0,0,0
0.048677,0,0,0,0,0,0,0,0,0,0,0,0,0,0
0.047043,0,0,0,0,0,0,0,0,0,0,0,0,0,0
0.051595,0,0,0,0,0,0,0,0,0,0,0,0,0,0
0.05192,0,0,0,0,0,0,0,0,0,0,0,0,0,0
0.050368,0,0,0,0,0,0,0,0,0,0,0,0,0,0
0.050015,0,0,0,0,0,0,0,0,0,0,0,0,0,0
0.046923,0,0,0,0,0,0,0,0,0,0,0,0,0,0
0.11784,0,0,0,0,0,0,0,0,0,0,0,0,0,0
0.1035,0,0,0,0,0,0,0,0,0,0,0,0,0,0
0.11663,0,0,0,0,0,0,0,0,0,0,0,0,0,0
0.11165,0,0,0,0,0,0,0,0,0,0,0,0,0,0
0.11334,0,0,0,0,0,0,0,0,0,0,0,0,0,0
0.10672,0,0,0,0,0,0,0,0,0,0,0,0,0,0
0.11317,0,0,0,0,0,0,0,0,0,0,0,0,0,0
0.11336,0,0,0,0,0,0,0,0,0,0,0,0,0,0
0.10384,0,0,0,0,0,0,0,0,0,0,0,0,0,0
0.11419,0,0,0,0,0,0,0,0,0,0,0,0,0,0
0.1129,0,0,0,0,0,0,0,0,0,0,0,0,0,0
0.11293,0,0,0,0,0,0,0,0,0,0,0,0,0,0
0.1111,0,0,0,0,0,0,0,0,0,0,0,0,0,0
0.11059,0,0,0,0,0,0,0,0,0,0,0,0,0,0
0.11329,0,0,0,0,0,0,0,0,0,0,0,0,0,0
0.11003,0,0,0,0,0,0,0,0,0,0,0,0,0,0
0.11175,0,0,0,0,0,0,0,0,0,0,0,0,0,0
0.12264,0,0,0,0,0,0,0,0,0,0,0,0,0,0
0.1223,0,0,0,0,0,0,0,0,0,0,0,0,0,0
0.11002,0,0,0,0,0,0,0,0,0,0,0,0,0,0
0.10918,0,0,0,0,0,0,0,0,0,0,0,0,0,0
0.10806,0,0,0,0,0,0,0,0,0,0,0,0,0,0
0.10955,0,0,0,0,0,0,0,0,0,0,0,0,0,0
0.10804,0,0,0,0,0,0,0,0,0,0,0,0,0,0
0.10963,0,0,0,0,0,0,0,0,0,0,0,0,0,0
0.11043,0,0,0,0,0,0,0,0,0,0,0,0,0,0
0.10542,0,0,0,0,0,0,0,0,0,0,0,0,0,0
0.11546,0,0,0,0,0,0,0,0,0,0,0,0,0,0
0.10741,0,0,0,0,0,0,0,0,0,0,0,0,0,0
0.11235,0,0,0,0,0,0,0,0,0,0,0,0,0,0
0.10907,0,0,0,0,0,0,0,0,0,0,0,0,0,0
0.12825,0,0,0,0,0,0,0,0,0,0,0,0,0,0
0.11387,0,0,0,0,0,0,0,0,0,0,0,0,0,0
0.10329,0,0,0,0,0,0,0,0,0,0,0,0,0,0
0.10015,0,0,0,0,0,0,0,0,0,0,0,0,0,0
0.10903,0,0,0,0,0,0,0,0,0,0,0,0,0,0
0.10885,0,0,0,0,0,0,0,0,0,0,0,0,0,0
0.10601,0,0,0,0,0,0,0,0,0,0,0,0,0,0
0.10685,0,0,0,0,0,0,0,0,0,0,0,0,0,0
0.10862,0,0,0,0,0,0,0,0,0,0,0,0,0,0
0.11448,0,0,0,0,0,0,0,0,0,0,0,0,0,0
0.10872,0,0,0,0,0,0,0,0,0,0,0,0,0,0
0.11211,0,0,0,0,0,0,0,0,0,0,0,0,0,0
0.11152,0,0,0,0,0,0,0,0,0,0,0,0,0,0
0.13321,0,0,0,0,0,0,0,0,0,0,0,0,0,0
0.10888,0,0,0,0,0,0,0,0,0,0,0,0,0,0
0.1105,0,0,0,0,0,0,0,0,0,0,0,0,0,0
0.12355,0,0,0,0,0,0,0,0,0,0,0,0,0,0
0.11942,0,0,0,0,0,0,0,0,0,0,0,0,0,0
0.11812,0,0,0,0,0,0,0,0,0,0,0,0,0,0
0.11438,0,0,0,0,0,0,0,0,0,0,0,0,0,0
0.11505,0,0,0,0,0,0,0,0,0,0,0,0,0,0
0.11202,0,0,0,0,0,0,0,0,0,0,0,0,0,0
0.098314,0,0,0,0,0,0,0,0,0,0,0,0,0,0
0.11144,0,0,0,0,0,0,0,0,0,0,0,0,0,0
0.122,0,0,0,0,0,0,0,0,0,0,0,0,0,0
0.11466,0,0,0,0,0,0,0,0,0,0,0,0,0,0
0.11354,0,0,0,0,0,0,0,0,0,0,0,0,0,0
0.11394,0,0,0,0,0,0,0,0,0,0,0,0,0,0
0.11199,0,0,0,0,0,0,0,0,0,0,0,0,0,0
0.11373,0,0,0,0,0,0,0,0,0,0,0,0,0,0
0.1072,0,0,0,0,0,0,0,0,0,0,0,0,0,0
0.10665,0,0,0,0,0,0,0,0,0,0,0,0,0,0
0.10928,0,0,0,0,0,0,0,0,0,0,0,0,0,0
0.10662,0,0,0,0,0,0,0,0,0,0,0,0,0,0
0.1053,0,0,0,0,0,0,0,0,0,0,0,0,0,0
0.099863,0,0,0,0,0,0,0,0,0,0,0,0,0,0
0.086921,0,0,0,0,0,0,0,0,0,0,0,0,0,0
0.082985,0,0,0,0,0,0,0,0,0,0,0,0,0,0
0.092945,0,0,0,0,0,0,0,0,0,0,0,0,0,0
0.099477,0,0,0,0,0,0,0,0,0,0,0,0,0,0
0.0899,0,0,0,0,0,0,0,0,0,0,0,0,0,0
0.080415,0,0,0,0,0,0,0,0,0,0,0,0,0,0
0.095988,0,0,0,0,0,0,0,0,0,0,0,0,0,0
0.11668,0,0,0,0,0,0,0,0,0,0,0,0,0,0
0.10766,0,0,0,0,0,0,0,0,0,0,0,0,0,0
0.10942,0,0,0,0,0,0,0,0,0,0,0,0,0,0
0.097884,0,0,0,0,0,0,0,0,0,0,0,0,0,0
0.10588,0,0,0,0,0,0,0,0,0,0,0,0,0,0
0.10464,0,0,0,0,0,0,0,0,0,0,0,0,0,0
0.10139,0,0,0,0,0,0,0,0,0,0,0,0,0,0
0.095801,0,0,0,0,0,0,0,0,0,0,0,0,0,0
0.041516,0,0,0,0,0,0,0,0,0,0,0,0,0,0
0.042231,0,0,0,0,0,0,0,0,0,0,0,0,0,0
0.042572,0,0,0,0,0,0,0,0,0,0,0,0,0,0
0.040428,0,0,0,0,0,0,0,0,0,0,0,0,0,0
0.041311,0,0,0,0,0,0,0,0,0,0,0,0,0,0
0.042382,0,0,0,0,0,0,0,0,0,0,0,0,0,0
0.041635,0,0,0,0,0,0,0,0,0,0,0,0,0,0
0.044353,0,0,0,0,0,0,0,0,0,0,0,0,0,0
0.040965,0,0,0,0,0,0,0,0,0,0,0,0,0,0
0.040478,0,0,0,0,0,0,0,0,0,0,0,0,0,0
0.041336,0,0,0,0,0,0,0,0,0,0,0,0,0,0
0.098227,0,0,0,0,0,0,0,0,0,0,0,0,0,0
0.094268,0,0,0,0,0,0,0,0,0,0,0,0,0,0
0.096197,0,0,0,0,0,0,0,0,0,0,0,0,0,0
0.094722,0,0,0,0,0,0,0,0,0,0,0,0,0,0
0.094381,0,0,0,0,0,0,0,0,0,0,0,0,0,0
0.093341,0,0,0,0,0,0,0,0,0,0,0,0,0,0
0.088188,0,0,0,0,0,0,0,0,0,0,0,0,0,0
0.087027,0,0,0,0,0,0,0,0,0,0,0,0,0,0
0.092796,0,0,0,0,0,0,0,0,0,0,0,0,0,0
0.097537,0,0,0,0,0,0,0,0,0,0,0,0,0,0
0.094596,0,0,0,0,0,0,0,0,0,0,0,0,0,0
0.092564,0,0,0,0,0,0,0,0,0,0,0,0,0,0
0.089433,0,0,0,0,0,0,0,0,0,0,0,0,0,0
0.081104,0,0,0,0,0,0,0,0,0,0,0,0,0,0
0.037445,0,0,0,0,0,0,0,0,0,0,0,0,0,0
0.038967,0,0,0,0,0,0,0,0,0,0,0,0,0,0
0.037633,0,0,0,0,0,0,0,0,0,0,0,0,0,0
0.024978,0,0,0,0,0,0,0,0,0,0,0,0,0,0
0.092002,0,0,0,0,0,0,0,0,0,0,0,0,0,0
0.10232,0,0,0,0,0,0,0,0,0,0,0,0,0,0
0.10177,0,0,0,0,0,0,0,0,0,0,0,0,0,0
0.089004,0,0,0,0,0,0,0,0,0,0,0,0,0,0
0.09183,0,0,0,0,0,0,0,0,0,0,0,0,0,0
0.087841,0,0,0,0,0,0,0,0,0,0,0,0,0,0
0.084712,0,0,0,0,0,0,0,0,0,0,0,0,0,0
0.087774,0,0,0,0,0,0,0,0,0,0,0,0,0,0
0.089514,0,0,0,0,0,0,0,0,0,0,0,0,0,0
0.093377,0,0,0,0,0,0,0,0,0,0,0,0,0,0
0.081727,0,0,0,0,0,0,0,0,0,0,0,0,0,0
0.078157,0,0,0,0,0,0,0,0,0,0,0,0,0,0
0.093992,0,0,0,0,0,0,0,0,0,0,0,0,0,0
0.082164,0,0,0,0,0,0,0,0,0,0,0,0,0,0
0.086075,0,0,0,0,0,0,0,0,0,0,0,0,0,0
0.081765,0,0,0,0,0,0,0,0,0,0,0,0,0,0
0.081362,0,0,0,0,0,0,0,0,0,0,0,0,0,0
0.081683,0,0,0,0,0,0,0,0,0,0,0,0,0,0
0.083727,0,0,0,0,0,0,0,0,0,0,0,0,0,0
0.075325,0,0,0,0,0,0,0,0,0,0,0,0,0,0
0.091849,0,0,0,0,0,0,0,0,0,0,0,0,0,0
0.080788,0,0,0,0,0,0,0,0,0,0,0,0,0,0
0.077821,0,0,0,0,0,0,0,0,0,0,0,0,0,0
0.035334,0,0,0,0,0,0,0,0,0,0,0,0,0,0
0.036253,0,0,0,0,0,0,0,0,0,0,0,0,0,0
0.036054,0,0,0,0,0,0,0,0,0,0,0,0,0,0
0.035424,0,0,0,0,0,0,0,0,0,0,0,0,0,0
0.035602,0,0,0,0,0,0,0,0,0,0,0,0,0,0
0.035463,0,0,0,0,0,0,0,0,0,0,0,0,0,0
0.034557,0,0,0,0,0,0,0,0,0,0,0,0,0,0
0.032401,0,0,0,0,0,0,0,0,0,0,0,0,0,0
0.033743,0,0,0,0,0,0,0,0,0,0,0,0,0,0
0.032915,0,0,0,0,0,0,0,0,0,0,0,0,0,0
0.032679,0,0,0,0,0,0,0,0,0,0,0,0,0,0
0.03141,0,0,0,0,0,0,0,0,0,0,0,0,0,0
0.032899,0,0,0,0,0,0,0,0,0,0,0,0,0,0
0.02981,0,0,0,0,0,0,0,0,0,0,0,0,0,0
0.029377,0,0,0,0,0,0,0,0,0,0,0,0,0,0
0.028002,0,0,0,0,0,0,0,0,0,0,0,0,0,0
0.02915,0,0,0,0,0,0,0,0,0,0,0,0,0,0
0.027608,0,0,0,0,0,0,0,0,0,0,0,0,0,0
0.028287,0,0,0,0,0,0,0,0,0,0,0,0,0,0
0.029814,0,0,0,0,0,0,0,0,0,0,0,0,0,0
0.056692,0,0,0,0,0,0,0,0,0,0,0,0,0,0
NaN,0,0,0,0,0,0,0,0,0,0,0,0,0,0
NaN,0,0,0,0,0,0,0,0,0,0,0,0,0,0
NaN,0,0,0,0,0,0,0,0,0,0,0,0,0,0
NaN,0,0,0,0,0,0,0,0,0,0,0,0,0,0
1.5042,0,0,0,0,0,0,0,0,0,0,0,0,0,0
0.080223,0,0,0,0,0,0,0,0,0,0,0,0,0,0
0.080387,0,0,0,0,0,0,0,0,0,0,0,0,0,0
0.078363,0,0,0,0,0,0,0,0,0,0,0,0,0,0
0.083493,0,0,0,0,0,0,0,0,0,0,0,0,0,0
0.096262,0,0,0,0,0,0,0,0,0,0,0,0,0,0
0.08474,0,0,0,0,0,0,0,0,0,0,0,0,0,0
0.081003,0,0,0,0,0,0,0,0,0,0,0,0,0,0
0.0859,0,0,0,0,0,0,0,0,0,0,0,0,0,0
0.087739,0,0,0,0,0,0,0,0,0,0,0,0,0,0
0.085431,0,0,0,0,0,0,0,0,0,0,0,0,0,0
0.07962,0,0,0,0,0,0,0,0,0,0,0,0,0,0
0.082161,0,0,0,0,0,0,0,0,0,0,0,0,0,0
0.081789,0,0,0,0,0,0,0,0,0,0,0,0,0,0
0.082089,0,0,0,0,0,0,0,0,0,0,0,0,0,0
0.07801,0,0,0,0,0,0,0,0,0,0,0,0,0,0
0.082669,0,0,0,0,0,0,0,0,0,0,0,0,0,0
0.077722,0,0,0,0,0,0,0,0,0,0,0,0,0,0
0.078755,0,0,0,0,0,0,0,0,0,0,0,0,0,0
0.07609,0,0,0,0,0,0,0,0,0,0,0,0,0,0
0.078475,0,0,0,0,0,0,0,0,0,0,0,0,0,0
0.073508,0,0,0,0,0,0,0,0,0,0,0,0,0,0
0.07377,0,0,0,0,0,0,0,0,0,0,0,0,0,0
0.081231,0,0,0,0,0,0,0,0,0,0,0,0,0,0
0.07284,0,0,0,0,0,0,0,0,0,0,0,0,0,0
0.07502,0,0,0,0,0,0,0,0,0,0,0,0,0,0
0.078583,0,0,0,0,0,0,0,0,0,0,0,0,0,0
0.075722,0,0,0,0,0,0,0,0,0,0,0,0,0,0
0.078666,0,0,0,0,0,0,0,0,0,0,0,0,0,0
0.073368,0,0,0,0,0,0,0,0,0,0,0,0,0,0
0.069638,0,0,0,0,0,0,0,0,0,0,0,0,0,0
0.073657,0,0,0,0,0,0,0,0,0,0,0,0,0,0
0.072845,0,0,0,0,0,0,0,0,0,0,0,0,0,0
0.079752,0,0,0,0,0,0,0,0,0,0,0,0,0,0
0.10934,0,0,0,0,0,0,0,0,0,0,0,0,0,0
0.088625,0,0,0,0,0,0,0,0,0,0,0,0,0,0
0.088588,0,0,0,0,0,0,0,0,0,0,0,0,0,0
0.086807,0,0,0,0,0,0,0,0,0,0,0,0,0,0
0.088193,0,0,0,0,0,0,0,0,0,0,0,0,0,0
0.088058,0,0,0,0,0,0,0,0,0,0,0,0,0,0
0.087152,0,0,0,0,0,0,0,0,0,0,0,0,0,0
0.089034,0,0,0,0,0,0,0,0,0,0,0,0,0,0
0.09067,0,0,0,0,0,0,0,0,0,0,0,0,0,0
0.088031,0,0,0,0,0,0,0,0,0,0,0,0,0,0
0.091132,0,0,0,0,0,0,0,0,0,0,0,0,0,0
0.096743,0,0,0,0,0,0,0,0,0,0,0,0,0,0
0.093147,0,0,0,0,0,0,0,0,0,0,0,0,0,0
0.088982,0,0,0,0,0,0,0,0,0,0,0,0,0,0
0.089429,0,0,0,0,0,0,0,0,0,0,0,0,0,0
0.08638,0,0,0,0,0,0,0,0,0,0,0,0,0,0
0.081589,0,0,0,0,0,0,0,0,0,0,0,0,0,0
0.08347,0,0,0,0,0,0,0,0,0,0,0,0,0,0
0.085057,0,0,0,0,0,0,0,0,0,0,0,0,0,0
0.085302,0,0,0,0,0,0,0,0,0,0,0,0,0,0
0.082987,0,0,0,0,0,0,0,0,0,0,0,0,0,0
0.078238,0,0,0,0,0,0,0,0,0,0,0,0,0,0
0.086924,0,0,0,0,0,0,0,0,0,0,0,0,0,0
0.085672,0,0,0,0,0,0,0,0,0,0,0,0,0,0
0.094133,0,0,0,0,0,0,0,0,0,0,0,0,0,0
0.088387,0,0,0,0,0,0,0,0,0,0,0,0,0,0
0.092438,0,0,0,0,0,0,0,0,0,0,0,0,0,0
0.088818,0,0,0,0,0,0,0,0,0,0,0,0,0,0
0.083502,0,0,0,0,0,0,0,0,0,0,0,0,0,0
0.10079,0,0,0,0,0,0,0,0,0,0,0,0,0,0
0.087241,0,0,0,0,0,0,0,0,0,0,0,0,0,0
0.089667,0,0,0,0,0,0,0,0,0,0,0,0,0,0
0.085476,0,0,0,0,0,0,0,0,0,0,0,0,0,0
0.091843,0,0,0,0,0,0,0,0,0,0,0,0,0,0
0.09053,0,0,0,0,0,0,0,0,0,0,0,0,0,0
0.094644,0,0,0,0,0,0,0,0,0,0,0,0,0,0
0.089298,0,0,0,0,0,0,0,0,0,0,0,0,0,0
0.085959,0,0,0,0,0,0,0,0,0,0,0,0,0,0
0.081274,0,0,0,0,0,0,0,0,0,0,0,0,0,0
0.087142,0,0,0,0,0,0,0,0,0,0,0,0,0,0
0.082837,0,0,0,0,0,0,0,0,0,0,0,0,0,0
0.083084,0,0,0,0,0,0,0,0,0,0,0,0,0,0
0.085415,0,0,0,0,0,0,0,0,0,0,0,0,0,0
0.038289,0,0,0,0,0,0,0,0,0,0,0,0,0,0
0.037675,0,0,0,0,0,0,0,0,0,0,0,0,0,0
0.037618,0,0,0,0,0,0,0,0,0,0,0,0,0,0
0.036635,0,0,0,0,0,0,0,0,0,0,0,0,0,0
0.034214,0,0,0,0,0,0,0,0,0,0,0,0,0,0
0.032,0,0,0,0,0,0,0,0,0,0,0,0,0,0
0.037243,0,0,0,0,0,0,0,0,0,0,0,0,0,0
0.035732,0,0,0,0,0,0,0,0,0,0,0,0,0,0
0.040987,0,0,0,0,0,0,0,0,0,0,0,0,0,0
0.080043,0,0,0,0,0,0,0,0,0,0,0,0,0,0
NaN,0,0,0,0,0,0,0,0,0,0,0,0,0,0
NaN,0,0,0,0,0,0,0,0,0,0,0,0,0,0
NaN,0,0,0,0,0,0,0,0,0,0,0,0,0,0
NaN,0,0,0,0,0,0,0,0,0,0,0,0,0,0
