6.5e-05
0.13444
0.03757
0.040365
0.038765
0.040992
0.037958
0.036818
0.037082
0.038823
0.037348
0.037178
0.038072
0.039196
0.0384
0.037696
0.037563
0.044198
0.036223
0.03609
0.036463
0.036076
0.036288
0.037208
0.038817
0.036066
0.03663
0.038821
0.040692
0.039735
0.040512
0.039583
0.041074
0.039291
0.040844
0.04372
0.046038
0.037698
0.038281
0.038564
0.043645
0.036863
0.036915
0.041483
0.0391
0.039233
0.041284
0.038878
0.038409
0.036131
0.036174
0.036377
0.035807
0.037722
0.035632
0.035825
0.03666
0.03535
0.035411
0.035489
0.035323
0.036625
0.035566
0.035839
0.03576
0.037786
0.035737
0.037997
0.035449
0.035379
0.036032
0.035757
0.0356
0.035292
0.039643
0.035648
0.035727
0.035358
0.036858
0.035195
0.036571
0.037116
0.035284
0.036488
0.039028
0.035873
0.035512
0.036431
0.03691
0.036215
0.036703
0.037266
0.036855
0.036439
0.036451
0.035881
0.035508
0.036106
0.035564
0.036067
0.0361
0.035915
0.036245
0.035909
0.036241
0.035887
0.036244
0.036019
0.037722
0.035753
0.037629
0.035962
0.037167
0.035796
0.03632
0.035783
0.036553
0.036809
0.035763
0.036162
0.035629
0.038681
0.043123
0.039817
0.041532
0.039565
0.047073
0.040424
0.036032
0.039362
0.039639
0.041728
0.039705
0.041797
0.039842
0.042073
0.039282
0.041134
0.039302
0.042565
0.037716
0.037476
0.037595
0.047719
0.042224
0.038481
0.037722
0.042826
0.041291
0.042666
0.041853
0.041624
0.043346
0.041001
0.042958
0.041205
0.043607
0.041429
0.043376
0.043248
0.04164
0.043463
0.041529
0.044444
0.043461
0.042178
0.043896
0.041198
0.043219
0.043635
0.041581
0.043831
0.04135
0.036302
0.035904
0.036481
0.03869
0.043597
0.040519
0.042773
0.042555
0.042812
0.043496
0.041139
0.044492
0.041174
0.042331
0.043616
0.042588
0.042552
0.046702
