1
584.0760,192.4062,61.9008,55.8170
582.4975,190.9824,62.8939,57.8427
582.4243,189.4682,60.0906,59.6101
581.9811,187.7297,58.6779,63.2657
581.5343,186.2545,56.8565,65.3353
580.0989,184.4944,55.7700,66.9531
580.1215,182.8432,52.1986,69.4482
574.6000,182.6000,51.4000,68.4000
569.2000,181.0000,50.2000,67.0000
566.6000,186.6000,50.0000,67.4000
561.4000,188.4000,49.4000,66.6000
560.2000,188.4000,49.2000,66.0000
563.4000,179.6000,50.0000,66.6000
558.6000,180.8000,49.8000,66.6000
559.4000,176.8000,49.4000,66.0000
557.6000,176.0000,49.0000,65.2000
552.2000,183.2000,49.6000,65.8000
550.2000,183.8000,50.2000,66.6000
551.0000,184.0000,50.6000,67.0000
549.6000,177.0000,50.4000,66.4000
549.6000,182.2000,49.6000,65.4000
549.4000,179.8000,50.4000,66.2000
547.6000,179.6000,50.2000,66.4000
548.4000,182.4000,50.4000,66.8000
548.8000,181.2000,50.0000,66.4000
547.0000,180.6000,50.2000,66.4000
546.2000,181.0000,50.0000,66.2000
546.2000,178.6000,49.0000,64.8000
546.6000,184.8000,48.8000,64.4000
546.4000,186.0000,48.2000,63.8000
545.0000,181.2000,49.0000,65.0000
549.0000,178.2000,48.6000,64.6000
547.4000,176.8000,48.0000,64.0000
549.2000,177.0000,47.4000,63.2000
549.4000,172.6000,47.2000,63.0000
556.3773,166.6465,39.8126,80.0950
553.8751,165.4679,43.1931,88.1326
550.1574,165.1201,48.4140,90.2233
548.4955,164.3510,51.1520,92.8904
547.8839,164.3076,51.5673,93.9943
548.3036,163.8332,50.0940,97.2743
547.0197,164.5048,50.2695,96.7170
546.6010,163.4287,50.3707,101.3594
546.4354,164.2279,49.5700,99.3753
546.8124,164.8307,48.7302,99.2220
546.4694,165.9242,48.9069,96.6606
545.3699,166.2089,49.6683,95.3579
545.2851,166.7428,50.0858,95.4779
546.0370,166.1828,49.7952,97.5566
545.7847,167.2656,49.7928,95.8711
546.6970,168.1719,49.7549,95.9599
548.3267,168.2150,48.6387,97.3994
549.2140,168.3532,48.3145,97.7045
550.1642,168.2957,47.9457,99.1707
552.5502,169.1391,45.3656,97.9027
557.3064,168.8994,37.9776,99.3359
559.3976,165.2583,30.6966,109.5547
556.1918,166.6169,30.3315,111.9463
555.7294,170.9187,31.3435,115.0600
555.0579,172.1541,31.5790,118.3672
556.1455,174.3806,31.8493,120.4103
558.2155,172.7216,32.7282,121.9598
559.8231,173.4698,32.8246,120.1945
561.9091,176.5159,32.3673,124.8047
563.8609,174.6098,32.9677,125.8771
566.0504,176.6079,33.3262,129.0955
568.3409,174.9500,33.8746,134.9719
570.5996,172.8336,35.0923,141.1020
571.0947,172.5709,36.0927,154.6234
573.7977,172.3320,35.8775,157.2477
575.8145,170.2622,36.5544,164.0271
577.7728,171.4962,35.4940,170.7266
579.6755,168.8422,35.7903,172.7416
580.6871,168.6329,35.6584,169.8921
584.0064,169.6409,35.6973,174.4211
585.8450,169.7941,35.7564,175.7825
588.2441,172.0599,35.0935,175.9788
588.6075,169.7818,36.0558,176.0110
590.4788,169.4672,36.4766,178.0167
593.1769,173.9524,36.2443,177.0993
594.2974,172.5195,35.6555,176.4982
595.3097,170.2935,35.6307,172.4837
597.3410,172.9548,34.3534,172.4846
597.3996,171.4108,34.4026,166.8339
599.4979,175.0676,33.7588,165.4906
601.8177,174.8757,34.1310,170.7825
602.3880,174.2477,34.0775,169.2885
603.6002,175.1939,32.9939,170.3561
604.3600,175.8442,33.0072,168.7868
605.7697,177.3637,34.0125,168.5551
605.4139,179.7191,34.3517,168.2234
605.5334,182.9392,35.0369,171.8057
604.4445,179.8388,36.2756,172.3423
604.5670,181.6779,35.8888,169.8633
604.9072,178.8804,36.6198,168.3267
606.2857,180.8269,36.5600,174.1668
606.7590,180.2575,37.3388,174.1368
606.9040,178.5689,37.4987,176.3496
608.0065,183.1479,36.4380,179.3232
608.7094,180.7938,36.2973,179.9904
609.0701,179.5014,36.5829,176.9780
610.7713,175.9912,34.5760,183.5452
615.4476,169.9915,33.2721,183.1260
620.6000,167.2000,33.4000,183.8000
619.8000,164.8000,33.6000,184.2000
618.9000,172.3570,34.8692,161.4087
617.8448,176.3207,36.3410,147.9845
616.2123,181.6422,36.1887,129.6869
615.6792,185.9731,35.2004,115.2737
614.9340,187.7237,33.7246,107.8795
614.0861,187.8749,32.2571,104.4333
612.6108,188.5854,31.1241,100.4668
610.9476,188.8239,30.3384,97.4146
609.3458,189.0039,29.9994,95.6232
606.8868,188.6331,30.2424,95.0498
604.9099,188.5618,30.4638,92.9134
603.5031,187.6077,30.4035,96.1289
601.0380,187.0018,30.6445,95.0961
599.3063,186.1692,30.1549,96.1171
597.7814,185.7090,30.0240,97.2796
596.0806,185.1555,30.0181,97.9661
594.5263,184.1657,29.9346,99.4919
592.7380,183.2943,30.1206,100.1875
590.6636,183.1067,29.9288,98.2734
589.5372,182.6353,29.8807,98.9523
588.3528,182.0063,28.9784,98.1663
588.4438,178.6438,26.6232,107.4894
584.6902,177.3092,25.5474,111.7924
579.7934,177.5046,27.2433,119.3420
576.2670,178.7904,28.5706,119.6731
573.1420,181.6615,29.3240,117.8200
571.2952,179.6354,31.1930,120.0557
569.0807,177.7030,32.9935,123.0381
567.7477,177.4615,34.3546,126.5500
566.8466,176.7131,35.2948,129.0081
566.1125,176.2152,35.9108,130.5163
565.3836,176.7791,36.1162,131.1416
565.2642,177.0242,36.0015,130.5933
564.4612,177.4323,35.9552,128.4189
564.6837,177.0587,35.5325,126.3184
565.1851,178.4577,36.0742,130.0446
564.5974,176.2872,35.8829,127.0371
565.0193,176.1854,35.8231,127.1965
565.8868,177.6169,35.1532,127.7881
566.7364,176.4199,34.6311,126.4210
567.0333,175.1882,35.4661,128.2288
567.3359,174.6882,35.8908,127.5886
568.1603,173.5530,36.7854,127.8128
568.6266,173.7711,36.7860,127.6932
569.9128,174.2284,37.0260,126.7005
570.9110,173.1046,37.7865,130.5383
570.4948,171.5217,39.3263,131.2819
571.6014,170.8585,39.7712,133.7009
572.4023,173.7596,39.9263,140.7684
572.6291,173.3830,40.5611,143.6033
570.9688,171.8112,42.0802,136.3542
571.1247,175.0920,42.6759,135.4341
571.8882,173.4510,43.5810,137.4039
573.8810,174.6926,42.9933,136.7191
575.6212,174.3347,43.2809,142.5796
577.4211,173.4554,44.9952,149.9547
578.4780,170.8089,45.2232,150.2383
579.7311,169.8750,45.9272,157.7728
581.0475,169.1595,46.2766,153.2762
582.6570,170.8822,46.8193,158.3894
584.5573,171.9586,46.0820,163.1031
585.5557,169.6237,45.9358,159.5679
587.3195,168.2575,45.3257,159.4572
588.4229,168.4027,44.3325,163.9275
589.3801,164.4542,44.6573,168.8247
589.2111,160.0121,45.5039,164.3669
589.0659,157.3122,47.5850,165.9231
585.9149,150.2683,56.9329,162.5831
581.7937,143.8718,68.6534,167.0111
569.8990,137.8612,83.4997,158.4492
553.3159,141.2802,94.3960,141.2836
542.3690,145.1777,95.4225,132.0446
530.5948,142.2841,99.3142,136.3894
519.9542,141.6364,101.7808,141.2519
509.0396,144.9808,99.4056,133.4790
498.9578,146.6617,97.7110,128.8926
491.4433,147.4516,94.2858,129.1578
481.3747,147.5627,94.2192,131.1683
472.3564,148.7443,93.3218,131.7064
462.8495,149.7694,92.7962,130.9354
451.2029,151.9802,94.3445,125.5266
443.5771,151.8369,91.7501,124.6469
433.7653,153.0577,90.1108,121.7958
424.8975,152.7219,89.0331,122.6837
415.6416,152.2331,88.4203,124.5327
405.2582,154.5053,88.7888,120.0297
397.3849,155.5780,87.6654,118.0376
389.3123,156.6341,86.1492,116.8065
380.1038,158.6920,85.9403,114.3562
373.0381,159.3198,83.9035,115.7999
363.5685,159.9062,84.5950,115.9827
355.3018,161.0263,84.1769,115.6473
346.0887,163.0035,84.8571,114.0177
339.5237,162.4014,84.1961,115.6077
331.0556,162.0575,83.8628,115.9289
323.7170,161.2022,83.4081,118.1594
315.5207,163.4289,82.7456,113.9862
308.3727,161.8077,82.2141,118.1945
300.5714,162.7028,81.9945,117.6303
294.1848,162.3744,81.0852,119.2970
287.0233,163.1454,80.7802,117.4255
279.8663,162.0533,80.8906,120.9612
273.1856,164.3676,80.1989,117.1497
267.3634,165.0650,79.0823,117.4160
261.3945,165.7275,77.9840,118.5634
257.5962,167.4453,73.5483,116.9337
256.0904,166.4584,65.8975,122.2309
254.0883,166.8035,57.8694,124.2087
249.9856,167.8897,53.6842,123.5206
245.4617,168.2248,51.5157,122.3959
241.6566,167.5885,50.9212,124.8531
237.1869,166.3870,49.9660,127.4935
232.6963,165.4425,49.0196,130.9252
229.5999,165.9713,47.8054,130.8805
225.6834,165.0042,47.8238,134.3218
223.8873,166.4996,45.9110,132.6620
220.9485,165.3102,46.3125,137.8160
218.0742,166.2034,46.0210,138.5320
215.8484,167.9908,43.0526,134.6535
213.5953,169.4297,43.2055,134.1422
210.9461,169.5253,43.3107,135.0030
209.0042,171.2945,43.2669,133.1471
206.8923,171.7578,44.0778,135.5723
205.7066,173.2592,43.4366,134.7243
204.6713,175.1054,42.9418,132.0164
203.7868,175.2433,43.3130,133.3360
202.7584,177.3252,42.5156,129.7270
201.7986,179.4737,42.0879,124.5480
200.7848,178.5798,42.3415,126.6204
199.1413,178.1472,42.2347,129.8228
198.3012,179.2897,41.8496,127.7268
196.8558,180.1210,42.6838,128.4524
194.3752,181.5996,42.4266,124.6229
192.6494,183.6283,42.5515,120.9838
188.9086,186.5604,46.5736,116.1732
184.2014,190.3691,54.4838,109.8934
179.3593,193.2046,62.0787,105.1698
171.0067,193.7029,72.1338,103.6653
165.6629,193.9294,78.8180,103.7883
162.6375,193.2188,81.5544,106.1750
159.5216,192.6057,82.9355,109.2921
156.9304,192.3901,83.2419,112.7176
154.2535,194.9617,82.7166,107.2835
152.0442,193.1683,82.4425,111.2468
148.1039,194.4287,83.1458,109.0710
144.9728,195.7822,83.3550,105.7752
141.8014,196.1453,82.6180,104.5360
137.7917,195.2182,82.3577,107.1118
133.7665,195.9785,81.1228,106.0939
130.6923,195.2481,80.5874,108.8479
125.4427,196.6592,80.1067,106.8303
118.2038,197.9361,84.2181,104.4184
113.3750,196.8320,87.3944,107.2976
108.8262,196.7805,87.4534,107.9708
103.1093,195.9299,88.4116,109.9471
99.7905,195.2826,87.2121,111.8851
92.8148,193.9397,89.6388,114.1453
89.9929,194.2409,87.5070,115.7145
84.8457,195.6437,87.6106,113.1841
79.7341,197.1098,88.1315,110.6336
75.2263,197.2629,88.2243,108.8656
69.8941,196.7576,88.9408,109.4020
65.8805,196.8923,88.4533,108.2929
61.4931,197.4376,88.3874,107.1625
57.0411,197.4408,89.6198,106.4098
53.0568,197.3435,90.5881,106.7999
51.7852,195.9085,88.3291,110.4193
50.6953,196.6956,82.9536,108.0987
52.1167,195.2631,77.3776,111.4751
52.1968,194.1848,72.3813,113.9607
52.8457,192.0214,68.0143,118.7023
51.7698,193.1917,66.8669,117.0788
50.9012,193.8473,66.2520,115.6041
50.6184,193.6470,65.5120,115.6039
49.8013,193.6252,65.7085,115.1946
49.1674,194.2520,66.1575,114.1296
49.6094,194.1424,66.3955,115.3124
50.2363,193.9366,65.1341,115.8412
49.4866,193.6940,66.5123,117.5955
49.7213,193.2679,66.7032,119.9075
49.4620,194.8855,67.5967,117.4238
50.3232,192.6823,67.5028,126.1993
49.7196,195.1716,68.4948,123.2218
55.4762,193.2120,61.5312,128.5024
62.1669,194.9516,53.2156,133.6524
65.0498,190.6534,46.1631,143.1653
68.7536,188.2177,41.5332,154.7304
70.2472,183.1018,40.5865,176.8839
71.4625,178.2444,39.0287,185.3025
73.5419,176.3935,38.8940,199.8106
76.2293,174.3228,38.0533,204.3551
76.9073,173.6181,37.8289,209.9972
80.4145,173.0263,37.4130,210.8949
83.0069,172.2788,37.2675,212.8960
87.2224,172.6237,37.1741,218.5437
91.0908,168.6265,38.1013,237.9457
94.9332,163.5318,39.0455,255.9276
99.5006,159.6521,39.3196,269.9498
103.5517,154.6736,40.5470,293.9028
107.9325,147.9749,39.8123,300.1181
112.4984,147.2661,39.8116,312.8751
118.9216,143.6731,39.5998,325.5597
126.0000,139.2000,39.8000,328.0000
129.7298,136.7408,38.9624,332.1271
135.1075,136.7796,39.2780,337.5347
141.7052,132.8522,38.3511,337.1610
147.8773,131.3163,37.9385,339.3383
152.6632,134.1378,38.0210,345.5877
159.2852,128.9005,38.1178,350.5617
161.5979,127.0920,38.7360,353.3975
163.5639,138.5520,40.7982,346.3087
163.6009,145.1377,42.4050,318.9013
170.0495,154.1338,44.1844,316.2982
173.5961,150.3739,45.5783,312.8021
176.9741,148.7185,47.2505,334.1804
181.6489,144.6646,48.7371,327.7313
185.4372,146.0236,49.4399,316.8282
190.3583,148.0848,48.1341,306.2841
195.9237,152.7340,47.7649,291.3224
202.7054,156.4809,46.8769,301.3553
205.6175,151.1106,47.5106,303.3567
211.1721,153.6421,47.3427,302.0037
216.8769,153.2534,47.7155,309.0493
217.8708,150.0396,47.5770,296.9132
226.9190,153.9880,47.2278,319.9057
231.1490,150.9134,47.2691,324.4096
233.0140,147.0275,47.5640,329.8002
235.7946,141.9115,48.6019,325.3137
240.4349,143.6591,48.1325,319.5160
245.2124,142.9265,48.0888,333.5769
248.1681,136.3192,47.9943,320.1175
253.4295,141.2825,46.7321,294.1143
256.3510,138.4500,46.8372,307.9797
261.9695,135.7466,44.7459,300.2199
272.5637,138.5570,41.3074,293.6878
276.6360,139.6667,39.5636,297.3142
281.5793,136.6360,38.4532,301.7685
286.7498,130.9323,38.1985,317.9295
292.3587,128.3277,36.4922,309.8118
294.2979,129.0622,37.4183,322.3759
297.8622,122.6824,37.8447,324.2449
300.0195,120.3665,38.3117,333.0411
305.2978,112.1040,38.3680,337.6508
309.5723,108.3936,38.0175,331.5768
311.8318,112.8720,38.4717,342.4744
315.8395,109.3805,38.3170,335.5803
317.9327,117.4629,38.4740,316.9618
319.4248,126.1397,41.8984,289.7675
320.2636,131.2351,46.6300,271.0814
320.2938,133.2467,49.5877,254.7491
324.0755,139.8879,49.5991,215.4577
326.3799,147.0426,48.5733,186.1315
328.2375,149.8811,48.1769,171.1704
329.9402,150.4639,48.0999,161.7745
331.8477,148.7817,48.4051,160.9627
333.7829,149.1359,47.6167,153.8879
334.9062,148.3603,48.4241,151.9784
335.2801,145.2384,47.8613,151.5804
336.4919,144.0283,47.2848,151.1153
337.0875,141.6641,47.7146,153.7983
337.1971,141.6006,46.4658,149.9664
337.5166,141.5852,46.2968,146.5231
337.0796,138.2829,46.0322,149.6883
336.5737,138.2720,46.2873,145.6213
336.3520,134.6203,47.1871,154.3603
335.6004,129.4659,47.9448,162.5022
335.4897,125.9471,46.9892,165.9713
334.8579,122.9163,46.6751,167.6816
335.6777,120.6074,45.8224,169.0998
336.1659,112.4078,42.7274,185.9738
337.1339,103.6392,38.5203,202.7580
336.0279,93.5517,38.6515,234.1891
334.8011,82.4551,38.7777,258.2787
332.2413,74.8182,40.1044,293.6838
331.7566,60.0761,40.1802,306.7772
332.0922,55.7119,40.4060,322.3381
331.0609,52.1077,40.3216,333.7159
330.9259,41.3020,40.6398,352.1061
330.8083,36.2681,40.4971,368.1806
330.5043,29.0943,40.7583,382.9436
331.1052,21.9956,41.2268,384.3104
327.6581,36.9763,43.3270,368.4927
327.8000,45.6000,43.4000,367.4000
331.6000,40.8000,43.4000,366.8000
328.2000,55.8000,43.8000,368.8000
327.2000,44.6000,43.4000,364.2000
328.8000,31.6000,44.0000,369.4000
328.6000,32.0000,44.2000,369.6000
323.6000,27.4000,44.6000,373.8000
321.2000,43.8000,44.6000,373.8000
233.2000,39.6000,44.2000,370.0000
239.0000,41.0000,44.2000,369.2000
214.4000,16.4000,44.4000,371.8000
219.2000,39.4000,44.4000,371.0000
210.8175,22.1213,44.0388,372.7992
212.5913,20.3968,45.0979,388.3075
212.9457,15.5587,45.7727,401.6896
211.3214,5.0495,47.2653,434.5262
211.6450,-20.4698,48.2092,434.0384
209.8024,-0.9734,48.8455,463.2145
212.0906,-24.6011,49.0037,468.1846
211.9884,-39.0010,49.6462,466.6541
216.4000,-39.2000,49.8000,469.6000
214.1509,-21.5080,50.5130,490.6308
215.1157,-33.8755,52.2007,500.9015
213.9536,-48.1817,54.2652,510.7393
215.6740,-51.1902,57.5294,524.9354
213.1872,-65.6117,59.9721,520.2864
214.8358,-59.6406,63.7943,522.5180
213.5581,-59.9656,68.2063,553.7440
213.9397,-74.1576,70.9028,564.2650
226.1934,-88.6593,75.2671,551.0377
231.3403,-88.5908,80.4984,544.9496
227.2597,-93.9177,83.9842,547.2103
225.5708,-104.0327,86.0920,568.0211
226.3145,-110.0481,86.7602,553.6042
226.8474,-97.9016,87.6712,538.3690
227.1093,-86.3445,86.1214,510.6681
228.4097,-82.5133,87.8696,469.9129
229.4205,-65.9962,88.4259,432.7085
229.2670,-50.6544,89.3811,427.9027
226.4178,-49.5834,90.3013,401.4539
226.3968,-40.2362,90.8689,386.4041
226.3503,-34.1603,91.2096,395.5836
226.3952,-37.8989,93.0889,401.0772
227.4392,-36.4344,95.8233,405.0029
222.4156,-42.6706,98.8316,404.6653
228.8551,-39.0437,100.7164,391.0780
220.8697,-44.4157,102.0976,388.7323
220.2623,-43.0266,103.2021,397.6829
218.9808,-50.5524,104.6564,392.8464
217.1475,-52.1050,109.0023,406.1225
214.7838,-53.7658,110.6721,420.8054
213.5368,-51.9718,114.4765,401.8611
213.0534,-45.9996,117.4576,387.9144
212.7277,-44.8774,114.0949,385.3742
216.7091,-46.7932,115.1547,406.1712
217.2891,-50.4746,116.2097,425.2896
216.0221,-57.4114,116.6931,455.2446
213.3370,-64.9180,115.7883,469.0100
216.3386,-61.0457,113.3037,478.7090
213.0282,-70.6084,112.8483,476.6544
220.8275,-54.3093,113.5017,465.5885
219.7539,-58.3332,115.0927,462.0667
221.0429,-49.5740,114.1147,461.7738
220.6352,-54.5503,115.0361,450.2488
217.4207,-50.5765,111.4320,453.1571
218.0006,-51.5751,113.4006,448.8441
221.7332,-42.7990,111.0984,430.0829
222.0743,-38.8456,109.9037,427.5901
225.6146,-24.5267,107.9343,410.7825
220.0150,-29.0188,105.5853,404.2017
227.3948,-17.1751,104.9676,389.7874
229.2691,-12.1644,101.9896,375.6542
227.1556,-11.3119,101.9170,372.2672
226.6861,-6.5829,100.7730,363.3431
220.7780,-9.2273,99.7632,367.8730
220.0848,-17.9307,99.0906,377.8098
220.4164,-16.2955,96.6333,387.5078
218.3246,-22.7761,95.5983,407.7694
226.2712,-13.3488,92.3103,401.6705
221.4414,-30.6403,92.5995,422.0422
231.2026,-19.3352,92.4621,413.6248
221.3460,-41.5711,91.3202,429.6266
228.7810,-33.1538,89.9438,424.4090
228.2564,-40.2986,91.6422,407.7981
227.5257,-41.4981,87.8920,405.6808
232.6551,-36.7503,84.2031,406.7430
237.6844,-35.0385,79.4007,413.0602
236.7543,-44.3291,77.6318,406.3177
238.7765,-46.6649,74.3036,395.7395
245.0983,-33.4106,71.9781,386.2935
245.7235,-37.2526,70.4298,370.6595
250.6701,-18.6746,67.9930,358.1129
253.0011,-23.8241,67.3294,347.3503
256.8955,-11.5148,66.0830,337.7346
259.4892,-6.4521,65.6982,327.7334
262.3828,-0.3662,66.2429,327.4672
262.6966,-3.4407,65.7327,327.0233
261.8920,-6.6221,67.2789,337.3070
259.8826,-10.5555,69.2032,341.5508
261.0664,-8.7160,71.7034,348.2538
262.0220,-6.9409,71.7517,355.9308
264.5675,-6.4284,71.7152,361.0392
263.6349,-7.4964,70.2918,358.4134
267.3661,-2.8839,70.6922,378.3675
266.0905,-15.5636,70.8296,360.0918
269.3788,-6.9310,70.5050,361.3138
266.9856,-4.5456,70.4281,363.8205
268.2038,-5.2533,68.8817,347.4459
268.1576,2.7667,68.1890,344.5482
272.4747,0.3789,68.7361,358.1141
270.5849,-4.3832,69.0548,361.3238
270.3868,-4.6307,69.0389,365.6537
274.8877,-4.8444,69.1408,368.9299
273.3166,-6.5146,69.1869,367.6246
275.6966,3.4027,66.3763,368.3548
277.2444,-6.4276,66.4902,386.9777
279.0884,-6.4190,67.8398,390.8629
278.7613,-4.5188,69.4964,388.8717
276.9970,-7.1662,72.6225,385.7820
269.7700,2.8607,76.9090,353.6542
270.5090,14.4510,83.2999,342.9157
261.5086,18.2889,89.9817,342.1604
264.5723,14.7034,96.5498,338.3625
259.8030,12.9086,102.7810,337.4202
259.7802,5.1544,108.1189,330.9619
260.4039,7.4752,104.5687,326.6429
258.3379,19.0226,104.6739,324.3088
236.2116,44.1007,105.0483,306.4210
231.9467,57.1773,105.9904,295.0022
232.6000,51.2000,108.4000,301.6000
231.0552,52.6863,112.3066,291.7031
237.5406,45.3217,113.0381,284.4232
235.7806,50.4110,114.1226,276.1037
237.6032,54.0909,115.3773,281.5354
240.2954,49.0337,115.0375,285.9138
239.9006,42.8129,114.8303,284.8041
246.9300,41.7939,110.7309,281.1580
241.9643,44.7663,110.8035,279.5124
248.7280,48.9381,106.5123,279.3018
249.4118,47.4131,102.8167,273.8420
247.5272,49.0833,98.3898,270.7298
253.5411,45.3572,93.8422,275.5695
257.6713,41.1020,89.4416,281.6414
259.1798,46.5238,83.6700,274.2072
262.5113,52.1742,76.4639,272.0948
265.8943,40.1458,72.1994,275.9180
261.3878,47.5004,69.0073,262.5479
265.5821,44.5799,67.2804,263.7950
266.3002,41.3352,67.5859,266.1585
264.2438,44.7743,67.1885,270.3818
267.5132,43.6037,66.0318,269.5839
263.0715,41.7769,66.2218,266.6859
263.4407,43.1458,66.3600,265.3487
266.1194,39.9857,66.0718,265.4066
264.5519,39.0902,64.9282,269.3561
263.7611,41.5716,63.6930,266.5918
263.2144,42.1505,64.1294,260.4981
265.8683,39.0699,65.0762,270.2942
262.4368,37.7427,64.9305,276.3562
260.0399,39.3443,64.0013,269.0088
262.5082,40.1306,64.0299,274.5278
262.4986,41.4443,62.8511,269.5153
264.3677,40.1706,61.5108,267.3665
264.3343,39.6330,60.8162,263.0709
266.0174,43.2147,61.0065,260.5075
264.9832,44.3882,60.2221,253.8076
265.0785,45.1848,59.6033,247.0021
261.8165,47.9374,60.0995,241.7474
263.8347,46.4885,60.8082,240.6585
270.2166,34.8009,58.9778,244.4478
244.3834,70.8760,56.6802,238.2891
264.7956,47.6916,53.8293,220.3638
260.7726,51.8279,50.4503,213.9901
254.0517,56.1573,46.0460,207.7484
249.8161,64.5902,42.1807,200.5809
246.3662,69.2785,39.4936,194.6256
250.2719,76.3458,38.2887,184.7961
241.1685,79.5712,36.2091,182.5317
240.3676,81.5311,34.3514,179.1960
238.3727,80.6341,33.5566,180.6608
236.6551,78.9591,32.7851,181.1295
235.5518,78.1330,31.7712,179.2744
229.8204,84.1400,31.3932,175.6544
230.6554,81.1326,30.3017,175.0165
227.5020,82.1464,30.8559,177.1358
226.0844,81.4049,30.7683,177.8569
223.9408,80.3728,30.7978,176.9389
222.0202,81.1890,30.8579,171.5908
220.8778,82.2769,30.8984,170.0121
221.0677,80.0470,30.8669,166.4760
220.0591,80.9787,31.4044,167.9315
220.2330,78.6927,31.2256,169.3884
217.9791,79.3422,30.3859,165.6456
216.8119,86.0534,30.6751,161.1916
216.9150,89.7392,32.0026,148.7734
214.8575,94.6125,32.7997,127.8477
214.9808,97.1925,34.0139,110.8855
216.1830,97.5847,37.1091,108.2257
215.3392,96.9586,38.1357,106.8620
214.8674,97.3268,38.3829,105.0688
214.6658,97.7677,38.1521,103.9263
214.9813,97.1220,38.0660,104.8600
215.0028,96.1753,38.4613,107.2192
214.1594,96.9235,37.1280,103.2548
214.6905,96.8632,36.7885,105.1190
214.6402,95.8336,37.4221,109.5625
213.9331,95.5317,37.8293,109.6748
212.8925,95.8732,37.9359,106.9740
211.7391,95.5913,38.3348,105.2689
210.4705,95.9201,39.3279,100.6373
209.8368,97.0104,41.2745,103.0041
207.3285,100.9032,45.0046,96.2377
207.2090,103.4484,47.9542,94.1512
204.0216,103.5561,51.0419,92.2779
197.8339,102.0977,55.1275,90.2388
191.4590,100.9790,58.6676,87.3476
183.9943,99.2360,62.7451,84.2459
183.8571,99.7116,63.0911,86.6642
177.9682,98.6024,65.0889,85.9171
174.5454,98.0371,66.3422,87.8958
172.6499,98.5344,65.6714,88.3727
170.4331,98.7012,65.5907,88.5382
165.7546,98.0918,66.1469,88.2929
163.2401,98.2810,66.1341,88.5966
160.6670,98.2109,65.8804,88.9459
159.3005,97.9585,65.3159,91.6884
155.4873,97.0482,66.4855,92.7867
151.6269,97.1628,67.3156,91.2991
147.7293,96.4151,68.3956,90.0515
147.0415,96.5380,68.5816,92.0158
143.0105,96.9826,71.2306,91.9665
139.2489,98.9109,73.9319,89.0512
141.1595,100.3050,73.6449,88.4488
139.2973,100.2962,73.6458,89.6661
138.0009,99.7908,74.0264,90.9729
136.0100,98.2858,74.9562,92.1994
133.5875,97.2344,76.3232,93.6687
132.5418,97.5340,76.1388,91.7512
130.9596,96.3408,76.7107,94.4513
130.8883,95.1449,76.5953,96.3975
129.1420,93.8211,77.5137,96.9870
128.4986,91.7214,76.4499,98.8826
131.0570,90.4217,70.9949,102.1087
133.5406,88.7563,64.1209,104.5685
135.6512,86.5556,59.3274,110.1543
135.9911,84.6857,55.9860,113.7032
137.5913,84.3862,53.3566,116.5883
136.7545,84.1831,52.7105,115.5039
136.0480,84.8162,52.7122,114.2103
136.4848,85.0188,51.9949,114.6207
136.3834,83.7907,52.3418,119.3784
136.4936,84.4275,52.2648,117.5323
137.2423,85.5945,52.2668,117.1068
134.6729,84.7964,53.6794,115.5158
133.5906,84.1947,54.8258,116.4693
132.4669,83.9751,57.1583,118.8474
133.3056,87.3897,57.6740,118.5606
133.7502,91.6705,59.6814,115.1377
135.9270,94.5619,60.2541,111.5420
136.4000,99.2000,61.0000,113.2000
132.6640,96.1426,61.0684,105.9472
131.8834,96.8907,61.5792,103.0968
130.0611,96.9757,62.1447,102.7769
128.7465,95.7459,62.3287,103.4010
125.7470,96.1053,62.4050,102.4384
126.0178,95.3306,62.1576,105.6868
125.6492,94.6939,61.4942,105.1814
122.8461,94.7034,62.1868,107.9855
119.9013,93.2637,63.4403,110.7855
118.5044,91.2212,63.8514,112.5212
118.3950,90.5850,63.6170,114.0927
115.3406,88.5506,65.2523,121.2087
111.8632,86.6327,65.2700,126.1376
117.2000,85.4000,65.8000,126.8000
110.9108,83.2199,61.7291,129.6308
113.6620,82.7904,58.3559,131.7902
112.7996,81.8688,54.5785,132.0605
112.8718,80.8952,53.1886,138.9736
114.8323,79.6455,50.7168,143.7350
110.7399,78.5641,52.4800,149.5076
109.5996,76.6378,53.5815,157.7482
109.1266,75.7387,53.1075,160.9245
107.5265,73.5720,52.6742,160.1664
107.1086,75.1087,52.1559,159.2347
102.8828,72.2587,52.8548,160.4215
104.2430,73.9009,51.8540,167.7930
100.9897,72.1392,49.9963,169.0494
103.6415,68.9128,49.2191,174.5619
102.7734,67.2685,49.6029,182.1033
104.0297,62.3674,49.0667,181.8566
100.9086,65.8067,48.4439,180.1362
104.3226,66.7191,48.3741,181.6940
104.9823,64.1547,47.2404,179.9824
108.5188,66.4868,47.3900,182.1011
107.5806,64.6967,47.3024,184.2742
103.7592,66.9529,46.6781,181.0885
110.4146,65.0312,47.9165,188.3820
108.8478,61.8988,47.1269,185.9172
107.7818,66.2873,46.7948,186.8937
110.7781,63.7953,46.5174,192.2330
116.3576,60.9203,46.2661,198.8999
116.4194,59.3967,45.3203,205.0887
114.6299,55.6676,44.2656,203.1424
115.7737,54.7060,44.7826,209.4984
114.0260,56.1391,45.3543,209.7793
118.4043,57.7310,46.0512,221.9352
120.3754,46.2002,45.4400,229.9561
120.2252,49.5181,44.7516,229.0087
120.8792,49.4887,44.0861,231.7378
123.8662,44.5423,43.1766,235.4541
125.8324,47.8867,42.1125,236.2329
127.1737,43.4956,41.8460,243.7580
123.7928,50.2176,43.0021,241.5973
126.3310,48.6841,43.4191,244.7720
128.8312,50.2251,43.0351,241.9119
127.5889,47.1441,43.5722,245.4025
128.2767,50.3560,43.3620,244.1006
125.8072,49.4120,44.4842,239.5062
126.4904,49.6570,44.4626,233.6997
126.2595,54.0726,45.4429,228.4982
127.6797,57.1223,45.9762,227.2839
128.3839,57.5316,48.0099,229.7163
126.9791,58.0602,49.5053,225.9897
125.5405,57.6417,50.7738,221.1552
123.6585,60.5615,51.6897,216.6018
126.6165,61.5147,52.2730,217.7817
125.5995,57.2613,52.8977,219.1818
125.4411,62.8399,52.3768,217.4391
124.4951,56.8222,53.4818,219.2003
123.5834,55.9127,53.0731,216.3363
125.5569,59.4164,53.1283,217.8188
126.2433,53.2960,52.5883,222.6562
129.7513,48.6282,48.6695,234.3826
133.3633,28.1907,44.9799,233.7406
136.3297,28.0901,45.0979,235.9344
135.0498,27.0577,46.1338,229.3497
135.3667,39.7591,47.2068,217.4749
134.5581,45.4188,47.8049,207.6349
136.2855,47.3817,47.9291,202.3480
136.0753,49.7962,48.0437,193.7737
136.1883,50.7623,48.2547,188.9962
136.1153,50.5983,49.1324,188.9412
134.5561,53.4454,49.6436,187.3987
131.8781,51.2430,50.0294,179.2446
135.5976,57.6852,50.5053,173.2016
133.5537,59.8731,53.6113,164.8631
132.7155,63.9844,56.7251,155.2157
130.7325,68.9412,60.4209,144.8652
129.8322,68.7058,64.1897,140.7206
127.8246,68.8942,66.6636,132.9700
127.8203,70.0432,67.6957,123.8217
126.9492,68.9755,68.6808,120.2628
129.2789,65.4023,60.8083,129.2118
129.3222,66.4990,55.1491,151.3603
131.3386,56.9649,50.1232,172.9682
132.7671,54.4483,48.2653,189.1474
132.1627,50.1144,46.2893,199.9179
134.5254,50.9863,44.7909,210.0838
135.3022,49.6320,44.0980,218.3460
135.7060,51.2089,43.8088,223.8272
136.3559,44.6143,44.6212,230.7452
135.4592,41.3462,44.5296,234.7452
135.6856,43.3053,44.1994,237.4369
134.2704,42.4778,43.2275,234.2153
135.2983,48.3344,44.9194,234.1232
135.3853,51.7078,47.8520,229.8287
134.2992,56.7083,50.1076,213.6881
131.3529,57.2490,52.8318,202.4401
130.1333,57.2628,55.4315,199.7967
128.8168,58.3477,55.3791,197.0523
129.0714,58.3533,56.2905,193.8884
127.9583,57.8088,57.4526,194.4247
127.0556,56.8230,57.7023,194.1361
128.8971,60.1951,56.4651,194.5246
128.1745,52.3082,54.9258,196.8624
133.0329,41.1530,49.3810,207.3483
136.9826,42.2752,45.8005,197.4954
136.2685,51.8761,46.7490,183.8860
136.2606,61.1286,49.5436,169.0129
135.4946,63.5125,52.2881,161.5764
133.9866,62.9526,55.0442,153.1425
132.9401,61.7770,57.9794,149.6694
130.5638,60.4465,61.0671,146.0951
130.3752,63.9749,62.3440,139.8615
130.6859,63.2042,64.9166,139.4111
129.9604,63.5769,66.2481,128.5876
129.7644,67.1550,68.0675,122.4898
129.5585,72.2680,66.8351,110.7031
135.0972,74.0135,66.9868,104.6167
132.5232,73.3139,68.9059,100.0240
132.9194,74.0785,70.9203,97.8873
129.9518,72.5537,73.3296,98.8361
131.9625,69.1752,70.8422,101.5419
137.7995,67.4767,62.0759,112.4086
135.3558,64.7359,54.1861,127.3532
134.9630,61.6906,49.8637,146.5816
137.7217,52.1101,44.6087,165.0719
140.2015,47.6982,41.6630,188.3794
141.8952,37.6217,39.5335,212.2560
141.6352,31.8410,38.0064,231.8246
141.9663,29.8939,36.4553,242.8080
140.7623,29.5762,35.8492,246.0839
143.1764,25.3033,35.7621,256.5772
142.5280,24.4635,35.3718,258.2324
142.7701,22.7653,37.0793,269.8585
142.7331,24.3799,39.4862,272.5047
137.8278,45.3239,42.9826,245.1461
134.3238,49.0370,45.9338,222.9282
133.4601,51.3191,49.2855,207.9615
132.2506,58.1291,51.5700,201.5387
129.9038,51.7920,53.0144,196.1932
129.4831,55.7871,53.5564,192.4425
129.2366,59.7720,52.6802,190.6846
129.6647,58.9661,52.8719,189.8206
129.9599,58.4951,54.6124,191.2534
129.5250,59.6785,54.0046,190.3402
128.4654,54.4539,54.2860,193.4071
128.9177,45.9346,53.8017,201.1590
133.1143,37.6124,48.2613,216.7592
134.7394,32.8633,46.8949,207.8938
133.5620,46.5350,49.7675,191.0531
133.7404,55.6631,53.0816,172.6350
131.3639,61.2678,56.1280,152.4119
131.1809,62.1387,59.8951,144.0856
129.4472,60.4109,63.4907,132.8702
130.3214,62.3763,65.4084,122.8736
129.1854,63.2232,66.8550,122.0997
128.7227,58.4048,65.9370,122.7432
131.9647,55.9401,59.3079,133.7998
129.9140,58.7478,53.4220,150.5564
129.7236,53.7260,53.7811,164.0168
127.2048,55.1574,54.2546,176.1429
128.0285,56.6332,53.5794,186.4435
128.6440,57.5216,52.8536,188.3226
129.0063,57.1553,51.1471,187.0278
128.8466,54.8800,52.1653,190.4956
129.3715,50.7302,54.0617,193.4339
128.6912,56.3686,51.9117,193.0772
129.1733,55.9214,50.8267,192.0146
129.7324,50.5991,51.9787,193.4493
131.1239,49.1302,50.4993,195.2480
136.8615,34.2213,45.1582,210.4478
136.6486,42.1344,45.9744,199.0710
135.6160,61.2744,48.7932,181.1034
132.7313,64.8902,52.9671,164.1371
133.1373,67.3544,56.3199,148.1228
131.2481,65.5041,60.5554,135.3632
131.7359,66.6172,63.8103,124.0607
132.0667,67.1114,66.4169,115.9559
130.8302,67.7197,68.1054,109.6798
132.0543,64.0264,71.1462,106.8786
136.9468,59.4507,65.1372,117.4534
132.4894,64.4177,58.5860,133.1847
135.0950,58.2519,53.4442,150.1897
135.8588,61.2974,51.0560,161.8125
136.9175,62.6009,49.4404,169.8689
136.2330,58.3631,48.6246,171.2620
136.0233,59.0113,49.0427,174.1688
135.6476,57.0723,49.5814,176.0938
135.6403,53.9923,50.6328,182.9924
134.3918,52.6587,49.3527,183.6342
135.2268,52.4692,49.9496,186.9899
135.4590,51.5817,49.2058,185.6418
135.6647,50.5311,47.6732,182.5600
140.3712,38.7750,43.3107,195.8385
141.4534,48.8841,41.7787,185.1075
136.5616,62.4760,43.2006,170.7299
135.9361,68.1672,46.2942,153.2924
135.9664,70.6871,48.4621,142.5788
136.7646,71.7048,52.5269,134.3056
136.1315,70.6610,55.5249,127.5724
135.7355,69.1413,57.2965,122.2451
133.9145,69.4050,58.4714,121.5828
134.0579,67.0221,60.7443,115.9839
136.1541,66.9038,62.6309,110.4170
134.5443,62.4264,63.6373,108.1205
143.8199,61.8314,55.0697,115.6267
135.6022,61.6840,50.5181,130.3024
139.1034,54.4143,47.2499,147.3942
138.7731,53.5690,45.6132,158.5381
138.7068,56.3602,44.6445,164.9375
139.7888,55.1579,44.7046,174.8366
139.1325,50.8212,45.4882,178.2889
138.2858,51.8023,45.0668,179.0114
138.2633,51.7400,44.9899,180.5021
138.6364,47.8133,44.2468,184.7332
141.7193,36.0061,40.5019,194.9416
140.6905,49.7417,41.5828,190.5580
137.5163,66.5249,44.2763,174.1158
134.8094,67.7651,47.9084,162.2686
133.1701,66.5442,51.5741,155.8116
134.2970,67.2527,55.5515,145.9576
134.2812,67.0462,58.4218,139.0427
133.9662,65.4906,61.0306,125.3430
133.6097,67.2457,63.7933,114.3995
132.8681,66.7708,66.3941,109.2172
131.5787,64.8891,68.7523,110.0423
129.9987,61.2782,69.0835,112.6721
134.7664,58.2035,60.9853,119.4355
136.3211,52.8756,52.2459,136.6003
135.3186,49.9358,47.2691,154.4821
136.5930,46.6859,45.1330,166.1796
136.5968,45.2285,43.9468,179.5293
137.6970,44.9747,44.1337,192.1805
138.0903,44.1913,44.1201,203.9172
138.7706,37.5222,45.3136,214.6734
137.3588,40.1635,43.6071,215.5288
137.4724,33.9673,43.1174,212.2285
137.8588,37.5576,42.5634,212.0956
138.8893,43.6729,42.8343,212.8661
139.1292,39.1932,43.9780,218.1634
138.3913,36.0327,44.2080,218.2219
138.0202,34.1403,44.4231,214.1947
138.8765,35.6197,45.1727,216.4099
140.4594,34.2981,45.2381,224.2688
141.6992,22.2868,41.8068,227.7061
143.1268,33.7557,41.3975,221.0530
139.8732,50.3252,44.3374,202.5805
136.7534,57.3479,48.6547,185.5366
136.0797,60.0231,52.7784,169.7463
134.7284,62.1940,55.5990,159.5221
135.5343,63.1225,58.8099,152.6437
135.6778,63.6966,60.9735,148.5666
135.2049,62.0615,63.4999,143.2762
132.6843,58.6339,65.6044,137.9921
133.5171,56.2023,66.8953,131.5451
136.8969,50.0500,62.8544,137.4330
136.5683,48.8892,54.1958,152.8434
138.8895,49.4982,48.8275,163.8473
140.7237,54.5961,48.8046,180.8652
138.3853,47.4619,48.6748,184.9525
138.7260,52.1377,47.5908,188.6440
139.0681,50.7232,47.9549,188.6982
138.5656,48.2140,50.4039,195.0899
137.4479,44.7598,50.4889,198.9216
138.0115,45.8623,50.5322,197.1679
137.3116,43.8518,50.6487,196.9810
137.6936,42.1828,52.1179,197.6759
138.1768,47.7604,50.4723,194.1396
139.1488,48.2351,50.5337,194.4055
139.6176,48.6018,51.7572,195.7495
139.1199,51.6449,52.9172,193.5427
138.1947,55.0545,55.5476,189.9622
137.0997,59.0477,56.1777,183.0207
137.1459,56.0894,59.7674,183.9090
134.3120,52.6915,60.4171,181.9396
134.2929,54.8885,59.3340,182.1122
135.3926,53.1137,60.9216,183.0406
132.9295,50.4289,60.8907,182.5374
134.7550,52.4380,61.7082,183.7149
135.3912,56.8812,59.1856,181.1995
134.9421,51.4348,59.3559,183.2067
136.8591,48.1707,58.4086,186.3886
139.2240,35.7882,52.8811,192.5765
145.2885,37.0518,46.4332,188.5625
144.4565,45.3783,48.9234,176.6402
143.3243,50.6839,51.5261,165.8099
143.6095,52.7237,53.7257,152.5629
141.7339,53.7575,55.8591,146.8780
141.1450,54.7110,56.9695,141.5465
141.9604,56.2042,58.3283,133.8905
141.0629,55.5538,60.1929,129.2056
140.7328,56.3870,61.9160,123.9334
140.2527,56.2002,62.8341,123.1828
141.2280,48.7268,60.6248,131.3399
142.7551,51.5103,53.1389,145.7109
141.3675,59.8158,52.6520,154.2688
140.7137,61.7420,53.0026,158.1825
139.7560,56.3998,53.8338,161.1548
139.5216,51.6714,56.0036,163.6914
138.4883,53.6558,55.7113,168.1778
139.8106,55.6557,54.8177,169.2933
139.9063,57.6090,53.7831,169.4614
139.5087,53.9392,53.7236,167.4057
140.8371,59.7571,52.6800,167.8914
141.1395,59.3417,52.0077,168.9119
140.5900,50.3058,54.1194,168.6961
142.1472,51.6718,52.6048,170.1782
145.4314,42.9744,46.4543,171.2396
149.6127,48.8295,44.7622,168.4615
145.9981,60.7469,46.9980,146.1755
143.8089,62.9695,50.3767,127.4868
141.5209,62.7185,52.7967,117.6653
141.4812,62.3257,55.5949,107.4214
141.9206,63.7127,59.4516,99.9518
138.9885,63.3129,63.1202,96.5780
139.3304,63.6453,67.3340,95.9005
136.9054,62.7769,68.0328,98.5693
138.0974,62.0129,68.0695,103.6534
141.9321,57.6401,65.6607,107.2394
141.1557,64.1907,59.8140,117.3148
140.1010,61.2871,57.0417,127.1051
140.8555,62.8214,55.1219,134.1091
141.5047,59.9574,53.3322,137.6479
143.2299,68.2869,53.6292,145.8409
142.1496,65.0351,53.9436,150.3161
141.5550,56.4300,55.7051,151.4813
141.7891,57.6982,56.1897,154.2089
141.2212,56.0593,58.3616,159.9821
139.9064,54.5249,57.3959,158.5393
141.9978,50.4697,56.1894,161.2154
147.4937,45.8891,50.9131,172.1918
149.5877,48.5189,49.7196,165.1075
147.1701,59.6807,50.6553,148.0725
146.9775,61.5378,53.5141,135.2154
146.5825,61.8460,55.9946,123.6337
146.6993,64.3592,58.2431,113.6481
145.5276,62.2257,61.1946,103.3622
143.8612,63.5470,64.0497,102.0608
143.4667,62.8612,66.0642,102.1151
142.2824,61.4973,66.7513,102.4868
150.9718,58.0560,61.5509,107.0788
146.2861,60.7089,56.0231,118.9262
145.9819,59.5804,54.6538,128.6879
146.3059,62.8801,54.0122,138.6299
145.7753,58.7320,53.1819,142.6835
144.7243,59.8058,53.5488,146.1004
146.1512,58.1927,53.5491,155.0370
145.6615,53.7959,53.5460,159.6409
146.3961,56.1120,54.3990,167.1911
147.0709,55.1773,52.3449,167.3525
147.6016,54.0660,52.1334,169.5799
147.9796,48.6878,50.9792,173.9760
151.8592,38.6873,45.7098,184.4168
153.9919,48.3197,45.9283,173.6217
149.1632,57.7300,48.5999,162.8369
149.8408,63.6800,52.1615,146.2532
148.4343,65.7936,56.4388,142.9106
148.0223,63.5641,58.5286,140.7484
148.1502,62.3468,60.6713,140.6793
145.5518,60.1926,61.7967,142.2688
146.7171,57.7719,62.8264,136.3689
150.1682,53.7651,60.7806,133.9108
152.5832,51.3638,53.0797,147.4897
152.2520,48.5370,52.2038,169.6009
150.8809,51.7352,51.6021,173.7336
150.7983,52.3823,52.1711,175.5239
150.3062,50.7108,51.4879,178.2417
151.3743,52.2162,52.4241,183.1334
150.5689,49.2769,51.9861,185.5446
151.4505,51.7535,51.8305,186.3738
151.6037,52.2620,51.2152,187.0424
151.5561,49.5922,52.6580,188.6674
150.9660,45.5513,53.2470,190.5980
151.0757,48.1965,52.1486,188.8633
152.2901,43.7814,50.4341,190.4523
154.2067,43.7452,51.9026,197.3514
157.7365,34.3618,44.8398,200.2776
157.8024,48.0242,45.1075,188.7539
153.4097,56.4581,48.6471,179.5610
153.2425,58.1140,52.7390,170.2087
152.7731,61.3915,55.9445,165.7729
152.4089,61.0431,59.5791,163.7716
151.3254,58.3059,63.5885,161.0574
150.6853,58.3474,65.9416,162.3778
149.8665,53.5452,67.4442,163.4479
154.4886,47.1086,68.5126,165.3390
159.5019,38.6564,59.1669,177.4200
160.5363,43.3995,52.5375,187.5623
161.2753,53.3729,50.0406,190.5356
162.2278,54.1433,50.1749,191.5670
162.0910,55.6690,50.5653,188.7667
161.0948,55.1352,50.4087,186.2001
162.1374,56.6847,51.7889,188.4205
161.8336,53.5606,52.2132,188.5798
162.4392,54.6820,51.3995,187.7770
163.2630,51.0747,52.0360,190.2458
165.1020,41.6841,50.4741,199.7656
169.4434,36.5990,46.4724,204.9258
165.0905,61.5323,48.3171,194.3407
162.5600,63.4528,52.4815,183.1346
160.7212,60.7163,57.0315,175.5498
160.6186,59.7318,60.7519,166.3764
162.8300,63.2472,63.4575,159.4151
162.5625,59.2202,66.5740,146.3637
162.1007,60.1458,70.5260,141.1133
162.2472,60.4977,71.7017,144.2454
161.6249,56.6979,72.9507,141.4909
163.2151,53.1842,72.7303,145.4200
167.9254,46.4381,65.4011,152.8497
166.5101,43.9097,58.1004,169.9780
171.1117,42.2346,54.5845,188.9157
172.4510,46.7751,50.6505,194.6289
172.6434,43.6917,48.6497,199.6505
173.6294,43.8436,49.4790,203.0815
174.4487,46.4532,47.6544,200.3056
175.0678,46.8560,47.4119,198.7103
176.6174,48.4106,46.7481,200.6371
179.4076,31.2372,43.8453,206.7565
180.8567,48.6892,43.0646,203.3221
175.2421,59.4465,46.6227,199.5189
175.9305,60.6426,51.5626,184.3848
173.7714,62.0875,55.5323,179.8014
173.3795,63.0768,58.8114,170.1886
174.3580,62.1887,61.2996,162.5982
174.6521,62.2292,65.4986,157.3358
173.3109,57.6048,68.8185,156.8093
174.5571,54.3655,71.0138,154.2932
177.5154,48.6308,69.1345,158.3720
179.9164,36.9820,60.3485,175.8466
184.3188,42.8548,54.9005,196.9615
184.3914,45.8889,50.8489,201.6603
185.7863,50.1638,48.9648,202.2786
186.0925,46.7171,49.4969,199.4824
186.9201,46.0210,49.1664,197.8562
186.0719,43.2402,50.7266,198.1164
186.2867,45.1396,50.5400,198.5837
188.4481,48.5893,50.5949,198.4616
186.8387,40.3980,52.2274,202.2625
188.2270,40.7563,51.5375,204.7444
191.6988,34.2932,48.7279,208.4122
192.9434,25.4010,47.8293,217.3945
191.1577,46.7125,50.1080,204.0019
188.9116,58.4378,53.2753,191.9544
188.2393,55.2889,56.8074,180.5983
188.1146,57.9886,60.6362,177.4267
187.2153,54.8409,64.8974,175.4901
187.3015,53.9949,68.7368,173.6678
187.2255,51.7549,70.4572,170.0661
187.5511,51.3629,71.1813,165.8092
189.5797,47.9974,71.9566,167.4583
197.1093,42.9891,64.8851,174.0230
193.9901,39.8391,59.4451,195.2433
197.9830,43.9953,54.1440,198.0555
200.5949,49.3470,50.6606,194.9102
202.2120,52.6950,49.1232,188.4956
202.8048,54.3499,50.3695,190.1302
201.8931,50.8684,51.7403,189.1825
201.2786,50.6138,51.3331,191.4759
202.0417,48.9751,51.3352,192.3765
202.8566,49.0873,51.2989,190.5153
203.1784,43.9807,53.3287,193.0937
207.5886,34.4004,49.2592,206.4533
209.8778,40.2275,45.9282,208.4329
203.4649,57.4000,49.8293,194.2294
203.1622,61.0783,55.2633,185.4912
201.8960,59.2306,60.4976,176.8673
200.0985,57.9740,65.3648,178.3239
201.2492,56.7034,68.8217,176.5769
200.1261,50.2058,70.9580,176.0485
200.0249,50.6918,72.8092,171.8944
200.3264,48.5212,74.9446,173.3378
203.9976,40.4796,73.2213,177.7564
209.4830,35.4779,62.9431,189.5422
207.8333,36.3186,57.0383,203.9830
213.3070,42.2838,52.6735,206.6888
214.7588,42.8527,50.1085,204.5882
216.5352,49.7803,49.5632,205.0843
215.6943,43.3256,49.3655,205.3760
217.2083,48.9294,48.7093,205.0555
216.9102,47.7018,47.9751,202.9337
217.5948,45.1211,48.9377,201.7864
217.8879,45.4764,48.9799,202.4057
218.0734,39.0703,47.9888,204.4731
222.5672,29.9265,44.5227,210.3894
221.9746,44.5029,44.7169,213.3532
219.4076,61.6111,49.5832,200.8265
215.2459,59.2850,53.9208,191.3865
214.9264,60.4805,58.5312,182.8347
214.0387,60.6424,63.0604,180.0553
213.2946,60.1755,66.0619,180.4763
215.2331,60.2534,67.2448,173.9612
214.7577,57.6859,69.1596,173.3493
213.9609,53.5806,71.6793,174.9104
214.8694,49.6709,69.8219,180.7507
222.7234,38.3806,61.1662,187.7666
220.9369,36.2478,54.9802,199.9699
224.9208,43.1661,52.0824,208.4993
225.3828,45.9901,48.3372,210.3212
226.6418,47.5680,47.7595,206.5685
226.5850,49.1715,48.0152,204.8761
226.8091,51.3542,48.3112,198.7473
226.3904,50.9236,48.6889,197.0154
225.9504,50.2255,48.7084,198.3698
226.2843,49.7076,49.0775,205.2500
225.9540,39.8575,47.1373,205.2298
230.6571,34.5274,44.0987,214.8758
225.7568,62.6690,46.4210,201.5215
222.9111,62.4309,49.9716,187.3044
221.7159,63.0744,54.4210,177.4773
220.7539,62.2992,58.2161,171.6195
221.4891,61.6348,61.8536,165.3437
221.9431,62.6277,65.4879,163.8515
219.7548,61.0036,67.5797,166.7608
218.1611,58.9235,69.0894,169.3422
219.5499,55.0953,69.5787,167.7440
218.1728,50.0121,69.5374,172.8774
225.3406,43.4103,62.3161,179.2144
224.2487,44.1429,55.1498,196.9070
227.3922,42.5607,50.8060,208.1075
228.1126,45.8813,47.0381,207.6762
230.0367,47.4876,46.4064,205.1003
230.5054,51.9682,45.0316,202.8703
230.5037,55.5554,44.7218,203.3688
229.5891,51.6193,43.7223,202.1109
230.1197,52.6042,43.1508,199.5884
230.2057,46.5896,43.2262,204.9764
230.7706,31.1337,42.2702,211.4044
227.9338,56.0741,46.2858,203.3831
222.8502,59.9312,49.9448,195.3975
221.9198,61.1240,54.9623,191.1900
220.4774,62.5798,58.5302,186.6157
220.7490,60.5036,62.3606,178.2060
218.5411,60.1714,65.8737,175.6114
218.4740,59.2424,69.3530,172.5083
216.9230,55.5222,72.6644,171.9129
216.9066,52.7725,75.0593,171.6635
221.8604,48.4862,70.4223,172.2460
222.6897,40.1703,62.4624,193.6634
223.4316,40.0498,54.5716,204.7863
227.3067,43.7718,48.6964,208.6912
230.1377,47.7891,45.4189,215.3042
229.8922,45.8374,43.9930,207.2780
231.2781,49.9043,43.9554,210.1586
229.7379,46.6591,43.9910,205.3443
231.0250,49.5780,44.2092,207.4523
230.7354,48.1508,44.6695,203.9254
229.9237,48.0451,44.7878,209.8189
230.5919,45.4199,44.0110,207.6394
229.6816,39.4832,43.7092,218.9059
229.0899,54.2015,45.2964,209.2513
224.2536,66.5134,50.2879,197.8427
221.3973,70.4856,52.8713,189.2300
223.8946,69.5048,57.4773,179.5082
221.6460,64.1763,61.6837,174.4982
219.0184,61.7742,64.6539,172.2544
221.3690,63.1804,67.0202,167.9755
219.8433,61.0109,68.5758,166.2722
218.6936,60.1158,69.3754,167.8521
219.1943,53.7446,69.6753,170.1225
227.5821,41.8737,62.0378,175.4918
222.2006,44.8954,55.7780,192.0181
226.0906,49.4051,50.9390,199.7899
228.0018,51.1310,48.3316,201.1127
228.2856,53.5739,46.6949,199.9384
228.7779,54.4938,47.3950,207.3363
228.4033,54.9489,48.3059,205.2268
226.8360,51.1876,47.2904,197.6197
227.8681,52.4648,48.1425,204.8753
227.1875,44.0901,47.2406,210.2887
229.2576,28.2637,43.5072,225.2867
225.5677,50.1649,45.8817,219.1131
225.0437,54.2160,51.3900,207.5501
221.9121,54.1417,56.1520,197.5912
220.5895,52.1254,60.8190,191.5515
218.6310,54.6873,62.4881,195.9300
220.1027,50.0695,65.4437,191.0751
217.4555,47.4411,67.7973,189.5288
219.6726,49.1206,69.7822,183.6563
217.8358,44.3851,73.0936,185.7661
219.9328,38.5153,74.3629,187.6991
224.7174,31.5425,63.1463,197.1590
228.3506,40.4643,53.0037,211.4230
230.3274,37.3896,49.6023,216.0920
231.8685,41.4787,47.5382,220.4253
233.0282,42.6088,47.1209,222.9756
233.0802,41.0158,46.6842,220.3751
233.7244,44.3186,46.6130,224.7353
234.4717,42.5649,47.1998,225.4353
234.2889,39.2935,47.5076,226.3120
235.1968,41.1225,47.4138,227.5742
236.9361,38.3470,46.1717,230.0216
238.2579,20.3123,43.7438,240.7962
235.2293,49.1295,47.0778,228.5827
231.9576,56.2404,51.6346,219.3893
231.2122,61.1520,54.9698,206.2659
231.0236,61.1257,58.9094,195.1871
228.9616,62.2100,62.9939,197.8973
232.0868,59.1486,66.8225,187.9896
230.4771,57.9834,70.0581,184.8859
231.5163,58.3274,70.6567,175.8698
230.0781,54.7983,72.8938,176.9968
234.1203,47.9426,68.9846,183.5803
234.1171,40.5060,62.6171,200.0110
238.9101,41.5213,54.6549,208.2578
243.9819,41.9551,50.7874,209.8947
245.0668,46.6497,48.8832,211.9062
245.4372,47.8977,47.7146,210.4442
245.1826,46.2859,46.9918,208.6399
245.8647,47.4106,46.0467,205.9738
247.2156,50.3660,45.0447,211.4498
248.2392,48.6286,45.4854,210.1701
248.1134,49.4158,44.9470,212.1985
247.8998,47.7437,44.2031,208.1962
250.0963,42.8375,43.5351,209.6624
249.2496,41.4600,43.4059,223.1349
245.4182,64.8400,47.5543,213.6042
242.1508,63.8628,52.1073,203.8299
241.2209,64.7159,58.0072,197.1538
238.5262,59.8483,64.1271,194.8914
237.8504,57.9505,68.9109,188.5140
236.5765,54.1145,73.9743,185.3545
234.0008,49.0321,78.1799,185.9475
234.9760,51.4909,78.6529,183.5711
235.5376,45.8166,81.4248,187.1401
235.2491,42.5750,77.1070,197.7967
244.7249,38.9114,61.5357,208.2515
246.7260,47.8391,57.1774,219.6365
246.2783,54.1999,55.5611,211.9944
246.9159,58.1636,55.2053,205.2190
246.8008,56.1625,59.4695,208.4249
246.2803,58.1736,60.1382,206.1946
245.5359,54.9584,61.5402,206.7746
245.4040,52.8904,62.3061,207.7777
245.9799,55.5835,61.1171,203.0840
248.0002,60.9256,59.6609,202.9325
248.0838,56.9301,62.6524,201.1883
247.5502,56.5605,63.9220,203.5812
247.2506,53.1220,65.5706,204.9960
246.6346,50.5075,66.1198,207.9357
249.9588,55.4582,64.8966,208.6540
249.1492,46.0984,64.6255,208.9399
254.0574,39.5707,56.9591,221.9219
260.4926,44.9179,53.6820,215.6009
254.0081,63.4856,59.0820,198.4331
252.8702,67.4149,64.4643,189.2022
250.2846,64.7317,69.9575,182.0210
247.4115,63.8216,72.8562,176.7529
246.5117,61.3816,74.7143,175.0171
244.8846,60.2739,73.6008,176.1820
244.7214,61.3420,71.7756,170.4374
245.7283,60.8541,69.4960,166.9781
243.1660,60.6192,67.5962,161.7992
241.1488,60.8274,66.7506,156.9960
242.6994,60.4999,65.5895,159.6812
232.0886,63.6836,68.5524,156.7020
234.0134,61.9213,68.0245,152.3970
230.7602,63.5382,67.8472,152.4334
228.2666,67.1810,65.6417,146.7261
225.4755,71.0471,62.8994,141.6072
228.8000,71.8000,64.2000,144.8000
221.2118,66.1299,64.5651,148.5562
232.8000,70.4000,66.2000,151.6000
233.9578,70.5981,66.6737,157.8462
238.4000,70.8000,66.2000,156.4000
240.2260,83.0652,64.2087,156.3278
245.0990,84.4696,60.1702,153.3433
246.5691,89.6531,58.2156,150.2947
250.8746,95.2819,55.6153,146.6006
255.8463,102.9860,51.7515,142.3572
260.2223,102.9794,48.2752,138.7838
259.8676,104.8998,47.0872,139.3862
260.4731,95.7224,45.8999,137.9882
261.0962,79.7237,44.6372,139.4105
264.3783,88.8479,42.1630,135.6823
265.2240,93.2742,40.9994,133.8117
265.7690,82.9338,40.1827,134.7902
267.4786,89.1653,38.9927,134.2371
268.3846,98.7079,39.1791,135.7739
268.9738,92.2441,37.8829,133.0265
270.1417,91.6644,36.6982,129.8895
271.4067,96.6477,35.2928,127.4181
271.5807,90.6050,35.0203,126.2398
273.8039,92.9883,34.3884,125.8883
273.6911,96.1671,34.4029,127.3336
274.9788,94.3460,34.6763,128.0258
275.1238,96.7221,34.8941,128.9682
274.1713,94.9958,35.0652,127.5132
275.1680,96.8511,34.7259,123.8923
276.3540,101.3489,34.6067,121.9792
276.2402,104.5820,34.1488,120.5577
277.3510,94.4570,34.5583,122.3636
277.1427,99.0845,34.9008,121.9515
277.5198,107.3336,34.4303,118.7292
278.6580,102.3288,34.0904,119.2454
279.0712,95.7296,33.9566,118.9079
279.6430,100.1702,33.0639,115.3197
280.4135,102.0925,33.4535,115.8974
282.4823,101.1770,33.8595,118.6021
281.1017,93.2270,34.5423,119.7016
281.7293,97.5284,34.8413,120.2534
283.2636,108.0872,35.0657,121.8240
281.5855,90.5553,35.3351,123.5892
282.8189,101.5168,35.6412,124.4879
283.5693,97.2688,36.5628,126.3989
284.2235,105.7095,37.8993,128.5669
284.2949,108.8392,39.4937,129.8591
286.3189,114.2188,41.1118,132.7572
286.2004,113.2208,43.0836,136.1021
284.1031,102.4640,44.7334,139.4747
285.6854,110.8710,46.5519,141.6793
284.5461,113.3595,48.3782,141.1460
283.7216,108.0721,49.2368,140.9514
282.1873,106.3126,48.8022,139.3607
281.7281,103.3630,47.0735,137.8271
282.4017,102.3702,44.8096,135.1790
283.2933,101.9556,43.4824,133.4784
283.9901,101.2589,42.1117,131.2574
284.7622,99.6961,40.6395,128.1634
