0.024728,0.0197,0.024613,0,0,0,0,0,0,0,0,0,0,0,0
0.058796,0.056357,0.053259,0,0,0,0,0,0,0,0,0,0,0,0
0.055012,0.060107,0.050715,0,0,0,0,0,0,0,0,0,0,0,0
0.063944,0.058502,0.052784,0,0,0,0,0,0,0,0,0,0,0,0
0.058746,0.059432,0.045904,0,0,0,0,0,0,0,0,0,0,0,0
0.051659,0.045524,0.044064,0,0,0,0,0,0,0,0,0,0,0,0
0.046705,0.046599,0.04414,0,0,0,0,0,0,0,0,0,0,0,0
0.043459,0.054544,0.041027,0,0,0,0,0,0,0,0,0,0,0,0
0.047585,0.059265,0.04941,0,0,0,0,0,0,0,0,0,0,0,0
0.047207,0.051304,0.050579,0,0,0,0,0,0,0,0,0,0,0,0
0.069177,0.055419,0.053752,0,0,0,0,0,0,0,0,0,0,0,0
0.053777,0.048554,0.041512,0,0,0,0,0,0,0,0,0,0,0,0
0.055499,0.062819,0.042791,0,0,0,0,0,0,0,0,0,0,0,0
0.048775,0.052163,0.044218,0,0,0,0,0,0,0,0,0,0,0,0
0.043095,0.053383,0.040702,0,0,0,0,0,0,0,0,0,0,0,0
0.051643,0.053675,0.041313,0,0,0,0,0,0,0,0,0,0,0,0
0.060905,0.054949,0.041642,0,0,0,0,0,0,0,0,0,0,0,0
0.055688,0.05434,0.041619,0,0,0,0,0,0,0,0,0,0,0,0
0.044019,0.055996,0.046077,0,0,0,0,0,0,0,0,0,0,0,0
0.052456,0.052157,0.047099,0,0,0,0,0,0,0,0,0,0,0,0
0.056164,0.058092,0.041854,0,0,0,0,0,0,0,0,0,0,0,0
0.051095,0.042976,0.046208,0,0,0,0,0,0,0,0,0,0,0,0
0.045405,0.060113,0.041371,0,0,0,0,0,0,0,0,0,0,0,0
0.048399,0.06617,0.041077,0,0,0,0,0,0,0,0,0,0,0,0
0.057234,0.059237,0.051215,0,0,0,0,0,0,0,0,0,0,0,0
0.046736,0.052029,0.041328,0,0,0,0,0,0,0,0,0,0,0,0
0.054305,0.058765,0.050052,0,0,0,0,0,0,0,0,0,0,0,0
0.044933,0.051646,0.039684,0,0,0,0,0,0,0,0,0,0,0,0
0.042964,0.045949,0.047907,0,0,0,0,0,0,0,0,0,0,0,0
0.048708,0.054392,0.053313,0,0,0,0,0,0,0,0,0,0,0,0
0.04517,0.059532,0.042588,0,0,0,0,0,0,0,0,0,0,0,0
0.051526,0.061006,0.04146,0,0,0,0,0,0,0,0,0,0,0,0
0.046753,0.063477,0.04562,0,0,0,0,0,0,0,0,0,0,0,0
0.044069,0.055808,0.058348,0,0,0,0,0,0,0,0,0,0,0,0
0.04862,0.056227,0.054203,0,0,0,0,0,0,0,0,0,0,0,0
0.089687,0.065834,0.051834,0,0,0,0,0,0,0,0,0,0,0,0
0.048791,0.067338,0.04642,0,0,0,0,0,0,0,0,0,0,0,0
0.048363,0.057734,0.052944,0,0,0,0,0,0,0,0,0,0,0,0
0.050848,0.053752,0.045572,0,0,0,0,0,0,0,0,0,0,0,0
0.042239,0.063612,0.045144,0,0,0,0,0,0,0,0,0,0,0,0
0.044142,0.060619,0.041872,0,0,0,0,0,0,0,0,0,0,0,0
0.046847,0.059481,0.042332,0,0,0,0,0,0,0,0,0,0,0,0
0.049032,0.048292,0.036708,0,0,0,0,0,0,0,0,0,0,0,0
0.049742,0.050709,0.046494,0,0,0,0,0,0,0,0,0,0,0,0
0.052605,0.053157,0.041387,0,0,0,0,0,0,0,0,0,0,0,0
0.052239,0.047353,0.03972,0,0,0,0,0,0,0,0,0,0,0,0
0.048236,0.049958,0.045666,0,0,0,0,0,0,0,0,0,0,0,0
0.050939,0.054343,0.046879,0,0,0,0,0,0,0,0,0,0,0,0
0.057415,0.054094,0.040876,0,0,0,0,0,0,0,0,0,0,0,0
0.049749,0.048534,0.04831,0,0,0,0,0,0,0,0,0,0,0,0
0.049728,0.048209,0.051487,0,0,0,0,0,0,0,0,0,0,0,0
0.06363,0.044676,0.043048,0,0,0,0,0,0,0,0,0,0,0,0
0.05102,0.051881,0.046373,0,0,0,0,0,0,0,0,0,0,0,0
0.054764,0.046069,0.052928,0,0,0,0,0,0,0,0,0,0,0,0
0.065754,0.050447,0.047464,0,0,0,0,0,0,0,0,0,0,0,0
0.056909,0.055639,0.054621,0,0,0,0,0,0,0,0,0,0,0,0
0.055829,0.058005,0.042527,0,0,0,0,0,0,0,0,0,0,0,0
0.046878,0.056837,0.046212,0,0,0,0,0,0,0,0,0,0,0,0
0.056596,0.052826,0.042288,0,0,0,0,0,0,0,0,0,0,0,0
0.059747,0.044635,0.05073,0,0,0,0,0,0,0,0,0,0,0,0
0.055747,0.050692,0.048985,0,0,0,0,0,0,0,0,0,0,0,0
0.061205,0.044335,0.045359,0,0,0,0,0,0,0,0,0,0,0,0
0.05312,0.04666,0.049205,0,0,0,0,0,0,0,0,0,0,0,0
0.054333,0.068437,0.041266,0,0,0,0,0,0,0,0,0,0,0,0
0.056732,0.045904,0.058247,0,0,0,0,0,0,0,0,0,0,0,0
0.0575,0.06302,0.0415,0,0,0,0,0,0,0,0,0,0,0,0
0.051915,0.055917,0.053608,0,0,0,0,0,0,0,0,0,0,0,0
0.049399,0.045007,0.041765,0,0,0,0,0,0,0,0,0,0,0,0
0.044906,0.052779,0.040735,0,0,0,0,0,0,0,0,0,0,0,0
0.056973,0.051373,0.042778,0,0,0,0,0,0,0,0,0,0,0,0
0.054734,0.050813,0.04363,0,0,0,0,0,0,0,0,0,0,0,0
0.048128,0.057707,0.046501,0,0,0,0,0,0,0,0,0,0,0,0
0.048711,0.057835,0.054092,0,0,0,0,0,0,0,0,0,0,0,0
0.076308,0.064562,0.041548,0,0,0,0,0,0,0,0,0,0,0,0
0.060959,0.046849,0.05609,0,0,0,0,0,0,0,0,0,0,0,0
0.057672,0.050078,0.047904,0,0,0,0,0,0,0,0,0,0,0,0
0.050633,0.061066,0.049669,0,0,0,0,0,0,0,0,0,0,0,0
0.053235,0.052381,0.041422,0,0,0,0,0,0,0,0,0,0,0,0
0.064333,0.045952,0.048115,0,0,0,0,0,0,0,0,0,0,0,0
0.062284,0.04308,0.042557,0,0,0,0,0,0,0,0,0,0,0,0
0.059741,0.052988,0.049705,0,0,0,0,0,0,0,0,0,0,0,0
0.060742,0.048861,0.04439,0,0,0,0,0,0,0,0,0,0,0,0
0.056949,0.052331,0.047871,0,0,0,0,0,0,0,0,0,0,0,0
0.052604,0.046605,0.050378,0,0,0,0,0,0,0,0,0,0,0,0
0.054206,0.041521,0.04097,0,0,0,0,0,0,0,0,0,0,0,0
0.06734,0.0539,0.050836,0,0,0,0,0,0,0,0,0,0,0,0
0.053449,0.054025,0.049896,0,0,0,0,0,0,0,0,0,0,0,0
0.055886,0.053209,0.045855,0,0,0,0,0,0,0,0,0,0,0,0
0.061673,0.048978,0.04679,0,0,0,0,0,0,0,0,0,0,0,0
0.055676,0.046657,0.047482,0,0,0,0,0,0,0,0,0,0,0,0
0.051989,0.044736,0.050558,0,0,0,0,0,0,0,0,0,0,0,0
0.063058,0.05668,0.052789,0,0,0,0,0,0,0,0,0,0,0,0
0.047195,0.054345,0.04636,0,0,0,0,0,0,0,0,0,0,0,0
0.05894,0.050324,0.045785,0,0,0,0,0,0,0,0,0,0,0,0
0.056429,0.056899,0.040841,0,0,0,0,0,0,0,0,0,0,0,0
0.050271,0.047596,0.040839,0,0,0,0,0,0,0,0,0,0,0,0
0.06164,0.059585,0.05,0,0,0,0,0,0,0,0,0,0,0,0
0.064074,0.046764,0.050418,0,0,0,0,0,0,0,0,0,0,0,0
0.059218,0.043178,0.044853,0,0,0,0,0,0,0,0,0,0,0,0
0.067715,0.055083,0.05189,0,0,0,0,0,0,0,0,0,0,0,0
0.053855,0.050188,0.042093,0,0,0,0,0,0,0,0,0,0,0,0
0.053343,0.057476,0.050096,0,0,0,0,0,0,0,0,0,0,0,0
0.049443,0.053455,0.044246,0,0,0,0,0,0,0,0,0,0,0,0
0.066487,0.059918,0.050608,0,0,0,0,0,0,0,0,0,0,0,0
0.055468,0.048465,0.045877,0,0,0,0,0,0,0,0,0,0,0,0
0.054826,0.041683,0.046942,0,0,0,0,0,0,0,0,0,0,0,0
0.054905,0.056733,0.058556,0,0,0,0,0,0,0,0,0,0,0,0
0.049592,0.041482,0.040121,0,0,0,0,0,0,0,0,0,0,0,0
0.050695,0.050714,0.040651,0,0,0,0,0,0,0,0,0,0,0,0
0.060397,0.044261,0.050436,0,0,0,0,0,0,0,0,0,0,0,0
0.055957,0.049585,0.040093,0,0,0,0,0,0,0,0,0,0,0,0
0.047551,0.04971,0.039163,0,0,0,0,0,0,0,0,0,0,0,0
0.05305,0.067593,0.04892,0,0,0,0,0,0,0,0,0,0,0,0
0.055098,0.056055,0.043146,0,0,0,0,0,0,0,0,0,0,0,0
0.049967,0.045361,0.049062,0,0,0,0,0,0,0,0,0,0,0,0
0.059684,0.040961,0.042683,0,0,0,0,0,0,0,0,0,0,0,0
0.050849,0.04695,0.045121,0,0,0,0,0,0,0,0,0,0,0,0
0.055181,0.046477,0.042603,0,0,0,0,0,0,0,0,0,0,0,0
0.056428,0.045144,0.053286,0,0,0,0,0,0,0,0,0,0,0,0
0.058593,0.043321,0.053814,0,0,0,0,0,0,0,0,0,0,0,0
0.053176,0.039674,0.048929,0,0,0,0,0,0,0,0,0,0,0,0
0.055269,0.041175,0.041183,0,0,0,0,0,0,0,0,0,0,0,0
0.050397,0.046079,0.042258,0,0,0,0,0,0,0,0,0,0,0,0
0.047787,0.039807,0.038788,0,0,0,0,0,0,0,0,0,0,0,0
0.047668,0.051627,0.041076,0,0,0,0,0,0,0,0,0,0,0,0
0.061212,0.040892,0.048358,0,0,0,0,0,0,0,0,0,0,0,0
0.060599,0.054826,0.041036,0,0,0,0,0,0,0,0,0,0,0,0
0.061438,0.041665,0.048231,0,0,0,0,0,0,0,0,0,0,0,0
0.054521,0.043926,0.043247,0,0,0,0,0,0,0,0,0,0,0,0
0.050496,0.050403,0.049167,0,0,0,0,0,0,0,0,0,0,0,0
0.059648,0.046061,0.054899,0,0,0,0,0,0,0,0,0,0,0,0
0.052897,0.050131,0.044755,0,0,0,0,0,0,0,0,0,0,0,0
0.054388,0.058078,0.044767,0,0,0,0,0,0,0,0,0,0,0,0
0.061533,0.050507,0.047818,0,0,0,0,0,0,0,0,0,0,0,0
0.048045,0.051935,0.049278,0,0,0,0,0,0,0,0,0,0,0,0
0.057842,0.053491,0.052356,0,0,0,0,0,0,0,0,0,0,0,0
0.057453,0.055321,0.039883,0,0,0,0,0,0,0,0,0,0,0,0
0.054975,0.042465,0.055697,0,0,0,0,0,0,0,0,0,0,0,0
0.053128,0.052527,0.050623,0,0,0,0,0,0,0,0,0,0,0,0
0.066123,0.051418,0.054176,0,0,0,0,0,0,0,0,0,0,0,0
0.066193,0.048004,0.045876,0,0,0,0,0,0,0,0,0,0,0,0
0.063748,0.058442,0.040839,0,0,0,0,0,0,0,0,0,0,0,0
0.050015,0.065981,0.047331,0,0,0,0,0,0,0,0,0,0,0,0
0.049032,0.047967,0.047324,0,0,0,0,0,0,0,0,0,0,0,0
0.05157,0.059261,0.05112,0,0,0,0,0,0,0,0,0,0,0,0
0.059614,0.053158,0.03988,0,0,0,0,0,0,0,0,0,0,0,0
0.059633,0.054209,0.045672,0,0,0,0,0,0,0,0,0,0,0,0
0.05332,0.042411,0.042801,0,0,0,0,0,0,0,0,0,0,0,0
0.060136,0.046083,0.050127,0,0,0,0,0,0,0,0,0,0,0,0
0.061136,0.055677,0.045098,0,0,0,0,0,0,0,0,0,0,0,0
0.045332,0.044196,0.045069,0,0,0,0,0,0,0,0,0,0,0,0
0.0633,0.054289,0.046598,0,0,0,0,0,0,0,0,0,0,0,0
0.06272,0.051616,0.047251,0,0,0,0,0,0,0,0,0,0,0,0
0.064289,0.052924,0.054505,0,0,0,0,0,0,0,0,0,0,0,0
0.053275,0.050623,0.040937,0,0,0,0,0,0,0,0,0,0,0,0
0.055255,0.050117,0.041826,0,0,0,0,0,0,0,0,0,0,0,0
0.052787,0.046761,0.046766,0,0,0,0,0,0,0,0,0,0,0,0
0.052249,0.047589,0.040997,0,0,0,0,0,0,0,0,0,0,0,0
0.04404,0.055822,0.040178,0,0,0,0,0,0,0,0,0,0,0,0
0.054159,0.056268,0.043236,0,0,0,0,0,0,0,0,0,0,0,0
0.053906,0.05664,0.046126,0,0,0,0,0,0,0,0,0,0,0,0
0.060266,0.047685,0.040913,0,0,0,0,0,0,0,0,0,0,0,0
0.050804,0.053784,0.062703,0,0,0,0,0,0,0,0,0,0,0,0
0.060651,0.051721,0.044346,0,0,0,0,0,0,0,0,0,0,0,0
0.059234,0.056868,0.049156,0,0,0,0,0,0,0,0,0,0,0,0
0.061273,0.042189,0.044338,0,0,0,0,0,0,0,0,0,0,0,0
0.057421,0.055562,0.0387,0,0,0,0,0,0,0,0,0,0,0,0
0.058949,0.058314,0.042583,0,0,0,0,0,0,0,0,0,0,0,0
0.068479,0.055119,0.040449,0,0,0,0,0,0,0,0,0,0,0,0
0.051329,0.055304,0.039334,0,0,0,0,0,0,0,0,0,0,0,0
0.06428,0.058412,0.047256,0,0,0,0,0,0,0,0,0,0,0,0
0.050799,0.068201,0.048629,0,0,0,0,0,0,0,0,0,0,0,0
0.05866,0.060832,0.048673,0,0,0,0,0,0,0,0,0,0,0,0
0.056612,0.053628,0.048657,0,0,0,0,0,0,0,0,0,0,0,0
0.052655,0.05114,0.039121,0,0,0,0,0,0,0,0,0,0,0,0
0.042486,0.050207,0.052077,0,0,0,0,0,0,0,0,0,0,0,0
0.056576,0.057634,0.049968,0,0,0,0,0,0,0,0,0,0,0,0
0.054332,0.059179,0.055204,0,0,0,0,0,0,0,0,0,0,0,0
0.058435,0.04268,0.050136,0,0,0,0,0,0,0,0,0,0,0,0
0.083572,0.060273,0.064421,0,0,0,0,0,0,0,0,0,0,0,0
0.08372,0.070561,0.064033,0,0,0,0,0,0,0,0,0,0,0,0
0.057518,0.061329,0.063956,0,0,0,0,0,0,0,0,0,0,0,0
0.054615,0.055264,0.045906,0,0,0,0,0,0,0,0,0,0,0,0
0.065168,0.066605,0.064326,0,0,0,0,0,0,0,0,0,0,0,0
0.044214,0.052482,0.043567,0,0,0,0,0,0,0,0,0,0,0,0
0.057919,0.059082,0.048872,0,0,0,0,0,0,0,0,0,0,0,0
0.047477,0.047221,0.05326,0,0,0,0,0,0,0,0,0,0,0,0
0.044516,0.053368,0.046228,0,0,0,0,0,0,0,0,0,0,0,0
0.057371,0.050962,0.051559,0,0,0,0,0,0,0,0,0,0,0,0
0.048657,0.044971,0.042065,0,0,0,0,0,0,0,0,0,0,0,0
0.055448,0.049931,0.047116,0,0,0,0,0,0,0,0,0,0,0,0
0.05847,0.053378,0.055026,0,0,0,0,0,0,0,0,0,0,0,0
0.054353,0.069085,0.049877,0,0,0,0,0,0,0,0,0,0,0,0
0.060705,0.056632,0.052262,0,0,0,0,0,0,0,0,0,0,0,0
0.051535,0.063278,0.05891,0,0,0,0,0,0,0,0,0,0,0,0
0.057082,0.056066,0.053188,0,0,0,0,0,0,0,0,0,0,0,0
0.10152,0.10688,0.080042,0,0,0,0,0,0,0,0,0,0,0,0
0.071225,0.066677,0.054904,0,0,0,0,0,0,0,0,0,0,0,0
0.048424,0.044418,0.04475,0,0,0,0,0,0,0,0,0,0,0,0
0.056252,0.044346,0.051045,0,0,0,0,0,0,0,0,0,0,0,0
0.053564,0.05822,0.050893,0,0,0,0,0,0,0,0,0,0,0,0
0.058061,0.060521,0.046291,0,0,0,0,0,0,0,0,0,0,0,0
0.056029,0.051381,0.051355,0,0,0,0,0,0,0,0,0,0,0,0
0.047254,0.046587,0.063473,0,0,0,0,0,0,0,0,0,0,0,0
0.072599,0.071721,0.069322,0,0,0,0,0,0,0,0,0,0,0,0
0.058192,0.04709,0.051744,0,0,0,0,0,0,0,0,0,0,0,0
0.044492,0.064259,0.041525,0,0,0,0,0,0,0,0,0,0,0,0
0.061937,0.066387,0.050889,0,0,0,0,0,0,0,0,0,0,0,0
0.074757,0.068469,0.062469,0,0,0,0,0,0,0,0,0,0,0,0
0.054549,0.044339,0.040943,0,0,0,0,0,0,0,0,0,0,0,0
0.053186,0.049333,0.041447,0,0,0,0,0,0,0,0,0,0,0,0
0.051886,0.040234,0.036684,0,0,0,0,0,0,0,0,0,0,0,0
0.069067,0.056308,0.056915,0,0,0,0,0,0,0,0,0,0,0,0
0.051513,0.047822,0.049633,0,0,0,0,0,0,0,0,0,0,0,0
0.041285,0.040366,0.037831,0,0,0,0,0,0,0,0,0,0,0,0
0.041911,0.037998,0.033256,0,0,0,0,0,0,0,0,0,0,0,0
0.04648,0.045929,0.041189,0,0,0,0,0,0,0,0,0,0,0,0
0.043934,0.05189,0.052611,0,0,0,0,0,0,0,0,0,0,0,0
0.055254,0.061127,0.056898,0,0,0,0,0,0,0,0,0,0,0,0
0.055833,0.045679,0.050494,0,0,0,0,0,0,0,0,0,0,0,0
0.052329,0.044045,0.043557,0,0,0,0,0,0,0,0,0,0,0,0
0.055145,0.056015,0.055619,0,0,0,0,0,0,0,0,0,0,0,0
0.062832,0.057474,0.062625,0,0,0,0,0,0,0,0,0,0,0,0
0.069994,0.069106,0.077224,0,0,0,0,0,0,0,0,0,0,0,0
0.05732,0.07132,0.064132,0,0,0,0,0,0,0,0,0,0,0,0
0.054611,0.068535,0.060767,0,0,0,0,0,0,0,0,0,0,0,0
0.045032,0.069086,0.054599,0,0,0,0,0,0,0,0,0,0,0,0
0.038761,0.042073,0.03652,0,0,0,0,0,0,0,0,0,0,0,0
0.044236,0.056067,0.039855,0,0,0,0,0,0,0,0,0,0,0,0
0.042032,0.047526,0.036268,0,0,0,0,0,0,0,0,0,0,0,0
0.037255,0.044579,0.037218,0,0,0,0,0,0,0,0,0,0,0,0
0.042879,0.045466,0.036583,0,0,0,0,0,0,0,0,0,0,0,0
0.042556,0.041748,0.042124,0,0,0,0,0,0,0,0,0,0,0,0
0.071143,0.074757,0.081798,0,0,0,0,0,0,0,0,0,0,0,0
0.078509,0.074964,0.065907,0,0,0,0,0,0,0,0,0,0,0,0
0.053428,0.054393,0.073133,0,0,0,0,0,0,0,0,0,0,0,0
0.036327,0.043451,0.039066,0,0,0,0,0,0,0,0,0,0,0,0
0.075148,0.070341,0.061919,0,0,0,0,0,0,0,0,0,0,0,0
0.041498,0.057624,0.046064,0,0,0,0,0,0,0,0,0,0,0,0
0.059391,0.063581,0.045714,0,0,0,0,0,0,0,0,0,0,0,0
0.039742,0.060194,0.051994,0,0,0,0,0,0,0,0,0,0,0,0
0.042899,0.042,0.045996,0,0,0,0,0,0,0,0,0,0,0,0
0.03826,0.038871,0.03522,0,0,0,0,0,0,0,0,0,0,0,0
0.036508,0.038863,0.037222,0,0,0,0,0,0,0,0,0,0,0,0
0.044604,0.049428,0.037106,0,0,0,0,0,0,0,0,0,0,0,0
0.040344,0.054056,0.03495,0,0,0,0,0,0,0,0,0,0,0,0
0.046594,0.060773,0.055313,0,0,0,0,0,0,0,0,0,0,0,0
0.038124,0.043107,0.05312,0,0,0,0,0,0,0,0,0,0,0,0
0.060869,0.052739,0.048201,0,0,0,0,0,0,0,0,0,0,0,0
0.051913,0.051588,0.045269,0,0,0,0,0,0,0,0,0,0,0,0
0.052841,0.050182,0.043867,0,0,0,0,0,0,0,0,0,0,0,0
0.040354,0.036084,0.041992,0,0,0,0,0,0,0,0,0,0,0,0
0.047255,0.0406,0.035419,0,0,0,0,0,0,0,0,0,0,0,0
0.036564,0.03265,0.032375,0,0,0,0,0,0,0,0,0,0,0,0
0.04123,0.040802,0.034156,0,0,0,0,0,0,0,0,0,0,0,0
0.063119,0.076131,0.049459,0,0,0,0,0,0,0,0,0,0,0,0
0.035492,0.043411,0.034601,0,0,0,0,0,0,0,0,0,0,0,0
0.060169,0.071781,0.05862,0,0,0,0,0,0,0,0,0,0,0,0
0.03541,0.037025,0.039776,0,0,0,0,0,0,0,0,0,0,0,0
0.049621,0.038787,0.040349,0,0,0,0,0,0,0,0,0,0,0,0
0.03493,0.033297,0.033469,0,0,0,0,0,0,0,0,0,0,0,0
0.053554,0.054079,0.041981,0,0,0,0,0,0,0,0,0,0,0,0
0.039348,0.047941,0.039787,0,0,0,0,0,0,0,0,0,0,0,0
0.052251,0.053467,0.060403,0,0,0,0,0,0,0,0,0,0,0,0
0.041359,0.056774,0.047309,0,0,0,0,0,0,0,0,0,0,0,0
0.034791,0.049671,0.03644,0,0,0,0,0,0,0,0,0,0,0,0
0.035259,0.042118,0.033795,0,0,0,0,0,0,0,0,0,0,0,0
0.040169,0.045577,0.047844,0,0,0,0,0,0,0,0,0,0,0,0
0.047556,0.054877,0.037226,0,0,0,0,0,0,0,0,0,0,0,0
0.050836,0.043194,0.058172,0,0,0,0,0,0,0,0,0,0,0,0
0.034319,0.04284,0.033434,0,0,0,0,0,0,0,0,0,0,0,0
0.046496,0.045162,0.048983,0,0,0,0,0,0,0,0,0,0,0,0
0.066108,0.054885,0.05002,0,0,0,0,0,0,0,0,0,0,0,0
0.039637,0.038058,0.037666,0,0,0,0,0,0,0,0,0,0,0,0
0.053506,0.057455,0.070599,0,0,0,0,0,0,0,0,0,0,0,0
0.040487,0.04436,0.050355,0,0,0,0,0,0,0,0,0,0,0,0
0.040835,0.038239,0.053524,0,0,0,0,0,0,0,0,0,0,0,0
0.048344,0.054112,0.05421,0,0,0,0,0,0,0,0,0,0,0,0
0.075254,0.06459,0.062738,0,0,0,0,0,0,0,0,0,0,0,0
0.046202,0.056095,0.051902,0,0,0,0,0,0,0,0,0,0,0,0
0.049062,0.049475,0.040735,0,0,0,0,0,0,0,0,0,0,0,0
0.03789,0.054022,0.054426,0,0,0,0,0,0,0,0,0,0,0,0
0.036834,0.046323,0.035768,0,0,0,0,0,0,0,0,0,0,0,0
0.039957,0.033691,0.034044,0,0,0,0,0,0,0,0,0,0,0,0
0.055287,0.056016,0.050428,0,0,0,0,0,0,0,0,0,0,0,0
0.040105,0.042732,0.047955,0,0,0,0,0,0,0,0,0,0,0,0
0.037333,0.047703,0.034851,0,0,0,0,0,0,0,0,0,0,0,0
0.037217,0.05259,0.042069,0,0,0,0,0,0,0,0,0,0,0,0
0.040734,0.053526,0.035569,0,0,0,0,0,0,0,0,0,0,0,0
0.042757,0.059046,0.044252,0,0,0,0,0,0,0,0,0,0,0,0
0.038464,0.043325,0.046931,0,0,0,0,0,0,0,0,0,0,0,0
0.034413,0.03768,0.038586,0,0,0,0,0,0,0,0,0,0,0,0
0.04131,0.047067,0.038889,0,0,0,0,0,0,0,0,0,0,0,0
0.034451,0.037914,0.035077,0,0,0,0,0,0,0,0,0,0,0,0
0.049543,0.058211,0.056759,0,0,0,0,0,0,0,0,0,0,0,0
0.038521,0.039676,0.036185,0,0,0,0,0,0,0,0,0,0,0,0
0.040194,0.046754,0.040651,0,0,0,0,0,0,0,0,0,0,0,0
0.063151,0.057719,0.042751,0,0,0,0,0,0,0,0,0,0,0,0
0.046214,0.041199,0.040099,0,0,0,0,0,0,0,0,0,0,0,0
0.041888,0.034622,0.034288,0,0,0,0,0,0,0,0,0,0,0,0
0.042181,0.033924,0.04051,0,0,0,0,0,0,0,0,0,0,0,0
0.035331,0.043179,0.045587,0,0,0,0,0,0,0,0,0,0,0,0
0.041746,0.041757,0.034879,0,0,0,0,0,0,0,0,0,0,0,0
0.035244,0.034825,0.033914,0,0,0,0,0,0,0,0,0,0,0,0
0.035812,0.036143,0.036757,0,0,0,0,0,0,0,0,0,0,0,0
0.036676,0.036833,0.037977,0,0,0,0,0,0,0,0,0,0,0,0
0.039972,0.035704,0.031403,0,0,0,0,0,0,0,0,0,0,0,0
0.044089,0.040551,0.036577,0,0,0,0,0,0,0,0,0,0,0,0
0.037919,0.044806,0.03887,0,0,0,0,0,0,0,0,0,0,0,0
0.031961,0.040929,0.033431,0,0,0,0,0,0,0,0,0,0,0,0
0.041265,0.04218,0.038622,0,0,0,0,0,0,0,0,0,0,0,0
0.036985,0.042789,0.03486,0,0,0,0,0,0,0,0,0,0,0,0
0.033101,0.03646,0.031024,0,0,0,0,0,0,0,0,0,0,0,0
0.041044,0.035169,0.037891,0,0,0,0,0,0,0,0,0,0,0,0
0.035995,0.03424,0.032031,0,0,0,0,0,0,0,0,0,0,0,0
0.041012,0.033642,0.035004,0,0,0,0,0,0,0,0,0,0,0,0
0.039497,0.031361,0.040799,0,0,0,0,0,0,0,0,0,0,0,0
0.042125,0.034209,0.033233,0,0,0,0,0,0,0,0,0,0,0,0
0.039435,0.043772,0.038032,0,0,0,0,0,0,0,0,0,0,0,0
0.035684,0.039204,0.041965,0,0,0,0,0,0,0,0,0,0,0,0
0.034196,0.041724,0.036148,0,0,0,0,0,0,0,0,0,0,0,0
0.034214,0.045057,0.033939,0,0,0,0,0,0,0,0,0,0,0,0
0.032842,0.038395,0.03808,0,0,0,0,0,0,0,0,0,0,0,0
0.041016,0.034862,0.031414,0,0,0,0,0,0,0,0,0,0,0,0
0.033772,0.031921,0.034187,0,0,0,0,0,0,0,0,0,0,0,0
0.034217,0.046071,0.033347,0,0,0,0,0,0,0,0,0,0,0,0
0.040432,0.035024,0.036952,0,0,0,0,0,0,0,0,0,0,0,0
0.03469,0.03578,0.036776,0,0,0,0,0,0,0,0,0,0,0,0
0.031851,0.031615,0.031622,0,0,0,0,0,0,0,0,0,0,0,0
0.041314,0.04558,0.036157,0,0,0,0,0,0,0,0,0,0,0,0
0.041047,0.037785,0.033609,0,0,0,0,0,0,0,0,0,0,0,0
0.047261,0.043311,0.040088,0,0,0,0,0,0,0,0,0,0,0,0
0.043198,0.050847,0.039393,0,0,0,0,0,0,0,0,0,0,0,0
0.035303,0.038105,0.036277,0,0,0,0,0,0,0,0,0,0,0,0
0.041206,0.03563,0.033127,0,0,0,0,0,0,0,0,0,0,0,0
0.039829,0.04178,0.041399,0,0,0,0,0,0,0,0,0,0,0,0
0.037994,0.034235,0.03633,0,0,0,0,0,0,0,0,0,0,0,0
0.031383,0.030945,0.038234,0,0,0,0,0,0,0,0,0,0,0,0
0.032895,0.037578,0.041665,0,0,0,0,0,0,0,0,0,0,0,0
0.035747,0.041895,0.042774,0,0,0,0,0,0,0,0,0,0,0,0
0.03849,0.042437,0.035482,0,0,0,0,0,0,0,0,0,0,0,0
0.036601,0.043901,0.040994,0,0,0,0,0,0,0,0,0,0,0,0
0.039687,0.042669,0.052469,0,0,0,0,0,0,0,0,0,0,0,0
0.051834,0.048641,0.05188,0,0,0,0,0,0,0,0,0,0,0,0
0.040346,0.044484,0.03859,0,0,0,0,0,0,0,0,0,0,0,0
0.039447,0.038361,0.039862,0,0,0,0,0,0,0,0,0,0,0,0
0.03215,0.031936,0.052275,0,0,0,0,0,0,0,0,0,0,0,0
0.033323,0.041407,0.038654,0,0,0,0,0,0,0,0,0,0,0,0
0.042384,0.039669,0.038058,0,0,0,0,0,0,0,0,0,0,0,0
0.04261,0.044952,0.044254,0,0,0,0,0,0,0,0,0,0,0,0
0.031333,0.03075,0.036333,0,0,0,0,0,0,0,0,0,0,0,0
0.033717,0.032601,0.041617,0,0,0,0,0,0,0,0,0,0,0,0
0.037239,0.036145,0.034348,0,0,0,0,0,0,0,0,0,0,0,0
0.037357,0.03797,0.03974,0,0,0,0,0,0,0,0,0,0,0,0
0.044267,0.049818,0.042005,0,0,0,0,0,0,0,0,0,0,0,0
0.066039,0.076206,0.069443,0,0,0,0,0,0,0,0,0,0,0,0
0.054611,0.045707,0.065288,0,0,0,0,0,0,0,0,0,0,0,0
0.039217,0.038385,0.038942,0,0,0,0,0,0,0,0,0,0,0,0
0.056194,0.052385,0.04904,0,0,0,0,0,0,0,0,0,0,0,0
0.034887,0.03982,0.039862,0,0,0,0,0,0,0,0,0,0,0,0
0.042709,0.032269,0.032296,0,0,0,0,0,0,0,0,0,0,0,0
0.050626,0.04019,0.044691,0,0,0,0,0,0,0,0,0,0,0,0
0.043887,0.037733,0.036266,0,0,0,0,0,0,0,0,0,0,0,0
0.048929,0.039708,0.034809,0,0,0,0,0,0,0,0,0,0,0,0
0.04248,0.034125,0.03998,0,0,0,0,0,0,0,0,0,0,0,0
0.047945,0.047322,0.042626,0,0,0,0,0,0,0,0,0,0,0,0
0.035896,0.031671,0.039359,0,0,0,0,0,0,0,0,0,0,0,0
0.032831,0.03516,0.036553,0,0,0,0,0,0,0,0,0,0,0,0
0.034152,0.033769,0.034078,0,0,0,0,0,0,0,0,0,0,0,0
0.03292,0.03137,0.040869,0,0,0,0,0,0,0,0,0,0,0,0
0.044548,0.04114,0.038563,0,0,0,0,0,0,0,0,0,0,0,0
0.041959,0.032183,0.035957,0,0,0,0,0,0,0,0,0,0,0,0
0.042207,0.040322,0.037176,0,0,0,0,0,0,0,0,0,0,0,0
0.033558,0.032756,0.0369,0,0,0,0,0,0,0,0,0,0,0,0
0.081638,0.035595,0.039497,0,0,0,0,0,0,0,0,0,0,0,0
0.045852,0.044471,0.049496,0,0,0,0,0,0,0,0,0,0,0,0
0.051774,0.037252,0.038932,0,0,0,0,0,0,0,0,0,0,0,0
0.042957,0.036261,0.033433,0,0,0,0,0,0,0,0,0,0,0,0
0.041057,0.041495,0.043423,0,0,0,0,0,0,0,0,0,0,0,0
0.033598,0.035135,0.034848,0,0,0,0,0,0,0,0,0,0,0,0
0.042942,0.032721,0.044651,0,0,0,0,0,0,0,0,0,0,0,0
0.037166,0.034234,0.038683,0,0,0,0,0,0,0,0,0,0,0,0
0.044119,0.034291,0.040589,0,0,0,0,0,0,0,0,0,0,0,0
0.035108,0.045332,0.039086,0,0,0,0,0,0,0,0,0,0,0,0
0.050173,0.035559,0.038154,0,0,0,0,0,0,0,0,0,0,0,0
0.046994,0.033222,0.033818,0,0,0,0,0,0,0,0,0,0,0,0
0.04084,0.042781,0.034253,0,0,0,0,0,0,0,0,0,0,0,0
0.042727,0.031195,0.03418,0,0,0,0,0,0,0,0,0,0,0,0
0.048422,0.043623,0.051535,0,0,0,0,0,0,0,0,0,0,0,0
0.03832,0.04082,0.032978,0,0,0,0,0,0,0,0,0,0,0,0
0.060261,0.040805,0.041109,0,0,0,0,0,0,0,0,0,0,0,0
0.066288,0.032206,0.035272,0,0,0,0,0,0,0,0,0,0,0,0
0.04079,0.044376,0.034072,0,0,0,0,0,0,0,0,0,0,0,0
0.037432,0.041684,0.03419,0,0,0,0,0,0,0,0,0,0,0,0
0.040773,0.042351,0.039311,0,0,0,0,0,0,0,0,0,0,0,0
0.034566,0.033757,0.038402,0,0,0,0,0,0,0,0,0,0,0,0
0.0562,0.046691,0.044441,0,0,0,0,0,0,0,0,0,0,0,0
0.035033,0.040123,0.033396,0,0,0,0,0,0,0,0,0,0,0,0
0.036184,0.031514,0.032516,0,0,0,0,0,0,0,0,0,0,0,0
0.037331,0.03517,0.04161,0,0,0,0,0,0,0,0,0,0,0,0
0.032541,0.032847,0.037014,0,0,0,0,0,0,0,0,0,0,0,0
0.035536,0.042277,0.030694,0,0,0,0,0,0,0,0,0,0,0,0
0.042478,0.034374,0.034732,0,0,0,0,0,0,0,0,0,0,0,0
0.039369,0.034588,0.034189,0,0,0,0,0,0,0,0,0,0,0,0
0.035003,0.039924,0.031067,0,0,0,0,0,0,0,0,0,0,0,0
0.03356,0.031438,0.03174,0,0,0,0,0,0,0,0,0,0,0,0
0.037242,0.045108,0.035679,0,0,0,0,0,0,0,0,0,0,0,0
0.046251,0.039794,0.044235,0,0,0,0,0,0,0,0,0,0,0,0
0.040226,0.035669,0.037115,0,0,0,0,0,0,0,0,0,0,0,0
0.04117,0.038354,0.040486,0,0,0,0,0,0,0,0,0,0,0,0
0.037274,0.03281,0.034458,0,0,0,0,0,0,0,0,0,0,0,0
0.036502,0.031404,0.032432,0,0,0,0,0,0,0,0,0,0,0,0
0.042367,0.034726,0.030896,0,0,0,0,0,0,0,0,0,0,0,0
0.042368,0.038754,0.039187,0,0,0,0,0,0,0,0,0,0,0,0
0.040787,0.032142,0.033631,0,0,0,0,0,0,0,0,0,0,0,0
0.036909,0.037934,0.033627,0,0,0,0,0,0,0,0,0,0,0,0
0.038361,0.031557,0.040894,0,0,0,0,0,0,0,0,0,0,0,0
0.038793,0.039999,0.034771,0,0,0,0,0,0,0,0,0,0,0,0
0.031535,0.030479,0.034856,0,0,0,0,0,0,0,0,0,0,0,0
0.051237,0.034397,0.032791,0,0,0,0,0,0,0,0,0,0,0,0
0.030905,0.03505,0.039223,0,0,0,0,0,0,0,0,0,0,0,0
0.04041,0.031075,0.039889,0,0,0,0,0,0,0,0,0,0,0,0
0.034626,0.033608,0.038241,0,0,0,0,0,0,0,0,0,0,0,0
0.031347,0.033666,0.045492,0,0,0,0,0,0,0,0,0,0,0,0
0.045019,0.036132,0.041443,0,0,0,0,0,0,0,0,0,0,0,0
0.042371,0.031257,0.036397,0,0,0,0,0,0,0,0,0,0,0,0
0.045724,0.036105,0.03695,0,0,0,0,0,0,0,0,0,0,0,0
0.037474,0.037645,0.044153,0,0,0,0,0,0,0,0,0,0,0,0
0.045653,0.031394,0.036663,0,0,0,0,0,0,0,0,0,0,0,0
0.052903,0.038601,0.04424,0,0,0,0,0,0,0,0,0,0,0,0
0.0378,0.031565,0.037418,0,0,0,0,0,0,0,0,0,0,0,0
0.032814,0.032209,0.028923,0,0,0,0,0,0,0,0,0,0,0,0
0.033884,0.029625,0.03293,0,0,0,0,0,0,0,0,0,0,0,0
0.041264,0.030071,0.033436,0,0,0,0,0,0,0,0,0,0,0,0
0.03284,0.030479,0.030435,0,0,0,0,0,0,0,0,0,0,0,0
0.044066,0.031798,0.033007,0,0,0,0,0,0,0,0,0,0,0,0
0.031234,0.045623,0.029397,0,0,0,0,0,0,0,0,0,0,0,0
0.041904,0.03347,0.041827,0,0,0,0,0,0,0,0,0,0,0,0
0.045445,0.036429,0.038967,0,0,0,0,0,0,0,0,0,0,0,0
0.070912,0.034876,0.04173,0,0,0,0,0,0,0,0,0,0,0,0
0.034458,0.031828,0.038185,0,0,0,0,0,0,0,0,0,0,0,0
0.047285,0.040984,0.03929,0,0,0,0,0,0,0,0,0,0,0,0
0.030518,0.029625,0.031578,0,0,0,0,0,0,0,0,0,0,0,0
0.036364,0.03141,0.036263,0,0,0,0,0,0,0,0,0,0,0,0
0.033628,0.04327,0.037744,0,0,0,0,0,0,0,0,0,0,0,0
0.032804,0.030955,0.052964,0,0,0,0,0,0,0,0,0,0,0,0
0.036604,0.03642,0.032815,0,0,0,0,0,0,0,0,0,0,0,0
0.039372,0.034887,0.034078,0,0,0,0,0,0,0,0,0,0,0,0
0.031091,0.030633,0.029714,0,0,0,0,0,0,0,0,0,0,0,0
0.031809,0.036537,0.030567,0,0,0,0,0,0,0,0,0,0,0,0
0.038933,0.040837,0.035573,0,0,0,0,0,0,0,0,0,0,0,0
0.03302,0.033431,0.034544,0,0,0,0,0,0,0,0,0,0,0,0
0.031356,0.039883,0.037979,0,0,0,0,0,0,0,0,0,0,0,0
0.031617,0.038263,0.040799,0,0,0,0,0,0,0,0,0,0,0,0
0.036702,0.036533,0.031105,0,0,0,0,0,0,0,0,0,0,0,0
0.029986,0.031449,0.030737,0,0,0,0,0,0,0,0,0,0,0,0
0.033099,0.031904,0.037237,0,0,0,0,0,0,0,0,0,0,0,0
0.040121,0.031703,0.030496,0,0,0,0,0,0,0,0,0,0,0,0
0.02982,0.037093,0.038206,0,0,0,0,0,0,0,0,0,0,0,0
0.030759,0.042539,0.034067,0,0,0,0,0,0,0,0,0,0,0,0
0.041043,0.036108,0.043587,0,0,0,0,0,0,0,0,0,0,0,0
0.050187,0.054387,0.055562,0,0,0,0,0,0,0,0,0,0,0,0
0.068878,0.070976,0.067641,0,0,0,0,0,0,0,0,0,0,0,0
0.033331,0.039495,0.033106,0,0,0,0,0,0,0,0,0,0,0,0
0.033985,0.037985,0.037144,0,0,0,0,0,0,0,0,0,0,0,0
0.052664,0.064073,0.061923,0,0,0,0,0,0,0,0,0,0,0,0
0.056663,0.059811,0.051162,0,0,0,0,0,0,0,0,0,0,0,0
0.035844,0.045792,0.038948,0,0,0,0,0,0,0,0,0,0,0,0
0.043137,0.041224,0.043947,0,0,0,0,0,0,0,0,0,0,0,0
0.080936,0.080793,0.073462,0,0,0,0,0,0,0,0,0,0,0,0
0.062494,0.062187,0.057503,0,0,0,0,0,0,0,0,0,0,0,0
0.086295,0.086067,0.096811,0,0,0,0,0,0,0,0,0,0,0,0
0.11025,0.11143,0.10957,0,0,0,0,0,0,0,0,0,0,0,0
0.072891,0.074484,0.082756,0,0,0,0,0,0,0,0,0,0,0,0
NaN,NaN,NaN,0,0,0,0,0,0,0,0,0,0,0,0
NaN,NaN,NaN,0,0,0,0,0,0,0,0,0,0,0,0
NaN,NaN,NaN,0,0,0,0,0,0,0,0,0,0,0,0
NaN,NaN,NaN,0,0,0,0,0,0,0,0,0,0,0,0
0.01281,0.017438,0.012019,0,0,0,0,0,0,0,0,0,0,0,0
0.039492,0.034702,0.032987,0,0,0,0,0,0,0,0,0,0,0,0
0.031608,0.035208,0.033677,0,0,0,0,0,0,0,0,0,0,0,0
0.031731,0.033754,0.036078,0,0,0,0,0,0,0,0,0,0,0,0
0.039028,0.032123,0.036546,0,0,0,0,0,0,0,0,0,0,0,0
0.033528,0.033665,0.037477,0,0,0,0,0,0,0,0,0,0,0,0
0.053271,0.050186,0.033577,0,0,0,0,0,0,0,0,0,0,0,0
0.037012,0.031213,0.041135,0,0,0,0,0,0,0,0,0,0,0,0
0.036622,0.03239,0.043249,0,0,0,0,0,0,0,0,0,0,0,0
0.03309,0.047584,0.042007,0,0,0,0,0,0,0,0,0,0,0,0
0.037741,0.040417,0.04807,0,0,0,0,0,0,0,0,0,0,0,0
0.033849,0.040713,0.038572,0,0,0,0,0,0,0,0,0,0,0,0
0.033723,0.034249,0.032849,0,0,0,0,0,0,0,0,0,0,0,0
0.03547,0.031558,0.044282,0,0,0,0,0,0,0,0,0,0,0,0
0.038349,0.030673,0.031745,0,0,0,0,0,0,0,0,0,0,0,0
0.045313,0.047033,0.036159,0,0,0,0,0,0,0,0,0,0,0,0
0.035781,0.037312,0.035815,0,0,0,0,0,0,0,0,0,0,0,0
0.03535,0.036577,0.041628,0,0,0,0,0,0,0,0,0,0,0,0
0.035806,0.032873,0.034531,0,0,0,0,0,0,0,0,0,0,0,0
0.033248,0.03983,0.03192,0,0,0,0,0,0,0,0,0,0,0,0
0.041172,0.031576,0.037737,0,0,0,0,0,0,0,0,0,0,0,0
0.039326,0.041681,0.032327,0,0,0,0,0,0,0,0,0,0,0,0
0.04803,0.033266,0.035126,0,0,0,0,0,0,0,0,0,0,0,0
0.041323,0.049584,0.036419,0,0,0,0,0,0,0,0,0,0,0,0
0.032585,0.041356,0.037667,0,0,0,0,0,0,0,0,0,0,0,0
0.03233,0.036651,0.049963,0,0,0,0,0,0,0,0,0,0,0,0
0.045053,0.040001,0.040107,0,0,0,0,0,0,0,0,0,0,0,0
0.031502,0.039206,0.03356,0,0,0,0,0,0,0,0,0,0,0,0
0.033532,0.031823,0.033708,0,0,0,0,0,0,0,0,0,0,0,0
0.032734,0.034734,0.035564,0,0,0,0,0,0,0,0,0,0,0,0
0.031547,0.037882,0.032119,0,0,0,0,0,0,0,0,0,0,0,0
0.031676,0.037989,0.034048,0,0,0,0,0,0,0,0,0,0,0,0
0.034257,0.033467,0.03164,0,0,0,0,0,0,0,0,0,0,0,0
0.03681,0.033501,0.03215,0,0,0,0,0,0,0,0,0,0,0,0
0.034903,0.030407,0.033139,0,0,0,0,0,0,0,0,0,0,0,0
0.035282,0.038088,0.032942,0,0,0,0,0,0,0,0,0,0,0,0
0.032376,0.030848,0.034981,0,0,0,0,0,0,0,0,0,0,0,0
0.034583,0.032581,0.035137,0,0,0,0,0,0,0,0,0,0,0,0
0.036559,0.037557,0.035381,0,0,0,0,0,0,0,0,0,0,0,0
0.038057,0.038612,0.040281,0,0,0,0,0,0,0,0,0,0,0,0
0.037827,0.032689,0.031206,0,0,0,0,0,0,0,0,0,0,0,0
0.033203,0.030874,0.048242,0,0,0,0,0,0,0,0,0,0,0,0
0.035238,0.030905,0.034172,0,0,0,0,0,0,0,0,0,0,0,0
0.032461,0.034396,0.05322,0,0,0,0,0,0,0,0,0,0,0,0
0.037042,0.034201,0.037515,0,0,0,0,0,0,0,0,0,0,0,0
0.035028,0.040037,0.030975,0,0,0,0,0,0,0,0,0,0,0,0
0.03556,0.038566,0.030494,0,0,0,0,0,0,0,0,0,0,0,0
0.035204,0.032596,0.032761,0,0,0,0,0,0,0,0,0,0,0,0
0.035301,0.033117,0.041401,0,0,0,0,0,0,0,0,0,0,0,0
0.042243,0.033353,0.03751,0,0,0,0,0,0,0,0,0,0,0,0
0.033715,0.03476,0.040789,0,0,0,0,0,0,0,0,0,0,0,0
0.043962,0.031265,0.031241,0,0,0,0,0,0,0,0,0,0,0,0
0.037496,0.043067,0.041201,0,0,0,0,0,0,0,0,0,0,0,0
0.037152,0.036598,0.030305,0,0,0,0,0,0,0,0,0,0,0,0
0.040969,0.035113,0.037315,0,0,0,0,0,0,0,0,0,0,0,0
0.032907,0.03832,0.031458,0,0,0,0,0,0,0,0,0,0,0,0
0.044738,0.04061,0.041026,0,0,0,0,0,0,0,0,0,0,0,0
0.037762,0.030905,0.036681,0,0,0,0,0,0,0,0,0,0,0,0
0.03372,0.039279,0.032141,0,0,0,0,0,0,0,0,0,0,0,0
0.036899,0.038288,0.047375,0,0,0,0,0,0,0,0,0,0,0,0
0.038435,0.038796,0.03477,0,0,0,0,0,0,0,0,0,0,0,0
0.032667,0.034114,0.032014,0,0,0,0,0,0,0,0,0,0,0,0
0.032631,0.031895,0.044147,0,0,0,0,0,0,0,0,0,0,0,0
0.03736,0.042519,0.041444,0,0,0,0,0,0,0,0,0,0,0,0
0.035848,0.03512,0.030788,0,0,0,0,0,0,0,0,0,0,0,0
0.038401,0.0337,0.036707,0,0,0,0,0,0,0,0,0,0,0,0
0.037928,0.034334,0.036283,0,0,0,0,0,0,0,0,0,0,0,0
0.034302,0.034581,0.032396,0,0,0,0,0,0,0,0,0,0,0,0
0.031936,0.033398,0.042191,0,0,0,0,0,0,0,0,0,0,0,0
0.038125,0.03854,0.037701,0,0,0,0,0,0,0,0,0,0,0,0
0.032758,0.033001,0.036062,0,0,0,0,0,0,0,0,0,0,0,0
0.045871,0.031904,0.030657,0,0,0,0,0,0,0,0,0,0,0,0
0.033921,0.036494,0.030572,0,0,0,0,0,0,0,0,0,0,0,0
0.04069,0.041327,0.03183,0,0,0,0,0,0,0,0,0,0,0,0
0.032267,0.034448,0.03233,0,0,0,0,0,0,0,0,0,0,0,0
0.031681,0.034502,0.030458,0,0,0,0,0,0,0,0,0,0,0,0
0.038143,0.034187,0.0363,0,0,0,0,0,0,0,0,0,0,0,0
0.050054,0.039518,0.040594,0,0,0,0,0,0,0,0,0,0,0,0
0.037712,0.041467,0.03788,0,0,0,0,0,0,0,0,0,0,0,0
0.037088,0.040274,0.032592,0,0,0,0,0,0,0,0,0,0,0,0
0.035448,0.031091,0.030472,0,0,0,0,0,0,0,0,0,0,0,0
0.034733,0.036349,0.034972,0,0,0,0,0,0,0,0,0,0,0,0
0.033831,0.033334,0.037016,0,0,0,0,0,0,0,0,0,0,0,0
0.033171,0.042989,0.049847,0,0,0,0,0,0,0,0,0,0,0,0
0.038582,0.030728,0.036941,0,0,0,0,0,0,0,0,0,0,0,0
0.041139,0.033041,0.037693,0,0,0,0,0,0,0,0,0,0,0,0
0.035619,0.031582,0.035858,0,0,0,0,0,0,0,0,0,0,0,0
0.038424,0.036865,0.044463,0,0,0,0,0,0,0,0,0,0,0,0
0.043012,0.032254,0.032429,0,0,0,0,0,0,0,0,0,0,0,0
0.043075,0.033593,0.040621,0,0,0,0,0,0,0,0,0,0,0,0
0.04466,0.035935,0.035851,0,0,0,0,0,0,0,0,0,0,0,0
0.037313,0.031487,0.031464,0,0,0,0,0,0,0,0,0,0,0,0
0.041281,0.033793,0.035172,0,0,0,0,0,0,0,0,0,0,0,0
0.042472,0.041935,0.042383,0,0,0,0,0,0,0,0,0,0,0,0
0.040873,0.039258,0.041754,0,0,0,0,0,0,0,0,0,0,0,0
0.039418,0.040112,0.035471,0,0,0,0,0,0,0,0,0,0,0,0
0.038771,0.040046,0.04809,0,0,0,0,0,0,0,0,0,0,0,0
0.040593,0.042641,0.031708,0,0,0,0,0,0,0,0,0,0,0,0
0.037121,0.036506,0.036821,0,0,0,0,0,0,0,0,0,0,0,0
0.041009,0.035823,0.032631,0,0,0,0,0,0,0,0,0,0,0,0
0.037457,0.034911,0.044143,0,0,0,0,0,0,0,0,0,0,0,0
0.037483,0.030596,0.032754,0,0,0,0,0,0,0,0,0,0,0,0
0.03561,0.030303,0.038826,0,0,0,0,0,0,0,0,0,0,0,0
0.04408,0.030878,0.031733,0,0,0,0,0,0,0,0,0,0,0,0
0.041045,0.030678,0.031985,0,0,0,0,0,0,0,0,0,0,0,0
0.040392,0.03275,0.037295,0,0,0,0,0,0,0,0,0,0,0,0
0.042793,0.0356,0.032955,0,0,0,0,0,0,0,0,0,0,0,0
0.033631,0.03328,0.030666,0,0,0,0,0,0,0,0,0,0,0,0
0.043616,0.032831,0.038772,0,0,0,0,0,0,0,0,0,0,0,0
0.040841,0.030249,0.039334,0,0,0,0,0,0,0,0,0,0,0,0
0.036295,0.035092,0.033467,0,0,0,0,0,0,0,0,0,0,0,0
0.038988,0.03145,0.030292,0,0,0,0,0,0,0,0,0,0,0,0
0.041026,0.040924,0.030977,0,0,0,0,0,0,0,0,0,0,0,0
0.040505,0.034569,0.039242,0,0,0,0,0,0,0,0,0,0,0,0
0.03468,0.031685,0.030987,0,0,0,0,0,0,0,0,0,0,0,0
0.03552,0.030953,0.035771,0,0,0,0,0,0,0,0,0,0,0,0
0.045726,0.034309,0.033403,0,0,0,0,0,0,0,0,0,0,0,0
0.037707,0.040431,0.03225,0,0,0,0,0,0,0,0,0,0,0,0
0.041892,0.037644,0.030821,0,0,0,0,0,0,0,0,0,0,0,0
0.038407,0.031796,0.030451,0,0,0,0,0,0,0,0,0,0,0,0
0.037808,0.043253,0.031897,0,0,0,0,0,0,0,0,0,0,0,0
0.03717,0.03069,0.030753,0,0,0,0,0,0,0,0,0,0,0,0
0.036274,0.030208,0.030929,0,0,0,0,0,0,0,0,0,0,0,0
0.036261,0.030347,0.037688,0,0,0,0,0,0,0,0,0,0,0,0
0.041659,0.033639,0.038283,0,0,0,0,0,0,0,0,0,0,0,0
0.047982,0.031048,0.031927,0,0,0,0,0,0,0,0,0,0,0,0
0.046965,0.037779,0.03656,0,0,0,0,0,0,0,0,0,0,0,0
0.039565,0.03538,0.032811,0,0,0,0,0,0,0,0,0,0,0,0
0.042949,0.032629,0.039173,0,0,0,0,0,0,0,0,0,0,0,0
0.032779,0.03157,0.032858,0,0,0,0,0,0,0,0,0,0,0,0
0.037404,0.038045,0.042875,0,0,0,0,0,0,0,0,0,0,0,0
0.04156,0.030799,0.030154,0,0,0,0,0,0,0,0,0,0,0,0
0.053739,0.039144,0.035695,0,0,0,0,0,0,0,0,0,0,0,0
0.038272,0.044325,0.038912,0,0,0,0,0,0,0,0,0,0,0,0
0.048303,0.042926,0.032594,0,0,0,0,0,0,0,0,0,0,0,0
0.03424,0.036156,0.035135,0,0,0,0,0,0,0,0,0,0,0,0
0.037154,0.041307,0.043425,0,0,0,0,0,0,0,0,0,0,0,0
0.041776,0.039177,0.034538,0,0,0,0,0,0,0,0,0,0,0,0
0.040816,0.058266,0.032959,0,0,0,0,0,0,0,0,0,0,0,0
0.049518,0.035635,0.036916,0,0,0,0,0,0,0,0,0,0,0,0
0.043539,0.040083,0.037999,0,0,0,0,0,0,0,0,0,0,0,0
0.035662,0.043165,0.037202,0,0,0,0,0,0,0,0,0,0,0,0
0.037879,0.032948,0.047289,0,0,0,0,0,0,0,0,0,0,0,0
0.042069,0.034748,0.038609,0,0,0,0,0,0,0,0,0,0,0,0
0.038515,0.042641,0.034017,0,0,0,0,0,0,0,0,0,0,0,0
0.04302,0.045729,0.037667,0,0,0,0,0,0,0,0,0,0,0,0
0.044316,0.038957,0.033111,0,0,0,0,0,0,0,0,0,0,0,0
0.045139,0.032191,0.049461,0,0,0,0,0,0,0,0,0,0,0,0
0.049048,0.033895,0.036681,0,0,0,0,0,0,0,0,0,0,0,0
0.047953,0.033886,0.039542,0,0,0,0,0,0,0,0,0,0,0,0
0.06933,0.032451,0.032314,0,0,0,0,0,0,0,0,0,0,0,0
0.050417,0.032915,0.032347,0,0,0,0,0,0,0,0,0,0,0,0
0.052713,0.051509,0.032124,0,0,0,0,0,0,0,0,0,0,0,0
0.048545,0.033694,0.035424,0,0,0,0,0,0,0,0,0,0,0,0
0.05674,0.03452,0.036671,0,0,0,0,0,0,0,0,0,0,0,0
0.054576,0.03833,0.03836,0,0,0,0,0,0,0,0,0,0,0,0
0.052754,0.034375,0.03334,0,0,0,0,0,0,0,0,0,0,0,0
0.050936,0.03411,0.039121,0,0,0,0,0,0,0,0,0,0,0,0
0.050407,0.039727,0.037436,0,0,0,0,0,0,0,0,0,0,0,0
0.051622,0.042091,0.040656,0,0,0,0,0,0,0,0,0,0,0,0
0.049364,0.034328,0.035999,0,0,0,0,0,0,0,0,0,0,0,0
0.045062,0.033506,0.039988,0,0,0,0,0,0,0,0,0,0,0,0
0.041339,0.03207,0.03305,0,0,0,0,0,0,0,0,0,0,0,0
0.03703,0.039293,0.03362,0,0,0,0,0,0,0,0,0,0,0,0
0.039584,0.035025,0.043514,0,0,0,0,0,0,0,0,0,0,0,0
0.036004,0.037443,0.035378,0,0,0,0,0,0,0,0,0,0,0,0
0.038299,0.03466,0.031954,0,0,0,0,0,0,0,0,0,0,0,0
0.03836,0.042999,0.035153,0,0,0,0,0,0,0,0,0,0,0,0
0.040806,0.034616,0.032642,0,0,0,0,0,0,0,0,0,0,0,0
0.037286,0.03071,0.034228,0,0,0,0,0,0,0,0,0,0,0,0
0.051264,0.032614,0.032849,0,0,0,0,0,0,0,0,0,0,0,0
0.04042,0.036726,0.031835,0,0,0,0,0,0,0,0,0,0,0,0
0.039637,0.033184,0.035155,0,0,0,0,0,0,0,0,0,0,0,0
0.042836,0.033089,0.043088,0,0,0,0,0,0,0,0,0,0,0,0
0.040761,0.030112,0.033548,0,0,0,0,0,0,0,0,0,0,0,0
0.041483,0.032074,0.032468,0,0,0,0,0,0,0,0,0,0,0,0
0.034763,0.04007,0.038721,0,0,0,0,0,0,0,0,0,0,0,0
0.047829,0.032386,0.034943,0,0,0,0,0,0,0,0,0,0,0,0
0.040723,0.036172,0.034438,0,0,0,0,0,0,0,0,0,0,0,0
0.037416,0.0393,0.032759,0,0,0,0,0,0,0,0,0,0,0,0
0.035008,0.036779,0.036587,0,0,0,0,0,0,0,0,0,0,0,0
0.030669,0.029964,0.036277,0,0,0,0,0,0,0,0,0,0,0,0
0.039885,0.042187,0.037035,0,0,0,0,0,0,0,0,0,0,0,0
0.034926,0.029783,0.030364,0,0,0,0,0,0,0,0,0,0,0,0
0.042321,0.033167,0.03145,0,0,0,0,0,0,0,0,0,0,0,0
0.04653,0.042244,0.03279,0,0,0,0,0,0,0,0,0,0,0,0
0.037731,0.039104,0.032517,0,0,0,0,0,0,0,0,0,0,0,0
0.040383,0.04078,0.035185,0,0,0,0,0,0,0,0,0,0,0,0
0.03988,0.050628,0.033896,0,0,0,0,0,0,0,0,0,0,0,0
0.045276,0.035097,0.035044,0,0,0,0,0,0,0,0,0,0,0,0
0.044217,0.032289,0.0452,0,0,0,0,0,0,0,0,0,0,0,0
0.039555,0.039515,0.032792,0,0,0,0,0,0,0,0,0,0,0,0
0.041429,0.042776,0.032673,0,0,0,0,0,0,0,0,0,0,0,0
0.039699,0.032923,0.032438,0,0,0,0,0,0,0,0,0,0,0,0
0.048084,0.03192,0.035183,0,0,0,0,0,0,0,0,0,0,0,0
0.035341,0.031579,0.035914,0,0,0,0,0,0,0,0,0,0,0,0
0.045409,0.032885,0.03573,0,0,0,0,0,0,0,0,0,0,0,0
0.05489,0.039237,0.031757,0,0,0,0,0,0,0,0,0,0,0,0
0.0462,0.041804,0.043302,0,0,0,0,0,0,0,0,0,0,0,0
0.040325,0.033712,0.036057,0,0,0,0,0,0,0,0,0,0,0,0
0.042805,0.036376,0.035718,0,0,0,0,0,0,0,0,0,0,0,0
0.046728,0.043458,0.034228,0,0,0,0,0,0,0,0,0,0,0,0
0.051935,0.038571,0.038113,0,0,0,0,0,0,0,0,0,0,0,0
0.04462,0.032071,0.035264,0,0,0,0,0,0,0,0,0,0,0,0
0.038236,0.03535,0.034049,0,0,0,0,0,0,0,0,0,0,0,0
0.051154,0.031159,0.028761,0,0,0,0,0,0,0,0,0,0,0,0
0.050654,0.035956,0.038041,0,0,0,0,0,0,0,0,0,0,0,0
0.045959,0.038179,0.034336,0,0,0,0,0,0,0,0,0,0,0,0
0.044978,0.040538,0.038613,0,0,0,0,0,0,0,0,0,0,0,0
0.030619,0.044161,0.035426,0,0,0,0,0,0,0,0,0,0,0,0
0.049151,0.035039,0.041864,0,0,0,0,0,0,0,0,0,0,0,0
0.043373,0.033499,0.039939,0,0,0,0,0,0,0,0,0,0,0,0
0.05534,0.034205,0.041887,0,0,0,0,0,0,0,0,0,0,0,0
0.049905,0.03264,0.034941,0,0,0,0,0,0,0,0,0,0,0,0
0.040113,0.037354,0.033826,0,0,0,0,0,0,0,0,0,0,0,0
0.046809,0.040055,0.036529,0,0,0,0,0,0,0,0,0,0,0,0
0.040807,0.032755,0.035123,0,0,0,0,0,0,0,0,0,0,0,0
0.040992,0.033753,0.037348,0,0,0,0,0,0,0,0,0,0,0,0
0.045813,0.039141,0.037181,0,0,0,0,0,0,0,0,0,0,0,0
0.052926,0.035122,0.035931,0,0,0,0,0,0,0,0,0,0,0,0
0.053623,0.035483,0.03308,0,0,0,0,0,0,0,0,0,0,0,0
0.042459,0.036453,0.042087,0,0,0,0,0,0,0,0,0,0,0,0
0.04455,0.034457,0.033912,0,0,0,0,0,0,0,0,0,0,0,0
0.043496,0.041388,0.037271,0,0,0,0,0,0,0,0,0,0,0,0
0.046231,0.038763,0.033848,0,0,0,0,0,0,0,0,0,0,0,0
0.034435,0.041009,0.045533,0,0,0,0,0,0,0,0,0,0,0,0
0.046859,0.037423,0.044938,0,0,0,0,0,0,0,0,0,0,0,0
0.040064,0.035354,0.037236,0,0,0,0,0,0,0,0,0,0,0,0
0.044543,0.037306,0.032175,0,0,0,0,0,0,0,0,0,0,0,0
0.038453,0.045808,0.048126,0,0,0,0,0,0,0,0,0,0,0,0
