0.026345
0.07371
0.074246
0.07627
0.076948
0.068622
0.079192
0.06842
0.069159
0.068549
0.066662
0.069311
0.066362
0.077244
0.068799
0.069808
0.069105
0.069322
0.079704
0.073016
0.073089
0.070677
0.076028
0.069941
0.073695
0.068114
0.071392
0.074249
0.070015
0.06822
0.074102
0.068501
0.071196
0.067596
0.068343
0.067871
0.078187
0.11607
0.06777
0.076664
0.08922
0.074849
0.07294
0.077014
0.075999
0.070891
0.071541
0.069088
0.072453
0.072575
0.076426
0.072406
0.066269
0.080812
0.067382
0.06675
0.06317
0.068869
0.065758
0.06529
0.064798
0.065432
0.067553
0.066738
0.067891
0.066235
0.063815
0.06455
0.064719
0.0618
0.070777
0.068781
0.063541
0.062254
0.064054
0.068746
0.066503
0.066954
0.11464
0.071783
0.085643
0.071941
0.064165
0.073192
0.087259
0.081751
0.088326
0.078959
0.068727
0.10355
0.081228
0.082658
0.073308
0.076617
0.07489
0.087984
0.078658
0.089243
0.07644
0.088717
0.082392
0.089703
0.074779
0.078501
0.074068
0.074489
0.12369
0.08764
0.077646
0.10623
0.082068
0.073881
0.079926
0.096589
0.090168
0.076674
0.078222
0.086819
0.082762
0.094593
0.083239
0.078513
0.069387
0.075776
0.077719
0.071448
0.072024
0.074095
0.069133
0.069796
0.070367
0.070997
0.06895
0.12395
0.068196
0.069783
0.071967
0.070492
0.071023
0.071122
0.070776
0.073446
0.069771
0.088976
0.074797
0.069154
0.068231
0.07261
0.068516
0.078451
0.072205
0.066963
0.067396
0.069218
0.069152
0.070485
0.075416
0.068113
0.070464
0.071772
0.081801
0.069513
0.068716
0.067831
0.10918
0.067932
0.077176
0.071155
0.072021
0.067232
0.070729
0.078559
0.069682
0.074328
0.070779
0.066556
0.0738
0.069204
0.069756
0.077424
0.074334
0.086656
0.074049
0.074925
0.074614
0.070468
0.06959
0.074765
0.067408
0.11378
0.070836
0.0768
0.080997
0.069863
0.071474
0.07037
0.068837
0.067887
0.069274
0.06935
0.11582
0.068811
0.069231
0.067419
0.067912
0.068178
0.073303
0.072389
0.069641
0.068856
0.070635
0.069066
0.069219
0.072807
0.071777
0.069037
0.078994
0.071743
0.069754
0.070663
0.069824
0.071078
0.071175
0.068769
0.11252
0.067927
0.072128
0.071561
0.069435
0.072223
0.068066
0.074129
0.068546
0.073219
0.067869
0.11215
0.072571
0.068334
0.071022
0.072126
0.06883
0.069132
0.076057
0.06798
0.06995
0.068619
0.074213
0.074179
0.077694
0.076311
0.069543
0.07396
0.083393
0.070741
0.072423
0.076825
0.07779
0.081119
0.071358
0.076568
0.078437
0.070903
0.076066
0.080481
0.068863
0.075809
0.07043
0.071581
0.069379
0.069549
0.070625
0.071128
0.069253
0.074058
0.082057
0.069044
0.078368
0.077963
0.079575
0.093413
0.080525
0.09155
0.09291
0.079352
0.078618
0.079082
0.079891
0.07868
0.099552
0.079467
0.079003
0.078527
0.078125
0.078404
0.082576
0.079158
0.079553
0.084277
0.088514
0.079106
0.087658
0.081185
0.078893
0.08548
0.078333
0.078606
0.088138
0.079862
0.082683
0.078348
0.11885
0.081657
0.079934
0.086599
0.079189
0.079742
0.079353
0.082527
0.081626
0.079318
0.078609
0.083486
0.080235
0.078558
0.079721
0.088715
0.079656
0.078642
0.079272
0.073385
0.069375
0.080179
0.080172
0.080224
0.082812
0.079435
0.12837
0.078893
0.078647
0.086781
0.088088
0.090592
0.081615
0.081803
0.090286
0.090204
0.12397
0.081969
0.078655
0.07817
0.078575
0.078512
0.077654
0.078052
0.085639
