1
328.5313,38.5659,55.3313,68.7773
316.7325,54.9827,85.4252,45.7545
337.8351,56.8338,82.6011,44.9836
2
0
0
0
0
1
321.7120,52.3918,54.3825,59.5117
315.9041,63.8489,60.7645,60.6176
311.1266,59.8211,53.9375,64.4686
2
0
0
0
0
1
320.4123,18.3560,44.0636,45.8995
320.1650,16.2413,44.4917,48.3030
322.9796,20.7211,40.9835,47.1130
324.4218,27.8316,36.4114,42.7604
327.3236,26.8628,40.1441,42.8136
332.7883,27.8495,39.9353,50.7677
335.7439,31.6174,47.7407,50.7547
338.7248,31.1024,44.3617,49.9907
337.2571,27.2025,43.8788,48.0544
334.1674,23.1919,45.7057,33.5095
334.3351,20.9726,48.4911,32.6075
341.8321,20.7155,46.0815,32.3705
352.9547,25.8836,44.3518,31.1384
363.4598,32.1613,45.9768,35.9479
372.9803,40.4873,50.1268,41.2694
395.1234,34.6104,46.0929,51.8766
416.8552,34.8780,46.9784,44.3792
2
0
0
0
0
1
378.0201,119.8322,51.8859,50.8741
368.4029,110.0068,52.5858,54.8271
389.3087,112.2242,60.4849,53.6043
396.4091,108.4301,61.7665,53.2796
2
0
0
0
0
1
292.2420,23.7287,72.8259,69.4224
291.0195,25.7214,73.1680,61.6627
294.8012,27.2971,66.0569,64.5709
301.3296,27.8793,73.0751,64.0132
296.9610,16.2096,72.9150,69.7980
290.3252,11.1111,70.2543,69.3534
289.4487,11.6518,67.5664,65.8374
283.6895,6.4480,70.0571,63.0200
294.7870,3.9285,68.5912,58.7416
299.0048,9.1112,57.5450,53.5866
310.7438,6.9182,55.4797,51.9766
327.3781,3.1799,49.4653,50.3231
334.2436,4.9598,52.4462,51.8724
338.0806,6.8656,56.7420,57.6128
339.8041,11.6727,55.2461,59.0538
329.8482,24.9174,58.6656,55.9907
322.0489,22.4141,60.4441,62.7003
316.9504,11.7175,59.5569,59.0010
312.9682,1.3145,64.2948,62.5871
310.2809,2.0409,61.3330,62.6973
322.6873,1.2021,65.7765,65.3784
325.3987,3.6726,62.5536,65.8391
320.1315,1.3077,64.8890,55.5590
307.7677,6.9925,61.0078,64.7767
287.8867,3.1514,59.4411,69.1344
2
0
0
0
0
1
328.0566,157.3271,116.6641,105.1038
316.5901,180.0026,117.8089,104.7020
315.1338,175.1114,111.5209,124.5371
317.9743,152.6683,101.4263,144.0889
310.0558,150.8036,110.6983,143.5056
2
0
0
0
0
1
139.2687,2.1468,114.9688,126.1805
75.6429,33.7483,130.9693,140.1030
130.2789,33.4156,119.4578,119.8256
131.4129,38.6757,124.3898,120.7066
142.8869,36.4640,128.0780,139.2326
168.9621,3.2716,143.2850,129.5895
