11.657
0.37522
0.26522
0.24522
0.21647
0.25302
0.78863
0.2416
0.20981
0.20349
0.20657
0.21621
0.79898
0.24537
0.20508
0.20747
0.21602
0.22032
0.70776
0.24328
0.22507
0.22521
0.21768
0.22383
0.74233
0.25547
0.24331
0.22178
0.2408
0.23931
0.7001
0.34925
0.27559
0.27791
0.26349
0.24014
0.78487
0.27477
0.25544
0.25516
0.28279
0.52258
0.82587
0.2664
0.30361
0.33089
0.32061
0.29374
0.76713
0.44908
0.32325
0.29415
0.30237
0.26514
0.70213
0.2999
0.29071
0.26426
0.2652
0.25475
0.76716
0.29385
0.26533
0.25978
0.25067
0.31934
0.79856
0.28812
0.30026
0.69385
0.32312
0.306
0.7446
0.39485
0.31059
0.33572
0.83605
0.70024
1.0901
0.29949
0.26581
0.30559
0.60769
0.3971
0.90468
0.53577
0.35566
0.38322
0.33522
0.63501
1.023
0.32949
0.59543
0.59645
0.44638
0.38716
1.1759
0.47058
0.35213
0.63038
0.35192
0.34928
0.87355
0.39448
0.33358
