6.4e-05
0.16113
0.050996
0.050928
0.052757
0.051511
0.050252
0.052705
0.052342
0.05119
0.051584
0.048196
0.048978
0.054102
0.051394
0.049726
0.051287
0.052605
0.051006
0.05615
NaN
0.054408
0.055116
0.055115
0.057709
0.059739
0.057258
0.0604
NaN
0.05437
0.054329
0.057688
0.058859
0.054786
0.056575
0.066281
NaN
0.064245
0.054621
0.054258
0.057115
0.054901
0.056314
0.055959
NaN
0.058887
0.052754
0.052454
0.060592
0.05657
0.052732
0.055574
0.059261
NaN
0.055361
0.058184
0.054781
0.056903
0.054927
0.053923
0.055448
0.05823
NaN
0.06129
0.058381
0.061981
0.060072
0.064478
NaN
0.064205
0.064957
0.061588
0.069349
NaN
0.06751
0.067014
