144.42
0.89543
8.9409
0.70354
9.1284
0.58824
7.9388
0.67548
8.0941
0.73426
10.713
0.74674
9.6637
0.65515
8.3894
0.67571
9.5071
0.7275
8.8077
0.70389
7.0468
0.63747
8.8056
0.7941
8.0108
0.72598
8.3036
0.69095
9.9076
0.6898
9.3393
0.65998
9.4414
0.67454
7.805
0.72485
7.8576
0.57563
8.6944
0.70771
9.2208
0.66974
9.2925
0.60219
8.1949
0.75064
9.1834
0.61717
7.5502
0.73688
8.1096
0.71611
9.6819
0.60713
9.826
0.60829
8.7258
0.6847
8.6307
0.63672
8.727
0.67766
8.7156
0.62579
9.5545
0.80084
8.2947
0.70422
8.4679
0.64333
8.0292
0.83174
8.2353
0.62629
9.2564
0.74575
9.0243
0.76818
7.6161
0.69354
8.5984
0.64571
9.7028
0.70309
7.9509
0.71191
9.5223
0.7218
8.6273
0.65145
8.553
0.75292
8.6449
0.67402
9.8346
0.63237
9.5159
0.67632
8.1694
0.6876
9.8186
0.73137
9.5185
0.63963
10.789
0.66301
9.5489
0.63265
9.742
0.72896
10.86
0.69759
9.1
0.65038
10.093
0.71997
9.398
0.67881
7.2489
0.7095
8.5153
0.69751
9.1786
0.644
10.229
0.68691
7.9773
0.63379
9.3705
0.61748
8.2109
0.66
9.4268
0.71744
9.962
0.75038
8.5593
0.66943
10.83
0.74068
10.593
0.65549
8.3499
0.61829
7.6753
0.66839
9.4786
0.69073
7.9163
0.65927
7.851
0.63647
10.516
0.58579
7.8083
0.71583
10.007
0.68873
11.707
0.67335
8.8444
0.64223
9.0524
0.70152
8.845
0.67367
8.2646
0.69722
8.1218
0.63117
7.8971
0.64208
7.2317
0.62435
8.3717
0.64605
8.857
0.67759
8.0314
0.71236
8.4818
0.70004
8.6746
0.68351
8.5508
0.62542
11.324
0.67633
7.8468
0.72061
10.368
0.67649
8.5357
0.70298
8.4061
0.66409
8.8518
0.71525
8.6946
0.6181
9.8588
0.70006
7.882
0.62938
8.4977
0.71367
7.3821
0.6549
8.9539
0.70731
8.6896
0.5838
9.3582
0.62771
9.4508
0.63166
9.3726
0.78858
10.486
0.69996
10.008
0.69138
7.9804
0.73529
8.8691
0.75865
8.4415
0.67873
9.9883
0.61215
10.136
0.71699
8.7649
0.69409
10.95
0.72392
8.1713
0.68048
8.1109
0.76275
11.925
0.7189
8.1273
0.75124
9.2338
0.64934
8.2758
0.64723
8.8162
0.68424
9.7066
0.72382
9.0983
0.66612
8.113
0.69979
10.188
0.6546
7.6417
0.71751
9.7889
0.66611
7.7788
0.69315
7.9945
0.67865
10.021
0.6589
7.1048
0.66437
10.424
0.62992
8.3988
0.69754
8.6167
0.66926
8.073
0.68516
9.539
0.69295
8.2302
0.59747
8.4838
0.57969
9.6623
0.70483
9.6959
0.61966
9.9271
0.67362
8.6138
0.64618
9.0398
0.60944
7.895
0.63684
9.758
0.65315
8.9649
0.65469
9.3792
0.59299
8.3007
0.81013
8.3755
0.66857
9.7936
0.60027
9.6738
0.65391
8.4053
0.72811
8.1258
0.68079
9.5386
0.64415
9.8679
0.62797
9.2733
0.68634
9.027
0.75428
8.5696
0.62016
7.956
0.63008
9.3756
0.73578
8.9699
0.64099
9.0071
0.77894
9.4023
0.65397
6.496
0.61662
6.5601
0.64351
6.6638
0.68723
7.9037
0.64783
8.1193
0.76528
10.435
0.66869
9.1106
0.61803
8.2798
0.67965
8.6555
0.66951
8.977
0.64643
9.4434
0.6975
7.396
0.67849
8.8601
0.70191
8.3879
0.75435
9.1978
0.68987
9.7845
0.72533
8.2222
0.73763
9.8464
0.68029
8.9603
0.63197
8.5664
0.78119
8.9358
0.69417
9.8068
0.7338
8.5581
0.68537
10.004
0.75801
10.785
0.75765
7.699
0.59605
10.633
0.66495
9.0395
0.72117
9.6725
0.63879
8.439
0.61983
8.4644
0.73481
8.4899
0.79218
8.3073
0.65836
9.3191
0.68827
4.3598
0.60747
5.8182
0.61325
4.9542
0.60013
6.6016
0.60785
9.8287
0.62718
9.7003
0.69749
7.8756
0.61798
6.6226
0.60584
6.4516
0.61279
8.24
0.62595
8.9728
0.68218
8.2138
0.65957
8.6513
0.73217
9.6717
0.64384
9.8883
0.84635
8.4839
0.60945
8.8852
0.67642
8.5454
0.5981
8.3583
0.607
8.2879
0.64051
8.6729
0.63272
9.2713
0.7024
7.4654
0.69948
8.883
0.68687
8.4072
0.62503
7.8456
0.64475
10.979
0.59231
8.2245
0.65792
9.7491
0.59916
7.1696
0.69819
8.643
0.6415
8.5763
0.72303
8.2013
0.67437
8.5398
0.58986
8.2835
0.7227
10.22
0.73737
9.8135
0.61962
8.7267
0.76217
8.2896
0.67501
8.0472
0.65936
9.8691
0.667
7.9754
0.571
8.0229
0.61536
8.0229
0.66429
7.7976
0.59143
7.6523
0.63612
8.9277
0.62723
9.3405
0.69847
7.0102
0.63768
7.308
0.6616
5.9785
0.65548
12.55
0.64621
12.636
0.63643
15.616
0.653
14.249
0.7443
14.917
0.6863
14.511
0.89001
12.819
0.6732
14.277
0.65385
12.547
0.64078
13.23
0.80745
13.578
0.77389
12.796
0.76826
13.412
0.64958
6.7251
0.60317
6.9222
0.61089
8.2003
0.74976
9.0879
0.66309
9.1259
0.70434
7.5369
0.61494
8.1697
0.67942
8.739
0.689
9.9147
0.70098
7.6333
0.75848
7.1802
0.60878
7.606
0.61082
4.4077
0.58539
4.0336
0.57507
4.8583
0.59801
5.3351
0.70976
8.7543
0.731
10.139
0.68729
8.0342
0.66278
8.9112
0.61737
9.0308
0.62903
8.7974
0.60893
8.3878
0.66494
8.2289
0.69027
7.6074
0.71805
8.7136
0.67329
8.9524
0.61111
8.8827
0.65412
8.3211
0.66445
9.9936
0.62852
9.0411
0.6783
10.267
0.71469
7.855
0.60569
7.879
0.6907
8.7969
0.7966
7.9111
0.66142
8.7716
0.62223
7.7779
0.61657
7.4449
0.72421
8.2072
0.74342
7.0922
0.67851
7.8028
0.72094
5.0974
0.58475
4.4476
0.63524
5.1896
0.51547
5.6393
0.62148
6.9438
0.67046
7.7247
0.5749
8.1391
0.63217
8.3958
0.65076
6.9275
0.60458
6.3439
0.70417
7.7718
0.74774
7.8363
0.72814
7.5135
0.64374
7.8062
0.7529
8.9076
0.58214
8.6553
0.66715
9.1923
0.72583
8.161
0.66874
8.2374
0.64212
12.005
0.71122
8.2682
0.6606
7.3405
0.71952
7.4254
0.66206
7.0305
0.58168
4.2292
0.59986
4.4092
0.60516
4.9077
0.58908
6.9681
0.6715
6.8218
0.64021
8.946
0.64037
8.2128
0.76929
10.72
0.68334
8.862
0.5905
10.955
0.63126
8.5123
0.67962
7.2071
0.62102
4.2526
0.59808
4.0494
0.60295
4.3563
0.58264
5.3776
0.64036
9.6028
0.73938
8.4479
0.66318
8.2981
0.63947
5.5708
0.57722
5.684
0.58537
4.4068
0.59347
5.7103
0.65296
6.85
0.76666
9.0299
0.67923
8.3666
0.66036
7.8812
0.6809
9.7495
0.62742
9.112
0.60422
10.025
0.67956
9.0674
0.75212
8.8668
0.74847
9.1768
0.63477
9.1046
0.65943
9.5392
0.65446
9.7233
0.66765
8.5654
0.61983
9.6407
0.61059
9.8308
0.62031
6.3939
0.60463
5.3319
0.65634
4.9965
0.6437
4.2789
0.55632
8.0406
0.62662
8.8186
0.69595
9.3027
0.66818
8.3794
0.67083
8.0327
0.56751
8.461
0.64512
9.1675
0.73731
8.8464
0.67832
8.123
0.62686
11.809
0.65941
9.0505
0.68471
9.3467
0.71949
9.0246
0.67279
8.4307
0.67245
8.5991
0.60837
7.5094
0.56781
4.2677
0.62749
5.6357
0.6569
4.5645
0.59812
7.8476
0.71784
6.7483
0.68135
9.0645
0.66016
8.7456
0.74738
9.0875
0.70111
7.5603
0.72601
7.9847
0.64717
7.5142
0.60429
8.5893
0.70237
8.2333
0.74921
8.5816
0.67151
8.496
0.65845
8.0847
0.66144
8.2923
0.74761
7.9861
0.69846
5.4791
0.54985
4.6582
0.5683
4.9512
0.55666
4.5212
0.62145
7.0431
0.68672
9.2946
0.62827
8.3921
0.72013
7.0311
0.66674
8.5056
0.62511
8.0341
0.79083
7.6262
0.7301
8.4454
0.71702
8.1547
0.66143
6.2386
0.58402
