1
150.2534,67.7491,44.3635,56.8434
150.2374,67.2876,44.3860,56.9424
150.2799,67.9366,44.3716,57.0102
149.7841,67.4106,44.4271,56.9155
149.8021,67.6106,44.4055,56.9742
149.1707,65.6965,44.4507,56.9779
149.5366,68.0927,44.4172,57.0006
149.5981,66.9205,44.3894,57.0352
150.7082,64.7797,44.4054,56.9766
152.3293,65.5685,44.3946,57.1646
153.2376,64.6332,44.3085,57.2116
158.0771,58.6889,44.2975,57.0073
159.4964,57.3859,44.2620,56.9825
163.2300,54.8035,44.3640,56.7879
163.4824,51.8681,44.4042,56.8491
167.2135,50.5851,44.5177,56.9142
171.4020,51.9437,44.2105,56.9243
177.0369,52.0589,44.2721,56.8684
191.9937,42.1692,44.3902,56.9593
167.0746,43.4732,44.5321,56.9657
167.0448,48.0324,44.5710,56.8868
155.6694,50.4448,44.4718,56.9031
155.3210,51.4465,44.5285,56.9119
167.1227,46.8000,44.4909,56.9712
167.3604,47.7961,44.7064,56.7526
162.8626,51.9411,44.4417,56.9279
166.7826,50.8466,44.3591,56.9167
2
0
0
0
0
1
224.5389,88.0880,52.6978,59.8148
219.5733,88.5175,53.4614,59.3652
226.2116,87.4945,51.9650,59.6831
226.1936,89.2777,52.0529,60.0876
223.5796,89.2272,54.1788,58.3939
223.6013,89.7688,54.0649,58.1918
223.2361,90.6027,54.0937,57.8377
2
0
0
0
0
1
122.5557,48.0187,45.1759,42.2281
114.3328,44.1370,45.2035,42.2416
105.8660,40.1240,45.0006,41.9943
99.3047,37.0454,45.0767,42.1885
92.1230,35.9238,44.9870,42.2304
93.4018,34.0130,44.9860,42.3531
76.1962,34.0781,44.9532,41.9533
67.0216,33.0984,44.9771,42.1190
58.7712,32.4241,44.8356,42.2658
54.3373,31.8260,44.8832,41.9104
50.3002,31.9814,44.8533,41.9806
45.4465,31.2088,45.0611,42.3005
42.6107,28.7841,44.9362,42.0150
42.0092,34.5975,45.1092,42.3087
42.4538,35.0050,44.9375,42.2706
48.7524,29.4020,44.8016,41.7915
27.8741,33.4226,45.0090,42.2427
40.5264,36.3380,44.8206,41.8927
48.6690,36.7307,44.7721,41.9652
2
0
0
0
0
1
187.3491,78.9083,42.6095,61.7884
196.2845,81.4579,42.2401,61.8034
204.2729,81.8071,42.7169,61.8499
206.5697,83.7638,42.2382,61.6495
208.3657,84.3314,43.1363,61.8903
198.5504,86.8580,43.6084,61.8625
199.6883,86.0691,42.6165,61.7483
189.3944,81.6359,41.5426,61.5298
183.5881,80.5862,42.0949,61.6569
181.0767,77.0089,43.6957,61.8296
178.1276,75.6467,41.5526,61.0331
195.6838,93.5055,40.9641,60.9515
192.9291,95.5048,41.7916,60.6607
191.8162,92.0032,41.0339,61.1365
187.5953,91.2773,41.8680,60.5789
183.4911,91.5697,40.6260,60.9747
2
0
0
0
0
1
93.2457,30.3423,73.9717,74.8256
96.6430,32.3658,75.3847,74.1785
107.9832,31.2608,74.9534,76.3053
110.4511,17.1765,73.2021,71.1677
116.5844,17.3777,71.3527,76.3733
102.1830,30.6175,74.3387,73.0583
96.0580,34.8848,78.4645,71.6344
2
0
0
0
0
1
218.2561,94.9935,50.9307,48.5444
221.2355,98.4457,49.2752,47.8008
219.5304,103.8300,48.7201,47.5223
221.3978,105.7635,47.8961,46.2125
198.2590,105.9934,52.7141,48.2474
231.1600,106.8260,50.7834,47.2731
209.4169,94.0201,49.5010,44.8474
214.2329,94.3597,46.9571,44.9706
214.1585,94.9534,46.9191,44.6764
214.2593,94.1973,45.7066,45.4497
213.4739,94.7268,46.4504,43.7719
213.0249,91.2842,47.9585,43.3589
211.7557,90.4397,48.0532,42.6365
206.5751,88.8516,53.1597,42.9984
195.0087,87.0083,55.1208,43.9480
186.5149,84.4136,55.9266,43.7956
211.8875,89.1205,49.8798,42.3491
213.0716,91.9978,50.1475,42.3560
212.9903,95.7516,51.0796,43.0001
212.9216,95.9454,49.9238,42.8229
2
0
0
0
0
1
103.6360,43.3030,73.6603,76.3850
90.1158,41.9582,76.1549,75.4221
80.5567,41.2413,73.5769,75.6746
79.6748,42.3425,78.4331,75.5294
80.9602,40.9284,76.5082,73.6899
83.4495,40.6580,78.8582,74.4068
92.0830,45.5850,72.8785,72.4857
92.5788,46.6156,72.4087,71.5764
95.1141,46.0530,70.3619,71.7565
93.1544,45.5404,71.5587,72.3319
91.6957,46.0420,73.3214,71.5094
2
0
0
0
0
1
215.8767,112.2728,56.8854,53.6248
217.0668,112.3118,56.4256,53.0425
215.6078,112.1975,57.3757,54.7543
216.1682,111.9200,58.0033,55.6231
216.1373,111.3142,57.1174,55.0546
214.3643,124.1776,57.4306,51.4492
214.7591,123.6074,57.5754,51.3139
215.3635,122.7389,56.9719,52.3114
220.6039,123.1435,56.9440,56.2458
216.3064,111.8503,57.4132,58.5446
216.0575,110.6050,55.8429,54.2821
216.3520,111.4050,56.9658,62.6900
214.8003,116.0934,57.7734,63.6708
212.0711,112.5796,57.7928,66.9658
2
0
0
0
0
1
172.7955,34.3462,47.2388,51.5071
180.3422,32.2648,45.8735,51.3407
186.4628,34.7839,45.5470,51.7322
194.4130,38.7682,45.0543,51.8859
201.5916,42.1307,45.0367,51.9922
206.0662,49.5990,45.0647,52.5471
202.2558,59.1981,43.9531,52.8167
194.5715,61.9492,45.8031,51.8830
2
0
0
0
0
1
235.3002,66.3133,34.9845,30.0046
234.5623,63.6136,34.9760,30.0242
237.7622,66.0020,35.0171,29.9553
235.1775,63.5887,35.0356,30.0084
238.0710,63.8624,34.9973,29.9716
237.9463,63.8282,35.0148,29.9833
2
0
0
0
0
1
127.5655,40.6024,33.9963,43.7945
116.3943,44.2803,34.1784,43.5016
107.0774,40.2589,34.1179,43.4877
101.5574,36.5429,33.9479,43.5662
92.3920,34.3830,34.3567,43.2391
86.0620,30.8370,34.5498,43.2065
79.5841,28.5110,34.3588,43.3101
69.4435,34.3116,34.2229,43.0427
64.3305,37.0906,34.4789,43.0302
61.0605,39.7364,34.3213,43.1227
62.0000,48.6531,34.2368,43.0624
63.0856,55.3817,34.8239,42.6855
68.1804,60.2946,34.7502,42.5303
73.7785,64.8779,34.5422,42.5908
68.3430,70.5333,34.8259,42.6978
66.2836,80.0632,34.8552,42.4700
67.1132,79.2716,33.7099,43.1998
66.5654,80.1282,34.1833,42.4571
2
0
0
0
0
1
86.3541,117.3697,64.2891,65.1703
89.7749,118.5488,63.6742,65.0323
95.2137,118.5722,62.7371,64.9813
98.6846,118.2862,61.0055,64.1719
101.5735,120.9152,61.5099,65.1571
103.8904,121.8414,60.3605,65.1301
105.4578,120.6413,61.6741,65.7098
109.4615,120.9876,59.1316,65.2707
108.6810,119.2678,61.2378,66.2553
109.5738,115.4243,63.5679,65.9305
109.5350,117.6159,63.6990,63.4343
111.7387,117.9815,61.1650,62.9949
108.6719,114.9841,64.7384,67.1330
114.0177,112.9560,59.5844,62.3375
117.4680,112.2680,59.3674,61.4155
116.4697,109.4287,62.4749,63.3224
118.7831,109.3145,60.0736,61.9102
119.7353,106.6084,62.6200,62.3644
120.0971,106.9300,60.5047,61.7572
121.7481,106.1628,62.1817,61.4775
127.2298,108.0633,59.4458,58.8529
126.8279,108.0218,60.7562,61.7710
127.6727,112.0825,59.6290,58.5727
133.1235,110.4004,60.1186,58.5634
134.7484,113.9820,61.4634,57.9149
136.6342,114.0939,59.7377,57.6663
136.2196,114.0910,59.0579,58.3336
134.9327,114.0459,58.8945,57.0081
132.4453,113.9812,59.0341,55.7179
125.4246,122.2792,60.7929,56.4021
120.0411,126.3402,60.5425,56.4083
118.0560,108.7715,61.2440,56.7702
113.2313,106.4659,63.5124,55.2644
109.3839,105.9766,64.1418,55.8955
103.6316,103.4750,65.0545,55.6471
103.4916,103.4624,65.5188,54.2666
102.7882,103.5360,66.7035,54.5346
101.5687,102.8944,68.5534,54.8567
101.3001,103.8215,67.9405,54.0441
101.8492,103.1630,68.1091,54.5361
102.5369,103.4883,66.8977,54.2315
102.9693,103.8781,66.9639,54.0444
102.4722,103.2536,67.3026,54.7889
102.8995,103.8868,66.8427,53.9083
103.9315,103.6828,65.1631,54.3031
104.1247,103.7559,65.3990,53.8086
104.9223,103.8586,64.2924,53.7405
