0.2744
0.11432
0.035643
0.037429
0.032753
0.048696
0.025425
0.02517
0.025202
0.024898
0.024586
0.024502
0.024453
0.024498
0.024533
0.024562
0.024651
0.024834
0.024864
0.02535
0.025251
0.025311
0.024615
0.024756
0.024496
0.024687
0.024404
0.024359
0.024474
0.024772
0.024414
0.024565
0.024734
0.02451
0.024731
0.02468
0.024577
0.024854
0.024898
0.024673
0.025006
0.024884
0.024908
0.024623
0.025011
0.024666
0.024848
0.024508
0.024723
0.024605
0.024639
0.024702
0.024722
0.02445
0.024505
0.024581
0.024509
0.024721
0.024725
0.024492
0.024652
0.024742
0.024951
0.024929
0.025061
0.024584
0.024726
0.024978
0.024663
0.024856
0.024658
0.025032
0.024872
0.024835
0.024904
0.024618
0.024836
0.024907
0.024813
0.024918
0.024451
0.024565
0.024473
0.024456
0.024565
0.024719
0.024783
0.024893
0.024783
0.024815
0.024782
0.024907
0.02489
0.024906
0.024893
0.024775
0.024901
0.024818
0.02469
0.02487
0.024834
0.024847
0.024682
0.024924
0.024619
0.024828
0.024863
0.024846
0.024933
0.024773
0.024792
0.024754
0.024833
0.024669
0.024784
0.024787
0.024879
0.024868
0.024852
0.024823
0.024891
0.024771
0.024707
0.024547
0.02476
0.024805
0.024708
0.024629
0.024741
0.024734
0.02479
0.024762
0.024832
0.024704
0.024844
0.024839
0.024698
0.024704
