1
150.4197,67.3156,44.0146,57.8929
150.1858,67.3105,44.3149,57.7120
149.5621,67.3964,45.2439,57.8472
149.6483,67.3474,44.2707,57.9227
149.3720,66.8522,43.8662,57.6472
149.0608,66.1444,44.0956,58.3148
149.2729,65.1794,44.1338,58.5732
149.7808,63.6807,44.0314,58.7722
150.2177,62.8960,44.6440,57.7399
151.6923,61.1807,45.1542,57.2311
154.4979,59.4266,44.1147,57.1736
157.9726,57.2914,43.3103,57.3398
159.5833,53.8438,43.4700,57.4370
160.5530,50.3897,45.1445,58.8841
162.9649,48.8081,45.8450,59.6497
164.6724,49.4069,47.4793,60.5021
167.0000,52.6000,47.4000,60.4000
174.4000,51.6000,47.0000,59.8000
180.6000,53.8000,47.0000,59.8000
191.0000,62.2000,46.6000,59.2000
203.8000,57.8000,45.4000,57.6000
202.8000,61.8000,45.0000,57.2000
202.0000,66.8000,44.6000,56.6000
209.6000,63.0000,45.0000,57.0000
210.8000,65.4000,45.2000,57.0000
211.6000,66.4000,46.2000,58.2000
205.0000,68.0000,47.2000,59.4000
203.6000,76.0000,47.0000,59.4000
205.6000,73.6000,47.4000,60.0000
199.2000,81.0000,47.8000,60.4000
201.6000,85.8000,48.2000,60.8000
191.4000,93.8000,49.0000,62.0000
193.0000,95.8000,49.4000,62.4000
193.2000,92.8000,49.4000,62.2000
204.2000,106.0000,49.4000,62.4000
199.2000,81.4000,49.0000,61.8000
201.4000,71.4000,50.0000,63.0000
207.6000,61.0000,49.8000,62.8000
211.4000,59.8000,49.4000,62.2000
207.6000,81.8000,49.0000,61.6000
195.2000,74.6000,49.0000,62.0000
168.4000,79.4000,49.8000,62.6000
186.8000,102.8000,49.4000,62.2000
2
0
0
0
0
1
99.1318,37.7677,38.0763,44.5572
91.8000,35.6000,38.0000,44.2000
84.1134,36.5940,41.8148,46.3327
78.9823,36.6852,40.9417,47.0502
74.1887,36.9741,39.4144,47.2661
68.6959,38.4668,39.7673,49.7757
63.7612,38.1121,39.6749,53.1832
57.9932,37.4899,40.8913,57.8841
50.0000,39.4000,40.2000,56.8000
47.2000,45.2000,40.0000,56.4000
42.8000,49.0000,40.4000,56.8000
57.0000,54.6000,39.2000,55.2000
41.4000,49.6000,38.6000,54.4000
50.0000,50.0000,38.6000,54.4000
76.2000,59.6000,38.8000,54.8000
106.4000,84.0000,39.0000,54.6000
114.6000,91.2000,39.2000,54.6000
150.2000,108.6000,39.6000,55.2000
155.8000,105.2000,39.4000,54.8000
166.4000,76.6000,39.4000,55.0000
175.4000,76.0000,39.4000,55.0000
173.8000,86.8000,39.2000,54.6000
191.4000,68.8000,39.8000,55.4000
201.4000,74.6000,39.2000,54.4000
207.8000,74.8000,39.2000,54.4000
178.4000,113.4000,39.4000,54.8000
2
0
0
0
0
1
178.6097,72.4573,70.3772,72.1656
173.4000,71.4000,71.0000,72.6000
171.4640,70.7013,73.4978,75.6366
168.2288,69.0065,74.1713,80.9124
165.7063,69.8137,72.3906,82.2629
163.2895,73.5334,71.3898,80.4253
159.9430,74.4134,72.8916,79.8446
153.7222,73.3319,72.4984,81.7449
149.1629,74.0461,69.3437,81.6008
146.1117,74.3919,67.4085,80.6712
142.0018,73.9350,67.3413,78.8115
137.8782,73.2461,67.8216,78.6671
134.6116,72.3405,67.0178,77.6277
126.6438,67.1798,65.6611,78.5883
120.3448,55.6001,67.0546,82.4702
118.6120,58.4499,67.2894,85.1829
115.9963,60.7027,73.9439,81.5762
106.3682,69.2852,79.2463,80.0704
102.5173,71.0838,76.3557,76.3104
2
0
0
0
0
1
219.0888,95.3679,52.8893,46.9961
221.7264,98.8723,51.7398,44.4345
223.7723,101.8625,50.0945,43.1132
224.9877,104.3703,51.2055,42.3196
227.6882,106.7781,51.2735,42.7271
228.8000,108.0000,51.2000,42.6000
229.0000,109.6000,51.6000,43.0000
227.2000,110.2000,50.0000,42.0000
224.4000,111.8000,49.4000,41.8000
226.4000,113.6000,48.4000,41.0000
223.6000,113.0000,47.6000,40.4000
220.0000,115.4000,47.0000,40.0000
223.0000,111.4000,48.2000,41.2000
221.6000,106.2000,48.6000,41.6000
218.2000,102.0000,48.8000,41.8000
216.6000,96.4000,48.8000,41.6000
214.8000,103.2000,48.0000,40.8000
204.4000,98.6000,48.0000,40.8000
218.0000,105.4000,48.0000,40.6000
2
0
0
0
0
1
120.4000,51.4000,53.6000,52.6000
106.2000,52.8000,53.4000,52.4000
97.8000,58.0000,53.4000,52.4000
92.4000,55.4000,52.4000,51.4000
90.8000,62.0000,52.0000,51.0000
93.6000,66.6000,51.0000,50.0000
100.2000,68.0000,50.2000,49.2000
111.2000,84.6000,49.6000,48.8000
123.4000,103.4000,49.8000,49.2000
130.8000,90.8000,49.2000,48.8000
152.4000,92.4000,49.2000,48.8000
162.2000,88.2000,48.6000,48.6000
184.0000,94.6000,49.2000,49.2000
192.0000,97.4000,49.4000,49.4000
214.6000,104.6000,49.8000,49.8000
221.0000,112.4000,49.8000,49.8000
228.4000,112.6000,49.4000,49.4000
229.0000,116.4000,49.2000,49.2000
228.6000,117.8000,50.6000,50.6000
232.4000,116.4000,51.6000,51.6000
230.2000,115.8000,51.6000,51.6000
235.6000,116.4000,51.6000,51.6000
236.4000,117.2000,51.4000,51.4000
241.2000,117.4000,51.0000,51.0000
230.2000,132.8000,50.6000,50.6000
242.8000,118.0000,50.0000,50.0000
242.8000,116.4000,49.6000,49.6000
232.8000,113.4000,49.4000,49.4000
226.6000,106.6000,50.2000,50.2000
201.4000,98.6000,49.6000,49.6000
196.2000,101.2000,49.8000,49.8000
188.0000,88.4000,50.0000,50.0000
181.0000,71.8000,50.2000,50.2000
178.6000,64.6000,49.4000,49.4000
159.0000,81.4000,49.8000,49.8000
2
0
0
0
0
1
198.6000,35.0000,44.2000,48.8000
210.9868,42.9401,43.1619,44.2582
221.4671,48.2564,42.7442,42.5244
228.8000,50.4000,43.0000,42.6000
240.2000,59.6000,42.6000,42.4000
242.6000,68.0000,42.6000,42.2000
245.6000,72.0000,41.8000,41.6000
247.2000,72.2000,41.8000,41.8000
242.0000,70.6000,41.2000,41.2000
242.8000,64.6000,40.2000,40.2000
235.2000,59.8000,40.4000,40.4000
232.2000,56.6000,40.4000,40.4000
227.4889,52.9503,37.2358,38.2682
222.4580,49.9101,37.5565,39.2056
215.8440,47.2304,38.3990,39.9194
206.4415,43.9536,41.0387,43.0201
195.2591,41.2996,42.8783,42.9563
184.6136,39.4029,44.5776,44.0714
174.6398,39.0775,44.8500,43.0119
161.1319,38.5329,47.5172,44.8112
147.1245,38.0914,48.6227,46.8677
138.6365,36.6542,43.8269,46.2416
124.2641,36.4432,46.0841,52.7518
116.3600,32.6251,46.3497,55.4110
105.7085,31.4041,48.4723,60.6075
97.4240,29.0028,46.6605,61.4197
88.5286,26.9064,45.3206,65.9831
73.9822,25.7637,49.9115,77.4027
65.2910,23.7257,50.8447,85.0115
60.5391,23.7198,48.9583,89.1223
56.6394,24.2778,46.8402,91.2228
53.9210,26.7293,43.6095,90.4213
54.5989,30.5254,40.2185,84.1578
55.7559,34.7681,38.7336,85.5968
58.2247,40.7728,37.2817,83.9612
69.2000,46.8000,37.0000,83.0000
74.8604,59.1992,35.7399,80.1866
89.3111,67.8551,32.8273,70.7931
93.6000,80.6000,32.4000,70.2000
100.2000,99.0000,33.0000,71.4000
103.6000,110.4000,33.2000,71.8000
104.2000,120.0000,33.4000,72.0000
97.8000,131.0000,33.6000,72.4000
96.2000,129.2000,33.4000,71.6000
95.2000,124.6000,33.6000,71.8000
84.0000,153.4000,33.8000,72.2000
90.2000,152.2000,34.4000,73.6000
87.0000,128.6000,33.8000,72.2000
108.6000,132.6000,33.4000,71.4000
116.6000,136.6000,32.6000,70.0000
116.2000,136.0000,32.4000,69.8000
122.4000,142.4000,32.2000,68.8000
115.0000,135.4000,32.0000,68.4000
117.8000,122.8000,31.8000,68.0000
120.4000,134.0000,31.8000,68.0000
122.6000,117.0000,31.4000,67.2000
124.6000,101.2000,31.2000,66.6000
125.0000,94.2000,31.2000,66.6000
126.6000,91.8000,31.4000,67.0000
129.4000,92.0000,30.6000,66.0000
131.4000,87.6000,30.0000,65.4000
130.2000,84.4000,29.8000,65.0000
131.6000,74.0000,30.0000,65.4000
132.8000,74.6000,29.8000,65.4000
132.0000,71.2000,29.4000,64.6000
137.0000,71.8000,29.0000,63.8000
139.4000,77.4000,29.2000,64.2000
154.6000,105.4000,29.2000,64.4000
163.6000,109.0000,29.4000,64.8000
168.4000,101.6000,29.4000,65.0000
170.0000,108.6000,29.6000,65.4000
173.8000,112.2000,29.4000,65.6000
184.0000,97.6000,29.4000,65.0000
178.8000,111.6000,28.6000,63.6000
188.4000,84.6000,28.4000,63.4000
153.8000,86.6000,28.0000,62.4000
153.2000,82.8000,27.6000,60.8000
140.8000,70.4000,28.4000,62.4000
138.7493,73.2976,31.9829,61.6545
129.5722,71.6755,36.1198,63.5345
109.1487,52.4766,38.4276,64.8816
103.4061,51.9360,36.3265,66.2065
99.7477,52.3143,33.3221,62.1358
98.0740,53.9291,28.3241,57.5148
97.8000,52.8000,28.6000,57.8000
98.0162,55.4025,24.1195,53.7165
98.7024,56.8002,21.7083,49.7842
101.3741,57.3202,20.6550,47.1453
104.4803,56.8849,20.6812,47.1446
107.2076,57.1551,19.6087,46.4218
109.5240,57.8855,17.5854,44.3649
110.5779,57.9040,17.2259,44.0950
113.2180,57.7276,17.0729,44.0520
114.3633,57.6755,16.9795,44.2421
