1
530.1172,195.0032,36.6051,35.0963
525.3875,199.8125,37.3397,35.1009
526.7666,202.3490,37.5599,35.2733
526.2731,197.9339,37.0527,35.2334
523.2530,196.5226,34.5721,34.8582
518.2802,200.2727,36.3090,35.1030
521.9774,187.3983,40.8158,35.9832
527.5038,187.6393,37.7793,35.6665
531.6537,187.2247,35.9237,36.2750
532.3101,188.0325,35.6134,36.5684
538.4954,190.1096,35.3694,36.0374
542.1168,188.7797,34.3851,36.3797
515.4503,200.4415,35.6302,36.7308
532.5915,198.4598,34.8552,37.0841
535.3474,201.5154,35.0856,37.8547
525.7280,212.9361,38.4459,37.1155
545.1951,203.7555,38.2009,36.6900
529.4901,220.1573,39.1396,36.3654
532.4353,222.6750,39.3024,36.4992
540.5306,225.9770,35.8216,35.7330
540.4589,229.2842,35.4189,35.6432
542.9333,233.8846,35.9313,35.6397
548.0651,236.7393,34.8071,35.3538
550.4155,240.3946,34.9369,35.2595
549.1820,245.0297,34.1900,35.9125
549.8110,249.4271,34.5329,36.9139
552.5209,253.2118,34.2532,36.9210
553.8533,258.6929,34.5844,36.9765
553.8926,264.8232,33.8082,36.3098
552.7902,270.1022,34.7302,36.7081
553.2982,273.8061,35.3168,36.9669
549.5768,280.1463,35.3139,36.2952
549.8538,282.9127,34.7610,36.6892
548.4172,285.7907,35.5782,37.0833
549.9548,286.8503,33.8181,37.2380
551.5991,285.7054,33.7107,37.7405
553.5535,285.3654,31.2493,38.2899
555.0685,285.6016,31.6765,38.6416
560.4675,282.4688,32.4659,37.5576
561.9395,281.8558,32.0450,38.9941
569.1250,278.1534,31.9675,38.5254
567.4948,283.5191,33.3176,39.0967
570.2989,283.1039,31.9878,39.5787
575.1497,283.2364,31.0163,38.8510
576.0934,289.3829,32.1519,38.6514
584.2556,287.5595,32.2664,37.9116
590.2925,287.8203,31.7913,37.9414
587.6703,298.8023,31.5133,38.1721
593.7290,301.8717,30.5479,38.3175
596.5768,306.3597,32.5476,37.8971
580.2759,290.0765,31.4697,38.0562
588.6981,290.2658,30.1891,37.7347
593.1530,293.6509,30.3782,37.4924
598.7999,295.9994,31.0626,37.6712
605.0573,296.7656,31.7700,38.0364
593.8408,293.5399,32.5331,38.0168
589.1265,297.6895,30.7564,38.0552
594.7576,300.5762,31.4468,38.1402
606.2018,295.9664,30.5170,37.6380
613.8417,294.8199,31.8218,37.5197
610.0660,300.3770,32.7928,37.9810
619.1391,299.2274,32.4093,38.0805
625.1112,296.9093,33.1403,38.3568
631.5859,294.5392,32.7824,38.1634
636.7944,293.5312,34.3778,37.9127
624.1476,308.4355,33.4591,37.8637
623.4319,310.3327,33.9778,37.8384
627.4149,308.4453,35.4789,38.1437
634.3057,304.4535,33.1212,37.2090
637.8196,302.2659,35.2438,37.3888
643.3033,299.5952,34.3978,37.3790
647.1409,296.5158,36.1018,37.4570
651.7161,295.6008,34.9942,37.9535
655.2269,293.3090,36.7977,37.5912
659.2205,292.8307,34.9324,36.9544
662.6490,289.6729,37.2204,37.7094
667.2233,286.3007,35.9101,36.6981
670.7639,281.3085,36.1690,36.6518
674.1536,275.7427,35.6754,36.8023
677.7679,272.7274,34.8726,37.2345
672.4266,280.9955,35.9721,37.6643
674.6354,280.6624,35.5856,38.1851
677.9836,279.7477,34.2188,37.9125
676.7072,287.0368,33.1418,36.7295
678.5435,285.8073,35.4394,36.4235
684.8130,278.7184,37.4797,37.2693
691.9623,277.3801,36.2012,36.3855
694.5112,282.0897,34.8844,36.1128
696.8168,286.0604,35.2495,35.8579
702.2850,284.5350,33.4664,35.4878
709.1631,278.1261,36.7642,36.5125
693.7254,295.8811,33.4824,35.8867
698.0886,291.1636,31.1582,36.7186
705.8441,285.1053,30.4889,35.1396
709.6813,279.9411,30.5896,35.1032
703.4261,288.3601,29.4745,34.5661
711.8574,281.5294,29.4721,34.8058
717.3624,278.2796,28.9242,35.0055
720.5986,272.3805,28.7942,34.9166
712.3987,278.9041,32.4952,35.3517
719.6694,276.2663,28.7880,34.4750
705.4745,289.2508,33.8330,34.6718
710.1718,284.3307,32.8396,35.4566
708.2614,285.5866,34.0105,34.6990
706.9895,290.5258,27.3633,35.3395
713.4102,286.6308,31.1473,34.8304
716.5714,284.9329,33.5755,34.8113
722.1176,283.5996,31.4011,33.8556
729.2541,279.3350,30.7521,33.9908
733.8390,279.5844,30.7105,34.1426
733.7815,280.1565,30.8026,34.0944
722.4651,284.7508,34.0089,33.7498
730.5831,282.1437,31.2753,33.7074
718.8177,284.6345,34.0788,33.6613
713.5903,285.9179,29.5369,33.2329
718.6210,280.0141,32.1073,33.7854
721.3609,276.3670,32.9343,34.1754
727.7167,272.3415,34.0063,34.1812
730.2615,271.5757,32.5333,33.9707
732.3173,270.5601,35.1361,33.9245
736.4319,269.2358,33.7561,33.4834
735.6484,269.5059,34.4363,33.3347
737.5820,270.5295,31.6008,33.3755
737.3836,271.9840,34.9441,33.5845
737.2122,274.1237,33.5328,33.3585
737.0361,276.6370,34.5276,32.9941
735.0701,280.4784,37.6030,32.4410
736.8817,282.1663,31.4904,32.5036
736.4267,285.1369,37.6262,32.7511
737.5540,287.1895,32.3366,32.7943
737.2081,290.3534,35.2970,32.4872
739.3513,293.0819,33.8213,32.1239
740.0387,295.3669,33.4831,31.9474
743.6746,295.6830,33.7675,32.0459
745.4703,297.2597,35.7313,31.6686
752.3065,298.8292,30.0935,32.0096
754.6646,300.2753,30.7718,31.3522
756.8827,301.5884,32.3787,31.3079
761.1382,302.1739,31.4733,31.5493
766.3549,304.5892,30.4159,31.6128
770.1974,304.8747,30.4319,31.3896
774.0460,305.4531,31.6547,31.2322
778.1732,304.1130,31.5416,31.1176
781.8704,304.0784,30.2979,31.7347
785.4457,303.9154,32.3258,31.3222
788.9440,303.0180,31.0190,31.2924
792.4985,303.1375,27.8791,31.1635
795.0613,303.7253,27.0723,31.0903
797.0437,304.1063,27.2448,31.2020
797.7060,304.5872,27.6521,30.9413
797.5927,304.7809,30.0486,30.8107
798.3555,306.3864,26.3760,30.8598
798.7552,307.2246,25.5829,30.7164
797.1659,308.0871,28.5243,30.8431
798.8575,309.3116,25.1768,30.5128
797.7789,309.5562,29.9422,30.4306
797.5859,310.0922,28.5230,30.4006
798.2347,308.4886,26.9464,30.3618
799.1522,305.9819,27.4094,30.2270
800.1771,304.0720,24.1551,30.4307
799.2457,302.6578,28.5704,30.5809
800.3422,301.9954,26.1116,30.4664
802.1008,299.6513,24.5385,30.9677
803.7593,298.6866,22.9789,30.9124
804.5446,297.5027,21.2035,32.3783
805.2098,297.6886,22.3327,32.0609
809.0168,296.6339,20.3050,32.5050
809.7028,297.2560,19.8304,32.2540
812.1122,297.5846,20.2405,32.2979
812.9586,298.1654,19.3501,32.6684
815.2220,297.6418,19.9971,32.2216
817.6893,296.3877,18.6788,32.4701
820.5969,293.4434,20.3914,32.6169
824.2713,289.4872,23.1553,30.2564
826.2525,286.1138,22.9777,31.9273
828.7087,282.5896,23.9205,30.4429
833.7863,279.1089,22.9937,30.3362
836.5273,274.6710,23.6925,30.0984
836.8444,269.5620,24.3590,30.0792
841.0040,263.5007,22.8590,30.1984
844.0852,257.6718,21.8055,29.8134
845.4483,253.3185,21.8145,29.7512
848.4704,250.2359,22.0908,29.6133
852.6378,246.2529,22.9360,29.5979
854.5566,242.0810,23.3374,29.5156
860.3011,237.4066,23.4952,29.6567
864.2786,235.4629,23.4190,29.6856
867.3140,235.2165,22.2267,29.4978
868.6646,235.2883,23.0195,29.4906
869.7418,232.0933,25.1541,29.9249
871.2966,227.5232,25.8586,29.9974
873.9901,224.3886,23.0836,29.9575
875.4150,221.3974,23.0770,29.9414
875.7827,218.7024,25.6515,29.6458
877.0326,216.5031,25.8662,29.6349
878.2020,214.1345,23.4789,30.1454
878.3243,211.2114,23.5300,29.5141
878.3307,209.6441,26.0679,29.2919
878.5716,208.6582,25.9321,29.6527
881.6495,208.4289,22.8938,30.0145
881.6789,206.7935,23.2030,30.2989
882.6632,203.9963,25.7493,29.7554
884.2307,201.5426,23.4929,30.0465
886.2775,197.9338,20.3194,30.1295
887.3879,193.6986,20.5831,30.0188
887.7649,191.5096,18.9700,30.2170
888.5048,190.5702,19.8356,29.9942
888.9652,192.6205,19.1371,30.2792
890.8168,192.9720,18.6686,30.0108
891.7116,193.9247,19.5974,29.9973
892.6788,192.3060,19.6009,30.3987
894.0663,191.3366,22.8005,30.4976
897.7216,190.0601,19.1088,30.2334
901.5056,189.0014,19.3711,30.1549
904.4678,186.3932,20.1350,30.5182
907.7086,182.0463,19.8088,30.8352
910.1382,179.2450,20.0334,30.5014
914.1397,175.7170,20.3062,30.4097
919.3755,171.9491,20.1655,30.5214
924.2264,166.9321,20.4273,30.5122
925.8251,162.2506,20.9729,30.6149
933.1434,158.4532,20.5002,30.6283
936.5175,155.6089,20.5643,30.5204
942.6318,154.4830,21.0523,30.5277
923.6984,156.8997,20.8040,30.4207
923.4983,157.5408,19.9344,30.6363
928.3531,157.1537,20.5316,30.7151
918.7466,160.6429,18.3555,30.7513
922.8755,160.2855,19.5186,30.4785
928.1076,160.3086,18.9637,30.3859
938.2426,158.9357,19.1613,30.9468
920.6623,162.2457,19.4677,30.5947
926.8608,162.1649,21.9473,30.5496
930.5648,163.0860,21.7323,30.8103
933.6433,163.8064,22.0152,30.8300
919.7810,168.8351,21.6635,30.3861
921.4803,168.9998,22.3185,30.4031
928.0698,166.5845,21.2952,30.6829
932.3148,163.4773,22.3266,30.9086
936.3455,160.0269,22.1177,30.3596
939.4050,155.6987,23.0791,30.1321
942.1003,152.5811,23.2015,30.0813
944.9638,149.0933,24.5717,30.2942
946.7668,147.6037,24.0120,30.1777
950.5392,146.0455,23.7013,29.9101
950.2523,142.7014,23.8914,30.0124
953.1866,139.7008,23.5788,30.3593
954.3931,137.8181,22.9207,29.7679
954.7954,133.5154,24.4852,30.3051
956.3717,128.8129,23.0613,29.8526
956.8637,121.8847,25.6537,30.5295
956.9068,116.7867,23.4802,29.6030
960.7130,109.1770,22.8944,29.8195
963.3593,103.1645,22.9914,29.7979
963.2391,97.8149,23.4047,29.6749
964.5375,91.5029,23.1404,29.6218
966.9312,87.6062,23.4557,29.6682
967.4954,83.2646,23.4011,29.7043
969.7510,78.0513,23.2350,29.6373
972.2113,74.1050,22.9173,29.7276
978.6538,70.6611,23.6883,29.7081
981.0704,67.1652,23.9374,29.6573
985.0340,64.1066,23.9819,29.7242
988.7891,61.5451,24.1333,29.5799
994.7253,58.4426,24.0763,29.5829
998.3920,55.4389,24.5080,29.8848
1002.1304,52.2211,25.2096,29.5293
1006.4412,48.4895,25.4081,29.6733
1012.6465,45.8550,24.9303,29.4041
1017.4960,41.8603,24.0784,29.3620
1020.9489,37.5685,24.8919,29.6532
997.8643,39.8153,26.1241,29.5686
1000.7680,36.3650,26.6930,29.4452
1004.9473,31.8867,26.7680,29.4174
1006.7767,28.1477,26.0213,29.4090
1003.4162,25.0310,25.6916,29.4417
1006.7300,19.1616,25.3580,29.4142
1006.3423,13.1457,25.7051,29.5695
992.7164,13.0886,26.8726,29.5494
995.1708,10.0359,27.3526,29.4260
1001.6946,8.5669,25.8585,29.4186
1006.7728,10.2617,25.4421,29.4393
1011.1812,11.4603,26.0006,29.5477
1017.3950,12.3231,25.3478,29.5066
1024.5914,12.9755,24.7915,29.1924
1015.5476,10.9545,24.7088,29.2492
1021.1419,14.8989,25.1523,29.4983
1015.8770,18.5202,25.2384,29.0830
1021.7246,19.6538,25.8005,29.1430
1028.6371,21.6393,26.7856,29.0408
1034.3391,22.7008,25.2338,29.6310
1031.2061,28.6420,26.7234,29.2620
1034.9744,27.2607,27.3221,29.1777
1024.5275,31.6623,27.1299,29.1056
1035.1846,29.0088,24.8310,29.3490
1034.3180,30.4253,24.5261,29.2478
1041.6564,27.1857,26.5666,29.0627
1045.2893,22.9703,26.1992,29.6415
1049.1549,17.5470,27.7459,29.0405
1050.0251,31.3639,27.0012,29.0727
1047.9375,27.7369,25.9654,29.1584
1045.9829,23.2628,26.0451,28.9737
1047.0485,17.6626,25.8860,29.0206
1045.5229,11.2110,25.4291,28.9488
1044.9901,5.5035,25.6240,28.9035
1040.9865,1.5373,26.3866,28.9115
1044.9314,-2.9019,24.7378,26.8051
1043.0448,-3.7440,24.4157,26.7930
1041.4691,-5.4775,24.8386,26.7768
1025.9169,-5.4502,25.5127,26.7551
1023.1015,-4.0089,24.6938,26.7497
1021.7324,-3.5356,26.2041,26.7618
1027.8328,-3.2759,25.0118,26.7493
1034.1124,-2.3865,24.9418,26.7221
1025.8241,6.3520,23.8678,28.6957
1032.5756,9.1292,23.8673,28.6703
1032.4650,7.6257,23.4329,28.5836
1031.1083,-0.9424,23.3555,28.7597
1025.8304,5.6764,23.2641,28.8147
1033.9150,6.1263,25.4532,28.6368
1024.2970,-3.3238,23.5493,26.7850
1038.0331,1.8694,24.8593,28.7052
1038.5972,5.2114,24.6510,28.7279
1035.0410,3.2830,25.9220,28.6404
1035.6503,4.0348,23.5967,28.7034
1032.5712,-8.0731,26.7040,26.7662
1033.9821,-9.0150,28.3402,26.7605
1035.4120,-9.0564,27.9166,26.7586
1041.5499,11.9811,26.1443,-26.7388
1030.0800,12.1249,25.8463,-26.7834
1025.2827,11.8836,22.7775,-26.7023
1024.8781,11.8178,22.1543,-26.7133
1021.4148,11.6222,22.8582,-26.6771
1015.7427,11.1140,22.0947,-26.6562
1020.0426,7.5481,21.5329,-26.7115
1012.7075,-7.2379,22.0343,26.6257
1016.6512,-11.5620,20.9402,26.7497
1022.1648,12.2464,20.9493,-26.7619
1026.7776,12.5271,20.9600,-26.7831
1020.8216,11.7703,20.7422,-26.7957
1028.9888,11.7118,20.4149,-26.7391
1035.3805,12.2753,21.8014,-26.8464
1042.4890,-11.8408,23.4956,26.7422
1046.0743,-10.2519,24.2405,26.7331
1040.2772,-7.1779,24.1874,26.7422
1040.4333,-5.7162,23.3034,26.7460
1047.0095,-7.1152,23.9574,26.7556
1050.9348,-8.1001,25.0494,26.7231
1054.8793,-10.1361,24.7792,26.7206
1047.0444,-8.1813,26.4088,26.7145
1044.7629,-11.3521,26.5825,26.7268
1048.3330,10.9140,28.4857,-26.7471
1044.1655,-11.7929,25.8000,26.7518
1046.6957,11.0073,25.7399,-26.7190
