0.000193
0.31383
0.20185
0.39216
0.39752
0.082518
0.31753
0.35911
0.33081
0.35278
0.34004
0.056248
0.25642
0.29578
0.097251
0.20903
0.18982
0.31343
0.32413
0.40152
0.23824
0.36954
0.9293
0.2069
0.28586
0.44882
0.16478
0.090168
0.086367
0.19692
0.11663
0.091134
0.070006
0.068184
0.097503
0.065883
0.15401
0.09372
0.063088
0.072702
0.074988
0.074759
0.072772
0.2288
0.20871
0.20631
0.21996
0.085274
0.21346
0.2298
0.15294
0.12062
0.075973
0.068206
0.079847
0.066777
0.1738
0.1114
0.088848
0.062273
0.07
0.077202
0.20883
0.32016
0.10472
0.063882
0.070308
0.068731
0.063946
0.077795
0.067808
0.086571
0.072098
0.068286
0.068306
0.075143
0.067218
0.21265
0.067926
0.073191
0.063496
0.081154
0.079928
0.079455
0.084661
0.18225
0.06873
0.084778
0.14507
0.068459
0.081217
0.25488
0.072335
0.23532
0.47384
0.071667
0.083915
0.092126
0.078052
0.082894
0.072841
0.073905
0.076767
0.081956
0.089443
0.071538
0.22928
0.07758
0.080107
0.076929
0.079444
0.20432
0.073782
0.085819
0.065894
0.068591
0.22532
0.15056
0.19745
0.082397
0.2118
0.21115
0.16574
0.081727
0.061818
0.059787
0.063922
0.18596
0.07444
0.062132
0.066434
0.060934
0.059424
0.062943
0.062097
0.15862
0.14957
0.20079
0.063855
0.064655
0.06514
0.15433
0.06318
0.20045
0.062197
0.063436
0.064254
0.062937
0.07172
0.061223
0.058802
0.069912
0.062134
0.063169
0.062675
0.059374
0.057752
0.15612
