1.5971
0.17877
0.075015
0.051298
0.044672
0.043199
0.042374
0.042651
0.041687
0.022315
0.021329
0.021401
0.020964
0.021403
0.040666
0.021735
0.02164
0.022113
0.022088
0.022389
0.045199
0.022947
0.023454
0.02279
0.021513
0.022701
0.040773
0.022524
0.021586
0.022238
0.041097
0.024056
0.050491
0.025789
NaN
NaN
NaN
NaN
1.5847
0.18384
0.09691
0.052899
0.049059
0.049915
0.048324
0.062269
NaN
NaN
NaN
NaN
1.5278
0.24398
0.10438
0.063375
0.062224
NaN
0.056495
0.048758
0.049726
0.050065
0.026855
0.0252
0.024138
0.021093
0.020391
NaN
NaN
NaN
NaN
1.5275
0.2313
0.097737
0.055662
0.053153
0.050558
0.049761
0.049151
0.048378
0.027175
0.026037
NaN
NaN
NaN
NaN
1.5599
0.19179
0.081416
0.050898
0.049742
0.045513
0.047854
0.048129
0.049559
0.024958
0.025473
0.024105
0.027833
0.025708
NaN
NaN
NaN
NaN
1.8103
0.22495
0.11323
0.066094
0.059444
NaN
0.058843
0.065271
0.057888
0.057119
0.029841
0.02871
0.030107
0.028501
0.029688
0.056656
0.024183
0.027728
0.024492
0.02611
0.025281
0.04971
0.025918
0.029929
0.027835
0.025996
0.025795
0.051224
0.025959
0.025658
0.026704
0.044023
0.027207
0.053164
NaN
0.027537
0.02657
0.028632
0.032681
0.035182
0.064092
0.030923
0.029751
0.029391
0.029829
0.03388
0.057114
0.029283
0.042575
0.032854
0.030575
0.030528
0.061423
0.03306
0.032698
0.029949
