1
506.0000,199.0000,55.0000,30.0000
504.0000,197.0000,53.0000,33.0000
492.0000,200.0000,55.0000,30.0000
481.0000,198.0000,56.0000,30.0000
476.0000,198.0000,57.0000,31.0000
456.0000,200.0000,57.0000,31.0000
441.0000,195.0000,56.0000,31.0000
435.0000,189.0000,57.0000,31.0000
423.0000,190.0000,57.0000,31.0000
408.0000,180.0000,59.0000,32.0000
397.0000,182.0000,60.0000,32.0000
374.0000,168.0000,60.0000,32.0000
353.0000,168.0000,59.0000,32.0000
331.0000,161.0000,60.0000,32.0000
329.0000,176.0000,60.0000,32.0000
299.0000,176.0000,60.0000,32.0000
2
0
0
0
0
1
271.0000,152.0000,59.0000,44.0000
255.0000,157.0000,59.0000,44.0000
261.0000,157.0000,58.0000,43.0000
252.0000,150.0000,58.0000,43.0000
252.0000,148.0000,57.0000,43.0000
224.0000,154.0000,57.0000,43.0000
232.0000,153.0000,57.0000,43.0000
233.0000,136.0000,59.0000,44.0000
221.0000,130.0000,60.0000,45.0000
2
0
0
0
0
1
163.0000,153.0000,31.0000,41.0000
157.0000,157.0000,32.0000,42.0000
163.0000,170.0000,32.0000,42.0000
160.0000,174.0000,33.0000,43.0000
164.0000,175.0000,34.0000,44.0000
166.0000,169.0000,34.0000,44.0000
164.0000,184.0000,34.0000,45.0000
156.0000,192.0000,34.0000,45.0000
158.0000,193.0000,34.0000,45.0000
141.0000,192.0000,35.0000,46.0000
131.0000,199.0000,35.0000,46.0000
2
0
0
0
0
1
157.0000,174.0000,49.0000,49.0000
160.0000,173.0000,45.0000,47.0000
160.0000,172.0000,49.0000,49.0000
162.0000,170.0000,49.0000,49.0000
165.0000,171.0000,49.0000,49.0000
166.0000,172.0000,49.0000,49.0000
167.0000,171.0000,49.0000,49.0000
168.0000,172.0000,49.0000,49.0000
173.0000,177.0000,49.0000,49.0000
190.0000,168.0000,50.0000,50.0000
185.0000,167.0000,51.0000,51.0000
189.0000,169.0000,50.0000,50.0000
195.0000,175.0000,50.0000,50.0000
193.0000,173.0000,50.0000,50.0000
181.0000,170.0000,50.0000,50.0000
2
0
0
0
0
1
208.0000,190.0000,48.0000,54.0000
208.0000,188.0000,48.0000,54.0000
212.0000,189.0000,48.0000,54.0000
213.0000,193.0000,48.0000,54.0000
214.0000,191.0000,48.0000,54.0000
216.0000,198.0000,48.0000,54.0000
223.0000,200.0000,48.0000,54.0000
227.0000,200.0000,48.0000,54.0000
231.0000,200.0000,48.0000,54.0000
236.0000,200.0000,48.0000,54.0000
240.0000,200.0000,48.0000,54.0000
241.0000,200.0000,48.0000,54.0000
247.0000,205.0000,48.0000,54.0000
251.0000,206.0000,48.0000,54.0000
257.0000,211.0000,48.0000,54.0000
261.0000,212.0000,48.0000,54.0000
263.0000,213.0000,48.0000,54.0000
268.0000,215.0000,48.0000,54.0000
275.0000,217.0000,48.0000,54.0000
279.0000,219.0000,48.0000,54.0000
288.0000,224.0000,48.0000,54.0000
262.0000,214.0000,48.0000,55.0000
239.0000,223.0000,48.0000,55.0000
241.0000,230.0000,48.0000,55.0000
226.0000,226.0000,48.0000,55.0000
217.0000,228.0000,48.0000,55.0000
217.0000,225.0000,47.0000,54.0000
2
0
0
0
0
1
269.0000,276.0000,59.0000,37.0000
271.0000,278.0000,59.0000,37.0000
272.0000,282.0000,59.0000,37.0000
277.0000,287.0000,59.0000,37.0000
278.0000,289.0000,59.0000,37.0000
280.0000,293.0000,59.0000,37.0000
284.0000,296.0000,59.0000,37.0000
287.0000,294.0000,59.0000,37.0000
287.0000,296.0000,59.0000,37.0000
287.0000,299.0000,59.0000,37.0000
288.0000,303.0000,59.0000,37.0000
290.0000,306.0000,59.0000,37.0000
295.0000,311.0000,59.0000,37.0000
297.0000,313.0000,59.0000,37.0000
296.0000,315.0000,59.0000,37.0000
297.0000,320.0000,59.0000,37.0000
302.0000,321.0000,59.0000,37.0000
307.0000,322.0000,59.0000,37.0000
2
0
0
0
0
1
245.0000,314.0000,58.0000,37.0000
249.0000,318.0000,59.0000,37.0000
246.0000,319.0000,58.0000,36.0000
251.0000,323.0000,57.0000,36.0000
251.0000,329.0000,57.0000,36.0000
249.0000,331.0000,57.0000,36.0000
243.0000,340.0000,56.0000,36.0000
241.0000,346.0000,56.0000,36.0000
249.0000,347.0000,57.0000,36.0000
275.0000,348.0000,56.0000,36.0000
278.0000,348.0000,56.0000,36.0000
281.0000,348.0000,56.0000,36.0000
277.0000,349.0000,57.0000,37.0000
280.0000,360.0000,58.0000,37.0000
281.0000,362.0000,58.0000,37.0000
286.0000,376.0000,58.0000,37.0000
2
0
0
0
0
1
227.0000,335.0000,55.0000,42.0000
228.0000,334.0000,55.0000,42.0000
233.0000,334.0000,55.0000,42.0000
