0.15973,0,0,0,0,0,0,0,0,0,0,0,0,0,0
0.21119,0,0,0,0,0,0,0,0,0,0,0,0,0,0
0.2026,0,0,0,0,0,0,0,0,0,0,0,0,0,0
0.20741,0,0,0,0,0,0,0,0,0,0,0,0,0,0
0.20937,0,0,0,0,0,0,0,0,0,0,0,0,0,0
0.19275,0,0,0,0,0,0,0,0,0,0,0,0,0,0
0.21181,0,0,0,0,0,0,0,0,0,0,0,0,0,0
0.21281,0,0,0,0,0,0,0,0,0,0,0,0,0,0
0.21667,0,0,0,0,0,0,0,0,0,0,0,0,0,0
0.20231,0,0,0,0,0,0,0,0,0,0,0,0,0,0
0.20303,0,0,0,0,0,0,0,0,0,0,0,0,0,0
0.19844,0,0,0,0,0,0,0,0,0,0,0,0,0,0
0.20258,0,0,0,0,0,0,0,0,0,0,0,0,0,0
0.22886,0,0,0,0,0,0,0,0,0,0,0,0,0,0
NaN,0,0,0,0,0,0,0,0,0,0,0,0,0,0
NaN,0,0,0,0,0,0,0,0,0,0,0,0,0,0
NaN,0,0,0,0,0,0,0,0,0,0,0,0,0,0
NaN,0,0,0,0,0,0,0,0,0,0,0,0,0,0
0.16292,0,0,0,0,0,0,0,0,0,0,0,0,0,0
0.20826,0,0,0,0,0,0,0,0,0,0,0,0,0,0
0.20314,0,0,0,0,0,0,0,0,0,0,0,0,0,0
NaN,0,0,0,0,0,0,0,0,0,0,0,0,0,0
NaN,0,0,0,0,0,0,0,0,0,0,0,0,0,0
NaN,0,0,0,0,0,0,0,0,0,0,0,0,0,0
NaN,0,0,0,0,0,0,0,0,0,0,0,0,0,0
0.15759,0,0,0,0,0,0,0,0,0,0,0,0,0,0
0.21197,0,0,0,0,0,0,0,0,0,0,0,0,0,0
0.19958,0,0,0,0,0,0,0,0,0,0,0,0,0,0
NaN,0,0,0,0,0,0,0,0,0,0,0,0,0,0
NaN,0,0,0,0,0,0,0,0,0,0,0,0,0,0
NaN,0,0,0,0,0,0,0,0,0,0,0,0,0,0
NaN,0,0,0,0,0,0,0,0,0,0,0,0,0,0
0.17162,0,0,0,0,0,0,0,0,0,0,0,0,0,0
0.21419,0,0,0,0,0,0,0,0,0,0,0,0,0,0
0.20737,0,0,0,0,0,0,0,0,0,0,0,0,0,0
0.20534,0,0,0,0,0,0,0,0,0,0,0,0,0,0
0.20662,0,0,0,0,0,0,0,0,0,0,0,0,0,0
0.19135,0,0,0,0,0,0,0,0,0,0,0,0,0,0
0.20628,0,0,0,0,0,0,0,0,0,0,0,0,0,0
0.21209,0,0,0,0,0,0,0,0,0,0,0,0,0,0
0.21182,0,0,0,0,0,0,0,0,0,0,0,0,0,0
NaN,0,0,0,0,0,0,0,0,0,0,0,0,0,0
NaN,0,0,0,0,0,0,0,0,0,0,0,0,0,0
NaN,0,0,0,0,0,0,0,0,0,0,0,0,0,0
NaN,0,0,0,0,0,0,0,0,0,0,0,0,0,0
0.15626,0,0,0,0,0,0,0,0,0,0,0,0,0,0
0.21222,0,0,0,0,0,0,0,0,0,0,0,0,0,0
0.20838,0,0,0,0,0,0,0,0,0,0,0,0,0,0
0.2071,0,0,0,0,0,0,0,0,0,0,0,0,0,0
0.20969,0,0,0,0,0,0,0,0,0,0,0,0,0,0
0.20135,0,0,0,0,0,0,0,0,0,0,0,0,0,0
0.21948,0,0,0,0,0,0,0,0,0,0,0,0,0,0
0.21664,0,0,0,0,0,0,0,0,0,0,0,0,0,0
0.22701,0,0,0,0,0,0,0,0,0,0,0,0,0,0
0.21046,0,0,0,0,0,0,0,0,0,0,0,0,0,0
0.21419,0,0,0,0,0,0,0,0,0,0,0,0,0,0
0.20734,0,0,0,0,0,0,0,0,0,0,0,0,0,0
0.20751,0,0,0,0,0,0,0,0,0,0,0,0,0,0
0.23594,0,0,0,0,0,0,0,0,0,0,0,0,0,0
0.21804,0,0,0,0,0,0,0,0,0,0,0,0,0,0
0.2123,0,0,0,0,0,0,0,0,0,0,0,0,0,0
0.22331,0,0,0,0,0,0,0,0,0,0,0,0,0,0
0.21061,0,0,0,0,0,0,0,0,0,0,0,0,0,0
0.21331,0,0,0,0,0,0,0,0,0,0,0,0,0,0
0.199,0,0,0,0,0,0,0,0,0,0,0,0,0,0
0.21285,0,0,0,0,0,0,0,0,0,0,0,0,0,0
0.21365,0,0,0,0,0,0,0,0,0,0,0,0,0,0
0.20204,0,0,0,0,0,0,0,0,0,0,0,0,0,0
0.2214,0,0,0,0,0,0,0,0,0,0,0,0,0,0
0.20184,0,0,0,0,0,0,0,0,0,0,0,0,0,0
0.20218,0,0,0,0,0,0,0,0,0,0,0,0,0,0
0.21564,0,0,0,0,0,0,0,0,0,0,0,0,0,0
NaN,0,0,0,0,0,0,0,0,0,0,0,0,0,0
NaN,0,0,0,0,0,0,0,0,0,0,0,0,0,0
NaN,0,0,0,0,0,0,0,0,0,0,0,0,0,0
NaN,0,0,0,0,0,0,0,0,0,0,0,0,0,0
0.16018,0,0,0,0,0,0,0,0,0,0,0,0,0,0
0.2129,0,0,0,0,0,0,0,0,0,0,0,0,0,0
0.20332,0,0,0,0,0,0,0,0,0,0,0,0,0,0
0.2037,0,0,0,0,0,0,0,0,0,0,0,0,0,0
NaN,0,0,0,0,0,0,0,0,0,0,0,0,0,0
NaN,0,0,0,0,0,0,0,0,0,0,0,0,0,0
NaN,0,0,0,0,0,0,0,0,0,0,0,0,0,0
NaN,0,0,0,0,0,0,0,0,0,0,0,0,0,0
0.16932,0,0,0,0,0,0,0,0,0,0,0,0,0,0
0.21151,0,0,0,0,0,0,0,0,0,0,0,0,0,0
0.20784,0,0,0,0,0,0,0,0,0,0,0,0,0,0
NaN,0,0,0,0,0,0,0,0,0,0,0,0,0,0
NaN,0,0,0,0,0,0,0,0,0,0,0,0,0,0
NaN,0,0,0,0,0,0,0,0,0,0,0,0,0,0
NaN,0,0,0,0,0,0,0,0,0,0,0,0,0,0
0.16139,0,0,0,0,0,0,0,0,0,0,0,0,0,0
0.21537,0,0,0,0,0,0,0,0,0,0,0,0,0,0
0.20948,0,0,0,0,0,0,0,0,0,0,0,0,0,0
0.2098,0,0,0,0,0,0,0,0,0,0,0,0,0,0
0.20832,0,0,0,0,0,0,0,0,0,0,0,0,0,0
0.19328,0,0,0,0,0,0,0,0,0,0,0,0,0,0
0.22737,0,0,0,0,0,0,0,0,0,0,0,0,0,0
0.21074,0,0,0,0,0,0,0,0,0,0,0,0,0,0
0.22185,0,0,0,0,0,0,0,0,0,0,0,0,0,0
0.21002,0,0,0,0,0,0,0,0,0,0,0,0,0,0
0.21835,0,0,0,0,0,0,0,0,0,0,0,0,0,0
0.20917,0,0,0,0,0,0,0,0,0,0,0,0,0,0
0.20898,0,0,0,0,0,0,0,0,0,0,0,0,0,0
0.22585,0,0,0,0,0,0,0,0,0,0,0,0,0,0
0.21982,0,0,0,0,0,0,0,0,0,0,0,0,0,0
0.20956,0,0,0,0,0,0,0,0,0,0,0,0,0,0
0.2226,0,0,0,0,0,0,0,0,0,0,0,0,0,0
0.21123,0,0,0,0,0,0,0,0,0,0,0,0,0,0
0.20898,0,0,0,0,0,0,0,0,0,0,0,0,0,0
0.20006,0,0,0,0,0,0,0,0,0,0,0,0,0,0
0.21532,0,0,0,0,0,0,0,0,0,0,0,0,0,0
0.21665,0,0,0,0,0,0,0,0,0,0,0,0,0,0
0.20456,0,0,0,0,0,0,0,0,0,0,0,0,0,0
0.21638,0,0,0,0,0,0,0,0,0,0,0,0,0,0
0.20129,0,0,0,0,0,0,0,0,0,0,0,0,0,0
0.21173,0,0,0,0,0,0,0,0,0,0,0,0,0,0
0.23151,0,0,0,0,0,0,0,0,0,0,0,0,0,0
0.20913,0,0,0,0,0,0,0,0,0,0,0,0,0,0
0.21591,0,0,0,0,0,0,0,0,0,0,0,0,0,0
0.21196,0,0,0,0,0,0,0,0,0,0,0,0,0,0
0.212,0,0,0,0,0,0,0,0,0,0,0,0,0,0
0.22346,0,0,0,0,0,0,0,0,0,0,0,0,0,0
0.19495,0,0,0,0,0,0,0,0,0,0,0,0,0,0
0.22244,0,0,0,0,0,0,0,0,0,0,0,0,0,0
0.21218,0,0,0,0,0,0,0,0,0,0,0,0,0,0
0.20827,0,0,0,0,0,0,0,0,0,0,0,0,0,0
0.21623,0,0,0,0,0,0,0,0,0,0,0,0,0,0
0.21597,0,0,0,0,0,0,0,0,0,0,0,0,0,0
0.20588,0,0,0,0,0,0,0,0,0,0,0,0,0,0
0.22229,0,0,0,0,0,0,0,0,0,0,0,0,0,0
0.19874,0,0,0,0,0,0,0,0,0,0,0,0,0,0
0.20769,0,0,0,0,0,0,0,0,0,0,0,0,0,0
NaN,0,0,0,0,0,0,0,0,0,0,0,0,0,0
NaN,0,0,0,0,0,0,0,0,0,0,0,0,0,0
NaN,0,0,0,0,0,0,0,0,0,0,0,0,0,0
NaN,0,0,0,0,0,0,0,0,0,0,0,0,0,0
0.1615,0,0,0,0,0,0,0,0,0,0,0,0,0,0
0.21181,0,0,0,0,0,0,0,0,0,0,0,0,0,0
0.19925,0,0,0,0,0,0,0,0,0,0,0,0,0,0
NaN,0,0,0,0,0,0,0,0,0,0,0,0,0,0
NaN,0,0,0,0,0,0,0,0,0,0,0,0,0,0
NaN,0,0,0,0,0,0,0,0,0,0,0,0,0,0
NaN,0,0,0,0,0,0,0,0,0,0,0,0,0,0
0.16374,0,0,0,0,0,0,0,0,0,0,0,0,0,0
0.21721,0,0,0,0,0,0,0,0,0,0,0,0,0,0
0.20465,0,0,0,0,0,0,0,0,0,0,0,0,0,0
NaN,0,0,0,0,0,0,0,0,0,0,0,0,0,0
NaN,0,0,0,0,0,0,0,0,0,0,0,0,0,0
NaN,0,0,0,0,0,0,0,0,0,0,0,0,0,0
NaN,0,0,0,0,0,0,0,0,0,0,0,0,0,0
0.15145,0,0,0,0,0,0,0,0,0,0,0,0,0,0
0.21862,0,0,0,0,0,0,0,0,0,0,0,0,0,0
0.20826,0,0,0,0,0,0,0,0,0,0,0,0,0,0
0.20514,0,0,0,0,0,0,0,0,0,0,0,0,0,0
0.20969,0,0,0,0,0,0,0,0,0,0,0,0,0,0
0.1922,0,0,0,0,0,0,0,0,0,0,0,0,0,0
0.20834,0,0,0,0,0,0,0,0,0,0,0,0,0,0
0.2126,0,0,0,0,0,0,0,0,0,0,0,0,0,0
0.21512,0,0,0,0,0,0,0,0,0,0,0,0,0,0
0.20026,0,0,0,0,0,0,0,0,0,0,0,0,0,0
0.20265,0,0,0,0,0,0,0,0,0,0,0,0,0,0
0.201,0,0,0,0,0,0,0,0,0,0,0,0,0,0
0.20703,0,0,0,0,0,0,0,0,0,0,0,0,0,0
0.22323,0,0,0,0,0,0,0,0,0,0,0,0,0,0
0.20589,0,0,0,0,0,0,0,0,0,0,0,0,0,0
0.20346,0,0,0,0,0,0,0,0,0,0,0,0,0,0
0.22692,0,0,0,0,0,0,0,0,0,0,0,0,0,0
0.21538,0,0,0,0,0,0,0,0,0,0,0,0,0,0
0.21324,0,0,0,0,0,0,0,0,0,0,0,0,0,0
0.20147,0,0,0,0,0,0,0,0,0,0,0,0,0,0
0.21491,0,0,0,0,0,0,0,0,0,0,0,0,0,0
0.22091,0,0,0,0,0,0,0,0,0,0,0,0,0,0
0.20555,0,0,0,0,0,0,0,0,0,0,0,0,0,0
0.22158,0,0,0,0,0,0,0,0,0,0,0,0,0,0
0.20129,0,0,0,0,0,0,0,0,0,0,0,0,0,0
0.20598,0,0,0,0,0,0,0,0,0,0,0,0,0,0
0.21606,0,0,0,0,0,0,0,0,0,0,0,0,0,0
0.20108,0,0,0,0,0,0,0,0,0,0,0,0,0,0
0.20576,0,0,0,0,0,0,0,0,0,0,0,0,0,0
NaN,0,0,0,0,0,0,0,0,0,0,0,0,0,0
NaN,0,0,0,0,0,0,0,0,0,0,0,0,0,0
NaN,0,0,0,0,0,0,0,0,0,0,0,0,0,0
NaN,0,0,0,0,0,0,0,0,0,0,0,0,0,0
0.16436,0,0,0,0,0,0,0,0,0,0,0,0,0,0
0.21702,0,0,0,0,0,0,0,0,0,0,0,0,0,0
0.20168,0,0,0,0,0,0,0,0,0,0,0,0,0,0
0.20345,0,0,0,0,0,0,0,0,0,0,0,0,0,0
NaN,0,0,0,0,0,0,0,0,0,0,0,0,0,0
NaN,0,0,0,0,0,0,0,0,0,0,0,0,0,0
NaN,0,0,0,0,0,0,0,0,0,0,0,0,0,0
NaN,0,0,0,0,0,0,0,0,0,0,0,0,0,0
0.17122,0,0,0,0,0,0,0,0,0,0,0,0,0,0
0.21672,0,0,0,0,0,0,0,0,0,0,0,0,0,0
0.202,0,0,0,0,0,0,0,0,0,0,0,0,0,0
0.20432,0,0,0,0,0,0,0,0,0,0,0,0,0,0
0.21266,0,0,0,0,0,0,0,0,0,0,0,0,0,0
0.20751,0,0,0,0,0,0,0,0,0,0,0,0,0,0
NaN,0,0,0,0,0,0,0,0,0,0,0,0,0,0
NaN,0,0,0,0,0,0,0,0,0,0,0,0,0,0
NaN,0,0,0,0,0,0,0,0,0,0,0,0,0,0
NaN,0,0,0,0,0,0,0,0,0,0,0,0,0,0
0.16057,0,0,0,0,0,0,0,0,0,0,0,0,0,0
0.22141,0,0,0,0,0,0,0,0,0,0,0,0,0,0
0.20824,0,0,0,0,0,0,0,0,0,0,0,0,0,0
0.20847,0,0,0,0,0,0,0,0,0,0,0,0,0,0
0.20853,0,0,0,0,0,0,0,0,0,0,0,0,0,0
0.19627,0,0,0,0,0,0,0,0,0,0,0,0,0,0
0.21661,0,0,0,0,0,0,0,0,0,0,0,0,0,0
0.22101,0,0,0,0,0,0,0,0,0,0,0,0,0,0
0.23168,0,0,0,0,0,0,0,0,0,0,0,0,0,0
0.20624,0,0,0,0,0,0,0,0,0,0,0,0,0,0
0.2176,0,0,0,0,0,0,0,0,0,0,0,0,0,0
0.20698,0,0,0,0,0,0,0,0,0,0,0,0,0,0
0.20841,0,0,0,0,0,0,0,0,0,0,0,0,0,0
0.23027,0,0,0,0,0,0,0,0,0,0,0,0,0,0
0.20277,0,0,0,0,0,0,0,0,0,0,0,0,0,0
0.20352,0,0,0,0,0,0,0,0,0,0,0,0,0,0
0.2289,0,0,0,0,0,0,0,0,0,0,0,0,0,0
0.21763,0,0,0,0,0,0,0,0,0,0,0,0,0,0
0.21704,0,0,0,0,0,0,0,0,0,0,0,0,0,0
0.20521,0,0,0,0,0,0,0,0,0,0,0,0,0,0
0.21478,0,0,0,0,0,0,0,0,0,0,0,0,0,0
0.22395,0,0,0,0,0,0,0,0,0,0,0,0,0,0
0.20239,0,0,0,0,0,0,0,0,0,0,0,0,0,0
0.22366,0,0,0,0,0,0,0,0,0,0,0,0,0,0
0.20189,0,0,0,0,0,0,0,0,0,0,0,0,0,0
0.19756,0,0,0,0,0,0,0,0,0,0,0,0,0,0
NaN,0,0,0,0,0,0,0,0,0,0,0,0,0,0
NaN,0,0,0,0,0,0,0,0,0,0,0,0,0,0
NaN,0,0,0,0,0,0,0,0,0,0,0,0,0,0
NaN,0,0,0,0,0,0,0,0,0,0,0,0,0,0
0.16654,0,0,0,0,0,0,0,0,0,0,0,0,0,0
0.221,0,0,0,0,0,0,0,0,0,0,0,0,0,0
0.20743,0,0,0,0,0,0,0,0,0,0,0,0,0,0
NaN,0,0,0,0,0,0,0,0,0,0,0,0,0,0
NaN,0,0,0,0,0,0,0,0,0,0,0,0,0,0
NaN,0,0,0,0,0,0,0,0,0,0,0,0,0,0
NaN,0,0,0,0,0,0,0,0,0,0,0,0,0,0
0.17172,0,0,0,0,0,0,0,0,0,0,0,0,0,0
0.2166,0,0,0,0,0,0,0,0,0,0,0,0,0,0
0.20274,0,0,0,0,0,0,0,0,0,0,0,0,0,0
0.20544,0,0,0,0,0,0,0,0,0,0,0,0,0,0
NaN,0,0,0,0,0,0,0,0,0,0,0,0,0,0
NaN,0,0,0,0,0,0,0,0,0,0,0,0,0,0
NaN,0,0,0,0,0,0,0,0,0,0,0,0,0,0
NaN,0,0,0,0,0,0,0,0,0,0,0,0,0,0
0.15613,0,0,0,0,0,0,0,0,0,0,0,0,0,0
