1
143.0000,125.0000,84.0000,194.0000
139.0000,123.0000,87.0000,195.0000
134.0000,120.0000,89.0000,196.0000
134.0000,118.0000,90.0000,199.0000
129.0000,113.0000,96.0000,204.0000
125.0000,105.0000,106.0000,211.0000
117.0000,101.0000,118.0000,222.0000
115.0000,104.0000,117.0000,219.0000
104.0000,90.0000,125.0000,235.0000
90.0000,85.0000,141.0000,248.0000
88.0000,89.0000,136.0000,241.0000
82.0000,87.0000,143.0000,248.0000
79.0000,88.0000,145.0000,247.0000
73.0000,86.0000,149.0000,251.0000
67.0000,83.0000,154.0000,259.0000
65.0000,88.0000,154.0000,254.0000
64.0000,90.0000,153.0000,254.0000
63.0000,92.0000,154.0000,253.0000
61.0000,91.0000,155.0000,254.0000
61.0000,94.0000,155.0000,252.0000
62.0000,94.0000,154.0000,252.0000
60.0000,94.0000,156.0000,253.0000
60.0000,95.0000,156.0000,252.0000
59.0000,98.0000,158.0000,251.0000
59.0000,95.0000,157.0000,256.0000
55.0000,97.0000,163.0000,253.0000
58.0000,98.0000,158.0000,252.0000
62.0000,105.0000,152.0000,244.0000
63.0000,106.0000,151.0000,243.0000
60.0000,97.0000,156.0000,253.0000
61.0000,100.0000,154.0000,249.0000
65.0000,100.0000,149.0000,249.0000
60.0000,99.0000,158.0000,253.0000
60.0000,99.0000,158.0000,255.0000
59.0000,100.0000,160.0000,255.0000
59.0000,106.0000,160.0000,249.0000
59.0000,107.0000,160.0000,248.0000
60.0000,107.0000,159.0000,249.0000
60.0000,108.0000,159.0000,249.0000
61.0000,108.0000,158.0000,249.0000
62.0000,108.0000,156.0000,248.0000
63.0000,108.0000,155.0000,249.0000
63.0000,108.0000,155.0000,248.0000
61.0000,98.0000,159.0000,263.0000
57.0000,96.0000,166.0000,267.0000
60.0000,97.0000,163.0000,262.0000
56.0000,89.0000,180.0000,275.0000
57.0000,89.0000,176.0000,268.0000
54.0000,83.0000,185.0000,277.0000
0
0
0
0
0
134.0000,268.0000,160.0000,69.0000
0
0
0
0
0
0
0
0
0
0
0
0
0
0
0
0
0
0
0
0
0
0
0
0
0
0
0
0
0
0
0
0
0
0
0
0
0
0
0
0
0
0
0
0
0
0
0
0
0
0
0
0
0
0
0
0
0
0
0
0
0
0
0
0
0
0
0
0
0
0
0
0
0
0
0
0
0
0
0
82.0000,72.0000,393.0000,294.0000
0
0
0
0
0
0
0
0
0
0
0
0
0
0
0
0
0
0
0
0
0
0
0
0
0
0
0
0
0
0
0
0
0
0
0
0
0
0
0
0
0
0
0
0
0
0
0
0
0
0
0
0
0
0
0
0
0
0
0
0
0
0
0
0
0
0
0
0
0
0
0
0
0
0
0
0
0
0
0
0
0
0
0
0
0
0
0
0
0
0
0
0
0
0
0
0
0
0
0
0
0
0
0
0
0
0
0
0
0
0
0
0
0
0
0
0
0
0
0
0
0
0
0
0
0
0
0
0
0
0
0
0
0
0
0
0
0
0
0
0
0
0
0
0
0
0
0
0
0
0
0
0
0
0
0
0
