1
593.0000,201.0000,43.0000,39.0000
591.0000,200.0000,45.0000,40.0000
591.0000,200.0000,45.0000,40.0000
591.0000,200.0000,45.0000,40.0000
591.0000,200.0000,45.0000,40.0000
591.0000,200.0000,45.0000,40.0000
591.0000,200.0000,45.0000,40.0000
591.0000,200.0000,45.0000,40.0000
591.0000,200.0000,45.0000,40.0000
590.0000,200.0000,41.0000,37.0000
590.0000,200.0000,41.0000,37.0000
590.0000,200.0000,41.0000,37.0000
590.0000,200.0000,41.0000,37.0000
590.0000,200.0000,41.0000,37.0000
572.0000,196.0000,36.0000,33.0000
572.0000,196.0000,36.0000,33.0000
572.0000,196.0000,36.0000,33.0000
572.0000,196.0000,36.0000,33.0000
572.0000,196.0000,36.0000,33.0000
564.0000,192.0000,32.0000,29.0000
564.0000,192.0000,32.0000,29.0000
564.0000,192.0000,32.0000,29.0000
564.0000,192.0000,32.0000,29.0000
564.0000,192.0000,32.0000,29.0000
564.0000,192.0000,32.0000,29.0000
564.0000,192.0000,32.0000,29.0000
564.0000,192.0000,32.0000,29.0000
564.0000,192.0000,32.0000,29.0000
564.0000,192.0000,32.0000,29.0000
564.0000,192.0000,32.0000,29.0000
564.0000,192.0000,32.0000,29.0000
564.0000,192.0000,32.0000,29.0000
564.0000,192.0000,32.0000,29.0000
564.0000,192.0000,32.0000,29.0000
564.0000,192.0000,32.0000,29.0000
563.0000,193.0000,29.0000,26.0000
563.0000,193.0000,29.0000,26.0000
563.0000,193.0000,29.0000,26.0000
563.0000,193.0000,29.0000,26.0000
563.0000,193.0000,29.0000,26.0000
563.0000,193.0000,29.0000,26.0000
557.0000,190.0000,33.0000,30.0000
557.0000,190.0000,33.0000,30.0000
557.0000,190.0000,33.0000,30.0000
557.0000,190.0000,33.0000,30.0000
557.0000,190.0000,33.0000,30.0000
550.0000,190.0000,38.0000,35.0000
550.0000,190.0000,38.0000,35.0000
550.0000,190.0000,38.0000,35.0000
550.0000,190.0000,38.0000,35.0000
549.0000,191.0000,41.0000,37.0000
549.0000,191.0000,41.0000,37.0000
549.0000,191.0000,41.0000,37.0000
549.0000,191.0000,41.0000,37.0000
550.0000,192.0000,41.0000,37.0000
550.0000,192.0000,41.0000,37.0000
550.0000,192.0000,41.0000,37.0000
550.0000,192.0000,41.0000,37.0000
550.0000,192.0000,41.0000,37.0000
555.0000,196.0000,36.0000,33.0000
555.0000,196.0000,36.0000,33.0000
555.0000,196.0000,36.0000,33.0000
555.0000,196.0000,36.0000,33.0000
555.0000,196.0000,36.0000,33.0000
555.0000,196.0000,36.0000,33.0000
555.0000,196.0000,36.0000,33.0000
555.0000,196.0000,36.0000,33.0000
555.0000,196.0000,36.0000,33.0000
555.0000,196.0000,36.0000,33.0000
555.0000,196.0000,36.0000,33.0000
555.0000,196.0000,36.0000,33.0000
555.0000,196.0000,36.0000,33.0000
555.0000,196.0000,36.0000,33.0000
555.0000,196.0000,36.0000,33.0000
555.0000,196.0000,36.0000,33.0000
555.0000,196.0000,36.0000,33.0000
555.0000,196.0000,36.0000,33.0000
555.0000,196.0000,36.0000,33.0000
555.0000,196.0000,36.0000,33.0000
0
2
0
0
0
0
1
607.0000,207.0000,49.0000,49.0000
609.0000,207.0000,47.0000,47.0000
609.0000,207.0000,47.0000,47.0000
609.0000,207.0000,47.0000,47.0000
609.0000,207.0000,47.0000,47.0000
609.0000,207.0000,47.0000,47.0000
609.0000,207.0000,47.0000,47.0000
609.0000,207.0000,47.0000,47.0000
609.0000,207.0000,49.0000,49.0000
609.0000,207.0000,49.0000,49.0000
609.0000,207.0000,49.0000,49.0000
609.0000,207.0000,49.0000,49.0000
609.0000,207.0000,49.0000,49.0000
611.0000,208.0000,55.0000,55.0000
611.0000,208.0000,55.0000,55.0000
611.0000,208.0000,55.0000,55.0000
611.0000,208.0000,55.0000,55.0000
611.0000,208.0000,55.0000,55.0000
611.0000,208.0000,55.0000,55.0000
614.0000,210.0000,53.0000,53.0000
614.0000,210.0000,53.0000,53.0000
614.0000,210.0000,53.0000,53.0000
614.0000,210.0000,53.0000,53.0000
614.0000,210.0000,53.0000,53.0000
614.0000,210.0000,53.0000,53.0000
614.0000,210.0000,53.0000,53.0000
614.0000,210.0000,53.0000,53.0000
614.0000,210.0000,53.0000,53.0000
614.0000,210.0000,53.0000,53.0000
614.0000,210.0000,53.0000,53.0000
614.0000,210.0000,53.0000,53.0000
614.0000,210.0000,53.0000,53.0000
614.0000,210.0000,53.0000,53.0000
614.0000,210.0000,53.0000,53.0000
614.0000,210.0000,53.0000,53.0000
614.0000,210.0000,53.0000,53.0000
623.0000,211.0000,47.0000,47.0000
623.0000,211.0000,47.0000,47.0000
623.0000,211.0000,47.0000,47.0000
623.0000,211.0000,47.0000,47.0000
2
595.0000,205.0000,53.0000,53.0000
0
0
0
0
1
576.0000,202.0000,45.0000,42.0000
576.0000,202.0000,45.0000,42.0000
576.0000,202.0000,45.0000,42.0000
576.0000,202.0000,45.0000,42.0000
576.0000,202.0000,45.0000,42.0000
576.0000,202.0000,45.0000,42.0000
576.0000,202.0000,45.0000,42.0000
575.0000,202.0000,45.0000,42.0000
575.0000,202.0000,45.0000,42.0000
575.0000,202.0000,45.0000,42.0000
575.0000,202.0000,45.0000,42.0000
575.0000,202.0000,45.0000,42.0000
575.0000,202.0000,45.0000,42.0000
575.0000,202.0000,45.0000,42.0000
575.0000,202.0000,45.0000,42.0000
575.0000,202.0000,45.0000,42.0000
575.0000,202.0000,45.0000,42.0000
575.0000,202.0000,45.0000,42.0000
574.0000,203.0000,43.0000,41.0000
574.0000,203.0000,43.0000,41.0000
574.0000,203.0000,43.0000,41.0000
574.0000,203.0000,43.0000,41.0000
574.0000,203.0000,43.0000,41.0000
581.0000,201.0000,45.0000,42.0000
581.0000,201.0000,45.0000,42.0000
581.0000,201.0000,45.0000,42.0000
581.0000,201.0000,45.0000,42.0000
581.0000,201.0000,45.0000,42.0000
581.0000,201.0000,45.0000,42.0000
581.0000,201.0000,45.0000,42.0000
581.0000,201.0000,45.0000,42.0000
581.0000,201.0000,45.0000,42.0000
581.0000,201.0000,45.0000,42.0000
581.0000,201.0000,45.0000,42.0000
581.0000,201.0000,45.0000,42.0000
581.0000,201.0000,45.0000,42.0000
581.0000,201.0000,45.0000,42.0000
581.0000,201.0000,45.0000,42.0000
581.0000,201.0000,45.0000,42.0000
581.0000,201.0000,45.0000,42.0000
585.0000,197.0000,52.0000,48.0000
2
0
0
604.0000,197.0000,60.0000,56.0000
0
0
0
0
1
610.0000,198.0000,54.0000,47.0000
610.0000,198.0000,54.0000,47.0000
610.0000,198.0000,54.0000,47.0000
610.0000,198.0000,54.0000,47.0000
610.0000,198.0000,54.0000,47.0000
610.0000,198.0000,54.0000,47.0000
610.0000,198.0000,54.0000,47.0000
612.0000,200.0000,48.0000,42.0000
612.0000,200.0000,48.0000,42.0000
612.0000,200.0000,48.0000,42.0000
612.0000,200.0000,48.0000,42.0000
620.0000,203.0000,43.0000,37.0000
620.0000,203.0000,43.0000,37.0000
620.0000,203.0000,43.0000,37.0000
620.0000,203.0000,43.0000,37.0000
620.0000,203.0000,43.0000,37.0000
620.0000,203.0000,43.0000,37.0000
620.0000,203.0000,43.0000,37.0000
618.0000,205.0000,38.0000,33.0000
618.0000,205.0000,38.0000,33.0000
618.0000,205.0000,38.0000,33.0000
618.0000,205.0000,38.0000,33.0000
618.0000,205.0000,38.0000,33.0000
618.0000,205.0000,38.0000,33.0000
618.0000,205.0000,38.0000,33.0000
618.0000,205.0000,38.0000,33.0000
618.0000,205.0000,38.0000,33.0000
618.0000,205.0000,38.0000,33.0000
618.0000,205.0000,38.0000,33.0000
618.0000,205.0000,38.0000,33.0000
618.0000,205.0000,38.0000,33.0000
618.0000,205.0000,38.0000,33.0000
618.0000,205.0000,38.0000,33.0000
618.0000,205.0000,38.0000,33.0000
613.0000,205.0000,34.0000,29.0000
613.0000,205.0000,34.0000,29.0000
613.0000,205.0000,34.0000,29.0000
613.0000,205.0000,34.0000,29.0000
613.0000,205.0000,34.0000,29.0000
601.0000,207.0000,33.0000,28.0000
601.0000,207.0000,33.0000,28.0000
601.0000,207.0000,33.0000,28.0000
601.0000,207.0000,33.0000,28.0000
601.0000,207.0000,33.0000,28.0000
600.0000,207.0000,38.0000,33.0000
600.0000,207.0000,38.0000,33.0000
600.0000,207.0000,38.0000,33.0000
600.0000,207.0000,38.0000,33.0000
601.0000,208.0000,44.0000,38.0000
601.0000,208.0000,44.0000,38.0000
601.0000,208.0000,44.0000,38.0000
601.0000,208.0000,44.0000,38.0000
601.0000,208.0000,44.0000,38.0000
601.0000,208.0000,44.0000,38.0000
601.0000,208.0000,44.0000,38.0000
601.0000,208.0000,44.0000,38.0000
590.0000,209.0000,51.0000,44.0000
590.0000,209.0000,51.0000,44.0000
590.0000,209.0000,51.0000,44.0000
590.0000,209.0000,51.0000,44.0000
558.0000,210.0000,56.0000,48.0000
558.0000,210.0000,56.0000,48.0000
558.0000,210.0000,56.0000,48.0000
558.0000,210.0000,56.0000,48.0000
558.0000,210.0000,56.0000,48.0000
558.0000,210.0000,56.0000,48.0000
558.0000,210.0000,56.0000,48.0000
558.0000,210.0000,56.0000,48.0000
0
0
0
0
0
0
0
0
2
0
0
0
0
1
441.0000,233.0000,40.0000,55.0000
439.0000,235.0000,39.0000,53.0000
439.0000,235.0000,39.0000,53.0000
439.0000,235.0000,39.0000,53.0000
439.0000,235.0000,39.0000,53.0000
439.0000,235.0000,39.0000,53.0000
439.0000,235.0000,39.0000,53.0000
439.0000,235.0000,39.0000,53.0000
439.0000,235.0000,39.0000,53.0000
438.0000,235.0000,39.0000,53.0000
438.0000,235.0000,39.0000,53.0000
438.0000,235.0000,39.0000,53.0000
438.0000,235.0000,39.0000,53.0000
438.0000,235.0000,39.0000,53.0000
438.0000,235.0000,39.0000,53.0000
438.0000,235.0000,39.0000,53.0000
438.0000,235.0000,39.0000,53.0000
438.0000,235.0000,39.0000,53.0000
438.0000,235.0000,39.0000,53.0000
431.0000,241.0000,39.0000,53.0000
431.0000,241.0000,39.0000,53.0000
431.0000,241.0000,39.0000,53.0000
431.0000,241.0000,39.0000,53.0000
434.0000,244.0000,45.0000,62.0000
434.0000,244.0000,45.0000,62.0000
434.0000,244.0000,45.0000,62.0000
434.0000,244.0000,45.0000,62.0000
434.0000,244.0000,45.0000,62.0000
434.0000,244.0000,45.0000,62.0000
434.0000,244.0000,45.0000,62.0000
434.0000,244.0000,45.0000,62.0000
434.0000,244.0000,45.0000,62.0000
434.0000,244.0000,45.0000,62.0000
434.0000,244.0000,45.0000,62.0000
434.0000,244.0000,45.0000,62.0000
434.0000,244.0000,45.0000,62.0000
434.0000,244.0000,45.0000,62.0000
434.0000,244.0000,45.0000,62.0000
434.0000,244.0000,45.0000,62.0000
434.0000,244.0000,45.0000,62.0000
434.0000,244.0000,45.0000,62.0000
428.0000,246.0000,48.0000,66.0000
428.0000,246.0000,48.0000,66.0000
428.0000,246.0000,48.0000,66.0000
428.0000,246.0000,48.0000,66.0000
421.0000,261.0000,43.0000,58.0000
421.0000,261.0000,43.0000,58.0000
421.0000,261.0000,43.0000,58.0000
421.0000,261.0000,43.0000,58.0000
421.0000,261.0000,43.0000,58.0000
421.0000,261.0000,43.0000,58.0000
421.0000,261.0000,43.0000,58.0000
421.0000,261.0000,43.0000,58.0000
424.0000,261.0000,44.0000,60.0000
424.0000,261.0000,44.0000,60.0000
424.0000,261.0000,44.0000,60.0000
424.0000,261.0000,44.0000,60.0000
428.0000,260.0000,45.0000,62.0000
428.0000,260.0000,45.0000,62.0000
428.0000,260.0000,45.0000,62.0000
428.0000,260.0000,45.0000,62.0000
428.0000,260.0000,45.0000,62.0000
428.0000,260.0000,45.0000,62.0000
428.0000,260.0000,45.0000,62.0000
428.0000,260.0000,45.0000,62.0000
430.0000,261.0000,43.0000,58.0000
430.0000,261.0000,43.0000,58.0000
430.0000,261.0000,43.0000,58.0000
430.0000,261.0000,43.0000,58.0000
430.0000,261.0000,43.0000,58.0000
430.0000,261.0000,43.0000,58.0000
430.0000,261.0000,43.0000,58.0000
430.0000,261.0000,43.0000,58.0000
430.0000,261.0000,43.0000,58.0000
430.0000,261.0000,43.0000,58.0000
445.0000,263.0000,39.0000,53.0000
445.0000,263.0000,39.0000,53.0000
0
0
0
0
0
0
0
0
0
0
0
0
0
0
0
2
0
0
0
0
1
556.0000,228.0000,25.0000,43.0000
558.0000,226.0000,25.0000,43.0000
558.0000,226.0000,25.0000,43.0000
558.0000,226.0000,25.0000,43.0000
558.0000,226.0000,25.0000,43.0000
558.0000,226.0000,25.0000,43.0000
558.0000,226.0000,25.0000,43.0000
558.0000,226.0000,25.0000,43.0000
558.0000,226.0000,25.0000,43.0000
558.0000,226.0000,25.0000,43.0000
558.0000,226.0000,25.0000,43.0000
558.0000,222.0000,29.0000,50.0000
558.0000,222.0000,29.0000,50.0000
558.0000,222.0000,29.0000,50.0000
558.0000,222.0000,29.0000,50.0000
558.0000,222.0000,29.0000,50.0000
558.0000,222.0000,29.0000,50.0000
578.0000,208.0000,29.0000,50.0000
578.0000,208.0000,29.0000,50.0000
578.0000,208.0000,29.0000,50.0000
578.0000,208.0000,29.0000,50.0000
578.0000,208.0000,29.0000,50.0000
583.0000,201.0000,27.0000,47.0000
583.0000,201.0000,27.0000,47.0000
583.0000,201.0000,27.0000,47.0000
583.0000,201.0000,27.0000,47.0000
583.0000,201.0000,27.0000,47.0000
583.0000,201.0000,27.0000,47.0000
583.0000,201.0000,27.0000,47.0000
583.0000,201.0000,27.0000,47.0000
583.0000,201.0000,27.0000,47.0000
583.0000,201.0000,27.0000,47.0000
583.0000,201.0000,27.0000,47.0000
583.0000,201.0000,27.0000,47.0000
583.0000,201.0000,27.0000,47.0000
583.0000,201.0000,27.0000,47.0000
583.0000,201.0000,27.0000,47.0000
583.0000,201.0000,27.0000,47.0000
583.0000,201.0000,27.0000,47.0000
583.0000,201.0000,27.0000,47.0000
583.0000,195.0000,27.0000,47.0000
583.0000,195.0000,27.0000,47.0000
583.0000,195.0000,27.0000,47.0000
583.0000,195.0000,27.0000,47.0000
583.0000,195.0000,27.0000,47.0000
569.0000,167.0000,25.0000,43.0000
569.0000,167.0000,25.0000,43.0000
569.0000,167.0000,25.0000,43.0000
569.0000,167.0000,25.0000,43.0000
570.0000,162.0000,23.0000,39.0000
570.0000,162.0000,23.0000,39.0000
570.0000,162.0000,23.0000,39.0000
568.0000,157.0000,23.0000,39.0000
568.0000,157.0000,23.0000,39.0000
568.0000,157.0000,23.0000,39.0000
568.0000,157.0000,23.0000,39.0000
567.0000,154.0000,23.0000,39.0000
567.0000,154.0000,23.0000,39.0000
567.0000,154.0000,23.0000,39.0000
567.0000,154.0000,23.0000,39.0000
567.0000,154.0000,23.0000,39.0000
563.0000,150.0000,24.0000,41.0000
563.0000,150.0000,24.0000,41.0000
563.0000,150.0000,24.0000,41.0000
563.0000,150.0000,24.0000,41.0000
563.0000,150.0000,24.0000,41.0000
563.0000,150.0000,24.0000,41.0000
563.0000,150.0000,24.0000,41.0000
563.0000,150.0000,24.0000,41.0000
563.0000,150.0000,24.0000,41.0000
563.0000,150.0000,24.0000,41.0000
563.0000,150.0000,24.0000,41.0000
563.0000,150.0000,24.0000,41.0000
563.0000,150.0000,24.0000,41.0000
563.0000,150.0000,24.0000,41.0000
563.0000,150.0000,24.0000,41.0000
563.0000,150.0000,24.0000,41.0000
563.0000,150.0000,24.0000,41.0000
563.0000,150.0000,24.0000,41.0000
563.0000,147.0000,22.0000,38.0000
563.0000,147.0000,22.0000,38.0000
563.0000,147.0000,22.0000,38.0000
563.0000,147.0000,22.0000,38.0000
563.0000,147.0000,22.0000,38.0000
565.0000,140.0000,26.0000,44.0000
565.0000,140.0000,26.0000,44.0000
565.0000,140.0000,26.0000,44.0000
565.0000,140.0000,26.0000,44.0000
565.0000,140.0000,26.0000,44.0000
559.0000,137.0000,28.0000,48.0000
559.0000,137.0000,28.0000,48.0000
559.0000,137.0000,28.0000,48.0000
559.0000,137.0000,28.0000,48.0000
559.0000,137.0000,28.0000,48.0000
559.0000,137.0000,28.0000,48.0000
556.0000,136.0000,28.0000,48.0000
556.0000,136.0000,28.0000,48.0000
556.0000,136.0000,28.0000,48.0000
556.0000,136.0000,28.0000,48.0000
555.0000,135.0000,28.0000,48.0000
555.0000,135.0000,28.0000,48.0000
555.0000,135.0000,28.0000,48.0000
555.0000,135.0000,28.0000,48.0000
551.0000,138.0000,25.0000,43.0000
551.0000,138.0000,25.0000,43.0000
551.0000,138.0000,25.0000,43.0000
551.0000,138.0000,25.0000,43.0000
551.0000,138.0000,25.0000,43.0000
551.0000,138.0000,25.0000,43.0000
551.0000,138.0000,25.0000,43.0000
551.0000,138.0000,25.0000,43.0000
551.0000,138.0000,25.0000,43.0000
551.0000,138.0000,25.0000,43.0000
551.0000,138.0000,25.0000,43.0000
551.0000,138.0000,25.0000,43.0000
551.0000,138.0000,25.0000,43.0000
551.0000,138.0000,25.0000,43.0000
551.0000,138.0000,25.0000,43.0000
551.0000,138.0000,25.0000,43.0000
551.0000,138.0000,25.0000,43.0000
551.0000,138.0000,25.0000,43.0000
551.0000,138.0000,25.0000,43.0000
551.0000,138.0000,25.0000,43.0000
551.0000,138.0000,25.0000,43.0000
551.0000,138.0000,25.0000,43.0000
551.0000,138.0000,25.0000,43.0000
551.0000,138.0000,25.0000,43.0000
551.0000,138.0000,25.0000,43.0000
551.0000,138.0000,25.0000,43.0000
544.0000,138.0000,24.0000,41.0000
544.0000,138.0000,24.0000,41.0000
544.0000,138.0000,24.0000,41.0000
544.0000,138.0000,24.0000,41.0000
544.0000,138.0000,24.0000,41.0000
540.0000,135.0000,24.0000,42.0000
540.0000,135.0000,24.0000,42.0000
540.0000,135.0000,24.0000,42.0000
540.0000,135.0000,24.0000,42.0000
539.0000,134.0000,23.0000,39.0000
539.0000,134.0000,23.0000,39.0000
539.0000,134.0000,23.0000,39.0000
539.0000,134.0000,23.0000,39.0000
539.0000,134.0000,23.0000,39.0000
539.0000,134.0000,23.0000,39.0000
539.0000,134.0000,23.0000,39.0000
538.0000,133.0000,24.0000,42.0000
538.0000,133.0000,24.0000,42.0000
538.0000,133.0000,24.0000,42.0000
538.0000,133.0000,24.0000,42.0000
537.0000,132.0000,23.0000,39.0000
537.0000,132.0000,23.0000,39.0000
537.0000,132.0000,23.0000,39.0000
537.0000,132.0000,23.0000,39.0000
537.0000,132.0000,23.0000,39.0000
532.0000,129.0000,25.0000,43.0000
532.0000,129.0000,25.0000,43.0000
532.0000,129.0000,25.0000,43.0000
532.0000,129.0000,25.0000,43.0000
532.0000,129.0000,25.0000,43.0000
532.0000,129.0000,25.0000,43.0000
532.0000,129.0000,25.0000,43.0000
532.0000,129.0000,25.0000,43.0000
532.0000,129.0000,25.0000,43.0000
532.0000,129.0000,25.0000,43.0000
532.0000,129.0000,25.0000,43.0000
532.0000,129.0000,25.0000,43.0000
532.0000,129.0000,25.0000,43.0000
528.0000,127.0000,27.0000,47.0000
528.0000,127.0000,27.0000,47.0000
528.0000,127.0000,27.0000,47.0000
528.0000,127.0000,27.0000,47.0000
528.0000,127.0000,27.0000,47.0000
528.0000,127.0000,27.0000,47.0000
528.0000,127.0000,27.0000,47.0000
528.0000,127.0000,27.0000,47.0000
528.0000,127.0000,27.0000,47.0000
528.0000,127.0000,27.0000,47.0000
528.0000,127.0000,27.0000,47.0000
528.0000,127.0000,27.0000,47.0000
528.0000,127.0000,27.0000,47.0000
543.0000,121.0000,27.0000,47.0000
543.0000,121.0000,27.0000,47.0000
543.0000,121.0000,27.0000,47.0000
543.0000,121.0000,27.0000,47.0000
541.0000,114.0000,28.0000,48.0000
541.0000,114.0000,28.0000,48.0000
541.0000,114.0000,28.0000,48.0000
541.0000,114.0000,28.0000,48.0000
541.0000,114.0000,28.0000,48.0000
541.0000,114.0000,28.0000,48.0000
541.0000,114.0000,28.0000,48.0000
541.0000,114.0000,28.0000,48.0000
541.0000,114.0000,28.0000,48.0000
541.0000,114.0000,28.0000,48.0000
541.0000,114.0000,28.0000,48.0000
541.0000,114.0000,28.0000,48.0000
541.0000,114.0000,28.0000,48.0000
541.0000,114.0000,28.0000,48.0000
539.0000,113.0000,28.0000,48.0000
539.0000,113.0000,28.0000,48.0000
539.0000,113.0000,28.0000,48.0000
539.0000,113.0000,28.0000,48.0000
516.0000,113.0000,28.0000,48.0000
516.0000,113.0000,28.0000,48.0000
516.0000,113.0000,28.0000,48.0000
516.0000,113.0000,28.0000,48.0000
516.0000,113.0000,28.0000,48.0000
514.0000,113.0000,27.0000,46.0000
514.0000,113.0000,27.0000,46.0000
514.0000,113.0000,27.0000,46.0000
514.0000,113.0000,27.0000,46.0000
514.0000,113.0000,27.0000,46.0000
514.0000,113.0000,27.0000,46.0000
514.0000,113.0000,27.0000,46.0000
514.0000,113.0000,27.0000,46.0000
514.0000,113.0000,27.0000,46.0000
514.0000,113.0000,27.0000,46.0000
514.0000,113.0000,27.0000,46.0000
514.0000,113.0000,27.0000,46.0000
514.0000,113.0000,27.0000,46.0000
514.0000,113.0000,27.0000,46.0000
514.0000,113.0000,27.0000,46.0000
514.0000,113.0000,27.0000,46.0000
514.0000,113.0000,27.0000,46.0000
514.0000,113.0000,27.0000,46.0000
514.0000,113.0000,27.0000,46.0000
514.0000,113.0000,27.0000,46.0000
514.0000,113.0000,27.0000,46.0000
512.0000,113.0000,26.0000,44.0000
512.0000,113.0000,26.0000,44.0000
512.0000,113.0000,26.0000,44.0000
512.0000,113.0000,26.0000,44.0000
512.0000,113.0000,26.0000,44.0000
512.0000,113.0000,26.0000,44.0000
512.0000,113.0000,26.0000,44.0000
512.0000,113.0000,26.0000,44.0000
512.0000,113.0000,26.0000,44.0000
512.0000,113.0000,26.0000,44.0000
528.0000,111.0000,30.0000,51.0000
528.0000,111.0000,30.0000,51.0000
528.0000,111.0000,30.0000,51.0000
528.0000,111.0000,30.0000,51.0000
528.0000,111.0000,30.0000,51.0000
528.0000,111.0000,30.0000,51.0000
528.0000,111.0000,30.0000,51.0000
528.0000,111.0000,30.0000,51.0000
531.0000,113.0000,31.0000,53.0000
531.0000,113.0000,31.0000,53.0000
531.0000,113.0000,31.0000,53.0000
531.0000,113.0000,31.0000,53.0000
531.0000,113.0000,31.0000,53.0000
531.0000,113.0000,31.0000,53.0000
536.0000,116.0000,29.0000,50.0000
536.0000,116.0000,29.0000,50.0000
536.0000,116.0000,29.0000,50.0000
536.0000,116.0000,29.0000,50.0000
536.0000,116.0000,29.0000,50.0000
536.0000,116.0000,29.0000,50.0000
541.0000,116.0000,31.0000,53.0000
541.0000,116.0000,31.0000,53.0000
541.0000,116.0000,31.0000,53.0000
541.0000,116.0000,31.0000,53.0000
541.0000,116.0000,31.0000,53.0000
543.0000,118.0000,34.0000,58.0000
543.0000,118.0000,34.0000,58.0000
543.0000,118.0000,34.0000,58.0000
543.0000,118.0000,34.0000,58.0000
543.0000,118.0000,34.0000,58.0000
543.0000,118.0000,34.0000,58.0000
543.0000,118.0000,34.0000,58.0000
543.0000,118.0000,34.0000,58.0000
543.0000,118.0000,34.0000,58.0000
543.0000,118.0000,34.0000,58.0000
543.0000,118.0000,34.0000,58.0000
543.0000,118.0000,34.0000,58.0000
543.0000,118.0000,34.0000,58.0000
543.0000,118.0000,34.0000,58.0000
543.0000,118.0000,34.0000,58.0000
543.0000,118.0000,34.0000,58.0000
543.0000,118.0000,34.0000,58.0000
545.0000,121.0000,32.0000,54.0000
545.0000,121.0000,32.0000,54.0000
545.0000,121.0000,32.0000,54.0000
545.0000,121.0000,32.0000,54.0000
553.0000,125.0000,31.0000,53.0000
553.0000,125.0000,31.0000,53.0000
553.0000,125.0000,31.0000,53.0000
553.0000,125.0000,31.0000,53.0000
553.0000,125.0000,31.0000,53.0000
553.0000,125.0000,31.0000,53.0000
557.0000,126.0000,31.0000,53.0000
557.0000,126.0000,31.0000,53.0000
557.0000,126.0000,31.0000,53.0000
557.0000,126.0000,31.0000,53.0000
557.0000,126.0000,31.0000,53.0000
560.0000,129.0000,27.0000,47.0000
560.0000,129.0000,27.0000,47.0000
560.0000,129.0000,27.0000,47.0000
560.0000,129.0000,27.0000,47.0000
560.0000,129.0000,27.0000,47.0000
555.0000,130.0000,25.0000,43.0000
555.0000,130.0000,25.0000,43.0000
555.0000,130.0000,25.0000,43.0000
555.0000,130.0000,25.0000,43.0000
555.0000,130.0000,25.0000,43.0000
555.0000,130.0000,25.0000,43.0000
555.0000,130.0000,25.0000,43.0000
556.0000,130.0000,26.0000,44.0000
556.0000,130.0000,26.0000,44.0000
556.0000,130.0000,26.0000,44.0000
556.0000,130.0000,26.0000,44.0000
556.0000,130.0000,26.0000,44.0000
556.0000,130.0000,26.0000,44.0000
556.0000,130.0000,26.0000,44.0000
556.0000,130.0000,26.0000,44.0000
556.0000,130.0000,26.0000,44.0000
556.0000,130.0000,26.0000,44.0000
556.0000,130.0000,26.0000,44.0000
556.0000,130.0000,26.0000,44.0000
556.0000,130.0000,26.0000,44.0000
556.0000,130.0000,26.0000,44.0000
556.0000,130.0000,26.0000,44.0000
556.0000,130.0000,26.0000,44.0000
556.0000,130.0000,26.0000,44.0000
559.0000,130.0000,26.0000,44.0000
559.0000,130.0000,26.0000,44.0000
559.0000,130.0000,26.0000,44.0000
559.0000,130.0000,26.0000,44.0000
559.0000,130.0000,26.0000,44.0000
559.0000,130.0000,26.0000,44.0000
581.0000,122.0000,30.0000,51.0000
581.0000,122.0000,30.0000,51.0000
581.0000,122.0000,30.0000,51.0000
581.0000,122.0000,30.0000,51.0000
581.0000,122.0000,30.0000,51.0000
581.0000,121.0000,31.0000,53.0000
581.0000,121.0000,31.0000,53.0000
581.0000,121.0000,31.0000,53.0000
581.0000,121.0000,31.0000,53.0000
581.0000,121.0000,31.0000,53.0000
573.0000,124.0000,28.0000,48.0000
573.0000,124.0000,28.0000,48.0000
573.0000,124.0000,28.0000,48.0000
573.0000,124.0000,28.0000,48.0000
573.0000,124.0000,28.0000,48.0000
561.0000,124.0000,28.0000,48.0000
561.0000,124.0000,28.0000,48.0000
561.0000,124.0000,28.0000,48.0000
561.0000,124.0000,28.0000,48.0000
561.0000,124.0000,28.0000,48.0000
560.0000,123.0000,27.0000,47.0000
560.0000,123.0000,27.0000,47.0000
560.0000,123.0000,27.0000,47.0000
560.0000,123.0000,27.0000,47.0000
560.0000,123.0000,27.0000,47.0000
560.0000,123.0000,27.0000,47.0000
560.0000,123.0000,27.0000,47.0000
560.0000,123.0000,27.0000,47.0000
560.0000,123.0000,27.0000,47.0000
560.0000,123.0000,27.0000,47.0000
560.0000,123.0000,27.0000,47.0000
560.0000,123.0000,27.0000,47.0000
560.0000,123.0000,27.0000,47.0000
560.0000,123.0000,27.0000,47.0000
560.0000,123.0000,27.0000,47.0000
560.0000,123.0000,27.0000,47.0000
560.0000,123.0000,27.0000,47.0000
560.0000,123.0000,27.0000,47.0000
560.0000,123.0000,27.0000,47.0000
560.0000,123.0000,27.0000,47.0000
560.0000,123.0000,27.0000,47.0000
560.0000,123.0000,29.0000,50.0000
560.0000,123.0000,29.0000,50.0000
560.0000,123.0000,29.0000,50.0000
560.0000,123.0000,29.0000,50.0000
560.0000,123.0000,29.0000,50.0000
565.0000,121.0000,29.0000,50.0000
565.0000,121.0000,29.0000,50.0000
565.0000,121.0000,29.0000,50.0000
565.0000,121.0000,29.0000,50.0000
565.0000,121.0000,29.0000,50.0000
565.0000,121.0000,29.0000,50.0000
569.0000,120.0000,29.0000,50.0000
569.0000,120.0000,29.0000,50.0000
569.0000,120.0000,29.0000,50.0000
569.0000,120.0000,29.0000,50.0000
569.0000,120.0000,29.0000,50.0000
570.0000,119.0000,29.0000,50.0000
570.0000,119.0000,29.0000,50.0000
570.0000,119.0000,29.0000,50.0000
570.0000,119.0000,29.0000,50.0000
570.0000,119.0000,29.0000,50.0000
570.0000,119.0000,29.0000,50.0000
572.0000,119.0000,29.0000,50.0000
572.0000,119.0000,29.0000,50.0000
572.0000,119.0000,29.0000,50.0000
572.0000,119.0000,29.0000,50.0000
572.0000,119.0000,29.0000,50.0000
572.0000,119.0000,29.0000,50.0000
572.0000,119.0000,29.0000,50.0000
572.0000,119.0000,29.0000,50.0000
572.0000,119.0000,29.0000,50.0000
572.0000,119.0000,29.0000,50.0000
572.0000,119.0000,29.0000,50.0000
572.0000,119.0000,29.0000,50.0000
572.0000,119.0000,29.0000,50.0000
572.0000,119.0000,29.0000,50.0000
593.0000,116.0000,29.0000,50.0000
593.0000,116.0000,29.0000,50.0000
593.0000,116.0000,29.0000,50.0000
593.0000,116.0000,29.0000,50.0000
593.0000,116.0000,29.0000,50.0000
593.0000,114.0000,32.0000,54.0000
593.0000,114.0000,32.0000,54.0000
593.0000,114.0000,32.0000,54.0000
593.0000,114.0000,32.0000,54.0000
593.0000,114.0000,32.0000,54.0000
589.0000,114.0000,31.0000,53.0000
589.0000,114.0000,31.0000,53.0000
589.0000,114.0000,31.0000,53.0000
589.0000,114.0000,31.0000,53.0000
589.0000,114.0000,31.0000,53.0000
588.0000,113.0000,32.0000,54.0000
588.0000,113.0000,32.0000,54.0000
588.0000,113.0000,32.0000,54.0000
588.0000,113.0000,32.0000,54.0000
588.0000,113.0000,32.0000,54.0000
588.0000,113.0000,31.0000,53.0000
588.0000,113.0000,31.0000,53.0000
588.0000,113.0000,31.0000,53.0000
588.0000,113.0000,31.0000,53.0000
588.0000,113.0000,31.0000,53.0000
588.0000,113.0000,31.0000,53.0000
573.0000,115.0000,28.0000,48.0000
573.0000,115.0000,28.0000,48.0000
573.0000,115.0000,28.0000,48.0000
573.0000,115.0000,28.0000,48.0000
573.0000,115.0000,28.0000,48.0000
573.0000,115.0000,28.0000,48.0000
573.0000,115.0000,28.0000,48.0000
573.0000,115.0000,28.0000,48.0000
573.0000,115.0000,28.0000,48.0000
573.0000,115.0000,28.0000,48.0000
573.0000,115.0000,28.0000,48.0000
573.0000,115.0000,28.0000,48.0000
573.0000,115.0000,28.0000,48.0000
573.0000,115.0000,28.0000,48.0000
570.0000,116.0000,26.0000,44.0000
570.0000,116.0000,26.0000,44.0000
570.0000,116.0000,26.0000,44.0000
570.0000,116.0000,26.0000,44.0000
570.0000,116.0000,26.0000,44.0000
570.0000,116.0000,26.0000,44.0000
581.0000,111.0000,30.0000,51.0000
581.0000,111.0000,30.0000,51.0000
581.0000,111.0000,30.0000,51.0000
581.0000,111.0000,30.0000,51.0000
581.0000,111.0000,30.0000,51.0000
581.0000,111.0000,30.0000,51.0000
580.0000,109.0000,31.0000,53.0000
580.0000,109.0000,31.0000,53.0000
580.0000,109.0000,31.0000,53.0000
580.0000,109.0000,31.0000,53.0000
580.0000,109.0000,31.0000,53.0000
580.0000,109.0000,31.0000,53.0000
563.0000,113.0000,27.0000,47.0000
563.0000,113.0000,27.0000,47.0000
563.0000,113.0000,27.0000,47.0000
563.0000,113.0000,27.0000,47.0000
563.0000,113.0000,27.0000,47.0000
561.0000,113.0000,27.0000,47.0000
561.0000,113.0000,27.0000,47.0000
561.0000,113.0000,27.0000,47.0000
561.0000,113.0000,27.0000,47.0000
561.0000,113.0000,27.0000,47.0000
561.0000,112.0000,28.0000,48.0000
561.0000,112.0000,28.0000,48.0000
561.0000,112.0000,28.0000,48.0000
561.0000,112.0000,28.0000,48.0000
561.0000,112.0000,28.0000,48.0000
561.0000,112.0000,28.0000,48.0000
561.0000,112.0000,28.0000,48.0000
561.0000,112.0000,28.0000,48.0000
561.0000,112.0000,28.0000,48.0000
561.0000,112.0000,28.0000,48.0000
561.0000,112.0000,28.0000,48.0000
561.0000,112.0000,28.0000,48.0000
561.0000,112.0000,28.0000,48.0000
561.0000,112.0000,28.0000,48.0000
561.0000,112.0000,28.0000,48.0000
561.0000,112.0000,28.0000,48.0000
561.0000,112.0000,28.0000,48.0000
562.0000,112.0000,28.0000,48.0000
562.0000,112.0000,28.0000,48.0000
562.0000,112.0000,28.0000,48.0000
562.0000,112.0000,28.0000,48.0000
562.0000,112.0000,28.0000,48.0000
562.0000,112.0000,28.0000,48.0000
562.0000,112.0000,28.0000,48.0000
562.0000,112.0000,28.0000,48.0000
585.0000,107.0000,33.0000,56.0000
585.0000,107.0000,33.0000,56.0000
585.0000,107.0000,33.0000,56.0000
585.0000,107.0000,33.0000,56.0000
585.0000,107.0000,33.0000,56.0000
585.0000,107.0000,33.0000,56.0000
584.0000,107.0000,33.0000,56.0000
584.0000,107.0000,33.0000,56.0000
584.0000,107.0000,33.0000,56.0000
584.0000,107.0000,33.0000,56.0000
584.0000,107.0000,33.0000,56.0000
584.0000,107.0000,33.0000,56.0000
576.0000,108.0000,29.0000,50.0000
576.0000,108.0000,29.0000,50.0000
576.0000,108.0000,29.0000,50.0000
576.0000,108.0000,29.0000,50.0000
576.0000,108.0000,29.0000,50.0000
576.0000,108.0000,29.0000,50.0000
576.0000,108.0000,29.0000,50.0000
569.0000,109.0000,26.0000,44.0000
569.0000,109.0000,26.0000,44.0000
569.0000,109.0000,26.0000,44.0000
569.0000,109.0000,26.0000,44.0000
569.0000,109.0000,26.0000,44.0000
571.0000,111.0000,25.0000,43.0000
571.0000,111.0000,25.0000,43.0000
571.0000,111.0000,25.0000,43.0000
571.0000,111.0000,25.0000,43.0000
571.0000,111.0000,25.0000,43.0000
571.0000,111.0000,25.0000,43.0000
571.0000,111.0000,25.0000,43.0000
571.0000,111.0000,25.0000,43.0000
571.0000,111.0000,25.0000,43.0000
571.0000,111.0000,25.0000,43.0000
571.0000,111.0000,25.0000,43.0000
571.0000,111.0000,25.0000,43.0000
571.0000,111.0000,25.0000,43.0000
571.0000,111.0000,25.0000,43.0000
571.0000,111.0000,25.0000,43.0000
571.0000,111.0000,25.0000,43.0000
572.0000,111.0000,25.0000,43.0000
572.0000,111.0000,25.0000,43.0000
572.0000,111.0000,25.0000,43.0000
572.0000,111.0000,25.0000,43.0000
572.0000,111.0000,25.0000,43.0000
572.0000,111.0000,25.0000,43.0000
570.0000,110.0000,29.0000,50.0000
570.0000,110.0000,29.0000,50.0000
570.0000,110.0000,29.0000,50.0000
570.0000,110.0000,29.0000,50.0000
570.0000,110.0000,29.0000,50.0000
570.0000,110.0000,29.0000,50.0000
573.0000,110.0000,29.0000,50.0000
573.0000,110.0000,29.0000,50.0000
573.0000,110.0000,29.0000,50.0000
573.0000,110.0000,29.0000,50.0000
573.0000,110.0000,29.0000,50.0000
573.0000,110.0000,29.0000,50.0000
577.0000,111.0000,27.0000,47.0000
577.0000,111.0000,27.0000,47.0000
577.0000,111.0000,27.0000,47.0000
577.0000,111.0000,27.0000,47.0000
577.0000,111.0000,27.0000,47.0000
577.0000,111.0000,27.0000,47.0000
597.0000,107.0000,31.0000,53.0000
597.0000,107.0000,31.0000,53.0000
597.0000,107.0000,31.0000,53.0000
597.0000,107.0000,31.0000,53.0000
597.0000,107.0000,31.0000,53.0000
597.0000,107.0000,31.0000,53.0000
597.0000,107.0000,31.0000,53.0000
597.0000,107.0000,31.0000,53.0000
599.0000,107.0000,32.0000,54.0000
599.0000,107.0000,32.0000,54.0000
599.0000,107.0000,32.0000,54.0000
599.0000,107.0000,32.0000,54.0000
599.0000,107.0000,32.0000,54.0000
599.0000,107.0000,32.0000,54.0000
599.0000,107.0000,32.0000,54.0000
599.0000,107.0000,32.0000,54.0000
599.0000,107.0000,32.0000,54.0000
599.0000,107.0000,32.0000,54.0000
599.0000,107.0000,32.0000,54.0000
599.0000,107.0000,32.0000,54.0000
599.0000,107.0000,32.0000,54.0000
599.0000,107.0000,32.0000,54.0000
599.0000,107.0000,32.0000,54.0000
599.0000,107.0000,32.0000,54.0000
599.0000,107.0000,32.0000,54.0000
599.0000,107.0000,32.0000,54.0000
599.0000,107.0000,32.0000,54.0000
599.0000,107.0000,32.0000,54.0000
599.0000,107.0000,31.0000,53.0000
599.0000,107.0000,31.0000,53.0000
599.0000,107.0000,31.0000,53.0000
599.0000,107.0000,31.0000,53.0000
599.0000,107.0000,31.0000,53.0000
599.0000,107.0000,31.0000,53.0000
599.0000,107.0000,31.0000,53.0000
599.0000,107.0000,31.0000,53.0000
599.0000,107.0000,31.0000,53.0000
599.0000,107.0000,31.0000,53.0000
599.0000,107.0000,31.0000,53.0000
599.0000,107.0000,31.0000,53.0000
599.0000,107.0000,31.0000,53.0000
599.0000,107.0000,31.0000,53.0000
599.0000,107.0000,31.0000,53.0000
587.0000,110.0000,30.0000,51.0000
587.0000,110.0000,30.0000,51.0000
587.0000,110.0000,30.0000,51.0000
587.0000,110.0000,30.0000,51.0000
587.0000,110.0000,30.0000,51.0000
587.0000,110.0000,30.0000,51.0000
587.0000,110.0000,30.0000,51.0000
599.0000,106.0000,30.0000,51.0000
599.0000,106.0000,30.0000,51.0000
599.0000,106.0000,30.0000,51.0000
599.0000,106.0000,30.0000,51.0000
599.0000,106.0000,30.0000,51.0000
599.0000,106.0000,30.0000,51.0000
599.0000,106.0000,30.0000,51.0000
599.0000,106.0000,30.0000,51.0000
599.0000,106.0000,30.0000,51.0000
599.0000,106.0000,30.0000,51.0000
601.0000,106.0000,29.0000,50.0000
601.0000,106.0000,29.0000,50.0000
601.0000,106.0000,29.0000,50.0000
601.0000,106.0000,29.0000,50.0000
601.0000,106.0000,29.0000,50.0000
601.0000,106.0000,29.0000,50.0000
601.0000,106.0000,29.0000,50.0000
601.0000,106.0000,29.0000,50.0000
601.0000,106.0000,29.0000,50.0000
601.0000,106.0000,29.0000,50.0000
601.0000,106.0000,29.0000,50.0000
601.0000,106.0000,29.0000,50.0000
601.0000,106.0000,29.0000,50.0000
626.0000,103.0000,31.0000,53.0000
626.0000,103.0000,31.0000,53.0000
626.0000,103.0000,31.0000,53.0000
626.0000,103.0000,31.0000,53.0000
626.0000,103.0000,31.0000,53.0000
626.0000,103.0000,31.0000,53.0000
626.0000,103.0000,31.0000,53.0000
626.0000,103.0000,31.0000,53.0000
626.0000,103.0000,31.0000,53.0000
626.0000,103.0000,31.0000,53.0000
626.0000,103.0000,31.0000,53.0000
626.0000,103.0000,31.0000,53.0000
626.0000,103.0000,31.0000,53.0000
626.0000,103.0000,31.0000,53.0000
626.0000,103.0000,31.0000,53.0000
626.0000,103.0000,31.0000,53.0000
626.0000,103.0000,31.0000,53.0000
626.0000,103.0000,31.0000,53.0000
626.0000,102.0000,31.0000,53.0000
626.0000,102.0000,31.0000,53.0000
626.0000,102.0000,31.0000,53.0000
626.0000,102.0000,31.0000,53.0000
626.0000,102.0000,31.0000,53.0000
626.0000,102.0000,31.0000,53.0000
626.0000,102.0000,31.0000,53.0000
626.0000,102.0000,31.0000,53.0000
626.0000,102.0000,31.0000,53.0000
626.0000,102.0000,31.0000,53.0000
626.0000,102.0000,31.0000,53.0000
626.0000,102.0000,31.0000,53.0000
626.0000,102.0000,31.0000,53.0000
626.0000,102.0000,31.0000,53.0000
626.0000,102.0000,31.0000,53.0000
626.0000,102.0000,31.0000,53.0000
626.0000,102.0000,31.0000,53.0000
626.0000,102.0000,31.0000,53.0000
626.0000,102.0000,31.0000,53.0000
626.0000,102.0000,31.0000,53.0000
626.0000,102.0000,31.0000,53.0000
626.0000,102.0000,31.0000,53.0000
626.0000,102.0000,31.0000,53.0000
626.0000,102.0000,31.0000,53.0000
626.0000,102.0000,31.0000,53.0000
603.0000,103.0000,30.0000,51.0000
603.0000,103.0000,30.0000,51.0000
603.0000,103.0000,30.0000,51.0000
603.0000,103.0000,30.0000,51.0000
603.0000,103.0000,30.0000,51.0000
603.0000,103.0000,30.0000,51.0000
603.0000,103.0000,30.0000,51.0000
603.0000,103.0000,30.0000,51.0000
603.0000,103.0000,30.0000,51.0000
627.0000,100.0000,29.0000,50.0000
627.0000,100.0000,29.0000,50.0000
627.0000,100.0000,29.0000,50.0000
627.0000,100.0000,29.0000,50.0000
627.0000,100.0000,29.0000,50.0000
627.0000,100.0000,29.0000,50.0000
627.0000,100.0000,29.0000,50.0000
627.0000,100.0000,29.0000,50.0000
627.0000,100.0000,29.0000,50.0000
627.0000,100.0000,29.0000,50.0000
627.0000,100.0000,29.0000,50.0000
627.0000,100.0000,29.0000,50.0000
627.0000,100.0000,29.0000,50.0000
627.0000,100.0000,29.0000,50.0000
615.0000,99.0000,30.0000,51.0000
615.0000,99.0000,30.0000,51.0000
615.0000,99.0000,30.0000,51.0000
615.0000,99.0000,30.0000,51.0000
615.0000,99.0000,30.0000,51.0000
615.0000,99.0000,30.0000,51.0000
615.0000,99.0000,30.0000,51.0000
615.0000,99.0000,30.0000,51.0000
615.0000,99.0000,30.0000,51.0000
615.0000,99.0000,30.0000,51.0000
615.0000,99.0000,30.0000,51.0000
615.0000,99.0000,30.0000,51.0000
615.0000,99.0000,30.0000,51.0000
615.0000,99.0000,30.0000,51.0000
615.0000,99.0000,30.0000,51.0000
615.0000,99.0000,30.0000,51.0000
615.0000,99.0000,30.0000,51.0000
615.0000,99.0000,30.0000,51.0000
615.0000,99.0000,30.0000,51.0000
615.0000,99.0000,30.0000,51.0000
615.0000,99.0000,30.0000,51.0000
638.0000,101.0000,27.0000,46.0000
638.0000,101.0000,27.0000,46.0000
638.0000,101.0000,27.0000,46.0000
638.0000,101.0000,27.0000,46.0000
638.0000,101.0000,27.0000,46.0000
638.0000,101.0000,27.0000,46.0000
638.0000,101.0000,27.0000,46.0000
638.0000,101.0000,27.0000,46.0000
657.0000,99.0000,31.0000,53.0000
657.0000,99.0000,31.0000,53.0000
657.0000,99.0000,31.0000,53.0000
657.0000,99.0000,31.0000,53.0000
657.0000,99.0000,31.0000,53.0000
657.0000,99.0000,31.0000,53.0000
657.0000,99.0000,31.0000,53.0000
659.0000,101.0000,28.0000,48.0000
659.0000,101.0000,28.0000,48.0000
659.0000,101.0000,28.0000,48.0000
659.0000,101.0000,28.0000,48.0000
659.0000,101.0000,28.0000,48.0000
659.0000,101.0000,28.0000,48.0000
659.0000,101.0000,28.0000,48.0000
659.0000,101.0000,28.0000,48.0000
659.0000,101.0000,28.0000,48.0000
659.0000,101.0000,28.0000,48.0000
659.0000,101.0000,28.0000,48.0000
659.0000,101.0000,28.0000,48.0000
659.0000,101.0000,28.0000,48.0000
659.0000,101.0000,28.0000,48.0000
659.0000,101.0000,28.0000,48.0000
659.0000,101.0000,28.0000,48.0000
659.0000,101.0000,28.0000,48.0000
659.0000,101.0000,28.0000,48.0000
659.0000,101.0000,28.0000,48.0000
659.0000,101.0000,28.0000,48.0000
659.0000,101.0000,28.0000,48.0000
659.0000,101.0000,28.0000,48.0000
659.0000,101.0000,28.0000,48.0000
659.0000,101.0000,28.0000,48.0000
659.0000,101.0000,28.0000,48.0000
659.0000,101.0000,28.0000,48.0000
659.0000,101.0000,28.0000,48.0000
659.0000,101.0000,28.0000,48.0000
659.0000,101.0000,28.0000,48.0000
641.0000,99.0000,29.0000,50.0000
641.0000,99.0000,29.0000,50.0000
641.0000,99.0000,29.0000,50.0000
641.0000,99.0000,29.0000,50.0000
641.0000,99.0000,29.0000,50.0000
641.0000,99.0000,29.0000,50.0000
641.0000,99.0000,29.0000,50.0000
641.0000,99.0000,29.0000,50.0000
641.0000,99.0000,29.0000,50.0000
641.0000,99.0000,29.0000,50.0000
681.0000,98.0000,32.0000,54.0000
681.0000,98.0000,32.0000,54.0000
681.0000,98.0000,32.0000,54.0000
681.0000,98.0000,32.0000,54.0000
681.0000,98.0000,32.0000,54.0000
681.0000,98.0000,32.0000,54.0000
681.0000,98.0000,32.0000,54.0000
681.0000,98.0000,32.0000,54.0000
681.0000,98.0000,32.0000,54.0000
681.0000,98.0000,32.0000,54.0000
681.0000,98.0000,32.0000,54.0000
686.0000,100.0000,29.0000,50.0000
686.0000,100.0000,29.0000,50.0000
686.0000,100.0000,29.0000,50.0000
686.0000,100.0000,29.0000,50.0000
686.0000,100.0000,29.0000,50.0000
686.0000,100.0000,29.0000,50.0000
686.0000,100.0000,29.0000,50.0000
686.0000,100.0000,29.0000,50.0000
686.0000,100.0000,29.0000,50.0000
686.0000,100.0000,29.0000,50.0000
686.0000,100.0000,29.0000,50.0000
686.0000,100.0000,29.0000,50.0000
686.0000,100.0000,29.0000,50.0000
686.0000,100.0000,29.0000,50.0000
686.0000,100.0000,29.0000,50.0000
686.0000,100.0000,29.0000,50.0000
686.0000,100.0000,29.0000,50.0000
686.0000,100.0000,29.0000,50.0000
686.0000,100.0000,29.0000,50.0000
686.0000,100.0000,29.0000,50.0000
686.0000,100.0000,29.0000,50.0000
686.0000,100.0000,29.0000,50.0000
686.0000,100.0000,29.0000,50.0000
686.0000,100.0000,29.0000,50.0000
686.0000,100.0000,29.0000,50.0000
686.0000,100.0000,29.0000,50.0000
686.0000,100.0000,29.0000,50.0000
686.0000,100.0000,29.0000,50.0000
686.0000,100.0000,29.0000,50.0000
686.0000,100.0000,29.0000,50.0000
686.0000,100.0000,29.0000,50.0000
686.0000,100.0000,29.0000,50.0000
668.0000,100.0000,30.0000,51.0000
668.0000,100.0000,30.0000,51.0000
668.0000,100.0000,30.0000,51.0000
668.0000,100.0000,30.0000,51.0000
668.0000,100.0000,30.0000,51.0000
668.0000,100.0000,30.0000,51.0000
668.0000,100.0000,30.0000,51.0000
668.0000,100.0000,30.0000,51.0000
668.0000,100.0000,30.0000,51.0000
668.0000,100.0000,30.0000,51.0000
668.0000,100.0000,30.0000,51.0000
699.0000,103.0000,27.0000,47.0000
699.0000,103.0000,27.0000,47.0000
699.0000,103.0000,27.0000,47.0000
699.0000,103.0000,27.0000,47.0000
699.0000,103.0000,27.0000,47.0000
699.0000,103.0000,27.0000,47.0000
699.0000,103.0000,27.0000,47.0000
699.0000,103.0000,27.0000,47.0000
699.0000,103.0000,27.0000,47.0000
699.0000,103.0000,27.0000,47.0000
699.0000,103.0000,27.0000,47.0000
699.0000,103.0000,27.0000,47.0000
699.0000,103.0000,27.0000,47.0000
679.0000,102.0000,29.0000,50.0000
679.0000,102.0000,29.0000,50.0000
679.0000,102.0000,29.0000,50.0000
679.0000,102.0000,29.0000,50.0000
679.0000,102.0000,29.0000,50.0000
679.0000,102.0000,29.0000,50.0000
679.0000,102.0000,29.0000,50.0000
679.0000,102.0000,29.0000,50.0000
679.0000,102.0000,29.0000,50.0000
679.0000,102.0000,29.0000,50.0000
679.0000,102.0000,29.0000,50.0000
679.0000,102.0000,29.0000,50.0000
679.0000,102.0000,29.0000,50.0000
679.0000,102.0000,29.0000,50.0000
679.0000,102.0000,29.0000,50.0000
679.0000,102.0000,29.0000,50.0000
679.0000,102.0000,29.0000,50.0000
679.0000,102.0000,29.0000,50.0000
679.0000,102.0000,29.0000,50.0000
679.0000,102.0000,29.0000,50.0000
679.0000,102.0000,29.0000,50.0000
679.0000,102.0000,29.0000,50.0000
679.0000,102.0000,29.0000,50.0000
679.0000,102.0000,29.0000,50.0000
703.0000,103.0000,29.0000,50.0000
703.0000,103.0000,29.0000,50.0000
703.0000,103.0000,29.0000,50.0000
703.0000,103.0000,29.0000,50.0000
703.0000,103.0000,29.0000,50.0000
703.0000,103.0000,29.0000,50.0000
703.0000,103.0000,29.0000,50.0000
703.0000,103.0000,29.0000,50.0000
703.0000,103.0000,29.0000,50.0000
703.0000,103.0000,29.0000,50.0000
703.0000,103.0000,29.0000,50.0000
703.0000,103.0000,29.0000,50.0000
703.0000,103.0000,29.0000,50.0000
703.0000,103.0000,29.0000,50.0000
703.0000,103.0000,29.0000,50.0000
703.0000,103.0000,29.0000,50.0000
703.0000,103.0000,29.0000,50.0000
703.0000,103.0000,29.0000,50.0000
703.0000,103.0000,29.0000,50.0000
703.0000,103.0000,29.0000,50.0000
703.0000,103.0000,29.0000,50.0000
703.0000,103.0000,29.0000,50.0000
703.0000,103.0000,29.0000,50.0000
679.0000,102.0000,28.0000,48.0000
679.0000,102.0000,28.0000,48.0000
679.0000,102.0000,28.0000,48.0000
679.0000,102.0000,28.0000,48.0000
679.0000,102.0000,28.0000,48.0000
679.0000,102.0000,28.0000,48.0000
679.0000,102.0000,28.0000,48.0000
679.0000,102.0000,28.0000,48.0000
679.0000,102.0000,28.0000,48.0000
679.0000,102.0000,28.0000,48.0000
679.0000,102.0000,28.0000,48.0000
679.0000,102.0000,28.0000,48.0000
2
0
0
0
696.0000,106.0000,31.0000,53.0000
0
0
0
0
1
746.0000,143.0000,52.0000,39.0000
749.0000,145.0000,50.0000,38.0000
749.0000,145.0000,50.0000,38.0000
749.0000,145.0000,50.0000,38.0000
749.0000,145.0000,50.0000,38.0000
749.0000,145.0000,50.0000,38.0000
749.0000,145.0000,50.0000,38.0000
749.0000,145.0000,50.0000,38.0000
749.0000,145.0000,50.0000,38.0000
749.0000,145.0000,50.0000,38.0000
749.0000,145.0000,50.0000,38.0000
749.0000,145.0000,50.0000,38.0000
749.0000,145.0000,50.0000,38.0000
749.0000,145.0000,52.0000,39.0000
749.0000,145.0000,52.0000,39.0000
749.0000,145.0000,52.0000,39.0000
749.0000,145.0000,52.0000,39.0000
749.0000,145.0000,52.0000,39.0000
737.0000,169.0000,50.0000,38.0000
737.0000,169.0000,50.0000,38.0000
737.0000,169.0000,50.0000,38.0000
737.0000,169.0000,50.0000,38.0000
733.0000,186.0000,46.0000,35.0000
733.0000,186.0000,46.0000,35.0000
733.0000,186.0000,46.0000,35.0000
733.0000,186.0000,46.0000,35.0000
733.0000,186.0000,46.0000,35.0000
733.0000,186.0000,46.0000,35.0000
733.0000,186.0000,46.0000,35.0000
733.0000,186.0000,46.0000,35.0000
733.0000,186.0000,46.0000,35.0000
733.0000,186.0000,46.0000,35.0000
733.0000,186.0000,46.0000,35.0000
733.0000,186.0000,46.0000,35.0000
733.0000,186.0000,46.0000,35.0000
733.0000,186.0000,46.0000,35.0000
733.0000,186.0000,46.0000,35.0000
750.0000,194.0000,41.0000,31.0000
750.0000,194.0000,41.0000,31.0000
750.0000,194.0000,41.0000,31.0000
750.0000,194.0000,41.0000,31.0000
750.0000,194.0000,41.0000,31.0000
750.0000,194.0000,41.0000,31.0000
750.0000,194.0000,41.0000,31.0000
2
0
0
0
0
750.0000,202.0000,48.0000,36.0000
0
0
0
0
1
740.0000,209.0000,19.0000,54.0000
741.0000,210.0000,18.0000,52.0000
741.0000,210.0000,18.0000,52.0000
741.0000,210.0000,18.0000,52.0000
741.0000,210.0000,18.0000,52.0000
741.0000,210.0000,18.0000,52.0000
741.0000,210.0000,18.0000,52.0000
741.0000,210.0000,18.0000,52.0000
741.0000,210.0000,18.0000,52.0000
741.0000,210.0000,18.0000,52.0000
741.0000,210.0000,18.0000,52.0000
741.0000,210.0000,18.0000,52.0000
741.0000,210.0000,18.0000,52.0000
741.0000,210.0000,18.0000,52.0000
742.0000,206.0000,20.0000,56.0000
742.0000,206.0000,20.0000,56.0000
742.0000,206.0000,20.0000,56.0000
742.0000,206.0000,20.0000,56.0000
742.0000,206.0000,20.0000,56.0000
742.0000,206.0000,20.0000,56.0000
742.0000,206.0000,20.0000,56.0000
742.0000,206.0000,20.0000,56.0000
740.0000,171.0000,21.0000,59.0000
740.0000,171.0000,21.0000,59.0000
0
0
0
0
0
0
0
0
0
0
0
0
0
0
2
0
0
0
0
1
