1
210.0000,138.0000,88.0000,52.0000
208.0000,138.0000,88.0000,52.0000
208.0000,138.0000,88.0000,52.0000
206.0000,140.0000,88.0000,52.0000
204.0000,140.0000,88.0000,52.0000
202.0000,140.0000,88.0000,52.0000
200.0000,142.0000,88.0000,52.0000
198.0000,142.0000,88.0000,52.0000
196.0000,142.0000,88.0000,52.0000
194.0000,142.0000,88.0000,52.0000
192.0000,144.0000,88.0000,52.0000
192.0000,144.0000,88.0000,52.0000
190.0000,146.0000,88.0000,52.0000
188.0000,146.0000,88.0000,52.0000
188.0000,146.0000,88.0000,52.0000
186.0000,148.0000,88.0000,52.0000
186.0000,148.0000,88.0000,52.0000
184.0000,150.0000,88.0000,52.0000
184.0000,150.0000,88.0000,52.0000
182.0000,152.0000,88.0000,52.0000
182.0000,154.0000,88.0000,52.0000
182.0000,156.0000,88.0000,52.0000
178.0000,158.0000,88.0000,52.0000
178.0000,158.0000,88.0000,52.0000
176.0000,158.0000,88.0000,52.0000
174.0000,160.0000,88.0000,52.0000
172.0000,160.0000,88.0000,52.0000
170.0000,160.0000,88.0000,52.0000
168.0000,162.0000,88.0000,52.0000
166.0000,162.0000,88.0000,52.0000
164.0000,162.0000,88.0000,52.0000
160.0000,164.0000,88.0000,52.0000
156.0000,164.0000,88.0000,52.0000
154.0000,164.0000,88.0000,52.0000
154.0000,166.0000,88.0000,52.0000
152.0000,166.0000,88.0000,52.0000
152.0000,168.0000,88.0000,52.0000
150.0000,168.0000,88.0000,52.0000
148.0000,166.0000,88.0000,52.0000
148.0000,166.0000,88.0000,52.0000
148.0000,164.0000,88.0000,52.0000
148.0000,164.0000,88.0000,52.0000
148.0000,162.0000,88.0000,52.0000
148.0000,162.0000,88.0000,52.0000
148.0000,162.0000,88.0000,52.0000
148.0000,162.0000,88.0000,52.0000
148.0000,162.0000,88.0000,52.0000
150.0000,164.0000,88.0000,52.0000
150.0000,164.0000,88.0000,52.0000
152.0000,164.0000,88.0000,52.0000
150.0000,164.0000,88.0000,52.0000
150.0000,164.0000,88.0000,52.0000
152.0000,164.0000,88.0000,52.0000
154.0000,164.0000,88.0000,52.0000
154.0000,164.0000,88.0000,52.0000
154.0000,164.0000,88.0000,52.0000
156.0000,164.0000,88.0000,52.0000
156.0000,164.0000,88.0000,52.0000
156.0000,164.0000,88.0000,52.0000
158.0000,164.0000,88.0000,52.0000
158.0000,164.0000,88.0000,52.0000
158.0000,164.0000,88.0000,52.0000
158.0000,164.0000,88.0000,52.0000
160.0000,166.0000,88.0000,52.0000
160.0000,166.0000,88.0000,52.0000
160.0000,166.0000,88.0000,52.0000
160.0000,166.0000,88.0000,52.0000
160.0000,164.0000,88.0000,52.0000
158.0000,164.0000,88.0000,52.0000
158.0000,164.0000,88.0000,52.0000
156.0000,164.0000,88.0000,52.0000
154.0000,164.0000,88.0000,52.0000
154.0000,164.0000,88.0000,52.0000
154.0000,164.0000,88.0000,52.0000
152.0000,164.0000,88.0000,52.0000
150.0000,164.0000,88.0000,52.0000
150.0000,164.0000,88.0000,52.0000
150.0000,164.0000,88.0000,52.0000
146.0000,164.0000,88.0000,52.0000
144.0000,164.0000,88.0000,52.0000
142.0000,164.0000,88.0000,52.0000
142.0000,164.0000,88.0000,52.0000
140.0000,164.0000,88.0000,52.0000
136.0000,164.0000,88.0000,52.0000
136.0000,164.0000,88.0000,52.0000
134.0000,164.0000,88.0000,52.0000
134.0000,164.0000,88.0000,52.0000
132.0000,164.0000,88.0000,52.0000
130.0000,164.0000,88.0000,52.0000
130.0000,164.0000,88.0000,52.0000
130.0000,164.0000,88.0000,52.0000
128.0000,164.0000,88.0000,52.0000
124.0000,166.0000,88.0000,52.0000
124.0000,166.0000,88.0000,52.0000
122.0000,166.0000,88.0000,52.0000
122.0000,166.0000,88.0000,52.0000
122.0000,166.0000,88.0000,52.0000
122.0000,166.0000,88.0000,52.0000
124.0000,168.0000,88.0000,52.0000
124.0000,168.0000,88.0000,52.0000
124.0000,168.0000,88.0000,52.0000
126.0000,168.0000,88.0000,52.0000
126.0000,168.0000,88.0000,52.0000
128.0000,168.0000,88.0000,52.0000
132.0000,168.0000,88.0000,52.0000
132.0000,168.0000,88.0000,52.0000
134.0000,168.0000,88.0000,52.0000
136.0000,168.0000,88.0000,52.0000
136.0000,168.0000,88.0000,52.0000
136.0000,168.0000,88.0000,52.0000
136.0000,168.0000,88.0000,52.0000
136.0000,168.0000,88.0000,52.0000
136.0000,168.0000,88.0000,52.0000
136.0000,168.0000,88.0000,52.0000
134.0000,168.0000,88.0000,52.0000
134.0000,168.0000,88.0000,52.0000
134.0000,168.0000,88.0000,52.0000
134.0000,168.0000,88.0000,52.0000
136.0000,168.0000,88.0000,52.0000
136.0000,168.0000,88.0000,52.0000
136.0000,168.0000,88.0000,52.0000
138.0000,168.0000,88.0000,52.0000
138.0000,168.0000,88.0000,52.0000
138.0000,168.0000,88.0000,52.0000
138.0000,168.0000,88.0000,52.0000
138.0000,168.0000,88.0000,52.0000
138.0000,166.0000,88.0000,52.0000
138.0000,166.0000,88.0000,52.0000
140.0000,166.0000,88.0000,52.0000
140.0000,166.0000,88.0000,52.0000
140.0000,166.0000,88.0000,52.0000
140.0000,166.0000,88.0000,52.0000
140.0000,166.0000,88.0000,52.0000
142.0000,166.0000,88.0000,52.0000
144.0000,166.0000,88.0000,52.0000
144.0000,166.0000,88.0000,52.0000
146.0000,166.0000,88.0000,52.0000
148.0000,166.0000,88.0000,52.0000
148.0000,166.0000,88.0000,52.0000
150.0000,166.0000,88.0000,52.0000
154.0000,166.0000,88.0000,52.0000
154.0000,166.0000,88.0000,52.0000
156.0000,166.0000,88.0000,52.0000
160.0000,166.0000,88.0000,52.0000
160.0000,166.0000,88.0000,52.0000
162.0000,166.0000,88.0000,52.0000
162.0000,166.0000,88.0000,52.0000
166.0000,172.0000,88.0000,52.0000
168.0000,174.0000,88.0000,52.0000
168.0000,174.0000,88.0000,52.0000
170.0000,176.0000,88.0000,52.0000
172.0000,176.0000,88.0000,52.0000
172.0000,176.0000,88.0000,52.0000
172.0000,176.0000,88.0000,52.0000
172.0000,176.0000,88.0000,52.0000
172.0000,176.0000,88.0000,52.0000
174.0000,180.0000,88.0000,52.0000
174.0000,180.0000,88.0000,52.0000
174.0000,180.0000,88.0000,52.0000
176.0000,182.0000,88.0000,52.0000
176.0000,182.0000,88.0000,52.0000
178.0000,184.0000,88.0000,52.0000
178.0000,184.0000,88.0000,52.0000
182.0000,186.0000,88.0000,52.0000
186.0000,186.0000,88.0000,52.0000
186.0000,186.0000,88.0000,52.0000
188.0000,186.0000,88.0000,52.0000
196.0000,186.0000,88.0000,52.0000
196.0000,186.0000,88.0000,52.0000
200.0000,186.0000,88.0000,52.0000
200.0000,186.0000,88.0000,52.0000
204.0000,186.0000,88.0000,52.0000
206.0000,190.0000,88.0000,52.0000
206.0000,190.0000,88.0000,52.0000
208.0000,192.0000,88.0000,52.0000
208.0000,192.0000,88.0000,52.0000
208.0000,194.0000,88.0000,52.0000
208.0000,198.0000,88.0000,52.0000
208.0000,198.0000,88.0000,52.0000
208.0000,200.0000,88.0000,52.0000
208.0000,200.0000,88.0000,52.0000
208.0000,202.0000,88.0000,52.0000
208.0000,204.0000,88.0000,52.0000
208.0000,204.0000,88.0000,52.0000
208.0000,206.0000,88.0000,52.0000
208.0000,206.0000,88.0000,52.0000
208.0000,208.0000,88.0000,52.0000
208.0000,210.0000,88.0000,52.0000
208.0000,210.0000,88.0000,52.0000
208.0000,210.0000,88.0000,52.0000
208.0000,210.0000,88.0000,52.0000
208.0000,210.0000,88.0000,52.0000
210.0000,210.0000,88.0000,52.0000
210.0000,210.0000,88.0000,52.0000
210.0000,210.0000,88.0000,52.0000
208.0000,212.0000,88.0000,52.0000
208.0000,212.0000,88.0000,52.0000
208.0000,212.0000,88.0000,52.0000
208.0000,212.0000,88.0000,52.0000
206.0000,212.0000,88.0000,52.0000
206.0000,212.0000,88.0000,52.0000
206.0000,212.0000,88.0000,52.0000
206.0000,214.0000,88.0000,52.0000
206.0000,214.0000,88.0000,52.0000
206.0000,214.0000,88.0000,52.0000
208.0000,214.0000,88.0000,52.0000
208.0000,214.0000,88.0000,52.0000
208.0000,214.0000,88.0000,52.0000
208.0000,214.0000,88.0000,52.0000
208.0000,214.0000,88.0000,52.0000
208.0000,216.0000,88.0000,52.0000
208.0000,216.0000,88.0000,52.0000
208.0000,216.0000,88.0000,52.0000
208.0000,216.0000,88.0000,52.0000
208.0000,218.0000,88.0000,52.0000
208.0000,218.0000,88.0000,52.0000
208.0000,218.0000,88.0000,52.0000
208.0000,218.0000,88.0000,52.0000
208.0000,218.0000,88.0000,52.0000
206.0000,220.0000,88.0000,52.0000
202.0000,220.0000,88.0000,52.0000
202.0000,220.0000,88.0000,52.0000
202.0000,220.0000,88.0000,52.0000
202.0000,220.0000,88.0000,52.0000
200.0000,222.0000,88.0000,52.0000
200.0000,222.0000,88.0000,52.0000
200.0000,222.0000,88.0000,52.0000
200.0000,222.0000,88.0000,52.0000
200.0000,222.0000,88.0000,52.0000
200.0000,222.0000,88.0000,52.0000
198.0000,222.0000,88.0000,52.0000
198.0000,222.0000,88.0000,52.0000
198.0000,222.0000,88.0000,52.0000
200.0000,222.0000,88.0000,52.0000
200.0000,222.0000,88.0000,52.0000
200.0000,222.0000,88.0000,52.0000
200.0000,222.0000,88.0000,52.0000
200.0000,222.0000,88.0000,52.0000
200.0000,222.0000,88.0000,52.0000
200.0000,222.0000,88.0000,52.0000
200.0000,222.0000,88.0000,52.0000
200.0000,222.0000,88.0000,52.0000
200.0000,222.0000,88.0000,52.0000
200.0000,222.0000,88.0000,52.0000
200.0000,222.0000,88.0000,52.0000
198.0000,222.0000,88.0000,52.0000
200.0000,222.0000,88.0000,52.0000
200.0000,222.0000,88.0000,52.0000
202.0000,222.0000,88.0000,52.0000
206.0000,222.0000,88.0000,52.0000
206.0000,222.0000,88.0000,52.0000
208.0000,222.0000,88.0000,52.0000
208.0000,222.0000,88.0000,52.0000
212.0000,222.0000,88.0000,52.0000
214.0000,222.0000,88.0000,52.0000
214.0000,222.0000,88.0000,52.0000
214.0000,222.0000,88.0000,52.0000
214.0000,222.0000,88.0000,52.0000
216.0000,222.0000,88.0000,52.0000
214.0000,222.0000,88.0000,52.0000
214.0000,222.0000,88.0000,52.0000
214.0000,222.0000,88.0000,52.0000
214.0000,222.0000,88.0000,52.0000
216.0000,222.0000,88.0000,52.0000
216.0000,220.0000,88.0000,52.0000
216.0000,220.0000,88.0000,52.0000
216.0000,220.0000,88.0000,52.0000
216.0000,220.0000,88.0000,52.0000
216.0000,220.0000,88.0000,52.0000
216.0000,218.0000,88.0000,52.0000
216.0000,218.0000,88.0000,52.0000
216.0000,218.0000,88.0000,52.0000
216.0000,218.0000,88.0000,52.0000
216.0000,218.0000,88.0000,52.0000
216.0000,218.0000,88.0000,52.0000
216.0000,218.0000,88.0000,52.0000
216.0000,218.0000,88.0000,52.0000
216.0000,218.0000,88.0000,52.0000
216.0000,218.0000,88.0000,52.0000
216.0000,218.0000,88.0000,52.0000
216.0000,218.0000,88.0000,52.0000
216.0000,218.0000,88.0000,52.0000
216.0000,218.0000,88.0000,52.0000
216.0000,218.0000,88.0000,52.0000
216.0000,218.0000,88.0000,52.0000
216.0000,218.0000,88.0000,52.0000
216.0000,218.0000,88.0000,52.0000
216.0000,218.0000,88.0000,52.0000
216.0000,218.0000,88.0000,52.0000
216.0000,218.0000,88.0000,52.0000
216.0000,218.0000,88.0000,52.0000
216.0000,218.0000,88.0000,52.0000
216.0000,218.0000,88.0000,52.0000
216.0000,218.0000,88.0000,52.0000
216.0000,218.0000,88.0000,52.0000
216.0000,218.0000,88.0000,52.0000
216.0000,218.0000,88.0000,52.0000
216.0000,216.0000,88.0000,52.0000
216.0000,214.0000,88.0000,52.0000
216.0000,214.0000,88.0000,52.0000
214.0000,214.0000,88.0000,52.0000
214.0000,214.0000,88.0000,52.0000
212.0000,210.0000,88.0000,52.0000
210.0000,208.0000,88.0000,52.0000
210.0000,208.0000,88.0000,52.0000
210.0000,208.0000,88.0000,52.0000
208.0000,206.0000,88.0000,52.0000
208.0000,206.0000,88.0000,52.0000
206.0000,204.0000,88.0000,52.0000
206.0000,204.0000,88.0000,52.0000
206.0000,204.0000,88.0000,52.0000
204.0000,204.0000,88.0000,52.0000
204.0000,204.0000,88.0000,52.0000
204.0000,204.0000,88.0000,52.0000
200.0000,204.0000,88.0000,52.0000
200.0000,204.0000,88.0000,52.0000
200.0000,204.0000,88.0000,52.0000
200.0000,204.0000,88.0000,52.0000
198.0000,204.0000,88.0000,52.0000
198.0000,204.0000,88.0000,52.0000
194.0000,202.0000,88.0000,52.0000
194.0000,202.0000,88.0000,52.0000
192.0000,200.0000,88.0000,52.0000
188.0000,198.0000,88.0000,52.0000
188.0000,198.0000,88.0000,52.0000
188.0000,198.0000,88.0000,52.0000
2
0
0
0
0
1
290.0000,200.0000,92.0000,46.0000
292.0000,200.0000,92.0000,46.0000
292.0000,198.0000,92.0000,46.0000
294.0000,196.0000,92.0000,46.0000
296.0000,194.0000,92.0000,46.0000
298.0000,192.0000,92.0000,46.0000
298.0000,190.0000,92.0000,46.0000
300.0000,188.0000,92.0000,46.0000
302.0000,186.0000,92.0000,46.0000
304.0000,184.0000,92.0000,46.0000
306.0000,184.0000,92.0000,46.0000
306.0000,184.0000,92.0000,46.0000
308.0000,182.0000,92.0000,46.0000
310.0000,180.0000,92.0000,46.0000
312.0000,180.0000,92.0000,46.0000
314.0000,178.0000,92.0000,46.0000
316.0000,178.0000,92.0000,46.0000
316.0000,178.0000,92.0000,46.0000
318.0000,176.0000,92.0000,46.0000
318.0000,176.0000,92.0000,46.0000
320.0000,176.0000,92.0000,46.0000
322.0000,176.0000,92.0000,46.0000
322.0000,176.0000,92.0000,46.0000
324.0000,176.0000,92.0000,46.0000
324.0000,174.0000,92.0000,46.0000
324.0000,174.0000,92.0000,46.0000
326.0000,174.0000,92.0000,46.0000
326.0000,174.0000,92.0000,46.0000
328.0000,174.0000,92.0000,46.0000
328.0000,174.0000,92.0000,46.0000
328.0000,174.0000,92.0000,46.0000
326.0000,172.0000,92.0000,46.0000
330.0000,172.0000,92.0000,46.0000
328.0000,172.0000,92.0000,46.0000
328.0000,172.0000,92.0000,46.0000
328.0000,172.0000,92.0000,46.0000
330.0000,172.0000,92.0000,46.0000
332.0000,172.0000,92.0000,46.0000
332.0000,172.0000,92.0000,46.0000
332.0000,172.0000,92.0000,46.0000
334.0000,172.0000,92.0000,46.0000
332.0000,170.0000,92.0000,46.0000
332.0000,170.0000,92.0000,46.0000
332.0000,170.0000,92.0000,46.0000
332.0000,170.0000,92.0000,46.0000
330.0000,170.0000,92.0000,46.0000
330.0000,170.0000,92.0000,46.0000
330.0000,170.0000,92.0000,46.0000
328.0000,170.0000,92.0000,46.0000
328.0000,170.0000,92.0000,46.0000
332.0000,172.0000,92.0000,46.0000
330.0000,172.0000,92.0000,46.0000
328.0000,172.0000,92.0000,46.0000
330.0000,174.0000,92.0000,46.0000
330.0000,174.0000,92.0000,46.0000
330.0000,174.0000,92.0000,46.0000
330.0000,174.0000,92.0000,46.0000
332.0000,176.0000,92.0000,46.0000
332.0000,178.0000,92.0000,46.0000
332.0000,178.0000,92.0000,46.0000
336.0000,180.0000,92.0000,46.0000
336.0000,180.0000,92.0000,46.0000
338.0000,182.0000,92.0000,46.0000
338.0000,182.0000,92.0000,46.0000
340.0000,182.0000,92.0000,46.0000
346.0000,184.0000,92.0000,46.0000
346.0000,184.0000,92.0000,46.0000
350.0000,184.0000,92.0000,46.0000
354.0000,184.0000,92.0000,46.0000
354.0000,184.0000,92.0000,46.0000
358.0000,184.0000,92.0000,46.0000
360.0000,182.0000,92.0000,46.0000
366.0000,182.0000,92.0000,46.0000
366.0000,182.0000,92.0000,46.0000
370.0000,182.0000,92.0000,46.0000
378.0000,182.0000,92.0000,46.0000
384.0000,182.0000,92.0000,46.0000
384.0000,182.0000,92.0000,46.0000
386.0000,182.0000,92.0000,46.0000
390.0000,180.0000,92.0000,46.0000
394.0000,180.0000,92.0000,46.0000
394.0000,178.0000,92.0000,46.0000
394.0000,178.0000,92.0000,46.0000
394.0000,178.0000,92.0000,46.0000
394.0000,176.0000,92.0000,46.0000
394.0000,176.0000,92.0000,46.0000
394.0000,176.0000,92.0000,46.0000
394.0000,174.0000,92.0000,46.0000
394.0000,174.0000,92.0000,46.0000
392.0000,174.0000,92.0000,46.0000
390.0000,172.0000,92.0000,46.0000
390.0000,172.0000,92.0000,46.0000
388.0000,172.0000,92.0000,46.0000
388.0000,172.0000,92.0000,46.0000
386.0000,172.0000,92.0000,46.0000
386.0000,172.0000,92.0000,46.0000
384.0000,172.0000,92.0000,46.0000
384.0000,172.0000,92.0000,46.0000
384.0000,172.0000,92.0000,46.0000
384.0000,172.0000,92.0000,46.0000
384.0000,172.0000,92.0000,46.0000
386.0000,172.0000,92.0000,46.0000
386.0000,172.0000,92.0000,46.0000
388.0000,172.0000,92.0000,46.0000
394.0000,172.0000,92.0000,46.0000
394.0000,172.0000,92.0000,46.0000
394.0000,172.0000,92.0000,46.0000
396.0000,172.0000,92.0000,46.0000
402.0000,170.0000,92.0000,46.0000
402.0000,170.0000,92.0000,46.0000
404.0000,170.0000,92.0000,46.0000
408.0000,170.0000,92.0000,46.0000
408.0000,170.0000,92.0000,46.0000
408.0000,170.0000,92.0000,46.0000
408.0000,168.0000,92.0000,46.0000
408.0000,168.0000,92.0000,46.0000
408.0000,168.0000,92.0000,46.0000
404.0000,168.0000,92.0000,46.0000
404.0000,168.0000,92.0000,46.0000
402.0000,166.0000,92.0000,46.0000
398.0000,166.0000,92.0000,46.0000
398.0000,166.0000,92.0000,46.0000
396.0000,166.0000,92.0000,46.0000
394.0000,166.0000,92.0000,46.0000
394.0000,166.0000,92.0000,46.0000
392.0000,166.0000,92.0000,46.0000
390.0000,164.0000,92.0000,46.0000
390.0000,164.0000,92.0000,46.0000
388.0000,164.0000,92.0000,46.0000
384.0000,164.0000,92.0000,46.0000
384.0000,164.0000,92.0000,46.0000
382.0000,164.0000,92.0000,46.0000
382.0000,164.0000,92.0000,46.0000
378.0000,166.0000,92.0000,46.0000
374.0000,168.0000,92.0000,46.0000
374.0000,168.0000,92.0000,46.0000
372.0000,168.0000,92.0000,46.0000
372.0000,168.0000,92.0000,46.0000
368.0000,168.0000,92.0000,46.0000
366.0000,168.0000,92.0000,46.0000
366.0000,168.0000,92.0000,46.0000
364.0000,168.0000,92.0000,46.0000
362.0000,168.0000,92.0000,46.0000
362.0000,168.0000,92.0000,46.0000
362.0000,168.0000,92.0000,46.0000
362.0000,168.0000,92.0000,46.0000
362.0000,168.0000,92.0000,46.0000
362.0000,166.0000,92.0000,46.0000
362.0000,166.0000,92.0000,46.0000
362.0000,166.0000,92.0000,46.0000
362.0000,166.0000,92.0000,46.0000
362.0000,166.0000,92.0000,46.0000
362.0000,166.0000,92.0000,46.0000
362.0000,166.0000,92.0000,46.0000
362.0000,166.0000,92.0000,46.0000
362.0000,166.0000,92.0000,46.0000
362.0000,166.0000,92.0000,46.0000
362.0000,166.0000,92.0000,46.0000
362.0000,166.0000,92.0000,46.0000
362.0000,166.0000,92.0000,46.0000
362.0000,166.0000,92.0000,46.0000
362.0000,166.0000,92.0000,46.0000
362.0000,166.0000,92.0000,46.0000
362.0000,166.0000,92.0000,46.0000
362.0000,166.0000,92.0000,46.0000
362.0000,166.0000,92.0000,46.0000
362.0000,166.0000,92.0000,46.0000
360.0000,166.0000,92.0000,46.0000
360.0000,166.0000,92.0000,46.0000
360.0000,166.0000,92.0000,46.0000
360.0000,166.0000,92.0000,46.0000
360.0000,166.0000,92.0000,46.0000
362.0000,166.0000,92.0000,46.0000
362.0000,166.0000,92.0000,46.0000
362.0000,166.0000,92.0000,46.0000
362.0000,166.0000,92.0000,46.0000
362.0000,166.0000,92.0000,46.0000
362.0000,166.0000,92.0000,46.0000
362.0000,166.0000,92.0000,46.0000
362.0000,166.0000,92.0000,46.0000
360.0000,166.0000,92.0000,46.0000
360.0000,166.0000,92.0000,46.0000
360.0000,166.0000,92.0000,46.0000
358.0000,166.0000,92.0000,46.0000
358.0000,166.0000,92.0000,46.0000
356.0000,166.0000,92.0000,46.0000
