1.4205
3.1699
0.6919
0.64514
0.59504
0.63976
0.60122
0.60175
0.64695
0.63562
0.61791
0.60843
0.63999
0.60106
0.5814
0.54299
0.52937
0.61421
0.52564
0.524
0.65161
0.52435
0.51547
0.51191
0.53112
0.47103
0.45983
0.46166
0.43103
0.47763
0.45839
0.444
0.44029
0.43216
0.45573
0.42475
0.45172
0.44431
0.44386
0.43965
0.48744
0.44227
0.45194
0.44292
0.43767
0.46714
0.43558
0.4672
0.48695
0.48319
0.48124
0.52762
0.53779
0.48634
0.46927
0.48578
0.49244
0.56453
0.47417
0.45793
0.45317
0.4587
0.61115
0.46047
0.52865
0.44067
0.50996
0.4646
0.57024
0.52466
0.45321
0.51942
0.62256
0.48402
0.55008
0.47582
0.52145
0.59714
0.54259
0.50211
0.56959
0.53889
0.61517
0.67592
0.48799
0.65549
0.64504
0.47732
0.58361
0.64901
0.54722
0.48718
0.49673
0.54576
0.54755
0.5499
0.53625
0.55956
0.56102
0.61423
0.50952
0.54145
0.57851
0.50437
0.56805
