1
294.0000,145.0000,42.0000,148.0000
296.0000,146.0000,41.0000,146.0000
296.0000,146.0000,41.0000,146.0000
296.0000,146.0000,41.0000,146.0000
296.0000,146.0000,41.0000,146.0000
296.0000,146.0000,41.0000,146.0000
296.0000,146.0000,41.0000,146.0000
296.0000,146.0000,41.0000,146.0000
296.0000,146.0000,41.0000,146.0000
296.0000,146.0000,41.0000,146.0000
296.0000,145.0000,42.0000,148.0000
296.0000,145.0000,42.0000,148.0000
296.0000,145.0000,42.0000,148.0000
296.0000,145.0000,42.0000,148.0000
296.0000,145.0000,42.0000,148.0000
296.0000,145.0000,42.0000,148.0000
296.0000,145.0000,42.0000,148.0000
296.0000,145.0000,42.0000,148.0000
296.0000,145.0000,42.0000,148.0000
296.0000,145.0000,42.0000,148.0000
295.0000,148.0000,41.0000,145.0000
295.0000,148.0000,41.0000,145.0000
295.0000,148.0000,41.0000,145.0000
295.0000,148.0000,41.0000,145.0000
295.0000,148.0000,41.0000,145.0000
295.0000,148.0000,41.0000,145.0000
295.0000,148.0000,41.0000,145.0000
295.0000,148.0000,41.0000,145.0000
279.0000,152.0000,39.0000,140.0000
279.0000,152.0000,39.0000,140.0000
279.0000,152.0000,39.0000,140.0000
279.0000,152.0000,39.0000,140.0000
279.0000,152.0000,39.0000,140.0000
279.0000,152.0000,39.0000,140.0000
279.0000,152.0000,39.0000,140.0000
279.0000,152.0000,39.0000,140.0000
279.0000,152.0000,39.0000,140.0000
279.0000,152.0000,39.0000,140.0000
273.0000,160.0000,39.0000,138.0000
273.0000,160.0000,39.0000,138.0000
273.0000,160.0000,39.0000,138.0000
273.0000,160.0000,39.0000,138.0000
273.0000,160.0000,39.0000,138.0000
273.0000,160.0000,39.0000,138.0000
273.0000,160.0000,39.0000,138.0000
273.0000,160.0000,39.0000,138.0000
273.0000,160.0000,39.0000,138.0000
262.0000,164.0000,39.0000,139.0000
262.0000,164.0000,39.0000,139.0000
262.0000,164.0000,39.0000,139.0000
262.0000,164.0000,39.0000,139.0000
262.0000,164.0000,39.0000,139.0000
262.0000,164.0000,39.0000,139.0000
262.0000,164.0000,39.0000,139.0000
262.0000,164.0000,39.0000,139.0000
262.0000,164.0000,39.0000,139.0000
262.0000,164.0000,39.0000,139.0000
262.0000,164.0000,39.0000,139.0000
264.0000,164.0000,39.0000,138.0000
264.0000,164.0000,39.0000,138.0000
264.0000,164.0000,39.0000,138.0000
264.0000,164.0000,39.0000,138.0000
264.0000,164.0000,39.0000,138.0000
264.0000,164.0000,39.0000,138.0000
264.0000,164.0000,39.0000,138.0000
264.0000,164.0000,39.0000,138.0000
264.0000,164.0000,39.0000,138.0000
259.0000,155.0000,39.0000,138.0000
259.0000,155.0000,39.0000,138.0000
259.0000,155.0000,39.0000,138.0000
259.0000,155.0000,39.0000,138.0000
259.0000,155.0000,39.0000,138.0000
259.0000,155.0000,39.0000,138.0000
259.0000,155.0000,39.0000,138.0000
259.0000,155.0000,39.0000,138.0000
259.0000,155.0000,39.0000,138.0000
259.0000,155.0000,39.0000,138.0000
259.0000,146.0000,38.0000,135.0000
259.0000,146.0000,38.0000,135.0000
259.0000,146.0000,38.0000,135.0000
259.0000,146.0000,38.0000,135.0000
259.0000,146.0000,38.0000,135.0000
259.0000,146.0000,38.0000,135.0000
259.0000,146.0000,38.0000,135.0000
259.0000,146.0000,38.0000,135.0000
260.0000,146.0000,37.0000,131.0000
260.0000,146.0000,37.0000,131.0000
260.0000,146.0000,37.0000,131.0000
260.0000,146.0000,37.0000,131.0000
260.0000,146.0000,37.0000,131.0000
260.0000,146.0000,37.0000,131.0000
260.0000,146.0000,37.0000,131.0000
260.0000,146.0000,37.0000,131.0000
260.0000,146.0000,37.0000,131.0000
260.0000,146.0000,37.0000,131.0000
260.0000,148.0000,38.0000,135.0000
260.0000,148.0000,38.0000,135.0000
260.0000,148.0000,38.0000,135.0000
260.0000,148.0000,38.0000,135.0000
260.0000,148.0000,38.0000,135.0000
260.0000,148.0000,38.0000,135.0000
260.0000,148.0000,38.0000,135.0000
260.0000,148.0000,38.0000,135.0000
260.0000,148.0000,38.0000,135.0000
268.0000,146.0000,38.0000,135.0000
268.0000,146.0000,38.0000,135.0000
268.0000,146.0000,38.0000,135.0000
268.0000,146.0000,38.0000,135.0000
268.0000,146.0000,38.0000,135.0000
268.0000,146.0000,38.0000,135.0000
268.0000,146.0000,38.0000,135.0000
268.0000,146.0000,38.0000,135.0000
268.0000,146.0000,38.0000,135.0000
259.0000,145.0000,38.0000,133.0000
259.0000,145.0000,38.0000,133.0000
259.0000,145.0000,38.0000,133.0000
259.0000,145.0000,38.0000,133.0000
259.0000,145.0000,38.0000,133.0000
259.0000,145.0000,38.0000,133.0000
259.0000,145.0000,38.0000,133.0000
259.0000,145.0000,38.0000,133.0000
280.0000,146.0000,36.0000,130.0000
280.0000,146.0000,36.0000,130.0000
280.0000,146.0000,36.0000,130.0000
280.0000,146.0000,36.0000,130.0000
280.0000,146.0000,36.0000,130.0000
280.0000,146.0000,36.0000,130.0000
280.0000,146.0000,36.0000,130.0000
280.0000,146.0000,36.0000,130.0000
280.0000,146.0000,36.0000,130.0000
280.0000,146.0000,36.0000,130.0000
281.0000,157.0000,36.0000,130.0000
281.0000,157.0000,36.0000,130.0000
281.0000,157.0000,36.0000,130.0000
281.0000,157.0000,36.0000,130.0000
281.0000,157.0000,36.0000,130.0000
281.0000,157.0000,36.0000,130.0000
281.0000,157.0000,36.0000,130.0000
281.0000,157.0000,36.0000,130.0000
276.0000,157.0000,38.0000,133.0000
276.0000,157.0000,38.0000,133.0000
276.0000,157.0000,38.0000,133.0000
276.0000,157.0000,38.0000,133.0000
276.0000,157.0000,38.0000,133.0000
276.0000,157.0000,38.0000,133.0000
276.0000,157.0000,38.0000,133.0000
276.0000,157.0000,38.0000,133.0000
276.0000,157.0000,38.0000,133.0000
276.0000,157.0000,38.0000,133.0000
271.0000,158.0000,38.0000,133.0000
271.0000,158.0000,38.0000,133.0000
271.0000,158.0000,38.0000,133.0000
271.0000,158.0000,38.0000,133.0000
271.0000,158.0000,38.0000,133.0000
271.0000,158.0000,38.0000,133.0000
271.0000,158.0000,38.0000,133.0000
271.0000,158.0000,38.0000,133.0000
277.0000,155.0000,38.0000,136.0000
277.0000,155.0000,38.0000,136.0000
277.0000,155.0000,38.0000,136.0000
277.0000,155.0000,38.0000,136.0000
277.0000,155.0000,38.0000,136.0000
277.0000,155.0000,38.0000,136.0000
277.0000,155.0000,38.0000,136.0000
277.0000,155.0000,38.0000,136.0000
277.0000,155.0000,38.0000,136.0000
274.0000,156.0000,39.0000,140.0000
274.0000,156.0000,39.0000,140.0000
274.0000,156.0000,39.0000,140.0000
274.0000,156.0000,39.0000,140.0000
274.0000,156.0000,39.0000,140.0000
274.0000,156.0000,39.0000,140.0000
274.0000,156.0000,39.0000,140.0000
274.0000,156.0000,39.0000,140.0000
274.0000,156.0000,39.0000,140.0000
271.0000,167.0000,39.0000,140.0000
271.0000,167.0000,39.0000,140.0000
271.0000,167.0000,39.0000,140.0000
271.0000,167.0000,39.0000,140.0000
271.0000,167.0000,39.0000,140.0000
271.0000,167.0000,39.0000,140.0000
271.0000,167.0000,39.0000,140.0000
271.0000,167.0000,39.0000,140.0000
271.0000,167.0000,39.0000,140.0000
271.0000,167.0000,39.0000,140.0000
279.0000,163.0000,41.0000,145.0000
279.0000,163.0000,41.0000,145.0000
279.0000,163.0000,41.0000,145.0000
279.0000,163.0000,41.0000,145.0000
279.0000,163.0000,41.0000,145.0000
279.0000,163.0000,41.0000,145.0000
279.0000,163.0000,41.0000,145.0000
279.0000,163.0000,41.0000,145.0000
279.0000,163.0000,41.0000,145.0000
290.0000,162.0000,41.0000,145.0000
290.0000,162.0000,41.0000,145.0000
290.0000,162.0000,41.0000,145.0000
290.0000,162.0000,41.0000,145.0000
290.0000,162.0000,41.0000,145.0000
290.0000,162.0000,41.0000,145.0000
290.0000,162.0000,41.0000,145.0000
290.0000,162.0000,41.0000,145.0000
290.0000,162.0000,41.0000,145.0000
289.0000,173.0000,40.0000,143.0000
289.0000,173.0000,40.0000,143.0000
289.0000,173.0000,40.0000,143.0000
289.0000,173.0000,40.0000,143.0000
289.0000,173.0000,40.0000,143.0000
289.0000,173.0000,40.0000,143.0000
289.0000,173.0000,40.0000,143.0000
289.0000,173.0000,40.0000,143.0000
300.0000,165.0000,41.0000,146.0000
300.0000,165.0000,41.0000,146.0000
300.0000,165.0000,41.0000,146.0000
300.0000,165.0000,41.0000,146.0000
300.0000,165.0000,41.0000,146.0000
300.0000,165.0000,41.0000,146.0000
300.0000,165.0000,41.0000,146.0000
300.0000,165.0000,41.0000,146.0000
300.0000,165.0000,41.0000,146.0000
300.0000,165.0000,41.0000,146.0000
300.0000,165.0000,41.0000,146.0000
312.0000,162.0000,42.0000,150.0000
312.0000,162.0000,42.0000,150.0000
312.0000,162.0000,42.0000,150.0000
312.0000,162.0000,42.0000,150.0000
312.0000,162.0000,42.0000,150.0000
312.0000,162.0000,42.0000,150.0000
312.0000,162.0000,42.0000,150.0000
312.0000,162.0000,42.0000,150.0000
303.0000,165.0000,41.0000,146.0000
303.0000,165.0000,41.0000,146.0000
303.0000,165.0000,41.0000,146.0000
303.0000,165.0000,41.0000,146.0000
303.0000,165.0000,41.0000,146.0000
303.0000,165.0000,41.0000,146.0000
303.0000,165.0000,41.0000,146.0000
303.0000,165.0000,41.0000,146.0000
303.0000,165.0000,41.0000,146.0000
303.0000,165.0000,41.0000,146.0000
312.0000,165.0000,41.0000,145.0000
312.0000,165.0000,41.0000,145.0000
312.0000,165.0000,41.0000,145.0000
312.0000,165.0000,41.0000,145.0000
312.0000,165.0000,41.0000,145.0000
312.0000,165.0000,41.0000,145.0000
312.0000,165.0000,41.0000,145.0000
312.0000,165.0000,41.0000,145.0000
335.0000,169.0000,41.0000,146.0000
335.0000,169.0000,41.0000,146.0000
335.0000,169.0000,41.0000,146.0000
335.0000,169.0000,41.0000,146.0000
335.0000,169.0000,41.0000,146.0000
335.0000,169.0000,41.0000,146.0000
335.0000,169.0000,41.0000,146.0000
335.0000,169.0000,41.0000,146.0000
335.0000,169.0000,41.0000,146.0000
335.0000,169.0000,41.0000,146.0000
344.0000,169.0000,42.0000,150.0000
344.0000,169.0000,42.0000,150.0000
344.0000,169.0000,42.0000,150.0000
344.0000,169.0000,42.0000,150.0000
344.0000,169.0000,42.0000,150.0000
344.0000,169.0000,42.0000,150.0000
344.0000,169.0000,42.0000,150.0000
344.0000,169.0000,42.0000,150.0000
2
374.0000,173.0000,41.0000,146.0000
0
0
0
0
1
397.0000,178.0000,51.0000,145.0000
398.0000,177.0000,52.0000,146.0000
398.0000,177.0000,52.0000,146.0000
398.0000,177.0000,52.0000,146.0000
398.0000,177.0000,52.0000,146.0000
398.0000,177.0000,52.0000,146.0000
398.0000,177.0000,52.0000,146.0000
398.0000,177.0000,52.0000,146.0000
398.0000,177.0000,52.0000,146.0000
398.0000,177.0000,52.0000,146.0000
398.0000,177.0000,52.0000,146.0000
398.0000,177.0000,52.0000,146.0000
398.0000,177.0000,52.0000,146.0000
403.0000,178.0000,51.0000,145.0000
403.0000,178.0000,51.0000,145.0000
403.0000,178.0000,51.0000,145.0000
403.0000,178.0000,51.0000,145.0000
403.0000,178.0000,51.0000,145.0000
403.0000,178.0000,51.0000,145.0000
403.0000,178.0000,51.0000,145.0000
403.0000,178.0000,51.0000,145.0000
403.0000,178.0000,51.0000,145.0000
403.0000,178.0000,51.0000,145.0000
403.0000,178.0000,51.0000,145.0000
427.0000,172.0000,53.0000,149.0000
427.0000,172.0000,53.0000,149.0000
427.0000,172.0000,53.0000,149.0000
427.0000,172.0000,53.0000,149.0000
427.0000,172.0000,53.0000,149.0000
427.0000,172.0000,53.0000,149.0000
427.0000,172.0000,53.0000,149.0000
427.0000,172.0000,53.0000,149.0000
427.0000,172.0000,53.0000,149.0000
427.0000,172.0000,53.0000,149.0000
412.0000,173.0000,53.0000,149.0000
412.0000,173.0000,53.0000,149.0000
412.0000,173.0000,53.0000,149.0000
412.0000,173.0000,53.0000,149.0000
412.0000,173.0000,53.0000,149.0000
412.0000,173.0000,53.0000,149.0000
412.0000,173.0000,53.0000,149.0000
412.0000,173.0000,53.0000,149.0000
412.0000,173.0000,53.0000,149.0000
412.0000,173.0000,53.0000,149.0000
390.0000,168.0000,54.0000,150.0000
390.0000,168.0000,54.0000,150.0000
390.0000,168.0000,54.0000,150.0000
390.0000,168.0000,54.0000,150.0000
390.0000,168.0000,54.0000,150.0000
390.0000,168.0000,54.0000,150.0000
390.0000,168.0000,54.0000,150.0000
390.0000,168.0000,54.0000,150.0000
390.0000,168.0000,54.0000,150.0000
390.0000,168.0000,54.0000,150.0000
390.0000,168.0000,54.0000,150.0000
392.0000,161.0000,55.0000,154.0000
392.0000,161.0000,55.0000,154.0000
392.0000,161.0000,55.0000,154.0000
392.0000,161.0000,55.0000,154.0000
392.0000,161.0000,55.0000,154.0000
392.0000,161.0000,55.0000,154.0000
392.0000,161.0000,55.0000,154.0000
392.0000,161.0000,55.0000,154.0000
392.0000,161.0000,55.0000,154.0000
392.0000,161.0000,55.0000,154.0000
396.0000,156.0000,54.0000,150.0000
396.0000,156.0000,54.0000,150.0000
396.0000,156.0000,54.0000,150.0000
396.0000,156.0000,54.0000,150.0000
396.0000,156.0000,54.0000,150.0000
396.0000,156.0000,54.0000,150.0000
396.0000,156.0000,54.0000,150.0000
396.0000,156.0000,54.0000,150.0000
396.0000,156.0000,54.0000,150.0000
396.0000,156.0000,54.0000,150.0000
396.0000,156.0000,54.0000,150.0000
406.0000,151.0000,54.0000,152.0000
406.0000,151.0000,54.0000,152.0000
406.0000,151.0000,54.0000,152.0000
406.0000,151.0000,54.0000,152.0000
406.0000,151.0000,54.0000,152.0000
406.0000,151.0000,54.0000,152.0000
406.0000,151.0000,54.0000,152.0000
406.0000,151.0000,54.0000,152.0000
406.0000,151.0000,54.0000,152.0000
406.0000,151.0000,54.0000,152.0000
406.0000,151.0000,54.0000,152.0000
399.0000,145.0000,55.0000,155.0000
399.0000,145.0000,55.0000,155.0000
399.0000,145.0000,55.0000,155.0000
399.0000,145.0000,55.0000,155.0000
399.0000,145.0000,55.0000,155.0000
399.0000,145.0000,55.0000,155.0000
399.0000,145.0000,55.0000,155.0000
399.0000,145.0000,55.0000,155.0000
399.0000,145.0000,55.0000,155.0000
399.0000,145.0000,55.0000,155.0000
399.0000,145.0000,55.0000,155.0000
370.0000,138.0000,55.0000,154.0000
370.0000,138.0000,55.0000,154.0000
370.0000,138.0000,55.0000,154.0000
370.0000,138.0000,55.0000,154.0000
370.0000,138.0000,55.0000,154.0000
370.0000,138.0000,55.0000,154.0000
370.0000,138.0000,55.0000,154.0000
370.0000,138.0000,55.0000,154.0000
370.0000,138.0000,55.0000,154.0000
370.0000,138.0000,55.0000,154.0000
370.0000,138.0000,55.0000,154.0000
360.0000,128.0000,54.0000,152.0000
360.0000,128.0000,54.0000,152.0000
360.0000,128.0000,54.0000,152.0000
360.0000,128.0000,54.0000,152.0000
360.0000,128.0000,54.0000,152.0000
360.0000,128.0000,54.0000,152.0000
360.0000,128.0000,54.0000,152.0000
360.0000,128.0000,54.0000,152.0000
360.0000,128.0000,54.0000,152.0000
360.0000,128.0000,54.0000,152.0000
349.0000,129.0000,54.0000,150.0000
349.0000,129.0000,54.0000,150.0000
349.0000,129.0000,54.0000,150.0000
349.0000,129.0000,54.0000,150.0000
349.0000,129.0000,54.0000,150.0000
349.0000,129.0000,54.0000,150.0000
349.0000,129.0000,54.0000,150.0000
349.0000,129.0000,54.0000,150.0000
349.0000,129.0000,54.0000,150.0000
349.0000,129.0000,54.0000,150.0000
349.0000,129.0000,54.0000,150.0000
335.0000,129.0000,55.0000,155.0000
335.0000,129.0000,55.0000,155.0000
335.0000,129.0000,55.0000,155.0000
335.0000,129.0000,55.0000,155.0000
335.0000,129.0000,55.0000,155.0000
335.0000,129.0000,55.0000,155.0000
335.0000,129.0000,55.0000,155.0000
335.0000,129.0000,55.0000,155.0000
335.0000,129.0000,55.0000,155.0000
335.0000,129.0000,55.0000,155.0000
309.0000,136.0000,57.0000,160.0000
309.0000,136.0000,57.0000,160.0000
309.0000,136.0000,57.0000,160.0000
309.0000,136.0000,57.0000,160.0000
309.0000,136.0000,57.0000,160.0000
309.0000,136.0000,57.0000,160.0000
309.0000,136.0000,57.0000,160.0000
309.0000,136.0000,57.0000,160.0000
309.0000,136.0000,57.0000,160.0000
292.0000,131.0000,59.0000,165.0000
292.0000,131.0000,59.0000,165.0000
292.0000,131.0000,59.0000,165.0000
292.0000,131.0000,59.0000,165.0000
292.0000,131.0000,59.0000,165.0000
292.0000,131.0000,59.0000,165.0000
292.0000,131.0000,59.0000,165.0000
292.0000,131.0000,59.0000,165.0000
292.0000,131.0000,59.0000,165.0000
278.0000,138.0000,57.0000,160.0000
278.0000,138.0000,57.0000,160.0000
278.0000,138.0000,57.0000,160.0000
278.0000,138.0000,57.0000,160.0000
278.0000,138.0000,57.0000,160.0000
278.0000,138.0000,57.0000,160.0000
278.0000,138.0000,57.0000,160.0000
278.0000,138.0000,57.0000,160.0000
278.0000,138.0000,57.0000,160.0000
278.0000,138.0000,57.0000,160.0000
267.0000,147.0000,56.0000,157.0000
267.0000,147.0000,56.0000,157.0000
267.0000,147.0000,56.0000,157.0000
267.0000,147.0000,56.0000,157.0000
267.0000,147.0000,56.0000,157.0000
267.0000,147.0000,56.0000,157.0000
267.0000,147.0000,56.0000,157.0000
267.0000,147.0000,56.0000,157.0000
267.0000,147.0000,56.0000,157.0000
266.0000,158.0000,54.0000,152.0000
266.0000,158.0000,54.0000,152.0000
266.0000,158.0000,54.0000,152.0000
266.0000,158.0000,54.0000,152.0000
266.0000,158.0000,54.0000,152.0000
266.0000,158.0000,54.0000,152.0000
266.0000,158.0000,54.0000,152.0000
266.0000,158.0000,54.0000,152.0000
266.0000,158.0000,54.0000,152.0000
280.0000,153.0000,54.0000,152.0000
280.0000,153.0000,54.0000,152.0000
280.0000,153.0000,54.0000,152.0000
280.0000,153.0000,54.0000,152.0000
280.0000,153.0000,54.0000,152.0000
280.0000,153.0000,54.0000,152.0000
280.0000,153.0000,54.0000,152.0000
280.0000,153.0000,54.0000,152.0000
280.0000,153.0000,54.0000,152.0000
272.0000,158.0000,55.0000,155.0000
272.0000,158.0000,55.0000,155.0000
272.0000,158.0000,55.0000,155.0000
272.0000,158.0000,55.0000,155.0000
272.0000,158.0000,55.0000,155.0000
272.0000,158.0000,55.0000,155.0000
272.0000,158.0000,55.0000,155.0000
272.0000,158.0000,55.0000,155.0000
272.0000,158.0000,55.0000,155.0000
272.0000,158.0000,55.0000,155.0000
267.0000,240.0000,54.0000,150.0000
267.0000,240.0000,54.0000,150.0000
267.0000,240.0000,54.0000,150.0000
267.0000,240.0000,54.0000,150.0000
267.0000,240.0000,54.0000,150.0000
267.0000,240.0000,54.0000,150.0000
267.0000,240.0000,54.0000,150.0000
267.0000,240.0000,54.0000,150.0000
267.0000,240.0000,54.0000,150.0000
273.0000,248.0000,53.0000,149.0000
273.0000,248.0000,53.0000,149.0000
273.0000,248.0000,53.0000,149.0000
273.0000,248.0000,53.0000,149.0000
273.0000,248.0000,53.0000,149.0000
273.0000,248.0000,53.0000,149.0000
273.0000,248.0000,53.0000,149.0000
273.0000,248.0000,53.0000,149.0000
273.0000,248.0000,53.0000,149.0000
267.0000,242.0000,51.0000,145.0000
267.0000,242.0000,51.0000,145.0000
267.0000,242.0000,51.0000,145.0000
267.0000,242.0000,51.0000,145.0000
267.0000,242.0000,51.0000,145.0000
267.0000,242.0000,51.0000,145.0000
267.0000,242.0000,51.0000,145.0000
267.0000,242.0000,51.0000,145.0000
267.0000,242.0000,51.0000,145.0000
249.0000,243.0000,50.0000,142.0000
249.0000,243.0000,50.0000,142.0000
249.0000,243.0000,50.0000,142.0000
249.0000,243.0000,50.0000,142.0000
249.0000,243.0000,50.0000,142.0000
249.0000,243.0000,50.0000,142.0000
249.0000,243.0000,50.0000,142.0000
249.0000,243.0000,50.0000,142.0000
249.0000,243.0000,50.0000,142.0000
253.0000,238.0000,50.0000,140.0000
253.0000,238.0000,50.0000,140.0000
253.0000,238.0000,50.0000,140.0000
253.0000,238.0000,50.0000,140.0000
253.0000,238.0000,50.0000,140.0000
253.0000,238.0000,50.0000,140.0000
253.0000,238.0000,50.0000,140.0000
253.0000,238.0000,50.0000,140.0000
253.0000,238.0000,50.0000,140.0000
265.0000,211.0000,49.0000,138.0000
265.0000,211.0000,49.0000,138.0000
265.0000,211.0000,49.0000,138.0000
265.0000,211.0000,49.0000,138.0000
265.0000,211.0000,49.0000,138.0000
265.0000,211.0000,49.0000,138.0000
265.0000,211.0000,49.0000,138.0000
265.0000,211.0000,49.0000,138.0000
265.0000,211.0000,49.0000,138.0000
263.0000,207.0000,50.0000,142.0000
263.0000,207.0000,50.0000,142.0000
263.0000,207.0000,50.0000,142.0000
263.0000,207.0000,50.0000,142.0000
263.0000,207.0000,50.0000,142.0000
263.0000,207.0000,50.0000,142.0000
263.0000,207.0000,50.0000,142.0000
263.0000,207.0000,50.0000,142.0000
263.0000,207.0000,50.0000,142.0000
248.0000,210.0000,51.0000,145.0000
248.0000,210.0000,51.0000,145.0000
248.0000,210.0000,51.0000,145.0000
248.0000,210.0000,51.0000,145.0000
248.0000,210.0000,51.0000,145.0000
248.0000,210.0000,51.0000,145.0000
248.0000,210.0000,51.0000,145.0000
248.0000,210.0000,51.0000,145.0000
248.0000,210.0000,51.0000,145.0000
250.0000,183.0000,51.0000,145.0000
250.0000,183.0000,51.0000,145.0000
250.0000,183.0000,51.0000,145.0000
250.0000,183.0000,51.0000,145.0000
250.0000,183.0000,51.0000,145.0000
250.0000,183.0000,51.0000,145.0000
250.0000,183.0000,51.0000,145.0000
250.0000,183.0000,51.0000,145.0000
250.0000,183.0000,51.0000,145.0000
242.0000,174.0000,50.0000,142.0000
242.0000,174.0000,50.0000,142.0000
242.0000,174.0000,50.0000,142.0000
242.0000,174.0000,50.0000,142.0000
242.0000,174.0000,50.0000,142.0000
242.0000,174.0000,50.0000,142.0000
242.0000,174.0000,50.0000,142.0000
242.0000,174.0000,50.0000,142.0000
242.0000,174.0000,50.0000,142.0000
233.0000,145.0000,51.0000,143.0000
233.0000,145.0000,51.0000,143.0000
233.0000,145.0000,51.0000,143.0000
233.0000,145.0000,51.0000,143.0000
233.0000,145.0000,51.0000,143.0000
233.0000,145.0000,51.0000,143.0000
233.0000,145.0000,51.0000,143.0000
233.0000,145.0000,51.0000,143.0000
233.0000,145.0000,51.0000,143.0000
231.0000,146.0000,49.0000,139.0000
231.0000,146.0000,49.0000,139.0000
231.0000,146.0000,49.0000,139.0000
231.0000,146.0000,49.0000,139.0000
231.0000,146.0000,49.0000,139.0000
231.0000,146.0000,49.0000,139.0000
231.0000,146.0000,49.0000,139.0000
231.0000,146.0000,49.0000,139.0000
231.0000,146.0000,49.0000,139.0000
231.0000,146.0000,49.0000,139.0000
228.0000,131.0000,50.0000,140.0000
228.0000,131.0000,50.0000,140.0000
228.0000,131.0000,50.0000,140.0000
228.0000,131.0000,50.0000,140.0000
228.0000,131.0000,50.0000,140.0000
228.0000,131.0000,50.0000,140.0000
228.0000,131.0000,50.0000,140.0000
228.0000,131.0000,50.0000,140.0000
228.0000,131.0000,50.0000,140.0000
228.0000,130.0000,49.0000,139.0000
228.0000,130.0000,49.0000,139.0000
228.0000,130.0000,49.0000,139.0000
228.0000,130.0000,49.0000,139.0000
228.0000,130.0000,49.0000,139.0000
228.0000,130.0000,49.0000,139.0000
228.0000,130.0000,49.0000,139.0000
228.0000,130.0000,49.0000,139.0000
228.0000,130.0000,49.0000,139.0000
228.0000,137.0000,48.0000,136.0000
228.0000,137.0000,48.0000,136.0000
228.0000,137.0000,48.0000,136.0000
228.0000,137.0000,48.0000,136.0000
228.0000,137.0000,48.0000,136.0000
228.0000,137.0000,48.0000,136.0000
228.0000,137.0000,48.0000,136.0000
228.0000,137.0000,48.0000,136.0000
228.0000,137.0000,48.0000,136.0000
225.0000,127.0000,47.0000,132.0000
225.0000,127.0000,47.0000,132.0000
225.0000,127.0000,47.0000,132.0000
225.0000,127.0000,47.0000,132.0000
225.0000,127.0000,47.0000,132.0000
225.0000,127.0000,47.0000,132.0000
225.0000,127.0000,47.0000,132.0000
225.0000,127.0000,47.0000,132.0000
225.0000,127.0000,47.0000,132.0000
239.0000,135.0000,48.0000,135.0000
239.0000,135.0000,48.0000,135.0000
239.0000,135.0000,48.0000,135.0000
239.0000,135.0000,48.0000,135.0000
239.0000,135.0000,48.0000,135.0000
239.0000,135.0000,48.0000,135.0000
239.0000,135.0000,48.0000,135.0000
239.0000,135.0000,48.0000,135.0000
258.0000,148.0000,47.0000,131.0000
258.0000,148.0000,47.0000,131.0000
258.0000,148.0000,47.0000,131.0000
258.0000,148.0000,47.0000,131.0000
258.0000,148.0000,47.0000,131.0000
258.0000,148.0000,47.0000,131.0000
258.0000,148.0000,47.0000,131.0000
258.0000,148.0000,47.0000,131.0000
258.0000,148.0000,47.0000,131.0000
277.0000,156.0000,45.0000,127.0000
277.0000,156.0000,45.0000,127.0000
277.0000,156.0000,45.0000,127.0000
277.0000,156.0000,45.0000,127.0000
277.0000,156.0000,45.0000,127.0000
277.0000,156.0000,45.0000,127.0000
277.0000,156.0000,45.0000,127.0000
277.0000,156.0000,45.0000,127.0000
277.0000,156.0000,45.0000,127.0000
282.0000,135.0000,46.0000,130.0000
282.0000,135.0000,46.0000,130.0000
282.0000,135.0000,46.0000,130.0000
282.0000,135.0000,46.0000,130.0000
282.0000,135.0000,46.0000,130.0000
282.0000,135.0000,46.0000,130.0000
282.0000,135.0000,46.0000,130.0000
282.0000,135.0000,46.0000,130.0000
282.0000,135.0000,46.0000,130.0000
282.0000,135.0000,46.0000,130.0000
2
0
0
0
0
1
304.0000,40.0000,42.0000,149.0000
306.0000,40.0000,42.0000,148.0000
306.0000,40.0000,42.0000,148.0000
306.0000,40.0000,42.0000,148.0000
306.0000,40.0000,42.0000,148.0000
306.0000,40.0000,42.0000,148.0000
306.0000,40.0000,42.0000,148.0000
306.0000,40.0000,42.0000,148.0000
306.0000,40.0000,42.0000,148.0000
306.0000,40.0000,42.0000,148.0000
306.0000,40.0000,42.0000,148.0000
307.0000,40.0000,42.0000,148.0000
307.0000,40.0000,42.0000,148.0000
307.0000,40.0000,42.0000,148.0000
307.0000,40.0000,42.0000,148.0000
307.0000,40.0000,42.0000,148.0000
307.0000,40.0000,42.0000,148.0000
307.0000,40.0000,42.0000,148.0000
307.0000,40.0000,42.0000,148.0000
307.0000,40.0000,42.0000,148.0000
307.0000,40.0000,42.0000,148.0000
307.0000,40.0000,42.0000,148.0000
319.0000,40.0000,40.0000,143.0000
319.0000,40.0000,40.0000,143.0000
319.0000,40.0000,40.0000,143.0000
319.0000,40.0000,40.0000,143.0000
319.0000,40.0000,40.0000,143.0000
319.0000,40.0000,40.0000,143.0000
319.0000,40.0000,40.0000,143.0000
319.0000,40.0000,40.0000,143.0000
319.0000,40.0000,40.0000,143.0000
321.0000,49.0000,39.0000,139.0000
321.0000,49.0000,39.0000,139.0000
321.0000,49.0000,39.0000,139.0000
321.0000,49.0000,39.0000,139.0000
321.0000,49.0000,39.0000,139.0000
321.0000,49.0000,39.0000,139.0000
321.0000,49.0000,39.0000,139.0000
321.0000,49.0000,39.0000,139.0000
321.0000,49.0000,39.0000,139.0000
321.0000,49.0000,39.0000,139.0000
341.0000,52.0000,38.0000,135.0000
341.0000,52.0000,38.0000,135.0000
341.0000,52.0000,38.0000,135.0000
341.0000,52.0000,38.0000,135.0000
341.0000,52.0000,38.0000,135.0000
341.0000,52.0000,38.0000,135.0000
341.0000,52.0000,38.0000,135.0000
341.0000,52.0000,38.0000,135.0000
341.0000,52.0000,38.0000,135.0000
347.0000,47.0000,39.0000,139.0000
347.0000,47.0000,39.0000,139.0000
347.0000,47.0000,39.0000,139.0000
347.0000,47.0000,39.0000,139.0000
347.0000,47.0000,39.0000,139.0000
347.0000,47.0000,39.0000,139.0000
347.0000,47.0000,39.0000,139.0000
347.0000,47.0000,39.0000,139.0000
347.0000,47.0000,39.0000,139.0000
347.0000,47.0000,39.0000,139.0000
347.0000,47.0000,39.0000,139.0000
358.0000,41.0000,39.0000,138.0000
358.0000,41.0000,39.0000,138.0000
358.0000,41.0000,39.0000,138.0000
358.0000,41.0000,39.0000,138.0000
358.0000,41.0000,39.0000,138.0000
358.0000,41.0000,39.0000,138.0000
358.0000,41.0000,39.0000,138.0000
358.0000,41.0000,39.0000,138.0000
358.0000,41.0000,39.0000,138.0000
358.0000,41.0000,39.0000,138.0000
364.0000,23.0000,39.0000,138.0000
364.0000,23.0000,39.0000,138.0000
364.0000,23.0000,39.0000,138.0000
364.0000,23.0000,39.0000,138.0000
364.0000,23.0000,39.0000,138.0000
364.0000,23.0000,39.0000,138.0000
364.0000,23.0000,39.0000,138.0000
364.0000,23.0000,39.0000,138.0000
364.0000,23.0000,39.0000,138.0000
364.0000,23.0000,39.0000,138.0000
364.0000,27.0000,39.0000,140.0000
364.0000,27.0000,39.0000,140.0000
364.0000,27.0000,39.0000,140.0000
364.0000,27.0000,39.0000,140.0000
364.0000,27.0000,39.0000,140.0000
364.0000,27.0000,39.0000,140.0000
364.0000,27.0000,39.0000,140.0000
364.0000,27.0000,39.0000,140.0000
364.0000,27.0000,39.0000,140.0000
365.0000,33.0000,39.0000,139.0000
365.0000,33.0000,39.0000,139.0000
365.0000,33.0000,39.0000,139.0000
365.0000,33.0000,39.0000,139.0000
365.0000,33.0000,39.0000,139.0000
365.0000,33.0000,39.0000,139.0000
365.0000,33.0000,39.0000,139.0000
365.0000,33.0000,39.0000,139.0000
365.0000,33.0000,39.0000,139.0000
365.0000,33.0000,39.0000,139.0000
365.0000,33.0000,39.0000,139.0000
366.0000,37.0000,39.0000,138.0000
366.0000,37.0000,39.0000,138.0000
366.0000,37.0000,39.0000,138.0000
366.0000,37.0000,39.0000,138.0000
366.0000,37.0000,39.0000,138.0000
366.0000,37.0000,39.0000,138.0000
366.0000,37.0000,39.0000,138.0000
366.0000,37.0000,39.0000,138.0000
364.0000,41.0000,38.0000,133.0000
364.0000,41.0000,38.0000,133.0000
364.0000,41.0000,38.0000,133.0000
364.0000,41.0000,38.0000,133.0000
364.0000,41.0000,38.0000,133.0000
364.0000,41.0000,38.0000,133.0000
364.0000,41.0000,38.0000,133.0000
364.0000,41.0000,38.0000,133.0000
364.0000,41.0000,38.0000,133.0000
364.0000,41.0000,38.0000,133.0000
364.0000,41.0000,38.0000,133.0000
356.0000,41.0000,37.0000,131.0000
356.0000,41.0000,37.0000,131.0000
356.0000,41.0000,37.0000,131.0000
356.0000,41.0000,37.0000,131.0000
356.0000,41.0000,37.0000,131.0000
356.0000,41.0000,37.0000,131.0000
356.0000,41.0000,37.0000,131.0000
356.0000,41.0000,37.0000,131.0000
339.0000,37.0000,36.0000,127.0000
339.0000,37.0000,36.0000,127.0000
339.0000,37.0000,36.0000,127.0000
339.0000,37.0000,36.0000,127.0000
339.0000,37.0000,36.0000,127.0000
339.0000,37.0000,36.0000,127.0000
339.0000,37.0000,36.0000,127.0000
339.0000,37.0000,36.0000,127.0000
339.0000,37.0000,36.0000,127.0000
339.0000,37.0000,36.0000,127.0000
330.0000,34.0000,35.0000,124.0000
330.0000,34.0000,35.0000,124.0000
330.0000,34.0000,35.0000,124.0000
330.0000,34.0000,35.0000,124.0000
330.0000,34.0000,35.0000,124.0000
330.0000,34.0000,35.0000,124.0000
330.0000,34.0000,35.0000,124.0000
330.0000,34.0000,35.0000,124.0000
330.0000,34.0000,35.0000,124.0000
330.0000,34.0000,35.0000,124.0000
313.0000,35.0000,35.0000,123.0000
313.0000,35.0000,35.0000,123.0000
313.0000,35.0000,35.0000,123.0000
313.0000,35.0000,35.0000,123.0000
313.0000,35.0000,35.0000,123.0000
313.0000,35.0000,35.0000,123.0000
313.0000,35.0000,35.0000,123.0000
313.0000,35.0000,35.0000,123.0000
313.0000,35.0000,35.0000,123.0000
298.0000,40.0000,34.0000,120.0000
298.0000,40.0000,34.0000,120.0000
298.0000,40.0000,34.0000,120.0000
298.0000,40.0000,34.0000,120.0000
298.0000,40.0000,34.0000,120.0000
298.0000,40.0000,34.0000,120.0000
298.0000,40.0000,34.0000,120.0000
298.0000,40.0000,34.0000,120.0000
298.0000,40.0000,34.0000,120.0000
286.0000,48.0000,35.0000,123.0000
286.0000,48.0000,35.0000,123.0000
286.0000,48.0000,35.0000,123.0000
286.0000,48.0000,35.0000,123.0000
286.0000,48.0000,35.0000,123.0000
286.0000,48.0000,35.0000,123.0000
286.0000,48.0000,35.0000,123.0000
286.0000,48.0000,35.0000,123.0000
286.0000,48.0000,35.0000,123.0000
286.0000,48.0000,35.0000,123.0000
286.0000,48.0000,35.0000,123.0000
286.0000,57.0000,34.0000,121.0000
286.0000,57.0000,34.0000,121.0000
286.0000,57.0000,34.0000,121.0000
286.0000,57.0000,34.0000,121.0000
286.0000,57.0000,34.0000,121.0000
286.0000,57.0000,34.0000,121.0000
286.0000,57.0000,34.0000,121.0000
286.0000,57.0000,34.0000,121.0000
287.0000,55.0000,34.0000,120.0000
287.0000,55.0000,34.0000,120.0000
287.0000,55.0000,34.0000,120.0000
287.0000,55.0000,34.0000,120.0000
287.0000,55.0000,34.0000,120.0000
287.0000,55.0000,34.0000,120.0000
287.0000,55.0000,34.0000,120.0000
287.0000,55.0000,34.0000,120.0000
287.0000,55.0000,34.0000,120.0000
287.0000,55.0000,34.0000,120.0000
287.0000,55.0000,34.0000,120.0000
294.0000,54.0000,33.0000,116.0000
294.0000,54.0000,33.0000,116.0000
294.0000,54.0000,33.0000,116.0000
294.0000,54.0000,33.0000,116.0000
294.0000,54.0000,33.0000,116.0000
294.0000,54.0000,33.0000,116.0000
294.0000,54.0000,33.0000,116.0000
294.0000,54.0000,33.0000,116.0000
294.0000,54.0000,33.0000,116.0000
314.0000,55.0000,32.0000,115.0000
314.0000,55.0000,32.0000,115.0000
314.0000,55.0000,32.0000,115.0000
314.0000,55.0000,32.0000,115.0000
314.0000,55.0000,32.0000,115.0000
314.0000,55.0000,32.0000,115.0000
314.0000,55.0000,32.0000,115.0000
314.0000,55.0000,32.0000,115.0000
314.0000,55.0000,32.0000,115.0000
314.0000,55.0000,32.0000,115.0000
332.0000,57.0000,31.0000,112.0000
332.0000,57.0000,31.0000,112.0000
332.0000,57.0000,31.0000,112.0000
332.0000,57.0000,31.0000,112.0000
332.0000,57.0000,31.0000,112.0000
332.0000,57.0000,31.0000,112.0000
332.0000,57.0000,31.0000,112.0000
332.0000,57.0000,31.0000,112.0000
332.0000,57.0000,31.0000,112.0000
341.0000,62.0000,30.0000,108.0000
341.0000,62.0000,30.0000,108.0000
341.0000,62.0000,30.0000,108.0000
341.0000,62.0000,30.0000,108.0000
341.0000,62.0000,30.0000,108.0000
341.0000,62.0000,30.0000,108.0000
341.0000,62.0000,30.0000,108.0000
341.0000,62.0000,30.0000,108.0000
341.0000,62.0000,30.0000,108.0000
341.0000,62.0000,30.0000,108.0000
349.0000,63.0000,29.0000,105.0000
349.0000,63.0000,29.0000,105.0000
349.0000,63.0000,29.0000,105.0000
349.0000,63.0000,29.0000,105.0000
2
0
0
0
0
372.0000,62.0000,30.0000,107.0000
0
0
0
0
1
399.0000,62.0000,32.0000,111.0000
398.0000,62.0000,32.0000,110.0000
398.0000,62.0000,32.0000,110.0000
398.0000,62.0000,32.0000,110.0000
398.0000,62.0000,32.0000,110.0000
398.0000,62.0000,32.0000,110.0000
398.0000,62.0000,32.0000,110.0000
398.0000,62.0000,32.0000,110.0000
398.0000,62.0000,32.0000,110.0000
398.0000,62.0000,32.0000,110.0000
401.0000,65.0000,31.0000,107.0000
401.0000,65.0000,31.0000,107.0000
401.0000,65.0000,31.0000,107.0000
401.0000,65.0000,31.0000,107.0000
401.0000,65.0000,31.0000,107.0000
401.0000,65.0000,31.0000,107.0000
401.0000,65.0000,31.0000,107.0000
401.0000,65.0000,31.0000,107.0000
401.0000,65.0000,31.0000,107.0000
401.0000,65.0000,31.0000,107.0000
401.0000,65.0000,31.0000,107.0000
395.0000,70.0000,31.0000,106.0000
395.0000,70.0000,31.0000,106.0000
395.0000,70.0000,31.0000,106.0000
395.0000,70.0000,31.0000,106.0000
395.0000,70.0000,31.0000,106.0000
395.0000,70.0000,31.0000,106.0000
395.0000,70.0000,31.0000,106.0000
395.0000,70.0000,31.0000,106.0000
395.0000,70.0000,31.0000,106.0000
393.0000,89.0000,30.0000,104.0000
393.0000,89.0000,30.0000,104.0000
393.0000,89.0000,30.0000,104.0000
393.0000,89.0000,30.0000,104.0000
393.0000,89.0000,30.0000,104.0000
393.0000,89.0000,30.0000,104.0000
393.0000,89.0000,30.0000,104.0000
393.0000,89.0000,30.0000,104.0000
393.0000,89.0000,30.0000,104.0000
393.0000,89.0000,30.0000,104.0000
393.0000,89.0000,30.0000,104.0000
389.0000,99.0000,30.0000,104.0000
389.0000,99.0000,30.0000,104.0000
389.0000,99.0000,30.0000,104.0000
389.0000,99.0000,30.0000,104.0000
389.0000,99.0000,30.0000,104.0000
389.0000,99.0000,30.0000,104.0000
389.0000,99.0000,30.0000,104.0000
389.0000,99.0000,30.0000,104.0000
389.0000,99.0000,30.0000,104.0000
395.0000,109.0000,31.0000,105.0000
395.0000,109.0000,31.0000,105.0000
395.0000,109.0000,31.0000,105.0000
395.0000,109.0000,31.0000,105.0000
395.0000,109.0000,31.0000,105.0000
395.0000,109.0000,31.0000,105.0000
395.0000,109.0000,31.0000,105.0000
395.0000,109.0000,31.0000,105.0000
395.0000,109.0000,31.0000,105.0000
395.0000,109.0000,31.0000,105.0000
395.0000,109.0000,31.0000,105.0000
392.0000,117.0000,31.0000,105.0000
392.0000,117.0000,31.0000,105.0000
392.0000,117.0000,31.0000,105.0000
392.0000,117.0000,31.0000,105.0000
392.0000,117.0000,31.0000,105.0000
392.0000,117.0000,31.0000,105.0000
392.0000,117.0000,31.0000,105.0000
392.0000,117.0000,31.0000,105.0000
392.0000,117.0000,31.0000,105.0000
384.0000,143.0000,31.0000,105.0000
384.0000,143.0000,31.0000,105.0000
384.0000,143.0000,31.0000,105.0000
384.0000,143.0000,31.0000,105.0000
384.0000,143.0000,31.0000,105.0000
384.0000,143.0000,31.0000,105.0000
384.0000,143.0000,31.0000,105.0000
384.0000,143.0000,31.0000,105.0000
384.0000,143.0000,31.0000,105.0000
384.0000,143.0000,31.0000,105.0000
372.0000,144.0000,31.0000,107.0000
372.0000,144.0000,31.0000,107.0000
372.0000,144.0000,31.0000,107.0000
372.0000,144.0000,31.0000,107.0000
372.0000,144.0000,31.0000,107.0000
372.0000,144.0000,31.0000,107.0000
372.0000,144.0000,31.0000,107.0000
372.0000,144.0000,31.0000,107.0000
372.0000,144.0000,31.0000,107.0000
372.0000,144.0000,31.0000,107.0000
370.0000,134.0000,31.0000,105.0000
370.0000,134.0000,31.0000,105.0000
370.0000,134.0000,31.0000,105.0000
370.0000,134.0000,31.0000,105.0000
370.0000,134.0000,31.0000,105.0000
370.0000,134.0000,31.0000,105.0000
370.0000,134.0000,31.0000,105.0000
370.0000,134.0000,31.0000,105.0000
370.0000,134.0000,31.0000,105.0000
370.0000,134.0000,31.0000,105.0000
371.0000,136.0000,31.0000,107.0000
371.0000,136.0000,31.0000,107.0000
371.0000,136.0000,31.0000,107.0000
371.0000,136.0000,31.0000,107.0000
371.0000,136.0000,31.0000,107.0000
371.0000,136.0000,31.0000,107.0000
371.0000,136.0000,31.0000,107.0000
371.0000,136.0000,31.0000,107.0000
371.0000,136.0000,31.0000,107.0000
371.0000,136.0000,31.0000,107.0000
380.0000,139.0000,32.0000,111.0000
380.0000,139.0000,32.0000,111.0000
380.0000,139.0000,32.0000,111.0000
380.0000,139.0000,32.0000,111.0000
380.0000,139.0000,32.0000,111.0000
380.0000,139.0000,32.0000,111.0000
380.0000,139.0000,32.0000,111.0000
380.0000,139.0000,32.0000,111.0000
380.0000,139.0000,32.0000,111.0000
400.0000,138.0000,33.0000,114.0000
400.0000,138.0000,33.0000,114.0000
400.0000,138.0000,33.0000,114.0000
400.0000,138.0000,33.0000,114.0000
400.0000,138.0000,33.0000,114.0000
400.0000,138.0000,33.0000,114.0000
400.0000,138.0000,33.0000,114.0000
400.0000,138.0000,33.0000,114.0000
400.0000,138.0000,33.0000,114.0000
400.0000,138.0000,33.0000,114.0000
400.0000,138.0000,33.0000,114.0000
414.0000,132.0000,34.0000,118.0000
414.0000,132.0000,34.0000,118.0000
414.0000,132.0000,34.0000,118.0000
414.0000,132.0000,34.0000,118.0000
414.0000,132.0000,34.0000,118.0000
414.0000,132.0000,34.0000,118.0000
414.0000,132.0000,34.0000,118.0000
414.0000,132.0000,34.0000,118.0000
414.0000,132.0000,34.0000,118.0000
414.0000,132.0000,34.0000,118.0000
414.0000,132.0000,34.0000,118.0000
403.0000,144.0000,34.0000,119.0000
403.0000,144.0000,34.0000,119.0000
403.0000,144.0000,34.0000,119.0000
403.0000,144.0000,34.0000,119.0000
403.0000,144.0000,34.0000,119.0000
403.0000,144.0000,34.0000,119.0000
403.0000,144.0000,34.0000,119.0000
403.0000,144.0000,34.0000,119.0000
403.0000,144.0000,34.0000,119.0000
403.0000,144.0000,34.0000,119.0000
416.0000,144.0000,36.0000,122.0000
416.0000,144.0000,36.0000,122.0000
416.0000,144.0000,36.0000,122.0000
416.0000,144.0000,36.0000,122.0000
416.0000,144.0000,36.0000,122.0000
416.0000,144.0000,36.0000,122.0000
416.0000,144.0000,36.0000,122.0000
416.0000,144.0000,36.0000,122.0000
416.0000,144.0000,36.0000,122.0000
416.0000,144.0000,36.0000,122.0000
416.0000,144.0000,36.0000,122.0000
423.0000,147.0000,35.0000,120.0000
423.0000,147.0000,35.0000,120.0000
423.0000,147.0000,35.0000,120.0000
423.0000,147.0000,35.0000,120.0000
423.0000,147.0000,35.0000,120.0000
423.0000,147.0000,35.0000,120.0000
423.0000,147.0000,35.0000,120.0000
423.0000,147.0000,35.0000,120.0000
423.0000,147.0000,35.0000,120.0000
445.0000,144.0000,35.0000,120.0000
445.0000,144.0000,35.0000,120.0000
445.0000,144.0000,35.0000,120.0000
445.0000,144.0000,35.0000,120.0000
445.0000,144.0000,35.0000,120.0000
445.0000,144.0000,35.0000,120.0000
445.0000,144.0000,35.0000,120.0000
445.0000,144.0000,35.0000,120.0000
445.0000,144.0000,35.0000,120.0000
445.0000,144.0000,35.0000,120.0000
445.0000,144.0000,35.0000,120.0000
434.0000,146.0000,35.0000,120.0000
434.0000,146.0000,35.0000,120.0000
434.0000,146.0000,35.0000,120.0000
434.0000,146.0000,35.0000,120.0000
434.0000,146.0000,35.0000,120.0000
434.0000,146.0000,35.0000,120.0000
434.0000,146.0000,35.0000,120.0000
434.0000,146.0000,35.0000,120.0000
434.0000,146.0000,35.0000,120.0000
434.0000,146.0000,35.0000,120.0000
436.0000,158.0000,34.0000,118.0000
436.0000,158.0000,34.0000,118.0000
436.0000,158.0000,34.0000,118.0000
436.0000,158.0000,34.0000,118.0000
436.0000,158.0000,34.0000,118.0000
436.0000,158.0000,34.0000,118.0000
436.0000,158.0000,34.0000,118.0000
436.0000,158.0000,34.0000,118.0000
436.0000,158.0000,34.0000,118.0000
436.0000,158.0000,34.0000,118.0000
450.0000,161.0000,35.0000,121.0000
450.0000,161.0000,35.0000,121.0000
450.0000,161.0000,35.0000,121.0000
450.0000,161.0000,35.0000,121.0000
450.0000,161.0000,35.0000,121.0000
450.0000,161.0000,35.0000,121.0000
450.0000,161.0000,35.0000,121.0000
450.0000,161.0000,35.0000,121.0000
450.0000,161.0000,35.0000,121.0000
450.0000,161.0000,35.0000,121.0000
450.0000,161.0000,35.0000,121.0000
443.0000,164.0000,36.0000,124.0000
443.0000,164.0000,36.0000,124.0000
443.0000,164.0000,36.0000,124.0000
443.0000,164.0000,36.0000,124.0000
443.0000,164.0000,36.0000,124.0000
443.0000,164.0000,36.0000,124.0000
443.0000,164.0000,36.0000,124.0000
443.0000,164.0000,36.0000,124.0000
443.0000,164.0000,36.0000,124.0000
425.0000,157.0000,37.0000,126.0000
425.0000,157.0000,37.0000,126.0000
425.0000,157.0000,37.0000,126.0000
425.0000,157.0000,37.0000,126.0000
425.0000,157.0000,37.0000,126.0000
425.0000,157.0000,37.0000,126.0000
425.0000,157.0000,37.0000,126.0000
425.0000,157.0000,37.0000,126.0000
425.0000,157.0000,37.0000,126.0000
425.0000,157.0000,37.0000,126.0000
414.0000,134.0000,37.0000,126.0000
414.0000,134.0000,37.0000,126.0000
414.0000,134.0000,37.0000,126.0000
414.0000,134.0000,37.0000,126.0000
414.0000,134.0000,37.0000,126.0000
414.0000,134.0000,37.0000,126.0000
414.0000,134.0000,37.0000,126.0000
414.0000,134.0000,37.0000,126.0000
414.0000,134.0000,37.0000,126.0000
414.0000,134.0000,37.0000,126.0000
414.0000,134.0000,37.0000,126.0000
423.0000,116.0000,38.0000,130.0000
423.0000,116.0000,38.0000,130.0000
423.0000,116.0000,38.0000,130.0000
423.0000,116.0000,38.0000,130.0000
423.0000,116.0000,38.0000,130.0000
423.0000,116.0000,38.0000,130.0000
423.0000,116.0000,38.0000,130.0000
423.0000,116.0000,38.0000,130.0000
423.0000,116.0000,38.0000,130.0000
424.0000,106.0000,38.0000,130.0000
424.0000,106.0000,38.0000,130.0000
424.0000,106.0000,38.0000,130.0000
424.0000,106.0000,38.0000,130.0000
424.0000,106.0000,38.0000,130.0000
424.0000,106.0000,38.0000,130.0000
424.0000,106.0000,38.0000,130.0000
424.0000,106.0000,38.0000,130.0000
424.0000,106.0000,38.0000,130.0000
424.0000,106.0000,38.0000,130.0000
424.0000,106.0000,38.0000,130.0000
429.0000,109.0000,39.0000,133.0000
429.0000,109.0000,39.0000,133.0000
429.0000,109.0000,39.0000,133.0000
429.0000,109.0000,39.0000,133.0000
429.0000,109.0000,39.0000,133.0000
429.0000,109.0000,39.0000,133.0000
429.0000,109.0000,39.0000,133.0000
429.0000,109.0000,39.0000,133.0000
429.0000,109.0000,39.0000,133.0000
433.0000,123.0000,38.0000,130.0000
433.0000,123.0000,38.0000,130.0000
433.0000,123.0000,38.0000,130.0000
433.0000,123.0000,38.0000,130.0000
433.0000,123.0000,38.0000,130.0000
433.0000,123.0000,38.0000,130.0000
433.0000,123.0000,38.0000,130.0000
433.0000,123.0000,38.0000,130.0000
433.0000,123.0000,38.0000,130.0000
433.0000,123.0000,38.0000,130.0000
433.0000,123.0000,38.0000,130.0000
430.0000,145.0000,38.0000,131.0000
430.0000,145.0000,38.0000,131.0000
430.0000,145.0000,38.0000,131.0000
430.0000,145.0000,38.0000,131.0000
430.0000,145.0000,38.0000,131.0000
430.0000,145.0000,38.0000,131.0000
430.0000,145.0000,38.0000,131.0000
430.0000,145.0000,38.0000,131.0000
430.0000,145.0000,38.0000,131.0000
427.0000,164.0000,37.0000,127.0000
427.0000,164.0000,37.0000,127.0000
427.0000,164.0000,37.0000,127.0000
427.0000,164.0000,37.0000,127.0000
427.0000,164.0000,37.0000,127.0000
427.0000,164.0000,37.0000,127.0000
427.0000,164.0000,37.0000,127.0000
427.0000,164.0000,37.0000,127.0000
427.0000,164.0000,37.0000,127.0000
427.0000,164.0000,37.0000,127.0000
427.0000,164.0000,37.0000,127.0000
430.0000,162.0000,37.0000,129.0000
430.0000,162.0000,37.0000,129.0000
430.0000,162.0000,37.0000,129.0000
430.0000,162.0000,37.0000,129.0000
430.0000,162.0000,37.0000,129.0000
430.0000,162.0000,37.0000,129.0000
430.0000,162.0000,37.0000,129.0000
430.0000,162.0000,37.0000,129.0000
430.0000,162.0000,37.0000,129.0000
430.0000,162.0000,37.0000,129.0000
434.0000,162.0000,36.0000,125.0000
434.0000,162.0000,36.0000,125.0000
434.0000,162.0000,36.0000,125.0000
434.0000,162.0000,36.0000,125.0000
434.0000,162.0000,36.0000,125.0000
434.0000,162.0000,36.0000,125.0000
434.0000,162.0000,36.0000,125.0000
434.0000,162.0000,36.0000,125.0000
434.0000,162.0000,36.0000,125.0000
434.0000,162.0000,36.0000,125.0000
431.0000,161.0000,37.0000,127.0000
431.0000,161.0000,37.0000,127.0000
431.0000,161.0000,37.0000,127.0000
431.0000,161.0000,37.0000,127.0000
431.0000,161.0000,37.0000,127.0000
431.0000,161.0000,37.0000,127.0000
431.0000,161.0000,37.0000,127.0000
431.0000,161.0000,37.0000,127.0000
431.0000,161.0000,37.0000,127.0000
420.0000,161.0000,36.0000,125.0000
420.0000,161.0000,36.0000,125.0000
420.0000,161.0000,36.0000,125.0000
420.0000,161.0000,36.0000,125.0000
420.0000,161.0000,36.0000,125.0000
420.0000,161.0000,36.0000,125.0000
420.0000,161.0000,36.0000,125.0000
420.0000,161.0000,36.0000,125.0000
420.0000,161.0000,36.0000,125.0000
420.0000,161.0000,36.0000,125.0000
420.0000,161.0000,36.0000,125.0000
417.0000,163.0000,36.0000,122.0000
417.0000,163.0000,36.0000,122.0000
417.0000,163.0000,36.0000,122.0000
417.0000,163.0000,36.0000,122.0000
417.0000,163.0000,36.0000,122.0000
417.0000,163.0000,36.0000,122.0000
417.0000,163.0000,36.0000,122.0000
417.0000,163.0000,36.0000,122.0000
417.0000,163.0000,36.0000,122.0000
417.0000,163.0000,36.0000,122.0000
424.0000,165.0000,35.0000,120.0000
424.0000,165.0000,35.0000,120.0000
424.0000,165.0000,35.0000,120.0000
424.0000,165.0000,35.0000,120.0000
424.0000,165.0000,35.0000,120.0000
424.0000,165.0000,35.0000,120.0000
424.0000,165.0000,35.0000,120.0000
424.0000,165.0000,35.0000,120.0000
424.0000,165.0000,35.0000,120.0000
424.0000,165.0000,35.0000,120.0000
421.0000,170.0000,35.0000,121.0000
421.0000,170.0000,35.0000,121.0000
421.0000,170.0000,35.0000,121.0000
421.0000,170.0000,35.0000,121.0000
421.0000,170.0000,35.0000,121.0000
421.0000,170.0000,35.0000,121.0000
421.0000,170.0000,35.0000,121.0000
421.0000,170.0000,35.0000,121.0000
421.0000,170.0000,35.0000,121.0000
421.0000,170.0000,35.0000,121.0000
412.0000,165.0000,36.0000,124.0000
412.0000,165.0000,36.0000,124.0000
412.0000,165.0000,36.0000,124.0000
412.0000,165.0000,36.0000,124.0000
412.0000,165.0000,36.0000,124.0000
412.0000,165.0000,36.0000,124.0000
412.0000,165.0000,36.0000,124.0000
412.0000,165.0000,36.0000,124.0000
412.0000,165.0000,36.0000,124.0000
412.0000,165.0000,36.0000,124.0000
412.0000,165.0000,36.0000,124.0000
409.0000,154.0000,36.0000,122.0000
409.0000,154.0000,36.0000,122.0000
409.0000,154.0000,36.0000,122.0000
409.0000,154.0000,36.0000,122.0000
409.0000,154.0000,36.0000,122.0000
409.0000,154.0000,36.0000,122.0000
409.0000,154.0000,36.0000,122.0000
409.0000,154.0000,36.0000,122.0000
409.0000,154.0000,36.0000,122.0000
397.0000,146.0000,37.0000,126.0000
397.0000,146.0000,37.0000,126.0000
397.0000,146.0000,37.0000,126.0000
397.0000,146.0000,37.0000,126.0000
397.0000,146.0000,37.0000,126.0000
397.0000,146.0000,37.0000,126.0000
397.0000,146.0000,37.0000,126.0000
397.0000,146.0000,37.0000,126.0000
397.0000,146.0000,37.0000,126.0000
397.0000,146.0000,37.0000,126.0000
374.0000,147.0000,37.0000,127.0000
374.0000,147.0000,37.0000,127.0000
374.0000,147.0000,37.0000,127.0000
374.0000,147.0000,37.0000,127.0000
374.0000,147.0000,37.0000,127.0000
374.0000,147.0000,37.0000,127.0000
374.0000,147.0000,37.0000,127.0000
374.0000,147.0000,37.0000,127.0000
374.0000,153.0000,37.0000,127.0000
374.0000,153.0000,37.0000,127.0000
374.0000,153.0000,37.0000,127.0000
374.0000,153.0000,37.0000,127.0000
374.0000,153.0000,37.0000,127.0000
374.0000,153.0000,37.0000,127.0000
374.0000,153.0000,37.0000,127.0000
374.0000,153.0000,37.0000,127.0000
374.0000,153.0000,37.0000,127.0000
374.0000,153.0000,37.0000,127.0000
374.0000,153.0000,37.0000,127.0000
387.0000,167.0000,37.0000,127.0000
387.0000,167.0000,37.0000,127.0000
387.0000,167.0000,37.0000,127.0000
387.0000,167.0000,37.0000,127.0000
387.0000,167.0000,37.0000,127.0000
387.0000,167.0000,37.0000,127.0000
387.0000,167.0000,37.0000,127.0000
387.0000,167.0000,37.0000,127.0000
387.0000,167.0000,37.0000,127.0000
387.0000,167.0000,37.0000,127.0000
395.0000,181.0000,38.0000,130.0000
395.0000,181.0000,38.0000,130.0000
395.0000,181.0000,38.0000,130.0000
395.0000,181.0000,38.0000,130.0000
395.0000,181.0000,38.0000,130.0000
395.0000,181.0000,38.0000,130.0000
395.0000,181.0000,38.0000,130.0000
395.0000,181.0000,38.0000,130.0000
395.0000,181.0000,38.0000,130.0000
395.0000,181.0000,38.0000,130.0000
395.0000,181.0000,38.0000,130.0000
405.0000,208.0000,37.0000,127.0000
405.0000,208.0000,37.0000,127.0000
405.0000,208.0000,37.0000,127.0000
405.0000,208.0000,37.0000,127.0000
405.0000,208.0000,37.0000,127.0000
405.0000,208.0000,37.0000,127.0000
405.0000,208.0000,37.0000,127.0000
405.0000,208.0000,37.0000,127.0000
405.0000,208.0000,37.0000,127.0000
402.0000,203.0000,37.0000,129.0000
402.0000,203.0000,37.0000,129.0000
402.0000,203.0000,37.0000,129.0000
402.0000,203.0000,37.0000,129.0000
402.0000,203.0000,37.0000,129.0000
402.0000,203.0000,37.0000,129.0000
402.0000,203.0000,37.0000,129.0000
402.0000,203.0000,37.0000,129.0000
402.0000,203.0000,37.0000,129.0000
402.0000,203.0000,37.0000,129.0000
402.0000,203.0000,37.0000,129.0000
400.0000,183.0000,39.0000,133.0000
400.0000,183.0000,39.0000,133.0000
400.0000,183.0000,39.0000,133.0000
400.0000,183.0000,39.0000,133.0000
400.0000,183.0000,39.0000,133.0000
400.0000,183.0000,39.0000,133.0000
400.0000,183.0000,39.0000,133.0000
400.0000,183.0000,39.0000,133.0000
400.0000,183.0000,39.0000,133.0000
383.0000,154.0000,39.0000,135.0000
383.0000,154.0000,39.0000,135.0000
383.0000,154.0000,39.0000,135.0000
383.0000,154.0000,39.0000,135.0000
383.0000,154.0000,39.0000,135.0000
383.0000,154.0000,39.0000,135.0000
383.0000,154.0000,39.0000,135.0000
383.0000,154.0000,39.0000,135.0000
383.0000,154.0000,39.0000,135.0000
383.0000,154.0000,39.0000,135.0000
399.0000,145.0000,38.0000,131.0000
399.0000,145.0000,38.0000,131.0000
399.0000,145.0000,38.0000,131.0000
399.0000,145.0000,38.0000,131.0000
399.0000,145.0000,38.0000,131.0000
399.0000,145.0000,38.0000,131.0000
399.0000,145.0000,38.0000,131.0000
399.0000,145.0000,38.0000,131.0000
399.0000,145.0000,38.0000,131.0000
392.0000,128.0000,39.0000,135.0000
392.0000,128.0000,39.0000,135.0000
392.0000,128.0000,39.0000,135.0000
392.0000,128.0000,39.0000,135.0000
392.0000,128.0000,39.0000,135.0000
392.0000,128.0000,39.0000,135.0000
392.0000,128.0000,39.0000,135.0000
392.0000,128.0000,39.0000,135.0000
392.0000,128.0000,39.0000,135.0000
392.0000,128.0000,39.0000,135.0000
373.0000,133.0000,39.0000,135.0000
373.0000,133.0000,39.0000,135.0000
373.0000,133.0000,39.0000,135.0000
373.0000,133.0000,39.0000,135.0000
373.0000,133.0000,39.0000,135.0000
373.0000,133.0000,39.0000,135.0000
373.0000,133.0000,39.0000,135.0000
373.0000,133.0000,39.0000,135.0000
373.0000,133.0000,39.0000,135.0000
364.0000,146.0000,38.0000,131.0000
364.0000,146.0000,38.0000,131.0000
364.0000,146.0000,38.0000,131.0000
364.0000,146.0000,38.0000,131.0000
364.0000,146.0000,38.0000,131.0000
364.0000,146.0000,38.0000,131.0000
364.0000,146.0000,38.0000,131.0000
364.0000,146.0000,38.0000,131.0000
364.0000,146.0000,38.0000,131.0000
364.0000,146.0000,38.0000,131.0000
360.0000,166.0000,37.0000,127.0000
360.0000,166.0000,37.0000,127.0000
360.0000,166.0000,37.0000,127.0000
360.0000,166.0000,37.0000,127.0000
360.0000,166.0000,37.0000,127.0000
360.0000,166.0000,37.0000,127.0000
360.0000,166.0000,37.0000,127.0000
360.0000,166.0000,37.0000,127.0000
355.0000,179.0000,37.0000,126.0000
355.0000,179.0000,37.0000,126.0000
355.0000,179.0000,37.0000,126.0000
355.0000,179.0000,37.0000,126.0000
355.0000,179.0000,37.0000,126.0000
355.0000,179.0000,37.0000,126.0000
355.0000,179.0000,37.0000,126.0000
355.0000,179.0000,37.0000,126.0000
355.0000,179.0000,37.0000,126.0000
355.0000,179.0000,37.0000,126.0000
350.0000,185.0000,36.0000,122.0000
350.0000,185.0000,36.0000,122.0000
350.0000,185.0000,36.0000,122.0000
350.0000,185.0000,36.0000,122.0000
350.0000,185.0000,36.0000,122.0000
350.0000,185.0000,36.0000,122.0000
350.0000,185.0000,36.0000,122.0000
350.0000,185.0000,36.0000,122.0000
350.0000,185.0000,36.0000,122.0000
336.0000,194.0000,35.0000,120.0000
336.0000,194.0000,35.0000,120.0000
336.0000,194.0000,35.0000,120.0000
336.0000,194.0000,35.0000,120.0000
336.0000,194.0000,35.0000,120.0000
336.0000,194.0000,35.0000,120.0000
336.0000,194.0000,35.0000,120.0000
336.0000,194.0000,35.0000,120.0000
336.0000,194.0000,35.0000,120.0000
336.0000,194.0000,35.0000,120.0000
322.0000,203.0000,34.0000,119.0000
322.0000,203.0000,34.0000,119.0000
322.0000,203.0000,34.0000,119.0000
322.0000,203.0000,34.0000,119.0000
322.0000,203.0000,34.0000,119.0000
322.0000,203.0000,34.0000,119.0000
322.0000,203.0000,34.0000,119.0000
322.0000,203.0000,34.0000,119.0000
322.0000,203.0000,34.0000,119.0000
298.0000,207.0000,33.0000,115.0000
298.0000,207.0000,33.0000,115.0000
298.0000,207.0000,33.0000,115.0000
298.0000,207.0000,33.0000,115.0000
298.0000,207.0000,33.0000,115.0000
298.0000,207.0000,33.0000,115.0000
298.0000,207.0000,33.0000,115.0000
298.0000,207.0000,33.0000,115.0000
2
0
276.0000,210.0000,32.0000,112.0000
0
0
0
0
1
230.0000,206.0000,52.0000,96.0000
228.0000,208.0000,52.0000,95.0000
228.0000,208.0000,52.0000,95.0000
