9.2e-05
0.038353
0.017857
0.016833
0.017113
0.017344
0.018077
0.016982
0.017019
0.017508
0.01739
0.017581
0.017343
0.017525
0.017253
0.016886
0.017209
0.01728
0.017298
0.01741
0.01692
0.016941
0.017187
0.018219
0.017116
0.017061
0.016787
0.016695
0.01706
0.016965
0.016767
0.016845
0.016736
0.016756
0.016681
0.017054
0.018045
0.017128
0.017112
0.017382
0.016861
0.017101
0.017681
0.017211
0.017268
0.018164
0.014692
0.01596
0.014716
0.014538
0.017673
0.017703
0.017035
0.017756
0.017345
0.017597
0.017148
0.017974
0.017855
0.017158
0.017938
0.017194
0.017424
0.018483
0.017455
0.017075
0.017273
0.017551
0.017782
0.017986
0.018808
0.018331
0.017034
0.017224
0.017394
0.017757
0.017226
0.018111
0.016786
0.017385
0.017678
0.017174
0.017635
0.017672
0.017139
0.017491
0.017931
0.017616
0.018556
0.017933
0.017341
0.018328
0.017238
0.018545
0.017665
0.018142
0.01676
0.015483
0.017339
0.017348
0.017931
0.018904
0.018367
0.019621
0.018031
0.018685
0.019021
0.017803
0.017566
0.017824
0.017137
0.018505
0.01922
0.018513
0.018014
0.017656
0.017796
0.017744
0.01725
0.017564
0.017297
0.017505
0.017939
0.017339
0.017658
0.017593
0.017253
0.017851
0.017807
0.017798
0.017724
0.017301
0.017224
0.017319
0.017555
0.017511
0.017698
0.017816
0.018743
0.017439
0.017506
0.017447
0.017533
0.017366
0.017468
0.016659
0.01513
0.017271
0.016983
0.017043
0.017285
0.017358
0.017276
0.017004
0.017625
0.017947
0.017782
0.017848
0.017232
0.017572
0.017361
0.017804
0.018395
0.017368
0.017112
0.017461
0.01757
0.01749
0.016999
0.01716
0.017238
0.017613
0.017582
0.017473
0.018046
0.018189
0.017752
0.017279
0.01816
0.018085
0.017121
0.017409
0.017298
0.017285
0.017466
0.017304
0.01713
0.017312
0.017146
0.017337
0.017373
0.017743
0.01735
0.018395
0.018741
0.0174
0.017563
0.017151
0.017424
0.017583
0.017718
0.01759
0.018474
0.017709
0.017477
0.017365
0.017342
0.017278
0.017202
0.017209
0.018033
0.017532
0.017388
0.017085
0.017209
0.017409
0.019603
0.01957
0.017727
0.017675
0.017611
0.017686
0.017681
0.019333
0.01888
0.017561
0.0195
0.0178
0.017837
0.018243
0.020804
0.017379
0.017977
0.017561
0.017668
0.018539
0.017573
0.017436
0.017566
0.017468
0.018184
0.017969
0.015
0.017945
0.015729
0.018713
0.017567
0.017344
0.018503
0.018137
0.018255
0.017345
0.019426
0.017411
0.017365
0.018162
0.017593
0.017215
0.017347
0.017644
0.017408
0.017695
0.017535
0.018093
0.018425
0.018506
0.018909
0.018424
0.018191
0.017389
0.020508
0.022102
0.018784
0.018728
0.017434
0.018588
0.018634
0.017665
0.017421
0.017213
0.017545
0.017731
0.018694
0.017873
0.017206
0.018499
0.017498
0.017238
0.018614
0.018135
0.018673
0.01779
0.017862
0.018054
0.018693
0.017728
0.017791
0.018612
0.018258
0.017529
0.017297
0.0181
0.019425
0.017425
0.018078
0.019126
0.017564
0.017647
0.017628
0.017808
0.017459
0.017953
0.017488
0.018485
0.017585
0.017809
0.017867
0.017309
0.017725
0.017479
0.017569
0.01879
0.018799
0.019455
0.017908
0.017647
0.018175
0.017561
0.018366
0.01752
0.017083
0.017224
0.017265
0.017316
0.018108
0.01772
0.017883
0.017589
0.017737
0.018645
0.017355
0.019167
0.017898
0.017066
0.017196
