0.42498
0.066867
0.02625
0.025755
0.025425
0.02685
0.025115
0.024917
0.025037
0.025036
0.02485
0.024893
0.024961
0.024991
0.025176
0.024703
0.025109
0.024637
0.024715
0.024621
0.024784
0.024705
0.025101
0.024911
0.026044
0.026183
0.026082
0.02473
0.025557
0.024521
0.026085
0.026402
0.026227
0.024948
0.025789
0.026593
NaN
NaN
NaN
NaN
0.47861
0.072864
0.031774
0.03263
0.032991
0.032963
0.031989
0.033049
0.032492
0.031924
0.030406
0.030966
0.030926
0.031228
0.030767
0.031134
0.031817
0.031583
0.030956
0.031524
0.031338
0.030959
0.031523
0.031282
0.031197
0.03188
0.031536
0.031279
0.031635
0.031636
NaN
NaN
NaN
NaN
0.47788
0.071072
0.029296
0.030067
0.029869
0.029256
0.029444
0.029049
0.029646
0.029679
0.030188
0.030077
0.028625
0.030406
0.03056
0.029996
0.029667
0.029335
0.029492
0.029897
0.029914
0.029861
0.029857
0.030248
0.03007
0.03025
0.029982
0.030224
0.029839
0.029595
0.030099
0.029818
0.030084
0.02987
0.030069
0.030181
0.028486
0.029908
0.030177
0.029873
0.030254
0.029898
0.028783
0.030008
