0.000574
6.351
0.1074
0.0788
NaN
0.079587
0.098555
NaN
0.13448
NaN
NaN
0.13783
NaN
NaN
NaN
NaN
NaN
NaN
0.000482
6.0727
0.085755
0.10816
NaN
0.09193
NaN
NaN
NaN
NaN
NaN
0.000409
6.7164
0.095467
0.086875
NaN
0.073069
0.10095
NaN
0.10362
NaN
0.085753
NaN
NaN
NaN
NaN
NaN
0.00066
5.7717
0.081422
0.093938
NaN
0.095117
NaN
0.096693
NaN
0.097315
NaN
0.095194
NaN
0.068943
0.084826
NaN
0.082244
0.10666
NaN
0.097656
NaN
0.10137
NaN
0.079315
NaN
0.077317
NaN
0.086513
0.14716
NaN
NaN
0.12071
NaN
NaN
0.10852
NaN
NaN
NaN
NaN
NaN
0.000949
5.7648
0.095934
0.1005
NaN
0.099051
NaN
NaN
NaN
NaN
NaN
0.000761
5.7225
0.097606
0.098054
NaN
0.11322
NaN
0.097186
NaN
NaN
NaN
NaN
NaN
0.000376
2.891
0.068491
0.067722
0.065637
NaN
0.065552
0.065125
0.066342
NaN
0.065641
0.065201
0.065786
NaN
0.065596
0.064847
0.067349
0.067443
NaN
0.065063
0.067603
0.064933
NaN
0.064586
0.065024
0.064902
NaN
0.065017
0.064667
0.064996
NaN
