1
296.6936,136.7387,36.6128,166.5226
298.8225,136.7539,36.3549,166.4922
299.7925,136.7847,36.4150,166.4306
300.7621,136.7965,36.4758,166.4070
301.4505,135.8565,37.0990,166.2869
301.3446,136.9282,37.3107,166.1436
302.3176,136.9550,37.3647,166.0900
301.2401,136.9518,37.5197,166.0964
300.9975,137.9137,38.0051,166.1725
301.0072,136.8562,37.9857,166.2876
298.9654,137.8264,38.0692,166.3471
297.0128,137.9356,37.9745,166.1289
295.2723,137.1768,37.4554,165.6464
292.5415,138.4141,36.9170,165.1718
290.8528,138.5923,36.2944,164.8154
289.0600,137.8036,35.8800,164.3927
287.4069,139.0424,35.1862,163.9153
285.4517,140.1650,35.0965,163.6700
284.3285,140.2971,35.3431,163.4058
283.4068,140.3327,35.1864,163.3345
281.2226,141.4171,35.5549,163.1659
280.4596,141.5958,35.0808,162.8084
280.5311,142.7543,34.9377,162.4915
280.5820,142.8046,34.8359,162.3907
279.6582,143.7417,34.6836,162.5165
279.6650,143.7216,34.6701,162.5568
278.8702,145.5726,34.2596,162.8548
277.8916,145.4229,34.2168,163.1543
276.9951,146.2808,34.0099,163.4384
275.0346,148.4342,33.9308,163.1316
275.0008,149.5143,33.9984,162.9713
274.1230,150.6044,33.7539,162.7911
272.9309,150.7712,34.1382,162.4576
272.9018,151.7910,34.1965,162.4180
271.9464,151.6833,34.1073,162.6333
270.2091,151.6117,33.5818,162.7767
269.7903,151.5215,32.4195,162.9570
269.3055,151.1957,31.3889,163.6085
268.6803,152.0527,30.6394,163.8945
266.6598,152.0132,30.6803,163.9735
266.0440,153.1161,29.9119,163.7677
266.4409,153.1737,29.1183,163.6525
265.2726,154.1156,29.4549,163.7688
266.4906,153.1851,29.0188,163.6298
267.8098,153.9732,28.3804,164.0537
268.9019,153.0606,28.1962,163.8788
271.1241,153.0784,27.7518,163.8432
271.1773,152.1501,27.6453,163.6997
270.0202,151.0956,27.9596,163.8088
270.2976,150.2406,27.4048,163.5189
269.3459,149.2064,27.3082,163.5873
268.1184,148.9438,27.7633,164.1124
268.5317,148.9051,26.9367,164.1898
267.7509,146.6701,26.4982,164.6597
266.8806,145.6682,26.2388,164.6636
267.0023,145.4725,25.9954,165.0549
265.9660,144.4345,26.0679,165.1310
264.7901,144.3423,26.4198,165.3154
263.7408,143.1995,26.5184,165.6011
264.7550,142.3136,26.4900,165.3727
262.8332,141.3636,26.3337,165.2728
262.9752,139.4395,26.0496,165.1209
262.8376,137.4182,26.3247,165.1635
262.6852,136.2965,26.6296,165.4070
262.6126,136.1956,26.7748,165.6088
262.2105,133.0949,27.5790,165.8101
262.5181,133.3052,26.9638,165.3896
262.3892,132.2732,27.2216,165.4536
263.4937,131.3783,27.0126,165.2433
264.4424,131.5222,27.1151,164.9556
265.4868,131.4113,27.0263,165.1775
266.6702,131.3650,26.6597,165.2701
267.4985,132.2932,27.0030,165.4135
267.5811,131.3575,26.8377,165.2849
267.7395,132.3368,26.5211,165.3265
267.7083,131.3719,26.5833,165.2562
267.7997,130.4165,26.4006,165.1669
267.6855,131.5547,26.6291,164.8905
267.9501,130.6115,26.0998,164.7769
268.5334,131.5657,24.9332,164.8687
268.2074,132.7033,25.5852,164.5934
269.4507,132.5296,25.0987,164.9408
269.5270,132.6309,24.9460,164.7382
269.6766,133.7735,24.6467,164.4530
271.6915,133.8907,24.6171,164.2187
272.5289,133.8997,24.9422,164.2006
273.1984,133.6030,25.6032,164.7940
273.8599,132.6661,26.2802,164.6677
274.2918,132.5815,27.4163,164.8369
274.5768,131.5784,28.8464,164.8432
274.9968,131.4850,30.0063,165.0300
275.6327,131.4193,30.7347,165.1615
276.2045,131.5182,31.5910,164.9636
276.4382,132.0543,33.1236,163.8914
277.2125,132.2410,33.5751,163.5181
277.7845,132.6091,34.4311,162.7818
278.9308,132.5746,34.1384,162.8507
280.0471,132.7975,33.9059,162.4050
280.9221,132.7657,34.1559,162.4686
281.9358,133.7662,34.1283,162.4675
283.2024,134.8463,33.5953,162.3075
285.3820,134.8625,33.2361,162.2749
286.8549,135.8007,32.2901,162.3987
290.2473,136.8496,31.5055,162.3009
291.5832,136.9755,30.8336,162.0490
293.8180,137.6302,30.3641,162.7397
276.5012,133.2736,30.9976,161.4528
280.1119,133.7064,31.7762,160.5872
289.0516,133.1815,31.8968,161.6370
292.5897,133.9479,32.8206,162.1041
300.3673,133.6869,33.2653,162.6263
307.1482,134.5204,33.7036,162.9592
309.6248,137.4983,34.7503,163.0034
312.4435,137.6076,31.1130,162.7849
318.8197,138.5614,28.3605,162.8773
325.7258,138.3159,26.5484,163.3682
2
0
0
0
0
1
284.7489,143.5775,36.5023,114.8449
284.5372,143.7323,36.9257,114.5354
285.4801,142.7563,37.0398,114.4875
285.1564,143.8915,37.6872,114.2171
284.8396,142.8360,38.3207,114.3280
284.6601,143.6243,38.6798,114.7514
282.4286,144.6211,39.1427,114.7578
282.2790,144.5472,39.4420,114.9056
281.0881,144.3140,39.8237,115.3720
280.8480,144.1958,40.3040,115.6085
278.7133,144.1921,40.5734,115.6159
277.6531,145.1824,40.6938,115.6351
277.6087,144.9273,40.7826,116.1454
276.5612,145.7659,40.8777,116.4682
276.5665,145.8773,40.8671,116.2454
276.6087,144.9881,40.7826,116.0238
276.8557,146.0629,40.2885,115.8741
277.0040,145.9482,39.9920,116.1036
275.0330,145.1094,39.9341,115.7811
275.2689,145.0516,39.4622,115.8968
275.7206,143.8464,38.5587,116.3072
276.9370,143.9800,38.1261,116.0400
276.9731,143.0673,38.0538,115.8654
277.8685,143.1497,38.2629,115.7007
277.8379,142.1179,38.3242,115.7643
278.0430,141.9091,37.9140,116.1818
279.3813,141.7293,37.2373,116.5414
280.5384,142.4111,36.9233,117.1777
281.4734,142.2706,37.0532,117.4587
281.1262,143.1512,37.7477,117.6976
282.2735,142.9848,37.4530,118.0304
283.3539,142.9800,37.2923,118.0400
283.3421,142.8278,37.3159,118.3444
283.6665,143.9193,36.6670,118.1614
283.1889,143.9487,35.6222,118.1026
282.3793,145.8244,35.2414,118.3512
281.3193,145.8042,33.3614,118.3916
279.9695,145.7658,32.0609,118.4683
279.9360,147.0050,32.1280,117.9900
279.7166,148.8213,32.5667,118.3574
278.5442,149.1825,32.9117,117.6349
277.8844,151.1960,34.2312,117.6081
277.4765,152.3496,37.0471,117.3008
277.6799,154.4670,38.6402,117.0660
277.9947,154.7664,40.0106,118.4673
278.3163,156.5876,41.3675,118.8248
281.0392,155.8434,41.9217,118.3133
283.0008,155.4035,41.9984,119.1931
285.0231,155.4683,41.9538,119.0634
285.1638,154.1747,41.6723,119.6506
285.4685,154.1241,41.0630,119.7519
286.8449,152.7274,40.3102,120.5453
287.9355,152.6182,40.1289,120.7635
289.4184,152.2383,39.1633,121.5235
290.0915,151.2027,37.8170,121.5945
290.1199,151.4502,37.7601,121.0996
292.0596,151.3939,37.8809,121.2122
292.7469,151.4785,36.5062,121.0430
294.5424,151.6681,34.9151,120.6638
297.1856,150.7153,33.6287,120.5694
298.4123,151.5830,33.1754,120.8340
299.4512,151.4689,33.0975,121.0621
299.7251,151.4960,32.5498,121.0080
300.8200,152.4955,32.3599,121.0089
299.8243,152.3669,32.3514,121.2662
299.5403,151.3484,32.9193,121.3031
300.5514,152.6531,32.8972,120.6939
300.3744,153.6895,33.2512,120.6209
299.8636,154.8626,34.2727,120.2747
298.6997,157.1438,34.6006,119.7124
299.8429,158.3195,34.3143,119.3610
300.0159,160.4366,33.9682,119.1267
299.2194,160.6485,33.5612,118.7031
298.0533,161.7043,33.8935,118.5913
297.3716,160.7231,35.2568,118.5539
295.9987,159.5658,36.0025,118.8684
296.6200,159.6553,36.7600,118.6894
298.6965,157.2161,36.6070,119.5678
299.8542,156.9997,36.2916,120.0006
300.7139,155.7638,36.5721,120.4724
303.9020,154.2340,36.1960,121.5320
305.1557,155.4612,35.6887,121.0777
307.3007,154.3327,35.3986,121.3346
310.7725,151.6662,34.4550,122.6677
312.8749,150.6371,34.2502,124.7258
314.9049,149.5193,34.1903,124.9614
315.0594,150.7977,35.8811,124.4045
317.5655,151.2046,34.8691,123.5908
317.7135,151.5806,34.5729,122.8389
318.4155,151.5490,35.1689,122.9019
319.6800,151.8247,34.6401,122.3507
319.2699,151.8710,35.4602,122.2579
319.3097,151.8686,35.3806,122.2629
318.4522,151.7896,35.0956,122.4207
318.0785,152.7180,33.8430,122.5640
316.8228,153.0316,34.3543,121.9367
314.7513,153.0028,34.4973,121.9945
313.5655,154.1270,34.8691,121.7461
311.5125,153.0528,34.9751,121.8944
310.4907,154.0732,35.0185,121.8536
310.3282,154.1559,35.3436,121.6882
309.2199,154.2610,35.5602,121.4780
309.0392,154.3223,35.9216,121.3554
308.8416,153.1897,36.3168,121.6207
308.7714,154.0568,36.4573,121.8864
310.5328,154.3342,36.9345,121.3317
312.5179,155.4182,36.9641,121.1636
313.2794,155.5114,37.4412,120.9772
315.0777,155.4274,37.8447,121.1452
317.2223,155.4258,37.5555,121.1484
319.3846,156.2840,37.2308,121.4320
322.3260,156.3671,37.3480,121.2658
324.3472,156.1887,37.3056,121.6227
325.2025,156.0361,37.5950,121.9279
328.1268,156.9577,37.7464,122.0847
328.9916,157.9320,38.0167,122.1360
330.6368,157.9429,38.7264,122.1141
332.4998,158.8981,39.0004,122.2037
334.1992,160.0853,39.6016,121.8293
336.1220,160.0409,39.7559,121.9181
336.9920,160.9309,40.0160,122.1382
338.9402,160.7825,40.1196,122.4351
340.7951,160.8446,40.4098,122.3108
341.6259,161.8924,40.7481,122.2152
342.4000,161.9254,41.2000,122.1491
343.1884,160.8902,41.6232,122.2195
343.9282,160.9102,42.1436,122.1795
345.7726,160.9087,42.4549,122.1826
345.5200,160.8850,42.9600,122.2299
348.2184,160.8377,43.5631,122.3247
351.0547,162.0646,43.8905,121.8708
352.8819,162.2038,44.2362,121.5925
356.8156,160.9252,44.3688,122.1496
359.6732,162.9355,44.6535,122.1289
363.6636,162.9604,44.6728,122.0791
365.7044,161.9114,44.5912,122.1772
370.8197,161.9287,44.3605,122.1425
373.8584,161.9764,44.2832,122.0473
377.9374,161.7936,44.1251,122.4127
380.9689,161.9568,44.0621,122.0865
384.1358,162.0522,43.7284,121.8956
386.3554,162.0297,43.2891,121.9407
388.7373,162.1620,42.5254,121.6760
391.1716,162.1549,41.6569,121.6901
392.6509,162.2109,40.6982,121.5782
394.4227,162.2091,39.1545,121.5819
396.3992,163.1773,37.2016,121.6454
398.3034,164.2985,35.3932,121.4030
398.4459,165.3077,35.1083,121.3847
399.8849,168.5559,36.2301,120.8882
399.9185,170.7293,38.1630,120.5414
400.7382,173.2051,40.5237,119.5898
401.6518,175.6891,42.6965,118.6218
404.6975,176.1744,44.6049,117.6512
408.2017,176.5081,45.5966,116.9838
411.8365,175.6653,46.3270,116.6694
415.7556,174.4143,46.4889,117.1713
418.8224,173.1356,46.3552,117.7288
422.0574,170.5017,45.8852,118.9965
424.3416,168.8540,45.3167,120.2919
426.9440,166.3235,44.1120,121.3530
429.3987,164.9160,43.2027,122.1679
430.9222,163.7360,42.1557,122.5279
432.3628,161.6295,41.2743,122.7410
433.9361,161.5006,40.1279,122.9987
434.4178,161.2095,39.1643,123.5811
434.6107,160.0194,38.7787,123.9612
433.8847,160.7374,38.2306,124.5251
434.1342,159.5211,37.7317,124.9577
433.1192,160.4946,37.7617,125.0107
433.0928,159.4658,37.8144,125.0684
430.9092,160.4960,38.1815,125.0079
429.8020,160.5793,38.3960,124.8413
427.5627,161.7350,38.8746,124.5300
425.2681,162.7785,39.4639,124.4430
422.0577,162.6523,39.8845,124.6954
419.0151,162.6507,39.9697,124.6986
416.1931,161.8165,39.6139,124.3670
413.2972,162.9517,39.4056,124.0966
410.1203,162.1049,39.7595,123.7901
406.8685,161.1027,40.2629,123.7947
403.6050,161.1285,40.7899,123.7429
401.5918,160.0176,40.8165,123.9648
399.5183,160.0430,40.9634,123.9140
398.5947,159.9168,40.8106,124.1664
397.6799,158.9413,40.6402,124.1174
397.7226,160.1719,40.5548,123.6561
397.5623,160.2487,40.8755,123.5027
397.5695,159.2163,40.8609,123.5674
398.4271,158.1881,41.1459,123.6238
398.5044,158.2081,40.9911,123.5837
398.3961,157.2972,41.2078,123.4056
398.4064,156.2580,41.1872,123.4840
398.2402,156.1049,41.5196,123.7901
399.1765,155.1416,41.6469,123.7168
398.9611,155.0623,42.0777,123.8753
400.0744,155.0236,41.8513,123.9528
400.0237,154.9550,41.9526,124.0901
401.0774,153.7478,41.8452,124.5045
400.2137,154.5716,41.5726,124.8567
401.2953,154.5549,41.4094,124.8901
400.4384,153.4243,41.1231,125.1515
401.6670,153.2372,40.6660,125.5257
401.8105,152.1352,40.3789,125.7296
400.8758,151.0350,40.2484,125.9299
402.0341,150.9049,39.9318,126.1902
402.2173,149.7737,39.5655,126.4526
403.7601,148.5685,38.4798,126.8629
404.8745,148.3508,38.2509,127.2985
406.0559,147.2310,37.8882,127.5380
407.1101,146.9680,37.7798,128.0641
408.2613,145.6986,37.4773,128.6027
409.3359,145.7267,37.3281,128.5466
410.2961,144.6525,37.4078,128.6949
411.4685,144.6977,37.0630,128.6046
412.6237,144.7402,36.7526,128.5196
413.7797,143.7910,36.4406,128.4181
414.7855,143.6292,36.4291,128.7417
415.7898,142.4184,36.4204,129.1633
417.7774,141.1948,36.4452,129.6104
417.9499,141.2059,36.1002,129.5882
418.9048,140.2061,36.1905,129.5878
418.2427,141.0677,35.5147,129.8647
417.1651,139.9667,35.6698,130.0665
416.1075,139.1117,35.7851,129.7766
412.9347,139.2032,36.1307,129.5937
412.6354,138.0435,36.7292,129.9131
409.1670,138.0518,37.6661,129.8965
405.9046,136.8790,38.1909,130.2420
403.4723,135.9513,39.0554,130.0974
400.1426,134.9793,39.7148,130.0413
395.9630,134.8680,40.0740,130.2640
394.5176,133.9140,40.9648,130.1721
390.1173,133.8372,41.7654,130.3256
387.9430,132.6276,42.1141,130.7448
385.8521,132.4650,42.2958,131.0700
383.6154,131.4874,42.7692,131.0253
380.5596,131.4993,42.8807,131.0014
378.3317,129.5140,43.3366,130.9721
376.3521,129.5621,43.2958,130.8757
374.6572,128.6812,42.6855,130.6376
374.0798,127.6996,41.8404,130.6007
373.2479,127.6277,41.5042,130.7446
372.4810,125.6277,41.0379,130.7445
372.7232,124.5722,40.5536,130.8556
372.0505,122.7451,39.8989,130.5097
372.1618,121.7808,39.6764,130.4385
371.1339,120.8640,39.7321,130.2720
370.0724,119.8752,39.8552,130.2497
369.9658,118.8307,40.0684,130.3385
368.6810,118.9169,40.6379,130.1661
366.4714,119.0441,41.0571,129.9118
365.4051,119.1289,41.1898,129.7422
364.1623,118.2427,41.6754,129.5145
363.1458,118.1825,41.7085,129.6350
362.2078,118.1468,41.5844,129.7064
361.4104,118.1665,41.1791,129.6671
360.1649,118.0117,41.6701,129.9766
359.0490,117.9383,41.9021,130.1235
358.0187,119.0612,41.9625,129.8775
357.8926,119.1758,42.2149,129.6484
355.7292,119.1968,42.5417,129.6065
355.7533,120.3462,42.4934,129.3077
354.5380,120.2318,42.9240,129.5365
353.3621,121.2221,43.2758,129.5558
353.3026,122.1575,43.3949,129.6850
351.3212,123.1260,43.3577,129.7479
350.2461,123.3306,43.5079,129.3389
349.2887,124.5104,43.4226,128.9791
346.4105,124.5190,43.1791,128.9620
345.4857,124.5769,43.0286,128.8462
342.3647,123.5917,43.2706,128.8167
339.7692,124.7883,42.4616,128.4234
336.8129,123.7817,42.3742,128.4366
332.8220,122.7950,42.3560,128.4101
331.1045,122.1722,41.7909,127.6555
328.2964,121.3531,41.4073,127.2938
325.7449,122.4120,40.5102,127.1759
323.1382,123.4475,39.7236,127.1050
321.7632,125.4672,38.4736,127.0656
319.3061,127.5714,37.3879,126.8571
316.5709,127.6283,36.8582,126.7434
313.6089,127.9118,36.7822,126.1765
309.4565,128.0667,37.0870,125.8667
306.0675,128.0488,37.8649,125.9024
302.6807,128.0165,38.6386,125.9670
298.1307,129.0220,39.7386,125.9560
294.6700,129.0675,40.6600,125.8651
293.1648,128.9283,41.6704,126.1435
292.5524,128.8517,42.8952,126.2966
292.8743,128.9524,44.2513,126.0953
290.4773,130.0393,45.0454,125.9214
287.2397,130.1190,45.5205,125.7620
286.1037,131.3057,45.7926,125.3887
282.9968,131.2141,46.0064,125.5718
281.8580,131.8387,46.2840,126.3226
282.9441,132.6518,46.1118,126.6965
281.0248,132.5318,45.9505,126.9364
282.1946,132.6417,45.6109,126.7166
282.2826,133.6720,45.4348,126.6560
280.4794,133.8456,45.0412,126.3088
280.5157,134.7504,44.9685,126.4992
279.6284,135.9628,44.7431,126.0745
276.5680,136.0146,44.8641,125.9707
276.3620,137.0757,45.2759,125.8487
272.9478,137.9805,46.1044,126.0391
271.7206,139.7801,46.5587,126.4399
270.6019,139.4347,46.7962,127.1307
267.8938,141.1889,46.2124,127.6222
267.1697,140.9215,45.6606,128.1570
268.3053,141.2281,45.3894,127.5438
267.6951,141.1353,44.6098,127.7293
268.3976,142.2175,43.2048,127.5650
267.6731,143.2071,42.6539,127.5859
267.9911,143.4264,42.0178,127.1472
267.2289,144.3980,41.5421,127.2041
267.1295,145.5719,41.7410,126.8562
268.2266,145.3871,41.5469,127.2259
270.1420,147.1460,41.7159,127.7080
270.2788,147.9850,41.4424,128.0300
272.3214,148.6068,41.3572,128.7865
273.1589,149.2213,41.6821,129.5575
276.0174,148.9303,41.9653,130.1395
277.8034,148.5777,42.3931,130.8447
280.3460,148.3669,43.3081,131.2661
282.4912,146.3021,43.0176,131.3958
284.8300,145.5326,42.3399,130.9348
288.1833,140.4856,41.6333,135.0288
289.4635,138.1458,41.0730,137.7084
289.6915,135.9185,40.6169,140.1630
289.9449,133.7490,40.1103,140.5020
291.1174,130.1737,39.7652,143.6526
290.9977,128.1987,40.0045,145.6026
289.9766,133.8839,40.0467,140.2321
288.8640,136.7488,40.2721,136.5024
287.8874,140.6497,40.2251,132.7006
282.6197,145.6715,40.7606,128.6570
279.4860,145.8712,41.0279,130.2575
279.4603,148.9555,41.0794,126.0890
277.5744,151.4665,40.8512,123.0669
274.4228,150.4850,41.1545,121.0299
272.3471,149.4333,41.3058,119.1335
266.8884,143.8666,42.2232,124.2669
264.1089,140.4735,43.7821,127.0530
262.4631,144.5952,45.0739,122.8097
261.2585,144.7686,45.4829,120.4627
259.8791,145.7951,46.2419,118.4099
259.0535,139.2808,45.8931,127.4383
258.6819,138.3383,46.6361,131.3233
258.6810,138.1946,46.6380,133.6108
258.5214,140.9254,46.9573,132.1492
258.5193,141.4503,46.9613,133.0994
259.3224,142.3932,47.3551,133.2136
260.8626,145.8363,46.2748,132.3273
262.4613,149.4521,45.0775,131.0958
262.9794,156.2012,44.0411,125.5975
264.3256,159.0690,43.3488,121.8620
265.3161,161.1682,43.3678,119.6637
265.1937,161.5317,43.6127,118.9366
266.1710,161.7673,43.6579,118.4654
265.4462,161.1309,43.1077,117.7381
265.6545,161.2422,42.6909,117.5155
263.8569,160.1730,42.2862,117.6539
262.9258,158.3333,42.1485,117.3334
262.1543,157.5213,41.6915,116.9574
260.1508,155.9236,41.6984,116.1527
257.9526,153.6384,42.0947,116.7232
255.6783,151.4944,42.6433,117.0112
254.5256,149.6866,42.9488,116.6268
252.3773,147.8242,43.2454,116.3517
251.1978,146.7347,43.6044,116.5307
250.1328,144.7952,43.7343,116.4095
249.1932,143.6321,43.6136,116.7357
249.3136,143.5862,43.3729,116.8275
248.3231,142.7632,43.3538,116.4736
248.3126,141.7594,43.3749,116.4812
248.2915,140.7012,43.4170,116.5975
249.3874,140.4840,43.2253,117.0321
250.4302,140.0247,43.1396,117.9506
251.5146,139.6129,42.9708,118.7742
252.6626,138.2464,42.6748,119.5073
252.6393,138.3135,42.7213,119.3730
254.5926,136.9609,42.8148,120.0782
255.4877,135.9561,43.0247,120.0879
257.8479,134.1766,42.3042,119.6469
258.7589,133.0415,42.4823,119.9171
259.8559,130.2892,42.2883,119.4216
260.8855,128.8102,42.2291,118.3796
261.0504,125.6804,41.8992,118.6392
261.0631,123.1950,41.8738,119.6099
262.3099,121.6357,41.3801,118.7287
263.3283,119.9242,41.3433,118.1517
260.3131,118.2766,43.3737,117.4468
258.7487,117.6248,44.5026,118.7503
259.0587,117.6427,45.8826,118.7147
261.4496,115.4685,45.1007,119.0630
261.4583,115.1753,45.0835,119.6493
261.5303,114.1025,44.9395,119.7950
261.4036,113.1311,45.1927,119.7378
259.3473,113.2063,45.3055,119.5874
259.3215,112.1587,45.3571,119.6826
258.4042,112.1376,45.1916,119.7249
260.4542,111.1753,45.0916,119.6493
258.5338,111.0050,44.9325,119.9901
257.6788,110.0995,44.6424,119.8010
256.8718,111.2540,44.2564,119.4920
256.1153,111.5019,43.7694,118.9961
255.1366,111.6342,43.7267,118.7316
253.8532,110.0899,44.2937,117.8201
254.2437,106.7711,43.5127,118.4577
255.6532,104.7005,42.6935,116.5990
255.1391,101.6987,41.7217,116.6025
255.5024,98.8718,40.9953,116.2564
253.0648,96.5743,41.8705,116.8513
253.0032,93.5559,41.9937,116.8882
252.9380,93.5272,42.1240,116.9456
250.7296,92.1822,42.5407,117.6355
249.4686,90.0487,43.0627,117.9027
247.3022,87.7507,43.3956,118.4986
246.2134,85.5537,43.5733,118.8926
242.9624,85.4407,44.0751,119.1186
243.1975,84.0474,43.6050,119.9051
242.3440,83.8696,43.3120,120.2608
240.2441,82.7432,43.5119,120.5137
240.3406,82.7819,43.3188,120.4362
240.4351,82.9368,43.1298,120.1265
240.4951,82.0091,43.0098,119.9819
240.3926,81.2569,43.2147,119.4863
238.5317,80.2650,42.9366,119.4699
240.4528,76.9496,43.0943,120.1008
240.6600,73.0611,42.6801,119.8778
240.8732,70.2173,42.2536,119.5653
237.7303,69.2150,44.5395,117.5699
234.2829,66.2481,45.4342,117.5039
235.0375,63.6382,45.9251,116.7235
234.0761,62.6030,45.8477,116.7940
233.1452,59.6722,45.7096,116.6557
232.1846,58.8347,45.6308,116.3306
231.2963,57.8923,45.4075,116.2153
231.3613,55.9858,45.2774,116.0284
230.7085,55.7434,44.5830,116.5133
229.7905,54.7759,44.4191,116.4481
228.8256,52.6926,44.3488,116.6148
226.8563,53.8409,44.2875,116.3182
226.8961,51.8218,44.2077,116.3563
226.0047,52.2997,43.9906,117.4006
226.3596,52.3480,43.2809,117.3041
225.5873,51.7791,42.8253,118.4418
224.7378,49.3034,42.5243,119.3932
224.9799,46.5736,42.0403,118.8528
224.0868,45.0305,41.8264,117.9391
224.1010,42.5576,41.7981,116.8847
222.9742,41.0701,42.0516,115.8598
220.5423,41.0614,42.9154,113.8773
221.2970,38.1369,43.4059,115.7262
220.5321,36.5567,44.9358,116.8867
220.7538,34.6977,44.4924,116.6045
221.7597,32.3946,44.4807,117.2109
221.0580,31.5098,45.8840,116.9805
220.9415,29.2992,46.1169,117.4016
220.5704,28.3992,46.8591,117.2016
220.0634,28.3865,47.8732,117.2270
219.8319,27.2706,48.3362,117.4587
219.3771,28.1054,49.2457,117.7891
219.1345,28.9112,49.7309,118.1776
219.9621,28.7681,50.0757,118.4638
219.9400,28.4840,50.1199,119.0320
220.6531,28.3506,50.6937,119.2989
222.4171,28.0759,49.1658,119.8481
224.0271,28.9478,47.9457,120.1043
223.3018,30.2007,47.3964,119.5986
224.5826,30.4105,46.8348,119.1789
223.3018,31.6989,47.3964,118.6021
223.1906,29.2197,47.6188,119.5606
222.4500,26.5651,47.1000,120.8699
225.1552,23.2828,45.6897,121.4343
224.6557,23.3242,44.6885,121.3516
225.1947,22.2489,43.6107,121.5021
226.4641,21.2735,43.0718,121.4530
226.7297,21.3293,42.5406,121.3415
227.0233,22.4044,41.9533,121.1913
227.1217,22.4209,41.7565,121.1581
228.3077,23.5236,41.3847,120.9527
228.2527,24.3536,41.4945,121.2928
228.2163,26.1954,41.5674,121.6093
227.8070,28.1061,42.3859,121.7877
228.6595,30.2972,42.6809,121.4056
228.7143,33.5974,42.5714,120.8052
228.7209,37.7398,42.5582,120.5204
230.0008,42.9147,41.9983,120.1705
231.0317,45.0566,41.9366,119.8868
232.0772,49.1270,41.8455,119.7461
233.1158,51.4895,41.7685,119.0211
233.2191,53.6892,41.5618,118.6217
234.3631,55.2346,41.2739,117.5308
236.3270,55.6343,41.3460,116.7315
237.2728,55.6068,41.4544,116.7864
238.8839,55.7802,42.2322,116.4397
240.7223,55.8198,42.5553,116.3604
242.3803,54.8261,43.2393,116.3478
244.1856,53.6234,43.6288,116.7532
246.1587,53.2773,43.6827,117.4455
249.1426,52.1057,43.7148,117.7886
250.3208,50.9056,43.3584,118.1888
253.4154,50.7274,43.1693,118.5451
255.5200,50.8192,42.9601,118.3615
257.5597,52.8191,42.8806,118.3617
259.5181,53.8203,42.9639,118.3594
261.4734,54.7317,43.0533,118.5366
263.3601,56.7235,43.2797,118.5530
264.0019,56.2843,43.9962,119.4315
265.4037,57.1588,45.1925,119.6824
265.9485,56.9630,46.1030,120.0741
264.7423,56.3412,46.5154,119.3175
263.5413,55.2963,44.9174,117.4074
265.0854,54.3150,45.8293,117.3699
265.0238,53.5486,47.9525,118.9029
265.1124,52.1670,49.7751,119.6660
265.7375,50.0703,50.5251,119.8594
265.7104,48.1559,46.5792,115.6882
268.1000,44.9467,43.8000,114.1067
270.9975,43.5260,42.0051,112.9479
273.6962,42.1241,40.6077,111.7518
275.9650,40.4224,40.0700,111.1553
278.0872,39.1195,39.8257,111.7611
281.1816,37.3917,39.6367,111.2165
282.0377,37.2727,39.9246,111.4546
284.5314,36.1550,40.9372,111.6900
285.6956,36.8225,40.6088,112.3550
287.6240,37.7761,40.7520,112.4477
289.4652,37.5092,41.0695,112.9817
291.3420,38.6571,41.3159,112.6859
293.5787,38.3710,40.8426,113.2580
296.0586,40.2332,39.8828,113.5335
298.2918,40.0088,39.4164,113.9824
300.5971,38.7360,38.8057,114.5280
301.5842,37.6100,38.8317,114.7799
303.6962,36.4878,38.6076,115.0243
303.8214,37.4327,38.3573,115.1346
304.9722,37.2889,38.0557,115.4222
306.6471,37.1046,38.7059,115.7907
307.5819,37.2542,38.8363,115.4915
307.4848,37.1801,39.0304,115.6397
308.2781,38.2005,39.4438,115.5991
310.1007,38.0635,39.7985,115.8731
310.9705,38.9380,40.0591,116.1241
311.9139,38.8576,40.1723,116.2848
312.8609,40.0438,40.2783,115.9125
314.8177,41.3572,40.3646,115.2856
315.9253,42.6653,40.1494,114.6694
316.9670,42.7752,40.0660,114.4496
318.0123,42.0835,39.9753,113.8330
319.8624,41.5941,40.2752,112.8118
321.1441,40.8567,41.7117,112.2866
321.4069,40.9869,43.1862,112.0263
322.7549,39.3550,44.4903,111.2899
323.1472,38.3938,45.7057,111.2123
322.6772,38.4484,46.6456,111.1032
323.6410,37.3216,46.7180,111.3568
324.7139,37.2982,46.5722,111.4035
324.7647,37.3366,46.4706,111.3269
325.0066,37.3690,45.9867,111.2620
325.1080,38.3750,45.7839,111.2500
324.0516,39.4125,45.8968,111.1751
323.1250,41.4507,45.7500,111.0985
324.2543,42.4106,45.4915,111.1787
324.3213,45.1920,45.3574,111.6160
325.3285,48.0667,45.3429,111.8666
326.5194,51.0623,44.9611,111.8754
328.6252,54.2563,44.7496,111.4874
331.7271,54.5217,44.5458,110.9565
333.8309,53.8861,44.3382,110.2277
335.7245,53.1459,44.5510,109.7083
339.6572,52.3440,44.6855,109.3120
341.3648,50.5772,45.2704,108.8456
343.6942,49.5821,46.6117,108.8359
345.3415,47.6833,47.3170,108.6333
346.2562,45.7108,47.4876,108.5783
348.0959,43.6319,45.8083,108.7362
349.2303,43.4887,43.5394,109.0226
351.0699,42.3683,41.8603,109.2634
351.6853,42.5084,40.6294,108.9832
351.9385,42.5121,40.1230,108.9758
352.0916,42.6558,39.8168,108.6884
353.2014,43.9639,39.5973,108.0723
353.0848,46.3191,39.8304,107.3618
352.9669,49.5806,40.0662,106.8387
353.8220,51.6516,40.3560,106.6967
353.9615,52.4152,40.0770,107.1697
355.2763,52.3154,39.4474,107.3693
356.5508,50.3050,38.8983,107.3900
358.5681,47.2272,38.8639,107.5456
359.6822,45.1590,38.6356,107.6819
360.6617,42.3213,38.6765,107.3574
361.9312,40.4009,38.1376,107.1982
362.0258,36.6291,37.9483,106.7418
363.2114,34.5837,37.5771,106.8327
363.4472,32.4427,37.1056,107.1146
364.4207,29.4358,37.1585,107.1284
364.4390,27.1344,37.1219,107.7312
365.4576,24.8698,37.0848,108.2604
365.3734,23.7007,37.2533,108.5985
366.2178,21.5317,37.5644,108.9365
366.1661,20.2802,37.6678,109.4397
366.1586,20.1071,37.6828,109.7858
367.0757,19.8373,37.8486,110.3255
367.1312,19.8048,37.7376,110.3903
367.0864,19.6167,37.8272,110.7667
367.1073,20.6496,37.7854,110.7009
366.9928,20.5042,38.0143,110.9917
366.9223,20.3730,38.1553,111.2540
365.9877,20.3273,38.0245,111.3454
365.9438,21.3415,38.1125,111.3169
365.8171,21.4455,38.3658,111.1091
365.7856,22.3466,38.4289,111.3069
365.6379,23.3017,38.7242,111.3966
365.6323,24.4290,38.7355,111.1420
366.4132,25.4416,39.1736,111.1168
365.3563,26.4454,39.2874,111.1092
366.3942,27.3951,39.2115,111.2099
365.3665,28.3591,39.2670,111.2819
365.3347,29.5120,39.3306,110.9761
366.5660,30.3332,38.8680,111.3336
366.5583,31.4289,38.8835,111.1423
367.4316,31.5149,39.1367,110.9702
367.4607,31.4995,39.0787,111.0010
367.6014,30.5889,38.7973,110.8222
367.8168,30.7075,38.3663,110.5851
367.9622,31.8744,38.0756,110.2513
369.1914,32.1054,37.6173,109.7893
369.2548,32.2985,37.4903,109.4030
369.3501,33.3335,37.2999,109.3330
369.4420,34.5105,37.1161,108.9790
370.5796,33.5709,36.8408,108.8582
368.7709,34.6416,36.4582,108.7168
368.6134,34.5252,36.7732,108.9497
368.4432,34.5286,37.1135,108.9428
368.5778,34.6187,36.8445,108.7627
368.7954,35.8158,36.4092,108.3683
368.7676,35.8965,36.4647,108.2071
368.8670,35.8801,36.2660,108.2397
368.7872,36.8754,36.4256,108.2492
368.6721,36.9020,36.6558,108.1959
368.7184,37.9427,36.5633,108.1146
368.7825,38.0623,36.4349,107.8754
367.6804,38.0286,36.6393,107.9429
366.8408,37.1290,36.3183,107.7420
365.8605,37.1563,36.2789,107.6874
364.9390,37.1616,36.1221,107.6767
363.9966,36.9826,36.0068,108.0349
362.9876,36.9156,36.0247,108.1688
361.9981,37.0095,36.0038,107.9810
360.0821,37.1279,35.8358,107.7442
359.2604,37.2329,35.4792,107.5342
358.3006,37.1461,35.3988,107.7078
357.4059,36.9875,35.1883,108.0249
356.7097,37.2418,34.5807,107.5164
355.1614,37.5706,33.6771,106.8587
354.1719,36.6275,33.6561,106.7449
353.0830,36.7459,33.8340,106.5081
351.0925,35.6872,33.8151,106.6257
349.1735,33.2608,33.6529,107.4784
348.0632,33.5661,33.8735,106.8677
346.1705,32.6451,33.6591,106.7099
344.1781,31.6060,33.6439,106.7879
343.3508,31.4818,33.2984,107.0364
342.4655,30.5379,33.0690,106.9242
340.2226,29.5299,33.5548,106.9402
338.9367,29.4897,34.1266,107.0206
336.8269,28.4733,34.3462,107.0534
335.9544,28.6099,34.0912,106.7802
334.8131,27.4954,34.3739,107.0092
331.7062,28.6152,34.5876,106.7696
331.6668,28.7174,34.6663,106.5653
329.9612,28.6559,34.0776,106.6882
329.1929,28.8445,33.6141,106.3110
327.7583,28.8511,34.4834,106.2979
325.6778,29.9263,34.6443,106.1473
324.8391,29.0647,34.3217,105.8705
322.6590,29.2326,34.6820,105.5349
321.7160,29.1760,34.5680,105.6481
319.8139,29.2184,34.3723,105.5632
317.7615,29.3399,34.4771,105.3202
316.6796,29.3398,34.6408,105.3205
314.6008,29.2788,34.7983,105.4425
312.9152,30.2576,34.1697,105.4849
311.8282,29.2156,34.3435,105.5689
309.7654,30.3498,34.4693,105.3004
307.7199,31.3774,34.5602,105.2451
306.5503,31.3979,34.8995,105.2042
304.5971,32.3278,34.8058,105.3445
303.4726,32.2560,35.0548,105.4881
301.4511,33.3360,35.0978,105.3280
300.3819,34.2600,35.2362,105.4800
299.4688,35.2974,35.0625,105.4053
298.5346,36.2953,34.9308,105.4093
296.6277,37.2065,34.7445,105.5870
295.4055,38.3243,35.1890,105.3514
293.3409,39.4848,35.3181,105.0304
292.1733,40.3294,35.6534,105.3411
291.2314,41.4110,35.5373,105.1781
290.1396,42.4083,35.7209,105.1834
289.1994,43.4415,35.6012,105.1171
289.0627,42.5463,35.8745,104.9074
288.1405,44.4488,35.7190,105.1023
288.2480,44.5071,35.5040,104.9858
288.3357,44.6162,35.3287,104.7676
287.3434,44.7786,35.3133,104.4428
288.4942,47.1154,35.0116,103.7691
288.4038,49.3084,35.1924,103.3832
288.1605,50.5397,35.6791,102.9206
287.8925,51.8365,36.2150,102.3270
287.6682,53.9854,36.6635,102.0291
288.5811,54.0164,36.8379,101.9671
288.5894,54.2461,36.8211,101.5078
288.8506,54.5258,36.2989,100.9484
289.2100,53.7609,35.5800,100.4781
289.6334,53.0628,34.7332,99.8744
289.1656,51.8445,33.6687,100.3111
290.4905,51.7153,33.0190,100.5695
289.2929,50.6345,33.4141,100.7310
290.1518,49.5612,33.6964,100.8777
290.1061,49.5683,33.7879,100.8634
290.0193,48.5590,33.9615,100.8820
290.8669,48.3347,34.2663,101.3307
290.7648,48.2574,34.4705,101.4853
290.5345,48.0511,34.9311,101.8979
292.4263,47.9560,35.1474,102.0881
292.3455,47.8119,35.3091,102.3762
294.1498,47.6335,35.7003,102.7330
296.0311,47.7465,35.9379,102.5071
297.9305,48.6146,36.1391,102.7707
299.9228,47.5797,36.1545,102.8405
301.9444,48.4261,36.1111,103.1479
305.1284,48.5841,35.7433,102.8318
307.1949,47.5255,35.6102,102.9489
308.5923,47.4987,34.8154,103.0027
311.9420,46.6636,34.1161,102.6729
314.1291,46.9558,33.7417,102.0884
315.4407,46.9207,33.1185,102.1586
318.5056,47.0420,32.9889,101.9161
318.9450,47.1765,34.1100,101.6471
320.9168,48.2065,34.1664,101.5871
322.8762,48.2989,34.2476,101.4022
324.1406,48.5234,33.7189,100.9531
326.1848,48.5150,33.6303,100.9701
328.0906,48.4293,33.8188,101.1414
330.1096,48.3092,33.7808,101.3816
332.0558,48.1797,33.8885,101.6406
333.0508,49.0890,33.8984,101.8219
333.9753,48.9511,34.0493,102.0977
335.0111,48.8369,33.9778,102.3261
335.9016,48.7139,34.1969,102.5721
336.5491,48.8267,34.9019,102.3466
337.3954,48.8943,35.2093,102.2114
338.2315,50.0330,35.5370,101.9340
339.3504,50.1740,35.2992,101.6520
339.3019,51.0871,35.3961,101.8259
340.4562,51.1313,35.0875,101.7374
341.3369,52.1949,35.3261,101.6101
342.3278,52.2224,35.3444,101.5553
342.5727,52.1339,34.8546,101.7322
342.6480,52.1998,34.7040,101.6004
343.8113,51.2280,34.3773,101.5439
345.1075,51.4022,33.7849,101.1955
346.3498,52.4668,33.3003,101.0663
348.3571,52.4766,33.2858,101.0469
349.5590,52.6668,32.8819,100.6664
351.4980,52.6318,33.0039,100.7364
353.5736,52.9195,32.8528,100.1609
354.8052,53.0179,32.3896,99.9642
357.2904,52.0630,31.4192,99.8741
359.2880,52.3081,31.4241,99.3838
361.5163,52.2777,30.9674,99.4445
363.5658,52.3490,30.8684,99.3020
366.5713,52.3349,30.8575,99.3301
369.6652,52.4674,30.6695,99.0651
372.4976,53.4961,31.0049,99.0078
374.4803,53.4861,31.0394,99.0279
377.6180,53.4898,30.7640,99.0205
379.3232,54.4974,31.3536,99.0051
382.3961,53.4845,31.2079,99.0310
385.3719,53.4635,31.2562,99.0730
387.4264,54.4911,31.1471,99.0178
389.3931,54.5024,31.2137,98.9952
391.2768,54.4315,31.4464,99.1369
393.2499,55.4356,31.5002,99.1288
396.2037,55.3565,31.5926,99.2871
397.2724,55.3777,31.4553,99.2446
399.0555,55.4429,31.8889,99.1141
399.9946,53.3080,32.0109,99.3841
400.9334,54.4714,32.1332,99.0572
401.9737,53.2441,32.0526,99.5118
402.1812,53.1138,31.6376,99.7725
403.2752,54.3024,31.4496,99.3952
403.1564,55.3567,31.6872,99.2865
403.2123,55.2856,31.5753,99.4288
402.1986,55.2493,31.6027,99.5013
401.1704,56.2059,31.6591,99.5882
401.1393,57.3460,31.7213,99.3080
400.1554,57.4387,31.6891,99.1225
398.6213,57.6015,32.7574,98.7969
397.5896,58.5076,32.8208,98.9848
396.6014,59.6958,32.7972,98.6085
395.6795,59.7454,32.6409,98.5092
395.7659,61.8159,32.4682,98.3681
394.8626,63.0237,32.2747,97.9527
394.9759,64.2018,32.0482,97.5963
394.9176,67.1267,32.1648,97.7466
394.8991,69.2251,32.2017,97.5498
394.8075,71.2832,32.3851,97.4335
394.8358,73.2005,32.3285,97.5990
395.0703,75.2087,31.8594,97.5826
394.2513,76.0345,31.4973,97.9311
394.5372,77.9624,30.9255,98.0752
394.7662,78.9823,30.4675,98.0355
393.8998,81.0554,30.2003,97.8892
393.6965,81.0784,30.6071,97.8431
392.4694,83.0879,31.0612,97.8242
392.2467,84.0894,31.5067,97.8211
391.1995,85.9929,31.6009,98.0141
391.0155,86.8397,31.9690,98.3207
389.8141,87.5915,32.3718,98.8170
389.7450,88.5936,32.5099,98.8128
389.6681,90.5572,32.6638,98.8855
389.7237,91.6110,32.5526,98.7781
389.8739,91.5439,32.2521,98.9121
388.8940,92.6024,32.2120,98.7952
389.7957,93.6368,32.4087,98.7263
390.5396,94.6929,32.9207,98.6142
390.6929,95.6199,32.6142,98.7602
391.9187,95.7247,32.1626,98.5506
392.9912,96.6222,32.0176,98.7556
394.0053,97.5787,31.9894,98.8426
395.0204,98.6074,31.9592,98.7852
396.0035,98.6684,31.9931,98.6631
394.7385,99.7824,32.5230,98.4351
394.4131,101.7377,33.1739,98.5245
393.1896,101.7774,33.6207,98.4452
391.7520,101.6939,34.4960,98.6123
391.9647,102.6937,34.0707,98.6126
392.0261,104.7988,33.9478,98.4024
390.8602,106.0278,34.2796,97.9444
389.8523,108.1458,34.2954,97.7083
388.4547,110.2146,35.0907,97.5707
387.6140,111.3581,34.7719,97.2839
386.5029,114.2414,34.9942,97.5172
385.5336,117.0215,34.9328,97.9570
384.5703,119.0866,34.8594,97.8268
384.4436,122.9929,35.1128,98.0142
384.3988,125.1426,35.2024,97.7147
384.6794,128.4155,34.6412,97.1690
384.9704,130.5228,34.0593,96.9545
385.1339,131.4973,33.7323,97.0054
384.5091,132.3470,32.9819,97.3060
383.3638,133.3956,33.2724,97.2088
382.3147,133.1391,33.3707,97.7218
380.1882,133.8004,33.6236,98.3992
378.1769,134.0166,33.6462,97.9668
378.1930,133.1923,33.6140,97.6153
376.3153,132.3492,33.3694,97.3016
374.3259,134.2082,33.3483,97.5837
374.0903,133.3541,33.8193,97.2918
372.8687,133.1520,34.2627,97.6960
372.7527,133.9834,34.4947,98.0332
372.7571,134.0051,34.4858,97.9899
369.5266,133.2209,34.9469,97.5583
368.6032,132.3259,34.7936,97.3482
367.6404,131.5313,34.7191,96.9373
365.6852,130.3907,34.6297,97.2185
366.4828,125.9454,35.0345,98.1091
364.9036,123.4802,36.1928,99.0396
364.4872,121.2523,37.0255,99.4953
364.3047,121.4172,37.3906,99.1655
363.1241,121.1697,37.7518,99.6607
364.0030,119.8201,37.9940,100.3598
364.0661,120.7854,37.8678,100.4292
364.1565,120.6434,37.6870,100.7132
365.3011,120.2845,37.3978,101.4310
366.2821,120.9174,37.4357,102.1652
368.1368,122.0480,37.7263,101.9040
367.8601,122.9410,38.2798,102.1180
368.8477,123.6941,38.3045,102.6118
369.7694,123.4908,38.4611,103.0183
369.7351,125.2834,38.5299,103.4333
371.8643,127.0542,38.2713,103.8917
372.9646,127.8844,38.0709,104.2312
374.1120,128.6347,37.7760,104.7306
376.2719,129.5663,37.4562,104.8675
377.2413,130.6978,37.5174,104.6044
377.1488,131.7386,37.7024,104.5228
379.1750,130.8182,37.6499,104.3636
379.9981,130.7572,38.0038,104.4856
380.0276,130.4940,37.9447,105.0120
381.8751,130.3873,38.2499,105.2255
382.8189,132.2433,38.3621,105.5135
382.7400,131.1035,38.5199,105.7930
384.5493,129.9699,38.9014,106.0603
385.2689,127.7461,39.4623,106.5078
387.0904,127.5280,39.8193,106.9440
389.8522,127.1205,40.2956,107.7591
392.5864,128.6762,40.8273,108.6476
395.6718,128.4548,40.6565,109.0903
398.8023,127.0142,40.3953,109.9716
400.9718,125.9380,40.0564,110.1239
403.9166,124.7020,40.1668,110.5960
405.6216,124.4602,40.7568,111.0796
406.5021,123.1353,40.9957,111.7294
408.2928,120.9430,41.4143,112.1140
409.0004,120.4306,41.9993,113.1387
409.7359,120.0253,42.5282,113.9494
410.5068,120.6627,42.9864,114.6747
411.2829,122.0712,43.4342,115.8577
410.2275,121.7523,43.5450,116.4954
408.0538,121.3929,43.8923,117.2142
405.8661,120.9349,44.2678,118.1303
404.7039,119.8707,44.5921,118.2585
403.6889,118.5759,44.6222,118.8483
403.6515,117.2920,44.6970,119.4160
402.6326,116.0358,44.7349,119.9284
402.4411,114.8819,45.1178,120.2362
401.1649,115.8871,45.6702,120.2258
402.0491,115.5145,45.9017,120.9709
403.0038,114.3838,45.9923,121.2325
402.1348,114.8837,45.7304,122.2325
403.0893,111.6720,45.8215,122.6559
403.0330,110.3038,45.9339,123.3924
405.9209,109.2470,46.1582,123.5061
408.7757,107.9870,46.4486,124.0259
410.7860,108.8528,46.4279,124.2945
411.8150,112.0651,46.3699,123.8697
413.8699,113.0157,46.2602,123.9686
416.6569,114.1026,46.6863,123.7947
417.4761,114.1645,47.0478,123.6710
417.3092,113.1052,47.3816,123.7897
417.1518,111.0383,47.6964,123.9235
418.1093,109.8924,47.7815,124.2152
419.0646,108.7755,47.8707,124.4490
416.9358,109.5576,48.1285,124.8848
417.9163,109.4717,48.1674,125.0565
417.9504,110.4225,48.0992,125.1550
417.0848,112.2835,47.8303,125.4330
419.1172,112.0092,47.7656,125.9817
421.0489,113.8722,47.9022,126.2555
425.0169,115.5822,47.9661,126.8357
427.1186,116.1003,47.7629,127.7994
428.2315,117.9364,47.5369,128.1272
432.8680,117.1422,46.2640,127.7157
432.7617,118.1643,46.4767,127.6715
434.4910,119.0167,47.0179,127.9666
436.7200,118.4331,46.5600,127.1337
436.6619,119.4644,46.6762,127.0712
437.3590,118.2584,47.2819,127.4833
438.1193,115.1391,47.7615,127.7218
438.8163,111.9694,48.3673,128.0613
439.2812,107.8722,49.4376,128.2557
438.6446,106.7935,50.7109,128.4129
438.8647,103.6728,52.2705,128.6544
436.1947,102.7662,53.6106,128.4677
434.4965,104.7798,55.0071,128.4405
434.6182,105.7786,56.7636,128.4428
434.1458,107.7094,57.7085,128.5812
434.6849,109.7866,58.6301,128.4268
432.2029,110.5331,59.5941,128.9339
430.7307,112.5004,60.5386,128.9992
432.1325,115.3581,61.7351,129.2837
431.7343,118.2883,62.5315,129.4234
431.1193,120.2751,63.7615,129.4499
430.6956,119.9858,64.6089,130.0284
430.2474,120.9126,65.5051,130.1747
431.2748,122.0613,65.4503,129.8774
431.0103,124.0798,65.9793,129.8404
431.7859,124.3937,66.4281,129.2127
431.7158,125.4309,66.5684,129.1382
432.4744,127.6999,63.0513,128.6002
435.0420,127.3031,59.9160,129.3937
436.9964,127.6398,58.0073,128.7205
439.6875,128.5898,56.6249,128.8204
441.1049,128.6706,55.7902,128.6588
443.2041,126.5142,55.5918,128.9717
445.1053,126.6860,55.7895,128.6280
445.8733,126.7191,56.2534,128.5618
446.5410,126.2750,56.9181,129.4500
447.2241,126.2802,57.5517,129.4397
448.8490,125.2199,58.3020,129.5601
448.5844,126.8772,58.8313,130.2457
448.3658,127.7545,59.2683,130.4911
449.7415,127.7695,60.5171,130.4609
449.2669,128.6541,61.4662,130.6917
448.7361,128.5969,62.5278,130.8063
448.1249,128.5940,63.7501,130.8120
446.4580,129.8526,65.0839,130.2947
444.7707,129.8614,66.4586,130.2773
441.9639,130.9816,68.0722,130.0369
442.0424,130.9300,69.9151,130.1401
439.1997,131.0486,71.6005,129.9027
436.8292,129.9930,70.3416,130.0141
435.9536,129.8943,70.0928,130.2113
434.8806,131.0883,70.2389,129.8235
432.8090,127.9896,70.3819,130.0208
431.5539,128.9913,70.8923,130.0175
430.2248,129.0130,71.5505,129.9741
427.8887,128.2529,72.2225,129.4942
426.6683,127.4385,72.6634,129.1229
425.2842,126.4576,73.4315,129.0849
422.9180,125.6349,74.1640,128.7301
420.5207,124.4519,74.9586,129.0963
418.1673,121.5889,75.6653,128.8223
414.8836,119.6024,76.2327,128.7951
412.5397,117.4580,76.9206,129.0840
410.6105,113.5518,76.7791,128.8965
409.4489,111.5780,77.1023,128.8440
407.3812,108.2920,77.2376,129.4159
407.3808,105.2359,77.2384,129.5283
408.3876,103.2517,77.2247,129.4965
409.4726,100.3447,77.0548,129.3105
410.5605,98.1168,76.8791,129.7665
412.6803,96.0451,76.6395,129.9097
414.6049,92.9081,76.7903,130.1837
414.5919,91.0105,76.8161,129.9789
416.5656,90.0515,76.8687,129.8971
417.6915,89.1703,76.6170,129.6594
418.9822,87.2503,76.0356,129.4994
419.2645,86.2954,75.4710,129.4091
420.4297,86.1216,75.1405,129.7568
419.6274,84.1218,74.7451,129.7564
419.6803,84.2076,74.6395,129.5849
419.7085,83.4486,74.5830,129.1028
419.6237,82.4972,74.7527,129.0055
419.6185,81.4652,74.7631,129.0697
419.5258,81.5108,74.9483,128.9784
419.4984,80.6397,75.0032,128.7206
419.5206,80.7270,74.9589,128.5460
419.6034,78.6852,74.7932,128.6296
419.6532,77.6963,74.6937,128.6074
420.6238,76.5838,74.7525,128.8325
421.5605,75.4936,74.8790,129.0127
422.4570,75.3943,75.0860,129.2114
423.3753,75.2868,75.2494,129.4263
424.3004,75.2511,75.3992,129.4977
425.1802,75.3067,75.6396,129.3866
424.9866,75.2484,76.0267,129.5032
424.8118,75.1500,76.3765,129.7000
426.6240,75.2394,76.7521,129.5211
426.5112,76.3166,76.9776,129.3669
425.4006,77.4520,77.1988,129.0960
426.2777,79.6157,77.4446,128.7687
426.2873,80.6671,77.4254,128.6659
426.2117,81.7399,77.5767,128.5201
427.1508,82.7943,77.6983,128.4115
427.0556,84.7799,77.8889,128.4402
426.9977,85.9409,78.0045,128.1182
428.0134,86.8776,77.9732,128.2447
427.9504,87.9112,78.0991,128.1777
428.7946,87.9647,78.4108,128.0706
428.6771,90.0308,78.6457,127.9384
428.6642,92.9712,78.6717,128.0577
429.5565,94.9946,78.8871,128.0107
429.3635,98.1104,79.2731,127.7791
429.2948,100.0896,79.4104,127.8208
429.2477,103.1322,79.5045,127.7356
428.1656,106.2817,79.6688,127.4367
428.1329,108.3607,79.7343,127.2787
427.1538,110.3278,79.6923,127.3443
425.0677,113.4338,79.8646,127.1324
425.0562,115.4842,79.8875,127.0316
424.0326,118.5071,79.9348,126.9858
423.0257,120.5264,79.9486,126.9472
422.0698,122.5222,79.8604,126.9556
421.1244,125.5494,79.7512,126.9012
421.1010,128.5159,79.7980,126.9681
421.0994,129.5154,79.8013,126.9691
421.1247,129.4842,79.7506,127.0316
421.1259,130.5231,79.7483,126.9537
421.1858,130.3108,79.6283,127.3784
422.1171,131.4227,79.7658,127.1545
422.1263,132.4810,79.7475,127.0380
422.1821,132.3273,79.6359,127.3454
422.2716,132.3402,79.4568,127.3195
423.2879,131.2338,79.4242,127.5323
423.3142,131.1151,79.3715,127.7699
423.2816,132.1076,79.4368,127.7848
424.2675,130.3235,79.4649,127.3531
424.3162,131.2613,79.3675,127.4774
424.3733,130.4802,79.2534,127.0396
424.4543,130.4297,79.0914,127.1405
424.4594,131.2766,79.0812,127.4467
424.4472,132.3505,79.1056,127.2990
424.5351,132.2397,78.9298,127.5207
424.6241,133.0351,78.7518,127.9298
425.5756,132.0459,78.8488,127.9083
425.5267,131.1796,78.9466,127.6409
425.4736,132.1052,79.0527,127.7896
426.5979,130.1880,78.8042,127.6240
425.6680,131.1837,78.6640,127.6326
426.6964,130.3452,78.6072,127.3095
426.8214,128.3132,78.3572,127.3735
426.8138,130.1239,78.3723,127.7523
426.8106,129.1251,78.3787,127.7498
426.9394,129.2061,78.1213,127.5878
426.8857,129.1714,78.2287,127.6573
426.8916,128.9489,78.2168,128.1022
426.8963,128.8460,78.2074,128.3079
426.7155,130.0275,78.5690,127.9449
424.7401,131.1659,78.5197,129.6681
423.8427,130.5051,78.3147,130.9899
423.0977,130.8069,77.8046,132.3861
423.1373,129.6503,77.7254,132.6995
421.4149,129.4666,77.1703,133.0667
421.6302,129.1931,76.7397,133.6139
420.7994,128.5106,76.4011,132.9789
419.9755,129.4156,76.0490,133.1688
420.0359,128.6523,75.9282,130.6954
419.0464,130.3961,75.9072,129.2078
418.1969,130.8241,75.6063,128.3518
418.4910,130.2094,75.0179,127.5811
416.8098,130.3719,74.3803,127.2563
418.2804,130.4774,73.4392,127.0452
417.5244,130.4874,72.9511,127.0252
418.0453,130.5745,71.9093,126.8510
417.7367,129.6985,70.5266,126.6031
417.2303,130.3378,71.5393,133.3245
416.2328,128.2345,71.5343,137.5311
415.5801,128.1576,70.8397,139.6848
414.7428,127.8407,68.5144,134.3185
417.0565,130.3028,65.8871,131.3944
418.1954,133.1347,63.6092,129.7306
419.1113,134.2014,61.7774,131.5972
419.1874,132.6117,65.6252,134.7766
419.4666,132.8222,67.0667,136.3556
418.0944,132.5704,67.8112,136.8591
419.8177,132.4191,68.3646,137.1618
418.5324,133.4604,68.9352,137.0791
419.4950,132.5702,71.0101,136.8596
418.7444,133.2587,70.5113,137.4825
418.9890,132.9393,70.0221,138.1213
419.1779,131.7504,69.6441,138.4993
418.4071,131.5987,69.1857,138.8026
418.6439,132.5033,68.7122,138.9933
419.5035,131.4086,68.9930,139.1827
418.3886,133.3165,69.2228,139.3670
417.8758,133.3572,68.2485,139.2855
417.2505,133.3757,67.4990,139.2487
416.7841,134.3919,66.4317,139.2161
416.3059,134.5170,65.3882,138.9660
415.7270,135.3937,64.5460,139.2125
416.2718,134.4463,63.4564,139.1074
414.7088,134.4708,62.5823,139.0584
414.0966,134.4684,61.8068,139.0632
413.6549,133.2837,60.6903,139.4326
412.2234,133.1693,59.5531,139.6613
411.7649,133.1711,58.4702,139.6579
412.2774,133.2551,57.4452,139.4898
411.7869,133.1602,56.4261,139.6796
411.4498,132.1131,55.1003,139.7738
412.1539,131.0124,53.6922,139.9753
411.8969,130.6611,52.2062,140.6777
411.7640,130.3142,50.4721,141.3716
412.6876,128.7802,48.6248,142.4396
411.8691,128.1682,46.2618,143.6637
412.1496,128.3155,43.7008,143.3691
412.0193,126.7310,43.9615,142.5380
411.3779,126.4814,43.2443,141.0372
409.7814,125.0514,44.4371,143.8972
411.0069,121.9916,43.9862,146.0167
410.2150,120.8069,43.5700,148.3863
410.4644,118.5013,43.0711,150.9974
410.0717,116.4850,43.8566,153.0300
409.1327,114.1037,43.7346,155.7926
409.1397,112.8016,43.7206,156.3967
407.8920,112.8085,44.2160,156.3830
407.9516,111.6297,44.0967,156.7406
406.1810,111.6834,43.6380,156.6332
406.9137,111.0679,44.1726,155.8642
405.2764,110.9575,43.4472,156.0850
405.6298,111.2744,42.7404,153.4513
404.5497,110.8897,42.9005,152.2206
401.3311,111.6203,43.3377,150.7594
401.3363,111.0451,43.3274,149.9098
400.1245,111.5518,43.7509,148.8963
396.6248,112.9297,44.7504,148.1405
393.5375,113.2490,44.9250,147.5019
390.4073,114.4518,45.1853,147.0963
388.1757,114.6187,45.6487,146.7627
383.7232,115.5529,46.5536,146.8941
380.4362,115.3553,47.1275,147.2893
377.2135,115.1298,47.5730,147.7405
374.1198,113.6435,47.7604,148.7130
372.0663,112.2697,47.8674,149.4606
371.1343,109.8351,47.7313,150.3298
369.0881,108.6894,47.8238,150.6213
369.3007,109.4261,47.3985,151.1477
369.4243,111.2322,47.1513,151.5357
369.5607,111.1718,46.8785,151.6564
370.7945,114.6581,46.4111,150.6837
373.7913,115.3231,46.4174,149.3537
377.0917,118.0771,45.8165,147.8459
379.4223,120.0618,45.1554,149.8764
382.7643,121.3943,44.4715,151.2115
384.9114,123.2256,44.1771,151.5488
387.9129,124.6525,44.1742,152.6949
388.4829,125.4082,43.0342,151.1835
391.3362,126.9198,43.3275,152.1603
391.1297,129.0288,43.7406,153.9424
390.8787,130.8883,44.2427,154.2234
391.5893,132.8772,44.8215,154.2455
390.2857,134.2597,45.4286,153.4806
388.6791,135.7999,46.6417,152.4002
389.2317,138.1865,47.5366,151.6270
389.0927,141.4245,47.8146,151.1510
388.6615,141.3622,48.6770,153.2757
390.0160,142.7840,47.9680,152.4320
390.5288,143.4268,46.9423,151.1464
393.8397,144.8899,46.3205,150.2203
394.7938,146.1051,46.4125,149.7898
398.0593,148.7793,45.8814,148.4414
400.7615,150.9221,46.4770,150.1559
401.7297,152.4997,46.5405,151.0006
404.1450,155.6487,45.7101,150.7027
405.9901,159.0489,44.0197,149.9022
407.5282,161.9475,42.9437,150.1050
408.6176,165.5912,42.7647,150.8176
411.2833,171.3968,41.4334,149.2064
412.4843,174.4741,41.0314,147.0519
412.8820,177.3622,40.2360,145.2756
413.0238,176.8743,39.9524,144.2514
413.0743,175.6317,39.8513,142.7366
412.7456,175.0093,40.5089,141.9814
412.4548,173.1699,41.0903,141.6601
412.3848,173.3460,41.2305,141.3079
410.6644,173.6503,42.6712,140.6994
410.8174,174.2165,44.3652,139.5670
410.3331,174.0528,45.3338,139.8943
409.7835,174.0279,46.4329,139.9443
408.4077,173.9299,47.1845,140.1401
406.4412,172.5898,49.1176,144.8204
405.8077,172.0472,48.3847,141.9056
403.8628,174.4379,48.2745,139.1243
402.0900,174.3923,47.8201,135.2155
399.2950,175.0851,49.4101,131.8298
395.1878,176.1666,51.6244,129.6668
392.5979,174.8265,54.8042,128.3470
390.3342,172.9737,55.3316,126.0526
388.0716,171.0997,55.8569,125.8007
385.9271,165.7606,56.1457,132.4788
383.6929,163.6616,56.6142,136.6768
381.5534,158.8141,56.8932,138.3718
380.1713,155.3656,57.6575,139.2688
379.2158,152.1609,57.5684,139.6781
378.2883,151.3560,57.4235,139.2880
378.5485,148.2068,56.9031,139.5863
377.9377,146.1013,56.1247,139.7975
377.6610,143.0543,54.6780,139.8914
378.7088,140.5518,52.5824,140.8964
378.6125,138.6725,50.7751,140.6550
380.7884,135.0375,48.4232,141.9251
380.7780,132.3281,46.4439,143.3438
382.1270,130.8770,45.7460,142.2460
383.2701,129.3369,45.4597,141.3261
382.3723,129.5123,45.2553,140.9754
384.5340,129.5132,44.9321,140.9737
386.7391,129.7570,44.5218,140.4861
387.4084,131.0816,43.1833,139.8368
392.3914,129.9008,41.2172,138.1984
394.3912,131.5926,45.2176,134.8148
393.3282,129.8258,47.3435,138.3485
389.4435,119.7168,45.1129,142.5664
394.2011,109.3596,39.5978,147.2809
395.0706,119.0350,35.8587,141.9300
383.2643,122.2993,37.4715,143.4014
384.7325,119.2824,40.5349,141.4352
386.0575,117.0775,41.8851,141.8449
388.0489,113.0016,41.9023,143.9967
388.1777,111.4832,41.6446,145.0337
388.2616,109.9731,41.4768,146.0538
387.8611,107.5847,40.2777,148.8306
386.2714,108.1281,41.4573,149.7438
385.9622,110.0409,42.0755,149.9183
385.5825,114.5394,44.8351,146.9211
383.8628,116.8728,48.2744,142.2544
382.0776,118.6599,51.8447,138.6802
378.9426,118.9408,54.1148,136.1183
377.9460,117.5144,56.1081,134.9712
375.6223,117.6842,56.7554,134.6317
374.7421,116.8421,58.5159,134.3157
372.9548,116.8371,60.0905,134.3257
369.9698,117.2465,58.0603,137.5070
372.0464,117.8210,53.9073,136.3580
371.8895,119.0594,50.2210,135.8811
371.7742,119.2516,48.4516,135.4968
372.0594,119.6923,47.8812,134.6154
370.6143,120.0099,46.7714,135.9801
371.0378,121.3467,45.9244,137.3067
370.1331,122.7674,45.7337,138.4651
370.2484,123.4196,45.5033,139.1609
369.6486,125.2363,46.7028,139.5275
368.8998,127.1819,48.2003,139.6362
367.6621,128.8085,48.6757,140.3829
367.1448,130.5449,49.7103,140.9102
367.4751,131.5835,51.0497,140.8329
365.8203,132.6021,52.3595,140.7959
366.4024,133.5080,53.1951,140.9840
365.3210,135.1269,53.3581,141.7461
364.8833,137.0272,54.2334,141.9456
364.9101,139.3637,54.1798,143.2726
363.4709,141.5663,55.0582,142.8674
362.9600,142.7112,56.0800,142.5775
361.8967,144.5926,58.2065,140.8148
360.8874,146.1658,60.2252,139.6684
359.2922,147.1125,61.4155,139.7751
358.4353,147.0189,61.1293,141.9622
358.5017,148.1537,60.9966,141.6926
358.0996,148.7547,61.8008,140.4906
357.4680,149.9984,63.0639,140.0032
356.5583,149.0705,62.8833,143.8591
355.6769,149.5912,62.6461,146.8177
355.3626,151.2858,61.2748,145.4285
355.3992,152.5975,61.2017,144.8050
353.7816,153.9052,60.4369,144.1895
353.7440,153.0159,60.5121,143.9682
351.6081,153.0957,60.7838,143.8087
349.5980,152.7236,60.8041,144.5527
349.3374,154.0311,61.3252,143.9378
347.8887,154.8143,60.2226,144.3714
347.0195,155.7811,59.9610,144.4379
346.0178,156.8330,59.9645,144.3340
344.5576,159.0726,60.8848,143.8548
342.9548,160.3599,62.0904,143.2803
341.2450,160.5617,63.5100,142.8766
338.6087,161.8232,64.7825,142.3537
336.0582,162.1677,63.8836,143.6646
335.3367,162.6334,63.3266,144.7331
334.3510,162.2650,63.2980,145.4701
334.1865,163.2137,63.6270,145.5726
331.7589,165.3417,64.4823,145.3166
331.0169,166.1597,65.9663,145.6807
328.2289,167.4819,67.5422,145.0363
324.8964,167.6341,66.2072,150.7318
324.4407,166.7237,65.1186,154.5526
322.7363,166.4937,64.5275,157.0126
321.0260,165.6057,63.9480,158.7886
319.1584,165.0813,63.6831,159.8375
316.0885,165.7942,63.8230,160.4116
314.1440,165.5302,63.7120,160.9395
311.1663,167.5453,63.6675,160.9094
309.0410,168.5688,63.9181,160.8623
305.7193,167.9151,62.5614,164.1699
304.1198,166.8425,61.7604,166.3150
301.3123,166.2455,61.3754,167.5091
298.1765,165.6932,61.6471,168.6135
296.3401,165.0610,61.3197,169.8781
293.3626,165.6963,61.2749,170.6074
291.3440,166.5137,61.3119,170.9726
288.5195,166.4906,60.9610,171.0188
286.3967,166.1451,59.2065,171.7099
284.8131,165.0701,58.3737,171.8597
281.9575,166.0937,58.0851,171.8127
280.9672,167.3693,58.0656,171.2615
277.9808,167.6856,58.0385,170.6287
275.7065,168.8869,58.5870,170.2263
273.5988,169.8264,58.8023,170.3471
271.3630,170.0048,59.2740,169.9904
269.0756,171.0524,57.8488,169.8952
265.7158,172.0834,56.5685,169.8332
264.8236,172.1923,56.3528,169.6155
262.5015,173.2163,56.9971,169.5673
259.4207,174.4009,57.1587,169.1981
257.2467,175.7456,57.5066,168.5089
253.8239,177.0853,58.3521,167.8293
252.2640,178.0829,57.4719,167.8342
249.6729,178.1608,56.6541,167.6785
247.5400,179.2566,56.9200,167.4867
245.9999,179.3463,58.0002,167.3073
243.4096,179.2903,59.1808,167.4194
240.7508,179.3858,60.4983,167.2283
238.0304,180.6069,61.9392,166.7862
235.7871,180.9689,62.4258,166.0623
