56.903
0.57673
0.56257
0.54305
0.55176
0.55354
0.57144
0.56193
0.56022
0.55928
0.55643
0.55376
0.5674
0.54493
0.55121
0.56518
0.54952
0.55474
0.55593
0.54737
0.56105
0.55889
0.54511
0.53423
0.54245
0.54408
0.53325
0.52936
0.53743
0.54558
0.5496
0.53767
0.52253
0.51667
0.5198
0.51829
0.5153
0.49837
0.50662
0.50668
0.50897
0.51024
0.50726
0.5084
0.51039
0.51338
0.50184
0.4982
0.49681
0.50248
0.51247
0.51366
0.51767
0.50753
0.50431
0.51943
0.5227
0.50865
0.51704
0.50928
0.51945
0.50543
0.50427
0.51256
0.5052
0.49527
0.49741
0.50304
0.49833
0.50007
0.50613
0.51036
0.5087
0.5086
0.51985
0.52799
0.51783
0.5198
0.51145
0.50972
0.51835
0.50654
0.4954
0.50914
0.50903
0.51053
0.50361
0.49785
0.50317
0.50782
0.51076
0.50844
0.50617
0.51249
0.50799
0.52478
0.51045
0.51981
0.51325
0.51044
0.51204
0.50903
0.4995
0.50385
0.49816
0.50064
0.49431
0.50326
0.49626
0.50314
0.50256
0.51697
0.50943
0.52304
0.51955
0.5262
0.53438
0.53136
0.52924
0.51931
0.52006
0.52083
0.51523
0.5138
0.50711
0.50772
0.50577
0.50089
0.51992
0.50827
0.52282
0.51193
0.51646
0.53189
0.53084
0.54089
0.53926
0.53348
0.52526
0.52774
0.54028
0.52629
0.52525
0.51876
0.51448
0.52215
0.5196
0.51531
0.52587
0.52501
0.512
0.52391
0.52062
0.5155
0.52067
0.51614
0.51624
0.5133
0.50604
0.51039
0.5301
0.52438
0.52997
0.52619
0.52343
0.52477
0.52463
0.5216
0.51809
0.52142
0.5109
0.52311
0.52055
0.52693
0.52663
0.53305
0.53594
0.52929
0.5446
0.54049
0.54915
0.54024
0.52265
0.52746
0.52582
0.54341
0.53303
0.53874
0.54315
0.54149
0.53477
0.53953
0.53259
0.53926
0.54738
0.5431
