1
117.2887,41.6483,101.4227,106.7033
112.5838,32.2767,102.8324,109.4466
110.6455,23.2967,104.7090,113.4067
111.4540,23.8359,107.0920,116.3282
111.3005,19.2611,109.3990,119.4778
111.9971,19.7533,112.0059,122.4933
117.1927,15.4919,115.6145,127.0163
117.1366,21.9054,119.7268,126.1891
119.6765,21.6101,122.6470,122.7799
124.7049,24.4882,124.5902,121.0237
129.3411,23.4355,123.3178,119.1291
140.6112,23.4273,122.7776,123.1454
147.2125,26.1873,115.5750,125.6255
155.7531,29.7179,110.4938,128.5642
164.3079,32.3522,107.3841,129.2957
169.0050,36.7978,105.9900,128.4043
175.0033,41.8710,103.9934,128.2579
181.5616,28.3966,110.8768,133.2069
192.2907,26.5826,109.4185,130.8347
199.3000,24.0472,117.3999,135.9056
200.2312,39.7564,121.5376,128.4872
203.6130,42.4619,124.7740,121.0762
203.3505,47.8975,125.2990,118.2050
204.1831,51.9432,123.6339,122.1136
206.4857,51.1482,123.0286,119.7036
205.3656,53.1934,123.2689,119.6132
207.7937,46.1334,120.4126,115.7332
222.1746,50.3616,117.6509,117.2767
224.9453,45.0946,112.1094,123.8108
217.8232,35.3975,112.3535,129.2050
215.0603,14.6340,115.8795,132.7321
211.9432,7.0056,120.1137,129.9889
209.5613,-5.1760,120.8774,132.3520
207.4360,-18.1263,121.1281,130.2526
204.5490,-26.3217,120.9019,126.6434
200.4648,-32.7260,121.0705,121.4520
198.0308,-32.6526,115.9384,113.3051
189.6237,-32.6126,114.7527,113.2252
188.0875,-42.2123,113.8251,114.4247
185.3358,-41.8755,115.3285,107.7510
184.2202,-52.2103,115.5596,104.4205
178.5607,-51.6549,114.8786,109.3098
199.5839,-20.9501,114.8321,109.9002
200.3741,-27.0250,113.2517,110.0499
202.5757,-27.9808,114.8487,109.9616
199.8194,-25.7754,112.3613,109.5508
199.9180,-24.7343,110.1640,109.4686
198.7875,-24.8610,108.4250,109.7219
196.3517,-22.9553,107.2966,109.9106
193.9277,-22.1996,106.1447,110.3992
191.5146,-20.1945,104.9707,110.3890
188.7470,-17.4606,104.5061,110.9212
185.6542,-17.0199,104.6916,112.0399
183.9590,-14.2167,104.0821,112.4334
181.3727,-10.9711,103.2547,113.9422
179.5675,-6.3542,102.8651,112.7084
177.0352,-1.3392,101.9296,112.6783
175.3642,2.0877,101.2717,111.8247
172.7556,6.2340,100.4887,111.5319
169.8356,9.3552,100.3289,111.2895
167.6633,11.7429,100.6735,110.5142
165.1676,14.9456,99.6648,110.1087
163.0208,16.1069,99.9585,109.7863
160.8208,19.3531,98.3585,109.2937
158.7282,19.2695,96.5436,109.4610
155.8478,21.8833,96.3045,110.2334
154.1220,24.8409,95.7560,110.3182
150.8105,27.8188,96.3791,110.3623
149.7569,30.2925,98.4862,109.4149
146.4049,34.6119,99.1902,108.7761
95.1240,-24.5727,111.7519,107.1454
87.2519,-18.3902,109.4963,106.7805
81.3426,-12.5756,109.3148,107.1513
78.8671,-3.9751,108.2658,107.9501
77.3298,4.8384,107.3405,108.3233
71.9173,12.5421,108.1653,108.9158
66.8755,24.5039,110.2490,108.9923
59.0267,33.4674,111.9465,109.0651
55.0091,43.8497,111.9817,108.3007
46.2960,54.4014,113.4080,109.1972
42.3185,66.4739,111.3630,113.0522
29.7783,74.5344,110.4434,110.9312
16.5035,85.7704,110.9930,110.4591
2.7364,95.5667,112.5272,110.8666
-8.6423,107.4612,109.2847,109.0777
-21.6001,116.8606,105.2002,108.2788
-26.6155,125.6368,97.2310,112.7264
-29.5097,129.3405,95.0194,111.3189
-31.5297,134.9944,89.0594,110.0111
-32.1128,137.1230,86.2256,117.7540
-27.1150,156.2179,90.2301,115.5641
-30.2184,166.9598,90.4368,116.0804
-34.6790,169.6758,91.3581,114.6484
-27.9804,186.9274,99.9608,108.1452
-25.4078,195.3248,96.8157,111.3504
-32.5656,198.0804,95.1312,113.8392
-33.2304,195.3348,94.4608,113.3303
-39.4780,199.5800,88.9560,114.8401
-28.0194,174.9894,102.0387,110.0212
-34.9492,171.5643,103.8983,106.8713
-31.1654,162.3987,106.3308,111.2026
-35.3115,156.8141,104.6231,112.3717
-35.7336,148.2220,101.4672,111.5560
-35.4643,141.6243,96.9286,112.7514
-32.2986,133.1210,92.5973,117.7579
-29.4605,124.0709,98.9210,117.8583
-26.1687,115.9836,94.3373,118.0328
-23.3825,116.8605,96.7651,114.2790
-26.8418,110.8434,99.6836,112.3132
-29.3488,105.8759,98.6975,110.2481
-31.4071,100.3342,96.8141,109.3315
-34.1143,93.0392,96.2287,109.9215
-34.1518,87.2785,94.3036,109.4430
-34.1035,78.9269,92.2070,110.1462
-34.8017,70.6055,89.6034,110.7889
-34.8305,62.1781,87.6609,111.6439
-35.0175,53.1037,86.0350,111.7927
-35.8440,43.3121,85.6879,111.3758
-35.1693,32.1373,86.3387,111.7255
-36.7240,21.9960,87.4480,112.0081
-36.0711,14.7666,90.1422,112.4668
-35.3058,7.4376,92.6117,113.1247
-35.1681,-0.8203,94.3361,113.6406
-34.2542,-9.2750,96.5084,112.5499
-31.3867,-19.6025,100.7733,111.2050
-30.8813,-28.4638,105.7625,108.9277
-35.1774,-40.0836,100.3547,106.1673
-35.5853,-40.9235,99.1707,97.8470
-39.0891,-26.9236,92.1782,101.8472
-34.2654,-33.6543,92.5308,97.3086
-27.6555,-34.8016,97.3111,99.6031
-33.3454,-28.5766,94.6909,99.1532
-34.5505,-35.8615,95.1010,97.7231
-32.1346,-31.5745,96.2692,99.1490
-31.3910,-46.3540,96.7820,102.7081
-30.7990,-46.3648,97.5981,102.7297
-31.3284,-49.0751,102.6568,102.1502
-31.5261,-23.9216,103.0522,103.8432
-30.4584,-24.6113,100.9168,103.2226
-30.6699,-25.6600,101.3399,103.3200
-28.9789,-23.6757,101.9579,103.3513
-32.8724,-16.7944,97.7448,103.5887
-31.3152,-14.2960,96.6305,104.5919
-29.2949,-13.3407,96.5899,104.6813
-30.1269,-18.3334,96.2539,104.6669
-30.7472,-21.9494,95.4944,103.8988
-31.1052,-21.9714,94.2105,103.9427
-31.7040,-18.0381,93.4080,104.0762
-31.6413,-13.4380,93.2826,104.8761
-32.4133,-10.6703,92.8267,105.3406
-31.3638,-8.2247,92.7275,106.4494
-31.2375,-8.7545,92.4751,107.5089
-31.9470,-9.2889,91.8940,108.5778
-32.1729,-11.7547,90.3458,109.5094
-32.5533,-11.2899,89.1065,110.5797
-32.7147,-11.8797,87.4295,111.7595
-31.9786,-8.4989,87.9573,112.9978
-31.1413,-6.9715,88.2827,113.9430
-32.4081,-8.4316,88.8163,114.8632
-33.0312,-13.7544,88.0625,115.5088
-31.8938,-17.9403,85.7877,115.8807
-31.5872,-20.1752,87.1743,116.3504
-31.9963,-19.3979,87.9926,116.7958
