6.1e-05
0.12783
0.032498
0.036073
0.032941
0.036683
0.032722
0.033604
0.03594
0.032286
0.032504
0.032299
0.032964
0.032088
0.032631
0.032537
0.035619
0.031957
0.037162
0.034005
0.039146
0.033946
0.039215
0.034495
0.032289
0.035976
0.034606
0.031703
0.031915
0.032134
0.031941
0.034089
0.036413
0.035739
0.035508
0.035482
0.035331
0.035245
0.035296
0.035968
0.033032
0.032308
0.032107
0.037488
0.038032
0.037055
0.037232
0.039622
0.036633
0.036501
0.037951
0.038154
0.036545
0.036661
0.038709
0.037382
0.036352
0.037361
0.0318
0.031884
0.031482
0.031499
0.031452
0.032044
0.031714
0.031817
0.031824
0.032339
0.031996
0.031879
0.033188
0.034005
0.033016
0.032731
0.033579
0.035234
0.037066
0.03708
0.036513
0.037162
0.039419
0.038809
0.037354
0.03256
0.032922
0.032649
0.031885
0.032526
0.03346
0.032888
0.032879
0.03382
0.032601
0.035129
0.035034
0.031346
0.031698
0.03167
0.031898
0.032041
0.032076
0.03131
0.031485
0.032788
0.031898
0.031437
0.031668
0.032237
0.032483
0.032169
0.032426
0.03241
0.032068
0.0408
0.034787
0.038265
0.036033
0.036023
0.037469
0.034539
0.040472
0.032019
0.036369
0.032756
0.036642
0.035838
0.033972
0.037105
0.032893
0.037889
0.033656
0.03745
0.034878
0.039357
0.039657
0.036959
0.036369
0.032567
0.033521
0.033068
0.033072
0.032881
0.034622
0.032235
0.037347
0.035519
0.035749
0.037184
0.034244
0.032116
0.034235
0.032722
0.032356
0.032899
0.032938
0.036345
0.032386
0.040612
0.037693
0.038807
0.039096
0.03731
0.040085
0.03786
0.037289
0.037807
0.038861
0.036426
0.037407
0.038271
0.037744
0.036812
0.038199
0.037661
0.036131
0.036794
0.037699
0.038298
0.037205
0.036662
0.037911
0.03807
0.03691
0.03951
0.037496
0.037059
0.036957
0.038705
0.034854
0.031748
0.033173
0.031852
0.032072
0.032608
0.032523
0.032881
0.035776
0.032633
0.034126
0.033826
0.032402
0.032812
0.032406
0.035839
0.032714
0.03275
0.036189
0.033471
0.036839
0.035802
0.032848
0.033606
0.032683
0.034182
0.03299
0.033168
0.034787
0.034495
0.03407
0.034586
0.034167
0.036312
0.035107
0.037592
0.037306
0.032146
0.037178
0.032867
0.037611
0.033827
0.036453
0.036296
0.03353
0.03308
0.032421
0.032831
0.032728
0.03318
0.033664
0.033224
0.032909
0.032853
0.033847
0.032338
0.034791
0.032909
0.033008
0.03244
0.033286
0.03275
0.032296
0.032975
0.033422
0.033797
0.035423
0.033171
0.035236
0.032586
0.038087
0.03241
0.037596
0.033572
0.036908
0.034811
0.037256
0.036508
0.040342
0.033126
0.034934
0.03788
0.032182
0.033299
0.034386
0.034745
0.032822
0.034906
0.031968
0.032074
0.032915
0.034813
0.032485
0.035435
0.040246
0.036016
0.039516
0.036821
0.038301
0.032764
0.035433
0.032485
0.034844
0.032072
0.035782
0.031512
0.035623
0.031748
0.036113
0.033857
0.032504
0.032388
0.035483
0.032744
0.035855
0.035935
0.032062
0.034856
0.032626
0.035646
0.032563
0.034812
0.032509
0.035104
0.032278
0.034891
0.031863
0.032699
0.032558
0.032424
0.032713
0.032297
0.032187
0.032128
0.032342
0.031578
0.031989
0.032289
0.032455
0.032146
0.038672
0.032432
0.032108
0.032672
0.031881
0.032233
0.032552
0.032184
0.032371
0.032041
0.034668
0.033828
0.033975
0.03258
0.040535
0.032349
0.034993
0.033184
0.03643
0.036942
0.033598
0.033756
0.032835
0.032219
0.032427
0.032297
0.032387
0.033338
0.032451
0.035074
0.0322
0.031926
0.035604
0.033111
0.035482
0.03623
0.034977
0.035774
0.036224
0.033902
0.034466
0.035353
0.032751
0.040358
0.033604
0.036309
0.032929
0.036162
0.035508
0.032233
0.03523
0.032281
0.034482
0.033417
0.039383
0.035814
0.03187
0.032603
0.032218
0.032043
0.032598
0.032684
0.031662
0.031996
0.032867
0.032444
0.03627
0.032908
0.033316
0.036842
0.034929
0.036383
0.035093
0.035263
0.039012
0.039918
0.035415
0.036729
0.033706
0.033855
0.033968
0.033801
0.034497
0.032342
0.03439
0.032595
0.033164
0.039565
0.037163
0.038042
0.039966
0.037123
0.036707
0.038342
0.037814
0.037057
0.03669
0.039
0.037108
0.037238
0.038538
0.038498
0.037999
0.0396
0.034386
0.032697
0.032093
0.032468
0.03224
0.032133
0.032317
0.032867
0.034444
0.032569
0.032453
0.032209
0.032839
0.031827
0.032421
0.032295
0.032337
0.033316
0.032609
0.033593
0.033347
0.034066
0.033759
0.037546
0.03804
0.03773
0.036754
0.038832
0.03235
0.032251
0.03834
0.032243
0.032477
0.033172
0.033459
0.033322
0.034329
0.035827
0.033984
0.033211
0.033272
0.036959
0.035728
0.032356
0.035031
0.032854
0.035566
0.039708
0.03562
0.033246
0.040053
0.036664
0.038469
0.038161
0.036317
0.033936
0.035268
0.037257
0.033231
0.03565
0.033108
0.035788
0.035291
0.034466
0.034003
0.033322
0.03416
0.033488
0.032752
0.03374
0.036222
0.032543
0.035309
0.032961
0.036428
0.033272
0.036343
0.033454
0.036611
0.033878
0.036566
0.033221
0.03652
0.032974
0.034788
0.032938
0.034955
