0.000163
0.021071
0.008948
0.008719
0.008914
0.008867
0.00887
0.00893
0.008838
0.008789
0.008897
0.008767
0.008897
0.009028
0.008993
0.008689
0.008889
0.009228
0.009278
0.008891
0.008975
0.008867
0.009228
0.008804
0.009
0.00892
0.008993
0.008678
0.008687
0.009009
0.009013
0.008854
0.009043
0.008977
0.009671
0.009771
0.009372
0.009031
0.009143
0.009409
0.009558
0.009788
0.01074
0.010236
0.009321
0.00944
0.009665
0.009561
0.010573
0.009355
0.009604
0.009065
0.010099
0.009925
0.009878
0.009366
0.009504
0.009151
0.010912
0.011139
NaN
NaN
NaN
NaN
0.00017
0.022591
0.011022
0.011209
0.011836
0.011148
0.010936
0.011145
0.011264
0.011086
0.011131
0.011227
0.010739
0.011505
0.010841
NaN
NaN
NaN
NaN
7.2e-05
0.024806
0.013033
0.012959
0.012216
0.012983
0.012789
0.012422
0.012155
0.012131
0.012062
0.012237
0.012319
0.012341
0.012301
0.012388
0.012193
0.013192
0.012177
0.012152
0.012526
0.012513
0.012819
0.012268
0.01253
0.012778
0.012489
0.012414
0.012625
0.012506
0.012406
0.012987
0.012612
0.012727
0.013834
0.013742
0.012589
0.013682
0.012779
0.013781
0.013373
0.012863
0.012409
0.013086
0.01332
0.013218
0.013134
0.012355
0.012426
0.012289
0.012823
0.012441
0.014185
0.012501
0.012532
0.012276
0.012616
0.012294
0.012355
0.012396
0.012234
0.012596
0.012467
0.012703
0.01346
0.012105
0.013177
0.012449
0.014391
0.012333
0.013091
0.012394
0.012354
0.01257
0.012455
0.012363
0.012874
0.012396
0.01253
0.012227
0.012729
0.012338
0.012539
0.012795
0.012459
0.012349
0.01249
0.012634
0.012629
0.014026
0.012829
0.012561
0.013061
0.013657
0.012749
0.013214
0.012407
0.01278
0.012976
0.012394
0.012708
0.013978
0.012708
0.012544
0.013392
0.012644
0.012831
0.013287
0.013027
0.013527
0.013107
0.013272
0.013701
0.012735
0.013146
0.012536
0.012509
0.012413
0.012572
0.013384
0.012484
0.012383
0.012596
0.013168
0.013039
0.013356
0.013575
0.014389
0.012544
0.013234
0.01313
0.012907
0.012909
0.013131
0.013414
0.013097
0.012921
0.013489
0.012795
0.012456
0.012797
0.012713
0.013078
0.01364
0.012686
0.013253
0.012528
0.012935
0.013064
0.013248
0.013689
0.013059
0.013882
0.014012
0.012629
0.012909
0.013153
0.012772
0.013128
0.012537
0.012737
0.012505
0.012399
0.012457
0.012742
0.013756
0.012714
0.012331
0.012894
0.012814
0.012635
0.013113
0.01357
0.013131
0.012505
0.013841
0.01282
0.012403
0.012705
0.012995
0.01461
0.013339
0.012709
0.01391
0.012869
0.012629
0.012592
0.013133
0.012667
0.012346
0.012875
0.012486
0.013329
0.013912
0.013119
0.012573
0.012499
0.012596
0.012687
0.012679
0.012875
0.013312
0.012698
0.012345
0.012579
0.012647
0.012897
0.0135
0.012661
0.013117
0.012773
0.012806
0.012973
0.013694
0.013908
0.012624
0.01282
0.012309
0.013707
0.012334
0.012472
0.012208
0.012262
0.012546
0.012483
0.012165
0.012099
0.012243
0.01257
0.012377
0.012345
0.012411
0.012976
0.012507
0.012644
0.012726
0.012553
0.01313
0.012451
0.012507
0.012451
0.014972
0.013551
0.014921
0.012787
0.013331
0.013034
0.013308
0.012528
0.012575
0.012583
0.012619
0.012691
0.013025
0.012736
0.013058
0.013199
0.013369
0.013481
0.013204
0.01307
0.012278
0.012795
0.012478
0.012534
0.012287
0.012591
0.012637
0.012662
NaN
NaN
NaN
NaN
0.000163
0.03914
0.020287
0.019923
0.019836
0.020834
0.019874
0.020405
0.020173
0.020567
0.020165
0.020033
0.020077
0.02001
0.01945
0.019881
0.019552
0.019935
0.019728
0.019844
0.019898
