0.01235
0.013854
NaN
NaN
NaN
NaN
0.022175
0.025178
0.020011
0.016455
0.018844
0.015978
NaN
NaN
NaN
NaN
0.013432
0.014858
0.014499
NaN
NaN
NaN
NaN
0.013968
0.014712
0.015006
0.014319
0.014649
0.014069
0.014576
NaN
NaN
NaN
NaN
0.014314
0.017201
NaN
NaN
NaN
NaN
0.017267
0.020527
0.019681
NaN
NaN
NaN
NaN
0.019717
0.02215
0.02136
0.021893
0.022546
0.022945
NaN
NaN
NaN
NaN
0.017671
0.019631
0.018406
0.017152
0.017638
0.016716
0.016235
NaN
NaN
NaN
NaN
0.01541
0.018731
0.017409
0.017078
0.017263
0.017416
NaN
NaN
NaN
NaN
0.016351
0.018971
0.018117
0.017906
0.018026
0.017666
0.018553
0.017726
0.017273
0.018193
NaN
NaN
NaN
NaN
0.015581
0.017982
0.017152
NaN
NaN
NaN
NaN
0.015956
0.018729
0.018927
NaN
NaN
NaN
NaN
0.01708
0.019418
0.019889
0.019521
0.019099
0.017956
0.018853
NaN
NaN
NaN
NaN
0.018613
0.020651
0.019102
NaN
NaN
NaN
NaN
0.014907
0.016897
0.020459
0.017397
NaN
