103.45
1.5472
4.5075
4.56
4.4618
4.4731
4.5031
4.5361
1.1003
5.9356
4.5415
4.5079
4.5871
4.5152
4.5621
4.5633
4.5345
4.5729
4.5782
5.8838
4.5197
4.5698
4.4734
4.5418
4.5249
4.5742
4.5274
4.5049
4.5751
5.846
4.5615
4.4776
4.5151
4.5023
4.5312
4.4802
4.4995
4.4375
4.5043
5.8522
5.0724
4.478
4.5101
4.4577
4.5352
4.5032
4.4758
4.4869
4.5544
5.8099
4.523
4.5187
4.4597
4.4975
4.4977
4.3922
4.4502
4.461
4.4602
5.7661
4.4001
4.5342
4.4789
4.5505
4.4786
4.4585
4.5632
4.4485
4.8887
5.8592
4.5078
4.4106
4.4844
4.5176
4.507
4.4863
4.4874
4.4783
4.522
5.6104
4.4482
4.4836
4.4423
4.4655
4.5279
4.4965
4.4378
4.4318
4.4844
5.693
4.5148
4.4564
4.486
4.4992
4.4903
4.5275
4.5512
4.4948
4.5534
5.6796
4.4935
4.5386
4.5586
4.5607
4.5609
4.5311
4.4897
4.5359
4.5728
5.9144
4.6136
4.6116
4.5419
4.5493
4.5372
4.5329
4.4496
4.6246
4.4791
5.9147
4.5459
4.5127
4.5004
4.497
4.5579
4.5475
4.5517
4.5516
4.5972
5.9445
4.5615
4.5972
4.532
4.5116
4.537
4.4728
4.4714
4.5127
4.5516
5.7976
4.4826
4.5995
4.6016
4.6832
4.5929
4.5293
4.5428
4.5184
4.5023
5.8435
4.514
4.5039
4.4969
4.5501
4.4977
4.4925
4.5739
4.502
4.5384
5.9724
4.5036
4.5255
4.5155
4.5495
4.5573
4.5743
4.5295
4.5691
4.5448
5.9051
4.4475
4.4961
4.5066
4.5431
4.538
4.4456
4.51
4.5297
4.5023
5.9427
4.4921
4.5673
4.5225
4.4866
4.4594
4.4776
4.5037
4.5612
4.4765
5.7701
4.4835
4.5163
4.5293
4.5026
4.4874
4.5615
4.5407
5.7158
4.5239
5.6199
4.5296
4.5387
4.5419
4.5696
4.5332
4.4191
4.4512
4.5184
4.5205
5.7855
4.5104
4.601
4.5829
4.5236
4.5354
4.4695
4.4805
4.5592
4.5214
5.8741
4.4581
4.4953
4.5693
4.5227
4.5176
4.4915
4.4465
4.548
1.1762
2.3481
1.1537
4.5119
4.509
4.4874
4.5283
4.5065
4.4668
4.4824
4.4713
5.7778
4.5105
4.4652
4.5364
4.5379
4.4688
4.5872
4.5363
4.4964
4.6582
5.9278
4.5521
4.5156
4.5157
4.594
4.4781
4.4817
4.466
4.4563
4.5295
5.7679
4.4553
4.5249
4.495
4.5147
4.3892
4.5003
4.4699
4.4839
4.4718
5.8668
4.5036
4.4637
4.4874
4.4925
4.4407
4.4545
4.3994
4.4193
4.4943
5.7941
4.511
4.5281
4.5105
4.4811
4.5106
4.4817
4.5292
4.4719
4.4997
5.8012
4.5332
4.4898
4.5193
4.5959
4.5791
4.5502
4.5673
4.5439
4.541
5.7631
4.5672
4.5482
4.5658
4.4835
4.473
4.4943
4.5116
4.5806
4.5692
5.9345
4.5639
4.5659
4.5509
4.5575
4.5195
4.5667
4.5276
4.5313
4.5283
5.9436
4.5261
4.5265
4.5418
4.4927
4.539
4.4467
4.5475
4.5296
4.5591
7.8015
4.5033
4.5063
4.5034
4.5332
4.5028
4.5289
4.4717
4.5519
4.4102
5.8393
4.5177
4.5117
4.5446
4.5318
4.5595
4.5759
4.4956
4.497
4.48
5.9006
4.4928
4.5235
4.5681
4.4873
4.5102
4.5346
4.5616
4.4684
4.5608
5.8295
4.5218
4.5531
4.5368
4.5044
4.536
