1
335.0000,119.0000,17.0000,24.0000
330.0000,118.0000,18.0000,25.0000
330.0000,118.0000,18.0000,25.0000
330.0000,118.0000,18.0000,25.0000
326.0000,118.0000,17.0000,24.0000
326.0000,118.0000,17.0000,24.0000
326.0000,118.0000,17.0000,24.0000
2
315.0000,116.0000,17.0000,24.0000
0
0
0
0
1
284.0000,114.0000,21.0000,28.0000
279.0000,114.0000,22.0000,29.0000
279.0000,114.0000,22.0000,29.0000
279.0000,114.0000,22.0000,29.0000
279.0000,114.0000,22.0000,29.0000
278.0000,114.0000,23.0000,30.0000
278.0000,114.0000,23.0000,30.0000
278.0000,114.0000,23.0000,30.0000
2
265.0000,114.0000,23.0000,30.0000
0
0
0
0
1
226.0000,114.0000,15.0000,23.0000
222.0000,114.0000,15.0000,23.0000
222.0000,114.0000,15.0000,23.0000
222.0000,114.0000,15.0000,23.0000
216.0000,114.0000,15.0000,23.0000
216.0000,114.0000,15.0000,23.0000
2
0
0
204.0000,116.0000,16.0000,24.0000
0
0
0
0
1
158.0000,124.0000,18.0000,21.0000
156.0000,124.0000,17.0000,20.0000
156.0000,124.0000,17.0000,20.0000
156.0000,124.0000,17.0000,20.0000
154.0000,126.0000,17.0000,20.0000
154.0000,126.0000,17.0000,20.0000
154.0000,126.0000,17.0000,20.0000
154.0000,126.0000,17.0000,20.0000
148.0000,128.0000,17.0000,20.0000
148.0000,128.0000,17.0000,20.0000
148.0000,128.0000,17.0000,20.0000
148.0000,128.0000,17.0000,20.0000
150.0000,130.0000,16.0000,19.0000
150.0000,130.0000,16.0000,19.0000
150.0000,130.0000,16.0000,19.0000
150.0000,130.0000,16.0000,19.0000
156.0000,132.0000,17.0000,20.0000
156.0000,132.0000,17.0000,20.0000
156.0000,132.0000,17.0000,20.0000
156.0000,132.0000,17.0000,20.0000
152.0000,136.0000,18.0000,21.0000
152.0000,136.0000,18.0000,21.0000
0
0
0
2
0
0
0
0
1
211.0000,139.0000,25.0000,25.0000
215.0000,141.0000,26.0000,26.0000
215.0000,141.0000,26.0000,26.0000
215.0000,141.0000,26.0000,26.0000
219.0000,140.0000,27.0000,27.0000
219.0000,140.0000,27.0000,27.0000
2
0
238.0000,140.0000,28.0000,28.0000
0
0
0
0
1
289.0000,147.0000,15.0000,22.0000
291.0000,147.0000,15.0000,22.0000
291.0000,147.0000,15.0000,22.0000
291.0000,147.0000,15.0000,22.0000
294.0000,146.0000,14.0000,21.0000
294.0000,146.0000,14.0000,21.0000
294.0000,146.0000,14.0000,21.0000
294.0000,146.0000,14.0000,21.0000
298.0000,146.0000,14.0000,21.0000
298.0000,146.0000,14.0000,21.0000
298.0000,146.0000,14.0000,21.0000
300.0000,144.0000,15.0000,22.0000
300.0000,144.0000,15.0000,22.0000
300.0000,144.0000,15.0000,22.0000
300.0000,144.0000,15.0000,22.0000
300.0000,144.0000,15.0000,22.0000
302.0000,142.0000,15.0000,22.0000
302.0000,142.0000,15.0000,22.0000
302.0000,142.0000,15.0000,22.0000
300.0000,140.0000,16.0000,23.0000
300.0000,140.0000,16.0000,23.0000
300.0000,140.0000,16.0000,23.0000
300.0000,140.0000,16.0000,23.0000
300.0000,140.0000,16.0000,23.0000
302.0000,140.0000,15.0000,22.0000
302.0000,140.0000,15.0000,22.0000
302.0000,140.0000,15.0000,22.0000
302.0000,140.0000,15.0000,22.0000
306.0000,140.0000,15.0000,22.0000
306.0000,140.0000,15.0000,22.0000
306.0000,140.0000,15.0000,22.0000
308.0000,140.0000,15.0000,22.0000
308.0000,140.0000,15.0000,22.0000
308.0000,140.0000,15.0000,22.0000
308.0000,140.0000,15.0000,22.0000
310.0000,138.0000,14.0000,21.0000
310.0000,138.0000,14.0000,21.0000
310.0000,138.0000,14.0000,21.0000
312.0000,138.0000,14.0000,21.0000
312.0000,138.0000,14.0000,21.0000
312.0000,138.0000,14.0000,21.0000
312.0000,138.0000,14.0000,21.0000
312.0000,136.0000,15.0000,22.0000
312.0000,136.0000,15.0000,22.0000
312.0000,136.0000,15.0000,22.0000
314.0000,136.0000,15.0000,22.0000
314.0000,136.0000,15.0000,22.0000
314.0000,136.0000,15.0000,22.0000
314.0000,136.0000,15.0000,22.0000
316.0000,136.0000,14.0000,21.0000
316.0000,136.0000,14.0000,21.0000
316.0000,136.0000,14.0000,21.0000
316.0000,136.0000,14.0000,21.0000
316.0000,136.0000,14.0000,21.0000
316.0000,136.0000,14.0000,21.0000
316.0000,136.0000,14.0000,21.0000
316.0000,134.0000,15.0000,22.0000
316.0000,134.0000,15.0000,22.0000
316.0000,134.0000,15.0000,22.0000
316.0000,134.0000,15.0000,22.0000
316.0000,134.0000,15.0000,22.0000
316.0000,134.0000,15.0000,22.0000
316.0000,134.0000,15.0000,22.0000
316.0000,132.0000,15.0000,22.0000
316.0000,132.0000,15.0000,22.0000
316.0000,132.0000,15.0000,22.0000
318.0000,132.0000,14.0000,21.0000
318.0000,132.0000,14.0000,21.0000
318.0000,132.0000,14.0000,21.0000
318.0000,132.0000,14.0000,21.0000
318.0000,132.0000,14.0000,21.0000
318.0000,132.0000,14.0000,21.0000
318.0000,132.0000,14.0000,21.0000
316.0000,130.0000,14.0000,21.0000
316.0000,130.0000,14.0000,21.0000
316.0000,130.0000,14.0000,21.0000
316.0000,130.0000,14.0000,21.0000
314.0000,128.0000,15.0000,22.0000
314.0000,128.0000,15.0000,22.0000
314.0000,128.0000,15.0000,22.0000
314.0000,128.0000,15.0000,22.0000
314.0000,128.0000,15.0000,22.0000
314.0000,128.0000,15.0000,22.0000
314.0000,128.0000,15.0000,22.0000
314.0000,128.0000,15.0000,22.0000
314.0000,128.0000,15.0000,22.0000
314.0000,128.0000,15.0000,22.0000
314.0000,128.0000,14.0000,21.0000
314.0000,128.0000,14.0000,21.0000
314.0000,128.0000,14.0000,21.0000
314.0000,128.0000,13.0000,20.0000
314.0000,128.0000,13.0000,20.0000
314.0000,128.0000,13.0000,20.0000
314.0000,128.0000,13.0000,20.0000
314.0000,128.0000,13.0000,20.0000
314.0000,128.0000,13.0000,20.0000
314.0000,128.0000,13.0000,20.0000
312.0000,125.0000,13.0000,20.0000
312.0000,125.0000,13.0000,20.0000
312.0000,125.0000,13.0000,20.0000
312.0000,125.0000,13.0000,20.0000
312.0000,124.0000,14.0000,21.0000
312.0000,124.0000,14.0000,21.0000
312.0000,124.0000,14.0000,21.0000
314.0000,124.0000,13.0000,20.0000
314.0000,124.0000,13.0000,20.0000
314.0000,124.0000,13.0000,20.0000
314.0000,124.0000,13.0000,20.0000
312.0000,122.0000,14.0000,21.0000
312.0000,122.0000,14.0000,21.0000
312.0000,122.0000,14.0000,21.0000
312.0000,122.0000,14.0000,21.0000
314.0000,120.0000,13.0000,20.0000
314.0000,120.0000,13.0000,20.0000
314.0000,120.0000,13.0000,20.0000
314.0000,120.0000,14.0000,21.0000
314.0000,120.0000,14.0000,21.0000
314.0000,120.0000,14.0000,21.0000
314.0000,120.0000,14.0000,21.0000
312.0000,122.0000,15.0000,22.0000
312.0000,122.0000,15.0000,22.0000
312.0000,122.0000,15.0000,22.0000
310.0000,118.0000,14.0000,21.0000
310.0000,118.0000,14.0000,21.0000
310.0000,118.0000,14.0000,21.0000
310.0000,118.0000,14.0000,21.0000
313.0000,118.0000,13.0000,20.0000
313.0000,118.0000,13.0000,20.0000
313.0000,118.0000,13.0000,20.0000
312.0000,116.0000,14.0000,21.0000
312.0000,116.0000,14.0000,21.0000
312.0000,116.0000,14.0000,21.0000
312.0000,116.0000,14.0000,21.0000
312.0000,114.0000,13.0000,20.0000
312.0000,114.0000,13.0000,20.0000
312.0000,114.0000,13.0000,20.0000
309.0000,112.0000,13.0000,20.0000
309.0000,112.0000,13.0000,20.0000
309.0000,112.0000,13.0000,20.0000
309.0000,112.0000,13.0000,20.0000
304.0000,112.0000,14.0000,21.0000
304.0000,112.0000,14.0000,21.0000
304.0000,112.0000,14.0000,21.0000
296.0000,114.0000,13.0000,20.0000
296.0000,114.0000,13.0000,20.0000
296.0000,114.0000,13.0000,20.0000
296.0000,114.0000,13.0000,20.0000
293.0000,114.0000,13.0000,20.0000
293.0000,114.0000,13.0000,20.0000
293.0000,114.0000,13.0000,20.0000
288.0000,114.0000,13.0000,20.0000
288.0000,114.0000,13.0000,20.0000
288.0000,114.0000,13.0000,20.0000
288.0000,114.0000,13.0000,20.0000
290.0000,109.0000,12.0000,19.0000
290.0000,109.0000,12.0000,19.0000
290.0000,109.0000,12.0000,19.0000
2
0
0
0
0
1
265.0000,108.0000,16.0000,27.0000
264.0000,108.0000,17.0000,28.0000
264.0000,108.0000,17.0000,28.0000
264.0000,108.0000,17.0000,28.0000
264.0000,108.0000,17.0000,28.0000
264.0000,108.0000,16.0000,27.0000
264.0000,108.0000,16.0000,27.0000
264.0000,108.0000,16.0000,27.0000
264.0000,108.0000,16.0000,27.0000
260.0000,108.0000,16.0000,27.0000
260.0000,108.0000,16.0000,27.0000
260.0000,108.0000,16.0000,27.0000
260.0000,108.0000,16.0000,27.0000
256.0000,108.0000,17.0000,28.0000
256.0000,108.0000,17.0000,28.0000
256.0000,108.0000,17.0000,28.0000
256.0000,108.0000,17.0000,28.0000
256.0000,108.0000,17.0000,28.0000
252.0000,108.0000,16.0000,27.0000
252.0000,108.0000,16.0000,27.0000
252.0000,108.0000,16.0000,27.0000
252.0000,108.0000,16.0000,27.0000
248.0000,108.0000,15.0000,26.0000
248.0000,108.0000,15.0000,26.0000
248.0000,108.0000,15.0000,26.0000
248.0000,108.0000,15.0000,26.0000
248.0000,108.0000,15.0000,26.0000
248.0000,108.0000,15.0000,26.0000
248.0000,108.0000,14.0000,25.0000
248.0000,108.0000,14.0000,25.0000
248.0000,108.0000,14.0000,25.0000
248.0000,108.0000,14.0000,25.0000
246.0000,110.0000,13.0000,24.0000
246.0000,110.0000,13.0000,24.0000
246.0000,110.0000,13.0000,24.0000
246.0000,110.0000,13.0000,24.0000
244.0000,108.0000,13.0000,24.0000
244.0000,108.0000,13.0000,24.0000
244.0000,108.0000,13.0000,24.0000
244.0000,108.0000,13.0000,24.0000
241.0000,110.0000,12.0000,23.0000
241.0000,110.0000,12.0000,23.0000
241.0000,110.0000,12.0000,23.0000
241.0000,110.0000,12.0000,23.0000
238.0000,110.0000,13.0000,24.0000
238.0000,110.0000,13.0000,24.0000
238.0000,110.0000,13.0000,24.0000
238.0000,110.0000,13.0000,24.0000
235.0000,110.0000,13.0000,24.0000
235.0000,110.0000,13.0000,24.0000
235.0000,110.0000,13.0000,24.0000
235.0000,110.0000,13.0000,24.0000
230.0000,108.0000,14.0000,25.0000
230.0000,108.0000,14.0000,25.0000
230.0000,108.0000,14.0000,25.0000
230.0000,108.0000,14.0000,25.0000
227.0000,108.0000,13.0000,24.0000
227.0000,108.0000,13.0000,24.0000
227.0000,108.0000,13.0000,24.0000
227.0000,108.0000,13.0000,24.0000
2
0
0
0
0
1
190.0000,115.0000,19.0000,23.0000
186.0000,115.0000,19.0000,23.0000
186.0000,115.0000,19.0000,23.0000
186.0000,115.0000,19.0000,23.0000
184.0000,116.0000,18.0000,22.0000
184.0000,116.0000,18.0000,22.0000
184.0000,116.0000,18.0000,22.0000
184.0000,116.0000,18.0000,22.0000
173.0000,114.0000,19.0000,23.0000
173.0000,114.0000,19.0000,23.0000
173.0000,114.0000,19.0000,23.0000
173.0000,114.0000,19.0000,23.0000
161.0000,114.0000,20.0000,24.0000
161.0000,114.0000,20.0000,24.0000
161.0000,114.0000,20.0000,24.0000
161.0000,114.0000,20.0000,24.0000
157.0000,110.0000,20.0000,24.0000
157.0000,110.0000,20.0000,24.0000
157.0000,110.0000,20.0000,24.0000
157.0000,110.0000,20.0000,24.0000
147.0000,110.0000,21.0000,25.0000
147.0000,110.0000,21.0000,25.0000
147.0000,110.0000,21.0000,25.0000
147.0000,110.0000,21.0000,25.0000
147.0000,110.0000,21.0000,25.0000
135.0000,112.0000,21.0000,25.0000
135.0000,112.0000,21.0000,25.0000
135.0000,112.0000,21.0000,25.0000
124.0000,112.0000,22.0000,26.0000
124.0000,112.0000,22.0000,26.0000
124.0000,112.0000,22.0000,26.0000
124.0000,112.0000,22.0000,26.0000
117.0000,112.0000,21.0000,25.0000
117.0000,112.0000,21.0000,25.0000
117.0000,112.0000,21.0000,25.0000
108.0000,103.0000,21.0000,25.0000
108.0000,103.0000,21.0000,25.0000
108.0000,103.0000,21.0000,25.0000
108.0000,103.0000,21.0000,25.0000
103.0000,105.0000,21.0000,25.0000
103.0000,105.0000,21.0000,25.0000
0
0
2
0
0
0
0
1
43.0000,109.0000,27.0000,32.0000
39.0000,108.0000,28.0000,33.0000
39.0000,108.0000,28.0000,33.0000
39.0000,108.0000,28.0000,33.0000
39.0000,108.0000,28.0000,33.0000
33.0000,108.0000,28.0000,33.0000
33.0000,108.0000,28.0000,33.0000
33.0000,108.0000,28.0000,33.0000
33.0000,108.0000,28.0000,33.0000
