0.000162
0.046739
0.026262
0.024423
0.025026
0.024844
0.02519
0.024402
0.023854
0.024481
0.023589
0.023173
0.025902
0.024768
0.024676
0.025378
0.026372
0.027373
0.026607
0.0235
0.026884
0.026648
0.026646
0.026089
0.026411
0.027393
0.026937
0.023439
0.023526
0.023306
0.026619
0.028452
0.029938
0.029312
0.029092
0.025132
0.027911
0.029862
0.027908
0.027785
0.027538
0.052766
0.029221
0.024489
0.025418
0.027882
0.028792
0.028305
0.029906
0.02501
0.029099
0.025231
0.02784
0.022789
0.023542
0.026394
0.025794
0.025224
0.027054
0.026981
0.023712
0.025953
0.025749
0.028706
0.025253
0.029627
0.024531
0.028858
0.027723
0.028169
0.028503
0.0292
0.028308
0.02966
0.027574
0.024533
0.028522
0.028639
0.029148
0.027993
0.029459
0.027646
0.027221
0.027993
0.02933
0.028695
0.027502
0.027461
0.0289
0.027633
0.026582
0.027384
0.027697
0.026806
0.026431
0.027539
0.048834
0.027985
0.028962
0.029239
0.024238
0.025089
0.028063
0.024239
0.025031
0.02504
0.027624
0.028851
0.025485
0.024906
0.044423
0.029117
0.027859
0.025231
0.028425
0.027239
0.028619
0.028565
0.02578
0.026987
0.024716
0.029995
0.029839
0.025873
0.029771
0.030018
0.025936
0.042676
0.025214
0.027903
0.025958
0.024763
0.029526
0.028967
NaN
NaN
NaN
NaN
0.000173
0.051513
0.027329
0.027576
0.025207
0.025669
0.02683
0.027723
0.027601
0.02765
0.02729
0.028253
0.02832
0.054986
0.030026
0.029417
0.0299
0.031175
0.030411
0.030573
0.028713
0.032154
0.032162
0.057725
0.030904
0.028953
0.028848
0.027337
0.031916
0.029098
0.030876
0.032142
0.029626
0.031551
0.02835
0.031109
0.027154
0.03147
0.03281
0.027707
0.02843
NaN
NaN
NaN
NaN
9.7e-05
0.047532
0.027176
0.02696
0.027657
0.028696
0.031034
0.03008
0.027081
0.027218
0.02848
0.027113
0.027934
0.027135
0.027252
0.02772
0.030026
0.029001
0.029126
0.028885
0.029743
0.028817
0.028213
0.028492
0.029446
0.029864
0.031322
0.028855
0.028659
0.027266
0.027657
0.027911
0.027702
0.027275
0.02702
0.026123
0.025728
0.02625
0.027794
0.027168
0.028633
0.027378
0.027684
0.028267
0.027117
0.026978
0.027406
0.027709
0.026864
0.029615
0.026904
0.027311
0.027512
0.026659
0.028036
0.029079
0.030519
0.029122
0.027427
0.028236
0.028374
0.027928
0.028387
0.02904
0.027997
0.028132
0.027536
0.028126
0.027254
0.027717
0.027415
0.02653
0.027017
0.027227
0.02764
0.027185
0.027937
0.026918
0.026666
0.027694
0.027038
0.027403
0.054099
0.027906
0.027338
0.029212
0.028137
0.027128
0.02761
0.026771
0.027678
0.028251
0.026421
0.027166
0.026896
0.027246
0.0257
0.026427
0.026575
0.026389
0.027266
0.026535
0.02585
0.026817
0.025776
0.025507
0.026344
0.026241
0.026131
0.027101
0.025757
0.025789
0.02709
0.027612
0.027886
0.02762
0.02615
0.025981
0.027817
0.025888
0.026105
0.026477
0.025494
0.025011
0.027135
0.025907
0.025286
0.026624
0.026416
0.025591
0.027651
0.02704
0.025678
0.027548
0.025447
0.025662
0.026395
0.025618
0.025677
0.049938
0.026782
0.026948
0.027766
0.028817
0.027238
0.027616
0.026889
0.026978
0.028365
0.027312
0.02654
0.027665
0.026951
0.027005
0.027612
0.027374
0.025603
0.026958
0.025855
0.026858
0.02803
0.026542
0.026988
0.028842
0.026144
0.025435
0.027603
0.026746
0.025309
0.025699
0.026454
0.026149
0.027072
0.026016
0.025069
0.026868
0.025652
0.026189
0.025853
0.026597
0.026074
0.027774
0.02659
0.026124
0.028409
0.027328
0.025961
0.026692
0.026069
0.025814
0.026942
0.026716
0.025704
0.027066
0.026169
0.026206
0.027271
0.025961
0.025696
0.026743
0.025716
0.025876
0.026784
0.025879
0.02651
0.067858
0.02658
0.025838
0.02707
0.025828
0.02564
0.027556
0.027481
0.02679
0.028403
0.02812
0.026575
0.027632
0.028093
0.02643
0.027403
0.027267
0.029737
0.029017
0.028328
0.028012
0.028684
0.028289
0.027701
0.028977
0.026596
0.028544
0.028791
0.028152
0.027602
0.028532
0.027055
0.027151
0.027944
0.026865
0.026491
0.027697
0.02723
0.026656
0.04844
0.027385
0.027336
0.026891
0.027949
0.026541
0.027398
0.025816
0.025873
0.026441
0.026153
0.025706
0.027894
0.025463
0.025579
0.027513
0.026591
0.025876
0.027052
0.026786
0.026123
0.027619
0.025746
0.026137
0.02737
0.025786
0.026103
0.027891
0.026255
0.027862
0.029112
0.02828
0.025568
0.027647
0.025952
0.025409
0.029469
0.025775
0.025514
0.028003
0.026083
0.026348
0.028199
0.027305
0.025684
0.027314
0.028227
0.026557
0.027233
0.026486
0.027917
0.028683
0.02761
0.027874
0.027623
0.027474
0.026968
0.027929
0.027116
0.026179
0.027406
0.027212
0.028867
0.027913
0.025676
0.026051
0.028326
0.025274
0.025315
0.027014
0.025774
0.025863
0.028285
0.027682
0.025595
0.027667
0.026436
0.025641
0.028032
0.027009
0.026848
0.027716
0.026913
0.025483
0.026925
0.026836
0.028879
0.029147
0.028475
0.028106
0.029182
0.026796
0.027093
0.02881
0.027445
0.027864
0.043147
0.028029
0.028502
0.027705
0.029829
0.027248
0.028547
0.027951
0.028477
0.029041
0.028145
0.027808
0.029134
0.027637
0.027641
0.029053
0.028696
0.027834
0.02819
0.027395
0.041689
0.028929
0.028288
0.029078
0.028222
0.028238
0.029236
0.028596
0.02913
0.029537
0.029178
0.02771
0.028757
0.028799
0.028817
0.028074
0.056403
NaN
0.030301
0.027189
0.02834
0.030018
0.028824
0.030609
0.028399
0.028769
0.029742
0.02959
0.030724
0.029113
0.028639
0.032625
0.028037
0.027865
0.028618
0.030626
0.029281
0.029474
0.029055
0.029832
0.030049
0.029768
0.037317
0.030711
0.031502
0.02938
0.02979
0.029556
0.030115
0.029541
0.031199
0.032016
0.030713
0.055989
0.029874
0.030174
0.030775
0.03064
0.029779
0.029775
0.030431
0.030256
0.030139
0.029748
0.03648
0.030311
0.030182
0.030077
0.030458
0.030816
0.031067
0.030881
0.030999
0.030094
0.030879
0.056625
0.030463
0.030876
0.029519
0.030195
0.031264
0.031314
0.030229
0.030286
0.03022
0.031269
0.034767
0.028385
0.028276
0.028382
0.028295
0.028801
0.029826
0.028508
0.028375
0.029661
0.029779
0.030501
0.029294
0.028395
0.036099
0.029693
0.028629
0.028912
0.029524
0.028365
0.029874
0.029097
0.028757
0.028313
0.030196
0.031017
0.031752
0.030341
0.033524
0.031943
0.032372
0.030526
0.03067
0.030908
0.031751
0.028975
0.028751
0.03037
0.032108
0.055362
0.02948
0.026887
0.02922
0.027633
0.028469
0.028341
0.027381
0.026527
0.030107
0.027736
0.027326
0.028907
0.027721
0.026829
0.028978
0.027316
0.027095
0.028477
0.026741
0.026919
0.029562
0.02754
0.026647
0.028634
0.029863
0.027024
0.028522
0.027346
0.027516
0.027993
0.026861
0.031924
0.029216
0.02775
0.028192
0.027915
0.028447
0.028026
