1
750.9776,232.1203,175.6142,126.1900
749.9608,235.6469,183.4509,123.9975
750.7938,236.5137,185.7132,124.3170
746.1620,222.3087,186.2997,137.0853
743.8341,220.5144,189.0676,140.3376
741.9044,222.4831,191.1484,135.2890
739.5084,222.7996,196.2298,133.5359
748.3236,225.4252,190.6742,132.4525
752.0806,225.0320,206.2620,126.7771
763.1230,225.9317,196.8546,133.4321
760.9529,227.6442,197.4565,133.1808
763.9872,227.6877,195.0776,133.0026
765.3940,230.1301,194.6221,130.7433
768.0201,232.1329,192.0696,131.2828
782.4186,232.7760,177.5152,127.7968
787.9291,226.4111,171.0845,134.5005
784.6918,221.6428,174.9653,139.5705
793.9714,224.1021,164.2699,138.1955
792.9917,217.7727,165.1494,147.8712
790.7871,225.0602,169.2344,138.8593
796.7661,222.9575,162.2236,138.9756
799.9316,212.3209,159.1120,150.2968
799.9008,205.8277,158.4541,159.6939
799.7297,218.2386,158.1633,147.4351
803.4646,218.5625,157.4364,148.8675
790.0124,223.7729,170.5136,143.5461
782.6885,223.1321,178.5188,143.9334
782.9584,208.6774,176.2772,158.3961
788.6553,210.5741,171.2879,156.8889
790.1777,208.6464,167.9461,158.3567
795.1287,220.4493,162.7773,147.9270
788.3472,220.8703,171.1464,145.6332
789.2565,203.0841,173.6690,163.1118
788.3019,210.3207,176.3955,155.0523
803.5821,215.6086,160.7861,149.9987
803.7551,211.0561,156.4170,154.5283
805.8257,213.1145,156.4722,155.1886
807.6871,201.7884,154.4739,168.0090
837.8819,198.6720,124.6433,170.5142
837.6325,199.0622,125.4510,168.6277
838.8889,197.6604,124.2768,168.0070
838.1605,196.9732,125.3407,168.3087
838.3765,200.8036,124.8550,165.9600
838.9360,205.0401,124.2138,164.6692
837.9321,205.8053,125.3683,163.8554
839.2613,200.5139,124.8589,169.0461
839.0815,200.5504,124.2985,164.8952
838.7009,199.6171,122.3773,166.8194
839.0599,200.1631,124.8643,165.9958
838.9496,197.4108,125.5887,169.7503
838.6350,195.6345,125.7892,169.8145
813.9351,193.4295,149.1082,173.3738
814.7910,185.3571,149.5719,181.1659
814.6085,182.7014,148.6544,189.3258
809.8467,200.6451,153.9344,170.4271
811.6367,202.5398,152.9746,169.1282
807.7877,204.5391,155.8837,168.2427
811.1434,200.8076,152.4262,174.9331
809.1135,200.6039,154.3540,175.1965
810.4805,199.7049,153.4160,176.5242
807.9798,200.9372,156.8256,174.4207
809.8815,201.2741,151.6380,175.9797
809.9437,203.7627,150.6115,171.7110
810.0100,203.2974,152.4580,172.8192
808.2405,205.7480,152.1637,171.2375
808.5321,209.0912,154.3121,168.2679
807.9294,210.3392,154.8599,165.3181
808.3244,216.3398,154.7263,159.2454
805.9777,218.1211,148.1345,159.2297
811.0060,218.3309,152.4580,161.1125
809.6755,216.5626,153.5541,160.6087
809.6839,217.8578,153.1193,157.9953
811.7796,215.1207,148.8060,161.3479
814.6649,211.4220,148.6204,165.4867
817.1462,214.0559,143.1452,160.8872
810.4974,217.1408,152.6847,156.3121
811.5507,216.3805,151.3537,158.5938
810.6234,225.2786,152.2753,150.2056
808.2615,223.8671,152.6188,152.4883
808.4698,220.7743,154.4260,155.3158
810.9550,229.5394,151.9630,146.9299
809.2475,223.8771,154.3535,152.5231
808.8218,224.8283,154.6403,152.2948
809.0414,222.2851,155.7719,154.2616
810.2064,217.8146,153.5062,159.0571
806.3023,222.4272,157.4038,151.2516
805.3906,216.5020,155.8470,159.3423
807.6887,217.8457,152.7663,156.7750
808.2481,212.6114,155.0393,161.4214
809.5844,212.3805,152.1707,162.2064
809.8963,210.6885,150.5669,163.5574
810.0154,217.4682,153.1395,156.8155
812.8242,226.2320,151.4013,146.6628
812.8102,229.2255,151.6232,143.9384
812.8599,225.3427,151.9813,148.0229
812.8060,225.4979,152.1799,148.7541
810.1056,226.6275,152.3427,153.5530
809.1998,231.1288,154.3238,145.5934
809.7271,224.4417,154.2219,150.7929
809.6863,222.7304,153.5802,150.5114
809.9869,223.5107,153.0793,149.3315
808.6413,221.8229,152.4293,151.4113
808.9280,222.7648,153.7753,150.2473
806.1022,231.5867,156.7586,141.5736
807.9434,229.8031,152.0668,143.6311
813.4462,231.9237,149.7160,141.9945
812.8619,233.7878,152.1138,140.7136
813.6766,241.6015,151.2374,133.9270
814.6729,230.1043,149.8446,145.4033
817.1974,230.1650,144.7684,145.0002
795.4821,230.7201,165.3931,143.7767
797.1123,236.6724,165.7164,137.0439
796.5624,234.6668,166.9531,138.6769
816.4317,234.4962,146.8586,141.4342
791.4890,233.2497,173.0820,141.7756
791.0165,234.4019,172.3412,140.8062
791.3406,233.6209,172.6191,141.7702
817.8488,233.2492,145.9965,143.6969
805.7261,235.0508,157.3580,141.0598
805.7207,234.5267,157.3058,140.9115
804.3231,234.3181,158.9307,142.8076
793.9619,233.0534,168.8521,143.0200
787.9354,236.7983,174.4667,136.9339
789.3371,235.9511,172.4250,139.2593
790.6271,236.2400,169.0773,139.1037
792.2581,236.8730,168.3776,139.9271
792.7591,230.3083,169.5616,146.6524
792.9382,227.8911,169.9201,148.8519
790.2397,226.0532,172.1700,151.2438
788.8243,225.6451,175.9176,151.5142
788.9872,225.7488,172.2201,149.5681
793.3817,226.8811,163.1802,145.8642
794.3283,226.8775,165.1587,146.7620
794.0568,227.0740,164.1950,145.9430
786.9644,226.4204,172.3492,149.2936
787.3828,226.9139,172.1615,148.8033
787.1335,226.9765,174.4559,149.0035
814.7946,225.3227,145.9118,150.2795
813.0923,202.4843,144.0541,172.6418
793.8433,201.8284,164.7715,171.4619
793.9564,202.0146,165.1677,170.9885
794.9525,226.3368,166.8892,146.6364
812.9952,225.2177,147.5388,147.7295
791.7536,226.0263,168.1012,149.5872
791.1801,226.5140,168.7004,148.8966
791.0851,226.2610,169.3096,149.1397
792.1982,223.6339,169.0419,152.1156
791.0845,222.0406,169.4848,154.0467
791.8367,219.8006,168.8025,156.1209
792.8369,227.5707,167.9176,149.1731
791.7532,227.1220,168.1026,147.8617
792.2726,228.4288,167.1770,147.1186
813.5578,219.8309,147.9124,152.8967
792.4374,219.9716,169.5125,151.5780
792.0976,219.8481,171.5793,150.7891
792.3318,219.4532,172.6297,153.3757
792.8513,220.5579,171.5589,151.8073
792.7003,218.2880,171.0845,156.9377
791.7380,215.2353,172.4427,161.0585
792.2841,215.8983,171.2794,159.3821
791.7424,213.0370,172.4159,162.6081
791.7216,217.8632,171.6660,155.0461
789.1904,217.8024,173.9365,155.3375
788.9598,222.6378,174.1736,152.5339
789.1439,224.3524,175.1090,150.1373
793.4282,222.3192,170.8782,153.4149
792.0778,219.0363,169.4965,158.2224
792.6662,222.0580,171.5708,154.7134
791.1864,223.8434,169.6567,152.9483
792.6216,224.8092,171.6744,151.0770
795.8022,226.3469,163.6353,149.2236
801.7722,208.0004,159.6491,166.3051
801.6509,208.8177,160.8604,167.8533
803.7286,210.1401,156.9401,164.0482
787.6578,228.1102,173.1015,149.0975
790.0345,228.8775,173.0788,145.3675
793.4529,228.8867,170.0734,146.1382
787.9656,228.7055,176.8907,145.0645
787.0901,227.7333,177.9586,146.6303
787.7960,230.3931,176.7813,143.9785
796.7675,230.4372,166.6485,142.0784
796.8876,230.8171,166.7162,144.6694
785.0237,230.4790,178.8467,143.3538
791.9597,210.5062,171.7700,163.5424
796.3411,211.9170,168.3350,163.3156
796.4733,214.5873,165.7515,161.1526
790.3574,215.3753,169.4101,159.4101
788.8197,216.1530,169.7666,158.7594
787.8871,218.0764,174.9213,157.2412
785.7358,218.4071,175.1583,155.1848
786.0261,215.8517,176.5186,159.5505
792.0945,216.7218,167.7894,159.9190
791.8896,216.5311,166.4268,157.8081
791.7826,219.1291,166.4375,156.5997
784.1527,220.8318,174.0751,153.9489
783.3099,217.9334,176.2231,157.2064
783.8588,219.0168,179.3001,155.1035
791.9310,217.0644,171.6298,158.1336
794.3041,228.5520,167.2026,146.6367
792.5482,229.5705,165.5340,145.8586
788.0615,229.3420,169.6335,145.8864
788.5443,228.9951,167.1623,145.2626
783.3568,228.3521,172.1545,146.8968
784.9345,230.9142,167.2149,143.9156
783.3815,230.6380,171.7397,145.1608
781.6981,229.3081,172.1104,147.1831
773.0699,228.2651,179.4053,145.4725
770.1811,231.1055,182.3582,145.1073
771.5090,231.0576,180.5796,154.4959
765.7590,232.1112,169.0177,154.2830
762.3915,232.8447,173.3209,153.3835
757.9982,232.9428,178.1190,157.9725
758.3000,233.2193,167.8518,153.6377
758.3156,235.3734,174.9086,150.2266
758.3738,235.1024,185.7702,151.1819
754.3058,235.4980,190.0435,152.7224
748.2613,235.5894,195.9296,151.5702
776.8532,240.0631,165.1360,146.4858
776.0713,239.6279,165.1583,154.6773
778.8828,240.1948,166.1588,154.7725
781.5615,243.8482,162.7515,150.1811
777.4518,244.5378,176.9934,149.3020
777.9933,240.1999,172.7171,154.3460
779.2990,242.8898,171.1875,150.8653
778.8308,243.9684,175.4138,149.8846
779.9995,246.9186,171.6724,147.3345
775.3538,249.7468,178.7086,143.9032
775.2955,250.9349,175.4712,142.7524
770.1241,250.9655,179.8102,143.2386
762.8230,253.5761,184.2023,140.6585
763.4240,253.8789,180.8282,140.3523
762.8718,254.3942,178.8038,139.8522
763.3004,249.4165,179.2311,144.5892
759.8804,260.5145,181.2469,132.2588
752.9557,263.8763,189.8164,129.9129
746.1448,262.4171,197.3346,130.5877
749.0038,269.8597,193.8667,119.4365
748.6197,270.1937,195.3224,124.8459
743.6424,271.2827,199.1369,123.6068
744.3355,277.0763,197.9408,119.5717
758.7816,281.3019,203.1738,115.1449
759.1661,281.0544,202.6111,130.6492
759.3786,281.3145,202.7616,129.8783
769.8345,280.8552,190.6294,130.9218
770.4941,278.8475,190.4858,132.3487
2
0
0
0
0
1
422.7000,157.5679,181.9030,169.5879
416.7534,161.4082,190.1237,164.5625
414.1197,157.6700,192.8898,164.0648
419.8231,158.5545,187.2040,165.6375
419.5374,158.7164,197.9092,163.1591
423.7296,158.0384,191.7052,166.2602
422.2299,158.9423,192.9282,165.2515
416.5698,159.0995,196.3079,165.8278
405.4316,159.0609,207.8793,168.8631
401.4024,159.2294,211.3666,178.9141
399.2669,159.4123,214.7975,182.4464
426.0778,157.9002,189.1078,186.3640
425.0488,155.6681,195.9496,188.4187
423.6255,157.3696,199.7822,187.2196
424.3355,159.2002,200.4001,185.2731
419.7977,157.1333,210.4642,187.4076
408.3077,157.2600,217.5203,185.5697
431.7155,157.9113,206.7233,173.9921
431.1159,156.5108,205.2809,184.6814
429.2585,160.2390,203.0072,171.5845
430.4088,160.3778,203.1132,171.7014
421.9538,161.3308,212.2519,170.1875
419.7423,164.6857,214.9759,166.7348
415.3654,159.4752,214.2753,175.6050
416.3836,155.5277,213.7266,179.8959
419.3905,160.1842,208.9403,175.7183
411.3196,160.0988,233.6886,177.6637
412.0091,163.0960,227.0829,173.8659
405.5025,164.0736,252.1249,172.1469
391.3076,158.4130,266.8785,177.1648
389.8454,156.0164,268.8717,143.1443
390.3511,169.2676,266.2069,127.8714
410.9500,163.5420,252.8280,134.2454
418.1148,168.5957,249.0609,147.6885
414.6736,167.9148,252.0132,148.1352
414.7224,165.0471,272.8264,147.6840
428.5660,158.4680,265.8790,150.3984
426.0899,160.6492,277.7713,159.4941
427.8080,161.8894,276.1284,157.1596
444.3335,159.0866,259.0895,156.9248
456.2772,162.0412,254.7310,152.2090
453.3515,155.1059,258.1469,177.7975
465.1425,156.6829,246.4222,176.8273
490.3964,152.7229,232.8173,178.2911
486.6545,153.7680,238.7054,178.7330
494.2755,151.7840,229.5758,191.7915
496.0789,150.5852,226.5451,192.7836
496.9644,163.9728,244.0499,182.5684
521.2735,163.7839,217.7413,179.5950
517.4574,166.0019,222.7103,177.9258
2
0
0
0
0
1
375.0665,208.5601,140.8562,120.8690
370.9076,206.1727,150.0268,130.8215
375.0280,199.3830,144.6647,131.6794
375.0790,206.5519,150.2993,136.0332
374.8385,197.3218,151.1122,146.5352
363.7700,198.2864,148.4053,140.4777
361.5950,206.8579,150.6449,137.9067
366.7703,203.8480,140.4709,143.1084
374.6469,206.4341,133.8019,144.1403
375.7986,206.2666,140.8561,140.9091
373.8200,199.8854,140.2823,153.4023
361.5912,199.8341,150.9969,153.9919
352.8637,198.3925,161.4294,158.4891
359.0421,206.2371,160.4966,150.6715
364.0969,205.8263,137.0566,150.4774
360.3146,203.0894,144.0949,153.4776
356.7000,204.1844,154.1229,143.4158
357.9273,202.1585,147.1522,142.6868
359.6434,201.6689,153.1092,141.0684
360.1485,216.0495,158.5350,115.1761
357.4161,217.4505,161.7623,111.3446
348.7276,219.2196,145.0504,110.2152
353.6872,220.9639,146.4289,108.6308
355.1336,220.8403,151.7730,107.6430
349.3155,221.1091,154.5945,109.0191
351.4089,217.3587,148.9604,113.1576
350.8275,208.5073,148.5703,127.8028
350.5163,211.9281,154.4605,123.3391
337.8882,209.7278,165.7828,128.6469
351.4034,206.9704,151.5348,134.0871
342.2122,213.6073,158.1595,129.9753
324.9762,215.0971,174.7259,125.0004
323.4415,213.9746,177.7343,119.0555
323.2315,214.4713,176.6883,117.7396
324.7563,214.9859,182.2077,118.8232
322.8623,210.8009,182.9371,124.3068
321.3347,210.5054,181.5391,126.7719
322.9061,209.8647,182.0737,127.7920
320.8319,209.3042,183.5273,124.6257
322.4464,208.0789,182.4455,122.0185
326.6719,212.5554,176.4295,125.5279
316.5020,206.4139,183.0535,136.1282
316.9952,205.3706,181.2070,138.0757
314.7191,204.8415,187.6139,134.9730
321.9443,209.4547,178.4535,128.1529
319.9960,208.1022,182.4628,131.0351
319.2758,207.4977,185.0862,125.8245
318.8851,207.4388,178.0133,124.1109
318.5004,211.4358,174.5868,121.9399
320.6168,207.6633,172.9185,123.4728
325.1661,207.7724,159.4192,123.8340
317.7851,206.8699,178.3915,129.1504
317.4232,206.9693,177.5763,128.6862
321.4475,206.3950,175.8576,126.6938
322.4569,206.2096,160.1478,129.9209
323.3254,206.3262,163.4784,130.6651
326.5254,211.3812,164.2413,123.9124
325.9311,212.3722,154.4020,117.8006
324.9919,204.2228,169.5154,126.1368
314.5265,195.4201,180.1493,134.1202
312.7247,200.4635,172.6449,132.1007
313.2820,191.1327,157.4654,147.3349
313.8451,190.2766,155.0651,152.6396
313.7543,196.7662,161.2909,138.8507
296.6606,187.3099,146.0295,139.1635
286.5285,188.4908,169.1596,141.7483
286.7492,188.0770,164.6910,150.0450
272.8765,192.9675,176.9962,139.2569
270.2937,188.5859,181.6703,151.8014
269.1311,186.7861,179.9559,153.4990
263.9001,184.0190,180.6242,154.7050
265.0239,221.4253,170.4211,115.1223
247.4300,220.5059,187.4290,118.0748
245.0219,223.8741,189.6608,114.2559
232.2002,221.8756,196.8675,102.6045
228.3838,222.6960,199.6254,91.5394
219.2396,219.9266,208.0705,93.4671
227.7113,220.0079,201.4170,92.2615
228.5527,218.9969,202.3548,87.9325
229.3645,219.3773,193.0933,88.9863
235.5258,221.7611,190.2738,82.9412
236.2405,219.5851,189.3153,85.4649
231.2890,221.4619,203.1859,83.0261
230.0319,221.7807,201.6913,85.7088
231.2267,223.3199,183.3981,83.4882
223.9023,227.8138,185.9628,89.6399
220.6750,224.3768,192.4089,89.0726
233.3048,224.9943,175.8844,87.2705
224.8477,226.5351,178.3394,86.9469
223.1368,226.8510,173.9866,86.9708
215.0321,225.3444,174.1825,92.5911
212.7341,225.1586,172.7308,89.1197
211.2383,224.5994,168.7454,94.3313
207.0063,225.6597,172.2427,93.8260
201.9646,225.7578,173.7311,93.8262
197.0448,227.4248,171.3606,92.4669
195.7719,230.4132,162.4642,89.2768
197.5754,229.2922,168.1965,89.2751
198.2782,227.0452,170.9443,98.1583
194.9405,226.8060,171.8804,92.0289
191.1743,226.9417,172.5977,91.1195
190.2572,227.3140,170.8324,90.2995
188.3522,227.2309,158.4230,90.0887
186.5358,227.2177,159.6969,89.1753
181.1059,228.2460,163.5614,88.1926
176.1762,227.1492,170.0655,87.8098
177.5523,226.7745,165.8518,88.1007
174.3549,228.3253,166.4641,92.4059
174.7553,227.6016,161.3447,93.2300
172.8520,226.7406,163.1984,91.0073
174.0853,227.0090,161.2672,88.8139
171.8677,225.4041,165.6364,92.0208
154.8661,225.0691,182.7695,88.5320
143.2669,225.1892,192.4927,88.3357
142.0548,224.0133,189.1655,88.7726
142.9208,223.0617,182.1207,89.8947
146.2029,222.4570,186.7288,90.2604
145.7883,222.5338,186.3849,89.7917
144.8321,223.4492,185.7569,96.9342
144.5743,222.3568,177.7257,94.3908
143.8959,221.1765,177.0978,95.0276
140.5423,221.3010,181.5367,91.2764
139.8208,221.0838,180.3781,91.8138
140.2386,222.1611,178.2647,94.2711
129.2566,222.8812,189.3808,91.3533
127.9947,221.8671,189.2736,92.4515
128.1405,224.0118,183.6857,91.0837
129.4758,223.3575,184.6199,92.9373
125.9253,223.9505,190.5056,92.6435
125.9943,223.7569,196.1309,91.5396
118.6034,224.3762,206.4597,91.9275
119.5134,223.6947,205.2417,90.0903
117.2031,224.8158,205.6037,91.4171
110.6373,225.0589,205.2363,89.7005
110.1289,224.6728,214.5098,90.0479
112.7994,225.7375,201.4372,89.1704
120.6972,226.0296,196.8703,90.4795
119.1629,226.8291,198.5315,89.6117
108.3392,226.8273,194.8544,92.4586
97.5840,227.8000,193.4986,92.8354
98.2400,226.8922,193.1801,94.4520
107.3832,227.5878,184.0132,100.1497
92.7373,227.2387,181.5204,98.4478
86.3130,226.6084,182.3281,100.1475
86.9146,229.4769,179.7471,95.8504
84.9501,229.0920,178.8654,98.2751
89.5326,229.2502,165.2471,98.3322
87.0794,229.3768,165.1065,97.9243
87.3933,229.6037,162.9455,100.2863
89.0418,229.9259,146.8701,100.1798
89.2755,229.4201,141.6552,102.4050
89.5724,230.1664,129.2631,102.6074
90.7946,229.3841,127.1582,99.5627
88.8726,230.4168,124.7786,101.7855
90.7210,229.0893,118.7737,105.1494
91.6757,229.2523,117.6176,104.5460
88.2892,230.5654,124.1308,103.2006
87.7490,228.9064,123.6277,108.7299
88.3080,232.0503,124.4977,104.1473
87.4289,231.5663,124.2386,100.5226
86.3815,232.0261,124.1531,100.3388
84.9770,231.3799,122.3390,100.0754
83.7054,230.0053,123.3983,101.4397
84.3693,231.0531,122.9243,98.6162
82.3433,230.9241,122.4070,98.8908
65.3119,230.9272,135.5418,98.8466
56.8157,231.4686,139.4223,96.1843
58.2782,230.8854,139.0104,95.7153
32.3897,231.4044,161.0285,93.6890
31.8026,230.8405,164.6564,95.4724
32.6905,230.5520,165.3947,95.0458
39.6680,229.3848,157.3673,95.7971
39.1020,229.2267,159.2886,95.1106
39.2383,227.8251,161.2246,95.3032
29.6993,228.1255,169.2495,95.6267
29.8093,226.5350,167.3437,95.4046
30.2456,227.3734,161.6943,93.8563
23.7862,226.5799,161.3850,94.4517
23.5870,225.3471,156.7473,95.3320
21.0405,201.4491,157.4178,119.4999
18.4220,202.3854,166.9646,118.4630
14.1129,196.8591,169.3794,123.8680
11.7236,197.6337,171.8966,121.8538
19.9724,195.8076,161.3232,124.0284
16.4592,194.6796,162.9135,124.5013
17.1253,196.6676,165.7108,125.1628
18.0210,195.3430,166.5599,126.3411
15.7699,194.6669,170.3745,126.9283
15.9861,196.5101,166.1964,126.9067
14.9602,200.2802,167.7988,123.2806
15.2010,201.6890,167.8669,117.6206
15.9267,203.3532,166.9373,120.7585
14.5464,202.0629,166.6071,119.4145
15.5707,201.8545,168.0024,119.0426
15.1715,202.4691,167.5646,120.7871
14.7359,200.7462,171.1348,121.3896
6.0470,198.6149,178.4916,124.1177
1.8694,200.0604,183.9198,123.2314
1.7401,201.1387,181.8953,121.9535
6.9471,186.2736,181.2096,133.4324
17.1600,186.5772,171.8095,131.8624
13.4407,183.6514,174.1968,134.8589
12.3014,184.6489,176.2413,134.7379
13.6980,183.8647,175.3141,133.2325
13.9049,183.2734,175.6347,134.0274
13.6262,184.1618,176.6064,130.5983
7.6650,184.7176,177.1849,130.2602
9.6693,184.5554,178.2269,130.9606
8.0234,184.6962,180.6149,133.7354
3.0735,182.5154,182.9572,134.3084
4.5020,182.2306,184.4668,135.1482
2.7859,182.0280,182.3449,132.8876
7.9347,179.8443,174.3792,135.3603
20.6532,180.0645,160.8965,134.5623
10.3823,181.6593,174.1480,133.7788
8.5724,181.4763,173.8200,132.8951
7.4447,177.2078,173.9892,138.2246
14.2615,178.3313,167.9046,136.8647
2.5406,179.3137,179.7424,140.4315
1.7146,179.6502,180.7554,136.0914
1.9553,180.1233,179.6417,135.7339
3.9596,179.9136,177.9596,137.5005
3.4557,175.7599,178.9950,141.6105
4.3004,175.9313,180.2881,140.6926
3.4032,175.6442,181.8852,140.7739
4.3437,174.5154,179.5485,142.2955
6.3857,176.6968,178.0249,140.3077
1.4740,176.6204,182.8866,139.1263
2.2317,175.5569,177.1808,140.1674
6.4610,174.9938,170.7072,141.0171
16.2157,173.4261,157.9350,142.4818
21.9470,172.2535,152.1819,142.7765
25.2808,170.2861,148.7340,153.1192
21.6907,171.9279,156.3444,151.3203
21.7680,171.9096,151.7326,150.3103
21.7475,173.2214,153.0844,148.9807
21.0625,171.5025,154.0732,149.0715
22.0974,171.5333,154.0509,149.1011
21.0807,173.4075,155.2204,148.0179
21.1969,174.6098,156.2952,146.8733
21.0864,174.4789,155.8156,147.2074
23.1387,171.0428,141.6182,150.9890
23.4937,172.9262,140.8538,149.3759
23.1996,172.0443,141.4696,150.1243
23.5709,171.7025,141.2789,150.2954
22.6202,171.4930,141.0817,150.9633
24.5285,170.5200,146.4460,153.0809
24.3722,169.7254,147.2273,154.4804
24.9769,169.6033,145.6844,154.4677
25.3926,170.1673,144.8156,152.8830
34.0641,168.6636,136.9875,154.5023
42.1098,175.5140,127.5979,148.3383
46.9372,177.6916,122.9995,145.5926
51.5765,177.2250,118.0187,146.2491
56.5489,179.8748,113.2732,143.9406
57.8907,177.7883,110.7713,145.0629
58.2474,196.8311,110.0288,126.8011
58.4646,198.1656,109.6554,125.1015
57.0844,196.9513,111.2702,126.9072
59.1984,196.9725,109.9073,126.5251
62.5776,199.3628,105.1623,124.8854
68.8174,204.7372,98.8252,118.3938
67.9293,203.9147,98.4011,116.7905
68.7335,204.3260,97.8435,118.0406
70.6627,202.6925,93.3960,120.1943
71.6130,202.7448,88.6267,121.0699
74.3736,197.6392,88.3094,124.5750
75.6775,189.6518,88.5760,132.7904
74.0888,190.9627,90.3415,137.0125
73.7179,192.8368,90.4812,136.6290
75.8528,190.8626,89.4033,137.4964
73.2113,192.8809,92.5726,133.6667
70.8009,193.7244,102.7292,133.0553
70.4900,186.9581,107.1850,139.7317
69.6743,186.1470,108.8843,139.0130
69.0716,185.4201,120.5263,140.2993
73.4934,202.7117,122.7380,124.5100
74.0351,204.7530,131.1245,123.4836
76.2551,204.3256,130.8934,122.5778
75.7014,205.2833,132.0841,120.9104
76.2181,208.6075,132.9500,117.8185
79.9571,206.9529,128.8136,119.7984
81.2391,204.7352,128.5709,118.5595
80.6953,205.2036,128.4962,117.7640
66.6519,206.1705,140.1306,116.9074
65.7447,206.2180,141.2677,117.8471
64.3563,205.5189,145.9098,118.3788
65.1165,206.0896,141.3783,117.8349
62.4148,210.0464,146.6346,114.1406
64.6680,211.5433,145.9637,116.0507
63.1587,213.1569,147.3876,114.3482
65.6597,212.6631,148.4707,113.2679
59.7565,213.6472,170.6419,116.7121
59.7069,213.0978,174.2321,116.9707
59.0371,214.6008,165.6719,114.8211
58.9285,215.9105,165.0228,113.7195
60.4507,216.7983,163.6445,113.4089
61.7590,218.5690,163.5020,117.3285
62.9960,215.8947,160.1744,120.7759
65.3513,218.1059,157.0897,118.1188
65.7812,219.7591,159.5910,114.6661
67.7966,217.4669,157.6183,116.3840
67.1118,214.5536,158.1328,120.2712
67.0258,217.9381,158.9543,115.7811
66.9487,218.1120,159.0495,117.0858
70.1785,222.6799,156.5731,112.5514
64.5378,221.7000,162.0802,113.6401
69.2848,223.4175,158.4713,111.0225
70.7376,225.0145,156.0892,109.5885
72.8267,223.6173,154.8604,111.8974
75.1775,220.8978,152.5209,114.3416
73.1356,220.0515,153.9097,115.6261
71.2058,219.2869,158.2302,114.7238
66.4743,217.7355,163.4378,117.3452
66.5796,222.3459,163.9958,112.2673
66.5522,223.0533,163.1912,111.0812
66.4316,221.4753,164.4248,113.0284
64.8730,220.2664,171.6573,117.0390
72.0104,221.3476,166.7260,115.8060
71.9727,219.7079,166.3989,119.1269
66.4195,221.4203,174.8467,117.9655
68.6651,222.2988,170.1041,116.4198
70.2435,220.6674,168.1349,118.7778
71.3503,220.6427,165.1553,119.1176
71.3543,222.1209,170.7222,136.2439
73.8355,221.7941,172.1464,137.0801
75.0329,221.2950,174.6485,137.8192
73.1872,223.7833,179.2268,105.7854
70.2906,226.1380,189.2363,103.9055
96.6518,221.9542,162.4326,107.8018
93.9339,222.0883,165.9619,108.3841
93.2517,220.1101,164.9020,111.6836
91.3949,217.6831,167.5757,114.5852
89.5677,215.8607,168.9380,116.4649
89.8052,214.6341,166.4156,117.2390
90.5500,211.8867,163.0042,120.5570
90.3078,220.6186,162.9175,113.3808
75.3405,223.3993,173.9895,112.9027
75.8412,222.3666,175.3935,116.0131
73.7108,224.8826,179.0133,113.7647
64.1111,226.0732,192.4927,106.2522
64.9063,230.0811,191.7873,101.1105
61.7240,232.4557,186.3132,97.9583
55.2607,232.6755,192.4927,97.8329
47.9885,234.8854,196.6508,94.9068
51.5327,238.2685,210.9643,97.8844
53.6515,237.7339,197.0606,99.1566
58.0253,240.3400,200.1663,100.6186
60.6381,240.9172,206.8392,98.7858
60.3140,240.0979,205.7726,98.9790
59.9507,238.8150,212.5465,100.7340
64.2347,239.2008,195.8320,99.6725
51.6264,237.5029,210.5250,99.8270
46.0562,239.0494,216.5931,97.2598
44.0570,237.7246,223.8799,97.5288
65.3105,237.5385,198.6103,97.6644
69.4759,238.2641,189.5055,94.2986
72.3177,238.1151,195.7898,93.5605
81.5891,236.7317,187.7756,93.9664
77.0534,236.4452,183.7430,93.5342
76.1764,235.5101,183.1950,93.3550
77.4422,234.5623,184.7730,93.0283
72.1328,231.4676,192.4927,93.6629
73.0537,230.0193,193.8335,95.3226
67.5897,229.8871,201.4832,94.6138
73.2176,228.8941,199.0549,95.0367
69.4319,226.6584,194.4677,97.1462
75.8131,227.6227,190.1573,94.4852
82.0501,224.3928,184.1828,93.4885
81.8829,224.4731,183.4261,94.6603
75.1965,224.3481,189.7664,92.7810
74.8752,222.3153,187.3999,92.2296
75.9554,220.2187,185.9872,93.2423
86.1258,220.0016,176.2530,94.5370
88.3298,221.1110,198.8859,92.1442
87.1196,220.6467,200.9568,92.8060
88.7044,221.2064,199.9878,91.8892
86.0247,219.3852,203.4297,91.2413
82.3743,218.4207,212.4092,91.3724
85.6255,217.0362,211.4785,92.7912
93.8196,216.8651,180.9221,96.4489
94.6866,216.9837,184.7539,96.5039
102.3833,219.9826,184.5040,94.6945
122.2661,220.9878,166.3773,100.6679
119.4094,219.3595,170.0504,103.0408
118.5850,219.0484,173.5969,101.5622
120.6492,219.4365,176.1910,103.0529
144.9654,219.0422,160.3495,102.5593
149.2692,219.4605,158.5755,102.7280
149.1240,216.0977,164.3760,105.4406
134.5004,217.2323,183.8844,103.0283
138.0848,217.4957,175.8982,102.2894
142.0523,216.6876,178.7696,98.0283
143.8758,216.7024,180.2769,98.9033
147.2244,216.5189,179.9289,98.1754
137.4881,216.5858,191.0342,96.0607
140.1978,218.6734,187.0421,92.0492
142.3860,220.1001,185.7071,91.5553
142.7200,218.8286,187.0427,93.3482
144.0835,219.7234,186.8931,92.1770
142.9902,219.4219,201.5566,93.6833
156.2170,217.1575,193.6308,94.2818
148.8481,215.6814,202.4755,90.4328
151.3614,214.9059,205.5538,92.0642
154.2543,212.9614,197.9122,93.2593
153.3856,212.8186,196.6859,92.6375
152.3680,213.1131,197.1708,93.0036
156.5716,211.1731,197.5481,94.7065
157.1362,211.3856,193.8717,95.4202
158.9030,211.2807,193.9109,94.8111
161.8831,212.0787,190.5131,94.1149
165.3309,212.3187,203.4297,94.1861
177.6845,211.4294,199.3887,94.1860
191.6225,211.9854,185.6172,91.3298
196.1371,212.3414,172.9879,90.0042
200.0591,212.2467,163.9458,89.9750
204.2600,213.6135,176.5038,86.6156
204.3407,211.4163,177.9955,86.7551
204.2522,212.4166,180.1108,86.8196
202.0529,212.6010,183.6101,86.1900
203.7790,212.4166,180.5591,87.1037
204.3379,213.6596,181.0947,84.5084
209.2724,214.1987,174.9573,84.2805
212.0444,212.9040,174.3021,84.5901
211.2394,212.7988,176.0131,84.4221
212.4210,212.8741,172.9220,83.9393
214.7119,212.9666,170.3934,84.1464
213.9079,212.3015,186.5659,86.7571
215.6017,213.7021,187.3941,84.4830
216.2138,213.0902,187.1232,85.2495
216.7682,212.1845,179.3054,86.2530
217.3490,212.6700,181.5060,81.7594
219.3698,211.9274,183.1139,82.7707
220.7798,213.7984,179.9094,80.7831
220.5278,211.9646,182.6348,80.9323
221.2846,212.6043,180.5349,81.0803
220.0420,212.6401,183.6719,80.0895
222.3311,212.6577,195.0753,81.8199
223.6671,211.7857,196.7890,82.1613
226.4921,212.1689,197.3217,81.8006
223.8838,211.5670,198.1743,83.1262
225.7334,211.3926,197.4696,81.6234
228.3535,211.4402,200.2355,85.3075
224.0840,213.6702,204.1860,82.9791
223.8746,213.0937,211.5919,83.8734
234.8491,214.0323,201.2423,82.3717
239.3798,214.4901,200.0406,87.3832
239.2667,213.9087,204.4525,94.5947
238.5170,212.4737,204.0599,98.7351
241.4276,211.8986,199.5225,100.7910
242.9134,211.9671,201.6674,100.9210
242.0601,210.8993,200.1232,101.6966
241.9223,211.4838,201.3418,102.1699
239.3566,212.6006,201.1011,102.2151
242.4505,211.6726,198.6964,102.8588
244.2490,212.4005,195.7767,102.1879
243.6018,211.7683,196.6913,103.5500
266.2194,210.0502,189.6004,102.8524
259.6297,210.0903,193.9292,102.3818
259.6746,209.8398,192.1052,101.5642
263.1744,208.1378,194.3292,105.8321
259.5370,208.4562,194.0564,106.8032
259.8682,208.0523,194.0468,104.2973
267.8673,206.1798,184.6061,105.9083
262.4957,206.4116,189.8168,107.7025
263.0737,196.2455,187.7784,120.2375
263.2947,195.9391,185.3008,119.4293
269.8596,197.4018,175.3826,117.5892
267.9427,200.2565,183.6369,116.7291
268.6112,200.7028,178.3030,113.9723
258.6672,199.7158,190.9648,116.8490
258.1416,201.3681,192.4622,112.6377
252.1126,200.4106,201.2561,113.3065
260.9456,198.2996,190.5215,116.9442
263.3428,198.8746,192.1924,116.3194
263.1806,195.7856,187.9496,121.5888
263.6268,198.9329,187.5111,115.7342
264.3211,198.7822,186.1533,116.8242
265.9004,201.4287,185.3752,114.9655
262.2044,196.1898,185.9227,121.4217
261.1002,196.3596,186.7577,121.6400
263.3430,197.2911,184.0589,122.6005
264.2500,198.5545,182.0544,119.3810
264.5820,194.9200,183.9239,119.2616
268.4779,196.0045,189.0537,116.2779
266.8472,196.3206,194.3468,117.0966
265.4238,196.8930,195.8536,118.2703
266.1317,199.0045,179.4388,118.4621
269.1236,196.8576,176.0872,120.9638
263.3193,194.7861,185.6438,122.9741
269.8963,195.0981,179.1979,116.4848
261.0283,195.1314,191.2644,114.6639
269.9619,193.2492,186.9063,120.7164
280.0894,190.7256,176.1392,119.7656
276.9174,198.8138,176.6048,111.1183
277.6986,195.8442,177.6857,114.4305
285.9471,191.9933,173.6157,123.3124
278.6901,194.3778,195.0005,121.2759
275.6014,193.8409,187.8640,118.6970
298.7740,190.0146,172.4949,117.6686
280.5963,189.5028,190.3053,118.7786
273.7891,188.2418,205.4432,121.8040
261.2059,188.5715,210.8150,121.4924
270.5394,186.1520,186.0967,122.4892
271.3477,180.0767,173.5287,130.7293
266.3194,173.9279,181.0888,137.0202
278.7325,175.9230,168.8971,135.0009
274.5335,174.1139,175.0788,136.4512
274.9387,174.1475,170.8768,136.2744
272.6920,174.3367,172.9657,135.8648
274.2848,175.2878,172.3856,135.8463
270.7672,174.8069,180.9409,135.8071
275.8645,174.9995,171.6317,135.1762
263.8606,171.1872,184.0574,140.1551
260.7039,173.3831,186.0021,137.2133
263.8806,171.4996,184.5162,138.6425
263.3215,178.3816,182.5667,132.2342
263.0383,177.2653,184.5138,132.9193
261.8985,172.3279,184.1574,138.9472
267.6015,172.8113,178.4874,138.6050
267.3674,172.3091,179.1537,138.1109
268.3954,172.0739,179.0709,137.9763
270.6728,172.5554,176.7165,138.0161
270.7269,172.8620,177.1764,138.3649
273.3448,174.5624,175.1156,136.9767
277.4501,177.3438,170.8583,133.0227
276.7360,174.2484,171.2242,136.2549
266.7000,175.3858,181.2237,135.1753
266.5574,176.3660,183.1130,133.8361
267.2116,179.8217,183.5062,129.8470
267.4044,179.3825,184.2257,130.0266
262.0851,179.7879,187.1639,130.4675
261.0373,178.5348,188.0034,131.8971
278.2904,177.8923,170.9751,132.9707
274.3647,177.2292,174.6469,129.5525
263.7605,177.2111,184.0677,130.1522
266.8048,179.6566,180.8505,126.5212
268.1614,180.3170,180.5213,126.1256
270.2687,179.6999,177.2824,126.1594
270.2995,180.1482,177.7142,125.9873
270.0700,180.3334,176.7628,135.7117
269.7031,180.1296,175.5580,134.6650
271.2760,178.0093,175.3543,136.0841
270.1007,164.1808,176.7056,150.9371
281.0286,165.0106,166.5256,149.2945
276.4994,164.7377,171.8273,149.4511
280.6254,177.5924,167.0237,136.8481
278.3445,167.5642,170.0520,146.8091
279.9856,167.9359,167.8630,146.3104
278.6722,170.1068,169.5982,144.6418
277.8831,175.5909,170.4196,139.2961
280.8582,175.4756,168.5254,138.7412
278.6744,177.6621,169.8203,136.9133
278.7568,167.0422,169.6254,146.9853
281.2410,166.2213,166.7990,148.1131
281.0098,166.0935,165.9240,148.9587
282.5084,178.6739,163.8589,135.3813
282.0272,180.7005,164.8250,132.6589
278.6831,181.5942,169.6878,132.6651
281.0490,180.0166,167.2649,135.0609
274.9432,180.9769,174.0603,133.8598
276.0329,181.6716,172.5499,132.4161
283.4815,180.6060,164.0383,133.6973
283.9770,181.3461,162.4264,134.5580
289.2188,181.4964,157.7348,133.0168
285.0748,178.5737,164.1223,136.4867
292.8353,177.2978,149.7946,137.4428
278.0789,176.3929,166.0423,138.5112
278.6346,177.2145,166.2727,138.3510
279.1482,182.3289,166.1299,133.4627
273.1282,182.3004,174.1390,132.7277
276.3955,181.0248,170.5049,134.6325
275.6587,182.0504,172.8771,133.6097
277.3041,178.4547,170.6057,136.9860
279.8397,177.0663,168.3818,138.8736
278.5562,179.6200,169.2795,135.8008
280.6890,182.4997,166.9105,131.9718
280.2523,181.6812,167.6573,132.8711
281.5131,180.9956,166.0645,133.7294
277.5230,179.4676,170.1901,136.0998
283.6432,181.1143,164.2200,135.1709
287.4927,179.7682,160.3787,136.0844
276.5016,182.8823,181.5556,132.8792
277.5609,194.5172,184.5360,122.2908
277.0135,198.3828,189.2377,116.1385
276.0410,195.6718,179.5292,118.6619
275.7355,194.6948,182.2932,119.5516
275.8134,195.6648,191.5939,118.5794
267.1018,197.8171,197.9029,117.2934
262.5771,197.9008,201.5145,116.2822
263.2194,194.7516,201.5328,119.9778
269.0540,195.0430,193.7458,120.6758
273.9843,195.3276,188.7226,119.2698
266.0182,187.4967,203.4297,125.8096
265.5732,188.3154,204.8268,122.3486
267.7613,189.7766,199.6056,120.7073
272.6121,194.5122,196.8675,116.6017
282.3671,200.3176,188.5530,107.6732
285.4197,204.3831,186.7349,101.9646
295.7206,205.8754,185.1036,97.7704
278.5760,203.2826,192.2118,100.3627
280.5887,203.7224,208.9635,99.4813
281.1892,202.9604,208.3519,101.1325
287.2072,204.3931,204.0936,97.8419
294.4885,203.3144,207.8046,98.9328
294.7845,201.0764,204.1574,100.6520
294.7298,202.4989,201.2126,99.9185
290.9604,199.1709,211.4972,102.3655
291.6509,190.7551,208.8418,110.2568
284.9738,199.5707,212.2147,102.6206
294.7547,203.9466,205.5530,100.9994
300.3519,204.8849,203.5104,105.5109
304.1259,205.8928,201.4188,104.5741
305.4111,207.1044,197.3500,102.8838
310.6158,206.6167,182.2878,106.5100
319.1137,206.0870,182.7423,106.9262
318.6118,207.2287,187.2447,105.7529
326.0247,208.4480,191.4666,102.3224
324.1559,203.9820,198.1914,104.8224
341.7538,205.0515,196.8634,98.8790
344.3599,203.2374,185.8808,100.2814
346.8867,204.1562,186.4441,98.9184
345.8972,204.0680,209.9920,96.4022
344.1105,204.0236,214.5851,95.6094
354.4343,206.9658,222.4123,92.1430
369.9419,199.9800,176.0736,100.8737
359.2932,200.2885,190.0105,100.8913
363.6413,200.7504,188.8423,100.4194
362.1920,201.1302,190.8522,99.8338
363.9746,202.1409,195.0953,100.9037
362.8677,202.6507,198.1962,100.6396
368.9771,202.4924,195.3227,100.2816
361.3844,205.2624,201.6380,98.5285
361.9867,206.9948,201.4749,98.1949
370.0094,212.6873,189.0950,94.8885
395.3509,210.6627,165.6318,99.4789
401.7751,213.3712,162.2146,100.4097
406.9600,214.2861,163.3613,99.1701
416.6268,216.1340,157.3609,99.8634
440.9235,234.1251,145.1931,85.3746
452.6552,241.2337,143.0910,82.5212
464.7513,243.2511,149.3641,84.0512
475.9732,243.7980,148.2233,85.9243
485.9996,244.9171,142.9632,81.8153
501.6639,240.9699,129.2039,84.4993
496.1072,241.0252,134.2542,82.4102
501.5870,239.6614,129.2370,80.4236
505.5362,238.3414,125.3499,80.6768
510.4783,241.9959,119.6785,77.7729
517.7708,231.8241,112.4218,88.9338
525.8815,232.3383,102.0720,94.8691
531.5635,235.2499,101.5322,104.7204
543.2436,237.0112,96.0823,105.4759
552.8353,237.4886,86.8111,105.3751
557.2659,239.2375,109.3381,105.8220
2
0
0
0
0
1
718.6262,219.2728,142.3653,80.4904
716.8436,227.8498,148.0269,75.1046
711.0674,228.0937,154.9805,79.4036
741.6656,225.1343,131.9844,96.2468
742.9254,223.2399,138.2715,98.0115
746.1440,223.1107,138.5789,99.2033
730.9710,223.6361,152.5209,100.9727
734.4944,224.3812,152.5776,109.7941
731.1085,225.5852,160.4251,118.0193
735.4376,226.1666,166.6977,116.4872
738.4326,223.5179,170.6565,119.7158
736.5206,222.5838,163.9118,115.3822
739.1931,219.3064,158.1012,118.3741
750.3231,214.3818,151.1331,122.7350
750.7346,222.2914,156.3658,113.7703
755.4141,217.2271,150.1632,118.6048
749.7576,217.0863,157.3168,118.5829
755.9030,215.5747,155.7144,119.6715
759.5474,214.9153,156.4727,120.7840
765.6692,215.4816,155.0071,120.1843
755.4716,212.0239,156.2493,123.4601
756.9447,200.7343,157.9750,136.1874
758.8779,200.6590,156.7030,134.8596
753.1349,198.6980,165.6726,129.1015
754.9890,218.5158,165.3811,112.4933
755.3622,217.8740,167.2680,110.2825
767.8107,218.1832,153.2863,110.0851
769.9977,216.8978,140.8794,111.4130
771.5623,215.3516,140.3030,112.5870
774.4422,214.4329,138.6864,113.1084
