0.000165
0.025427
0.012934
0.012678
0.012456
0.012801
0.012882
0.012762
0.01257
0.013056
0.012677
0.012538
0.013102
0.013024
0.01287
0.012553
0.012802
0.012937
0.013114
0.013008
0.012518
0.012521
0.013173
0.013151
0.013561
0.013655
0.013679
0.013496
0.012484
0.012659
0.013489
0.012873
0.012426
0.013766
0.013539
0.012841
0.013438
0.013648
0.012646
0.01386
0.013087
0.012454
0.012614
0.012349
0.013582
0.012408
0.012409
0.012508
0.012413
0.012172
0.012208
0.012463
0.012454
0.012099
0.012415
0.012476
0.013498
0.013376
0.013384
0.013274
0.012231
0.013058
0.013736
0.01227
0.012921
0.013434
0.012828
0.01361
0.013254
0.01377
0.012367
0.013208
0.013235
0.013983
0.013289
0.012946
0.013753
0.013363
0.012874
0.013346
0.012746
0.013317
0.013033
0.013098
0.012682
0.013304
0.012865
0.012784
0.012647
0.012907
0.012774
0.012723
0.012717
0.012606
0.012671
0.012795
0.01294
0.01253
0.012306
0.012388
0.012401
0.012618
0.012709
0.012663
0.013852
0.013514
0.0122
0.014047
0.013829
0.012277
0.012568
0.013946
0.012347
0.013861
0.01331
0.012335
0.012705
0.01269
0.012334
0.012959
0.012431
0.012932
0.012748
0.012658
0.012793
0.012783
0.012483
0.013166
0.012357
0.012308
0.012986
0.014682
0.012513
0.012914
0.01275
0.012477
0.013558
0.012495
0.01298
0.01392
0.014257
0.012599
0.012765
0.012698
0.012438
0.013112
0.012393
0.012248
0.012383
0.01245
0.012384
0.01277
0.012719
0.01275
0.013225
0.012874
0.012496
0.013174
0.013268
0.013091
0.013161
0.012517
0.012971
0.013223
0.013442
0.012594
0.012609
0.012858
0.013545
0.01324
0.012485
0.013155
0.012554
0.013148
0.012444
0.012485
0.012589
0.01258
0.012926
0.012673
0.012832
0.012482
0.012902
0.013273
0.012584
0.01246
0.01266
0.012296
0.012508
0.012368
0.01217
0.012584
0.012765
0.013057
0.013629
0.012769
0.014186
0.012307
0.012807
0.014811
0.012575
NaN
NaN
NaN
NaN
0.000182
0.026473
0.013257
0.013621
0.013633
0.013597
0.013455
0.01412
0.014135
0.015005
0.014086
0.01427
0.014422
0.014372
0.01414
0.015097
0.014734
0.014652
0.01472
0.015009
0.015084
0.01453
0.014254
0.013455
0.01387
0.013797
0.014976
0.013774
0.014548
0.015113
0.014578
0.014719
0.013876
0.013396
0.013581
0.013908
0.013606
0.01349
0.014101
0.013351
0.013749
0.013473
0.013493
0.01393
0.013847
0.013702
0.013754
0.014321
0.013864
0.013509
0.014271
0.013495
0.013754
0.013921
0.013388
0.014659
0.014352
0.013556
0.014394
0.014747
0.013907
0.014066
0.014874
0.01471
0.014295
0.014259
0.01376
0.014504
0.013793
0.01377
0.015547
0.013594
0.014774
0.013666
0.014672
0.014069
0.01377
0.013577
0.013984
0.013639
0.0135
0.013523
0.013961
0.013577
0.013916
0.01455
0.013632
0.014601
0.013653
0.013752
0.01406
0.015046
0.013663
0.015009
0.014222
0.014333
0.013841
0.014016
0.014001
0.013962
0.014307
0.013744
0.013935
0.013797
0.014547
0.013784
0.01354
0.013834
0.013901
0.013752
0.013885
0.014892
0.013981
0.013828
0.013577
0.013959
0.013911
0.013553
0.013771
0.014242
0.013706
0.013952
0.013594
0.013925
0.013696
0.013858
0.013892
0.014099
0.014108
0.014954
0.015883
0.013347
0.015527
0.013999
0.014675
0.01462
0.014844
0.01443
0.014268
0.01479
0.015096
0.014094
0.014759
0.014664
0.014144
0.013521
0.013353
0.013957
0.01361
0.014463
0.013836
0.013725
0.0138
0.013774
0.013965
0.013958
0.013779
0.013542
0.01461
0.014215
0.01394
