0.11729,0,0,0,0,0,0,0,0,0,0,0,0,0,0
0.17242,0,0,0,0,0,0,0,0,0,0,0,0,0,0
0.15847,0,0,0,0,0,0,0,0,0,0,0,0,0,0
0.17314,0,0,0,0,0,0,0,0,0,0,0,0,0,0
0.17158,0,0,0,0,0,0,0,0,0,0,0,0,0,0
0.17069,0,0,0,0,0,0,0,0,0,0,0,0,0,0
0.16114,0,0,0,0,0,0,0,0,0,0,0,0,0,0
0.1623,0,0,0,0,0,0,0,0,0,0,0,0,0,0
0.16693,0,0,0,0,0,0,0,0,0,0,0,0,0,0
0.17233,0,0,0,0,0,0,0,0,0,0,0,0,0,0
0.17678,0,0,0,0,0,0,0,0,0,0,0,0,0,0
0.15677,0,0,0,0,0,0,0,0,0,0,0,0,0,0
0.17344,0,0,0,0,0,0,0,0,0,0,0,0,0,0
0.16836,0,0,0,0,0,0,0,0,0,0,0,0,0,0
0.1586,0,0,0,0,0,0,0,0,0,0,0,0,0,0
0.14258,0,0,0,0,0,0,0,0,0,0,0,0,0,0
0.1595,0,0,0,0,0,0,0,0,0,0,0,0,0,0
0.14852,0,0,0,0,0,0,0,0,0,0,0,0,0,0
0.15626,0,0,0,0,0,0,0,0,0,0,0,0,0,0
0.1761,0,0,0,0,0,0,0,0,0,0,0,0,0,0
0.1613,0,0,0,0,0,0,0,0,0,0,0,0,0,0
0.16652,0,0,0,0,0,0,0,0,0,0,0,0,0,0
0.17019,0,0,0,0,0,0,0,0,0,0,0,0,0,0
0.15849,0,0,0,0,0,0,0,0,0,0,0,0,0,0
0.15944,0,0,0,0,0,0,0,0,0,0,0,0,0,0
0.15497,0,0,0,0,0,0,0,0,0,0,0,0,0,0
0.16212,0,0,0,0,0,0,0,0,0,0,0,0,0,0
0.1569,0,0,0,0,0,0,0,0,0,0,0,0,0,0
0.172,0,0,0,0,0,0,0,0,0,0,0,0,0,0
0.16337,0,0,0,0,0,0,0,0,0,0,0,0,0,0
0.16464,0,0,0,0,0,0,0,0,0,0,0,0,0,0
0.15662,0,0,0,0,0,0,0,0,0,0,0,0,0,0
0.1693,0,0,0,0,0,0,0,0,0,0,0,0,0,0
0.14733,0,0,0,0,0,0,0,0,0,0,0,0,0,0
0.15689,0,0,0,0,0,0,0,0,0,0,0,0,0,0
0.15996,0,0,0,0,0,0,0,0,0,0,0,0,0,0
0.1535,0,0,0,0,0,0,0,0,0,0,0,0,0,0
0.1737,0,0,0,0,0,0,0,0,0,0,0,0,0,0
0.14888,0,0,0,0,0,0,0,0,0,0,0,0,0,0
0.16745,0,0,0,0,0,0,0,0,0,0,0,0,0,0
0.16142,0,0,0,0,0,0,0,0,0,0,0,0,0,0
0.16133,0,0,0,0,0,0,0,0,0,0,0,0,0,0
0.16574,0,0,0,0,0,0,0,0,0,0,0,0,0,0
0.16247,0,0,0,0,0,0,0,0,0,0,0,0,0,0
0.16159,0,0,0,0,0,0,0,0,0,0,0,0,0,0
0.16828,0,0,0,0,0,0,0,0,0,0,0,0,0,0
0.15465,0,0,0,0,0,0,0,0,0,0,0,0,0,0
0.15903,0,0,0,0,0,0,0,0,0,0,0,0,0,0
0.14588,0,0,0,0,0,0,0,0,0,0,0,0,0,0
0.15808,0,0,0,0,0,0,0,0,0,0,0,0,0,0
0.1511,0,0,0,0,0,0,0,0,0,0,0,0,0,0
0.16577,0,0,0,0,0,0,0,0,0,0,0,0,0,0
0.16584,0,0,0,0,0,0,0,0,0,0,0,0,0,0
0.16423,0,0,0,0,0,0,0,0,0,0,0,0,0,0
0.14821,0,0,0,0,0,0,0,0,0,0,0,0,0,0
0.18505,0,0,0,0,0,0,0,0,0,0,0,0,0,0
0.16445,0,0,0,0,0,0,0,0,0,0,0,0,0,0
0.17385,0,0,0,0,0,0,0,0,0,0,0,0,0,0
0.1814,0,0,0,0,0,0,0,0,0,0,0,0,0,0
0.16348,0,0,0,0,0,0,0,0,0,0,0,0,0,0
0.1666,0,0,0,0,0,0,0,0,0,0,0,0,0,0
0.17057,0,0,0,0,0,0,0,0,0,0,0,0,0,0
0.15661,0,0,0,0,0,0,0,0,0,0,0,0,0,0
0.26414,0,0,0,0,0,0,0,0,0,0,0,0,0,0
0.15623,0,0,0,0,0,0,0,0,0,0,0,0,0,0
0.16183,0,0,0,0,0,0,0,0,0,0,0,0,0,0
0.1537,0,0,0,0,0,0,0,0,0,0,0,0,0,0
0.1527,0,0,0,0,0,0,0,0,0,0,0,0,0,0
0.15374,0,0,0,0,0,0,0,0,0,0,0,0,0,0
0.17134,0,0,0,0,0,0,0,0,0,0,0,0,0,0
0.16267,0,0,0,0,0,0,0,0,0,0,0,0,0,0
0.14604,0,0,0,0,0,0,0,0,0,0,0,0,0,0
0.14322,0,0,0,0,0,0,0,0,0,0,0,0,0,0
0.15804,0,0,0,0,0,0,0,0,0,0,0,0,0,0
0.15847,0,0,0,0,0,0,0,0,0,0,0,0,0,0
0.15102,0,0,0,0,0,0,0,0,0,0,0,0,0,0
0.1695,0,0,0,0,0,0,0,0,0,0,0,0,0,0
0.15442,0,0,0,0,0,0,0,0,0,0,0,0,0,0
0.1619,0,0,0,0,0,0,0,0,0,0,0,0,0,0
0.15674,0,0,0,0,0,0,0,0,0,0,0,0,0,0
0.15803,0,0,0,0,0,0,0,0,0,0,0,0,0,0
0.16499,0,0,0,0,0,0,0,0,0,0,0,0,0,0
0.16406,0,0,0,0,0,0,0,0,0,0,0,0,0,0
0.14986,0,0,0,0,0,0,0,0,0,0,0,0,0,0
0.15679,0,0,0,0,0,0,0,0,0,0,0,0,0,0
0.16535,0,0,0,0,0,0,0,0,0,0,0,0,0,0
0.16478,0,0,0,0,0,0,0,0,0,0,0,0,0,0
0.15234,0,0,0,0,0,0,0,0,0,0,0,0,0,0
0.15783,0,0,0,0,0,0,0,0,0,0,0,0,0,0
0.1492,0,0,0,0,0,0,0,0,0,0,0,0,0,0
0.17828,0,0,0,0,0,0,0,0,0,0,0,0,0,0
0.15584,0,0,0,0,0,0,0,0,0,0,0,0,0,0
0.14909,0,0,0,0,0,0,0,0,0,0,0,0,0,0
0.15846,0,0,0,0,0,0,0,0,0,0,0,0,0,0
0.1506,0,0,0,0,0,0,0,0,0,0,0,0,0,0
0.16766,0,0,0,0,0,0,0,0,0,0,0,0,0,0
0.15427,0,0,0,0,0,0,0,0,0,0,0,0,0,0
0.14053,0,0,0,0,0,0,0,0,0,0,0,0,0,0
0.15227,0,0,0,0,0,0,0,0,0,0,0,0,0,0
0.15993,0,0,0,0,0,0,0,0,0,0,0,0,0,0
0.17104,0,0,0,0,0,0,0,0,0,0,0,0,0,0
0.14861,0,0,0,0,0,0,0,0,0,0,0,0,0,0
0.174,0,0,0,0,0,0,0,0,0,0,0,0,0,0
0.15815,0,0,0,0,0,0,0,0,0,0,0,0,0,0
0.16581,0,0,0,0,0,0,0,0,0,0,0,0,0,0
0.17428,0,0,0,0,0,0,0,0,0,0,0,0,0,0
0.16382,0,0,0,0,0,0,0,0,0,0,0,0,0,0
0.15644,0,0,0,0,0,0,0,0,0,0,0,0,0,0
0.14117,0,0,0,0,0,0,0,0,0,0,0,0,0,0
0.17038,0,0,0,0,0,0,0,0,0,0,0,0,0,0
NaN,0,0,0,0,0,0,0,0,0,0,0,0,0,0
NaN,0,0,0,0,0,0,0,0,0,0,0,0,0,0
NaN,0,0,0,0,0,0,0,0,0,0,0,0,0,0
NaN,0,0,0,0,0,0,0,0,0,0,0,0,0,0
0.10577,0,0,0,0,0,0,0,0,0,0,0,0,0,0
0.16758,0,0,0,0,0,0,0,0,0,0,0,0,0,0
0.15701,0,0,0,0,0,0,0,0,0,0,0,0,0,0
0.16179,0,0,0,0,0,0,0,0,0,0,0,0,0,0
0.16283,0,0,0,0,0,0,0,0,0,0,0,0,0,0
0.16309,0,0,0,0,0,0,0,0,0,0,0,0,0,0
0.16747,0,0,0,0,0,0,0,0,0,0,0,0,0,0
0.14718,0,0,0,0,0,0,0,0,0,0,0,0,0,0
0.14916,0,0,0,0,0,0,0,0,0,0,0,0,0,0
0.16099,0,0,0,0,0,0,0,0,0,0,0,0,0,0
0.16435,0,0,0,0,0,0,0,0,0,0,0,0,0,0
0.16133,0,0,0,0,0,0,0,0,0,0,0,0,0,0
0.15223,0,0,0,0,0,0,0,0,0,0,0,0,0,0
0.14344,0,0,0,0,0,0,0,0,0,0,0,0,0,0
0.166,0,0,0,0,0,0,0,0,0,0,0,0,0,0
0.14392,0,0,0,0,0,0,0,0,0,0,0,0,0,0
0.14736,0,0,0,0,0,0,0,0,0,0,0,0,0,0
0.15883,0,0,0,0,0,0,0,0,0,0,0,0,0,0
0.14142,0,0,0,0,0,0,0,0,0,0,0,0,0,0
0.17436,0,0,0,0,0,0,0,0,0,0,0,0,0,0
0.13767,0,0,0,0,0,0,0,0,0,0,0,0,0,0
0.15352,0,0,0,0,0,0,0,0,0,0,0,0,0,0
0.17021,0,0,0,0,0,0,0,0,0,0,0,0,0,0
0.1714,0,0,0,0,0,0,0,0,0,0,0,0,0,0
0.15311,0,0,0,0,0,0,0,0,0,0,0,0,0,0
0.14231,0,0,0,0,0,0,0,0,0,0,0,0,0,0
0.16916,0,0,0,0,0,0,0,0,0,0,0,0,0,0
0.16537,0,0,0,0,0,0,0,0,0,0,0,0,0,0
0.17331,0,0,0,0,0,0,0,0,0,0,0,0,0,0
0.19035,0,0,0,0,0,0,0,0,0,0,0,0,0,0
0.16865,0,0,0,0,0,0,0,0,0,0,0,0,0,0
0.17936,0,0,0,0,0,0,0,0,0,0,0,0,0,0
0.16472,0,0,0,0,0,0,0,0,0,0,0,0,0,0
0.15566,0,0,0,0,0,0,0,0,0,0,0,0,0,0
0.17529,0,0,0,0,0,0,0,0,0,0,0,0,0,0
0.17979,0,0,0,0,0,0,0,0,0,0,0,0,0,0
0.1656,0,0,0,0,0,0,0,0,0,0,0,0,0,0
NaN,0,0,0,0,0,0,0,0,0,0,0,0,0,0
NaN,0,0,0,0,0,0,0,0,0,0,0,0,0,0
NaN,0,0,0,0,0,0,0,0,0,0,0,0,0,0
NaN,0,0,0,0,0,0,0,0,0,0,0,0,0,0
0.096145,0,0,0,0,0,0,0,0,0,0,0,0,0,0
0.15716,0,0,0,0,0,0,0,0,0,0,0,0,0,0
0.15384,0,0,0,0,0,0,0,0,0,0,0,0,0,0
0.15936,0,0,0,0,0,0,0,0,0,0,0,0,0,0
0.15862,0,0,0,0,0,0,0,0,0,0,0,0,0,0
0.14553,0,0,0,0,0,0,0,0,0,0,0,0,0,0
0.168,0,0,0,0,0,0,0,0,0,0,0,0,0,0
0.16847,0,0,0,0,0,0,0,0,0,0,0,0,0,0
0.17153,0,0,0,0,0,0,0,0,0,0,0,0,0,0
0.15746,0,0,0,0,0,0,0,0,0,0,0,0,0,0
0.16163,0,0,0,0,0,0,0,0,0,0,0,0,0,0
0.15059,0,0,0,0,0,0,0,0,0,0,0,0,0,0
0.16195,0,0,0,0,0,0,0,0,0,0,0,0,0,0
0.17496,0,0,0,0,0,0,0,0,0,0,0,0,0,0
0.15223,0,0,0,0,0,0,0,0,0,0,0,0,0,0
0.15321,0,0,0,0,0,0,0,0,0,0,0,0,0,0
0.17769,0,0,0,0,0,0,0,0,0,0,0,0,0,0
0.15838,0,0,0,0,0,0,0,0,0,0,0,0,0,0
0.16295,0,0,0,0,0,0,0,0,0,0,0,0,0,0
0.15216,0,0,0,0,0,0,0,0,0,0,0,0,0,0
0.17051,0,0,0,0,0,0,0,0,0,0,0,0,0,0
0.17389,0,0,0,0,0,0,0,0,0,0,0,0,0,0
0.16401,0,0,0,0,0,0,0,0,0,0,0,0,0,0
0.17216,0,0,0,0,0,0,0,0,0,0,0,0,0,0
0.15348,0,0,0,0,0,0,0,0,0,0,0,0,0,0
0.15158,0,0,0,0,0,0,0,0,0,0,0,0,0,0
0.17322,0,0,0,0,0,0,0,0,0,0,0,0,0,0
0.16072,0,0,0,0,0,0,0,0,0,0,0,0,0,0
0.15825,0,0,0,0,0,0,0,0,0,0,0,0,0,0
0.14872,0,0,0,0,0,0,0,0,0,0,0,0,0,0
0.14748,0,0,0,0,0,0,0,0,0,0,0,0,0,0
0.15612,0,0,0,0,0,0,0,0,0,0,0,0,0,0
0.13663,0,0,0,0,0,0,0,0,0,0,0,0,0,0
0.17189,0,0,0,0,0,0,0,0,0,0,0,0,0,0
0.15321,0,0,0,0,0,0,0,0,0,0,0,0,0,0
0.157,0,0,0,0,0,0,0,0,0,0,0,0,0,0
0.16619,0,0,0,0,0,0,0,0,0,0,0,0,0,0
0.16251,0,0,0,0,0,0,0,0,0,0,0,0,0,0
0.15607,0,0,0,0,0,0,0,0,0,0,0,0,0,0
0.17786,0,0,0,0,0,0,0,0,0,0,0,0,0,0
0.15107,0,0,0,0,0,0,0,0,0,0,0,0,0,0
0.16505,0,0,0,0,0,0,0,0,0,0,0,0,0,0
0.1463,0,0,0,0,0,0,0,0,0,0,0,0,0,0
0.14139,0,0,0,0,0,0,0,0,0,0,0,0,0,0
0.15546,0,0,0,0,0,0,0,0,0,0,0,0,0,0
0.16698,0,0,0,0,0,0,0,0,0,0,0,0,0,0
0.17641,0,0,0,0,0,0,0,0,0,0,0,0,0,0
0.16169,0,0,0,0,0,0,0,0,0,0,0,0,0,0
0.14272,0,0,0,0,0,0,0,0,0,0,0,0,0,0
0.15214,0,0,0,0,0,0,0,0,0,0,0,0,0,0
0.16502,0,0,0,0,0,0,0,0,0,0,0,0,0,0
0.16354,0,0,0,0,0,0,0,0,0,0,0,0,0,0
0.15855,0,0,0,0,0,0,0,0,0,0,0,0,0,0
0.15493,0,0,0,0,0,0,0,0,0,0,0,0,0,0
0.15682,0,0,0,0,0,0,0,0,0,0,0,0,0,0
0.16616,0,0,0,0,0,0,0,0,0,0,0,0,0,0
0.15062,0,0,0,0,0,0,0,0,0,0,0,0,0,0
0.15362,0,0,0,0,0,0,0,0,0,0,0,0,0,0
0.16409,0,0,0,0,0,0,0,0,0,0,0,0,0,0
0.16747,0,0,0,0,0,0,0,0,0,0,0,0,0,0
0.16126,0,0,0,0,0,0,0,0,0,0,0,0,0,0
0.16963,0,0,0,0,0,0,0,0,0,0,0,0,0,0
0.15148,0,0,0,0,0,0,0,0,0,0,0,0,0,0
0.16537,0,0,0,0,0,0,0,0,0,0,0,0,0,0
0.15097,0,0,0,0,0,0,0,0,0,0,0,0,0,0
0.15376,0,0,0,0,0,0,0,0,0,0,0,0,0,0
0.1613,0,0,0,0,0,0,0,0,0,0,0,0,0,0
0.15308,0,0,0,0,0,0,0,0,0,0,0,0,0,0
0.15921,0,0,0,0,0,0,0,0,0,0,0,0,0,0
0.1675,0,0,0,0,0,0,0,0,0,0,0,0,0,0
0.15195,0,0,0,0,0,0,0,0,0,0,0,0,0,0
0.15796,0,0,0,0,0,0,0,0,0,0,0,0,0,0
0.15871,0,0,0,0,0,0,0,0,0,0,0,0,0,0
0.15524,0,0,0,0,0,0,0,0,0,0,0,0,0,0
0.15971,0,0,0,0,0,0,0,0,0,0,0,0,0,0
0.146,0,0,0,0,0,0,0,0,0,0,0,0,0,0
0.13874,0,0,0,0,0,0,0,0,0,0,0,0,0,0
0.16637,0,0,0,0,0,0,0,0,0,0,0,0,0,0
0.17409,0,0,0,0,0,0,0,0,0,0,0,0,0,0
0.17068,0,0,0,0,0,0,0,0,0,0,0,0,0,0
0.16737,0,0,0,0,0,0,0,0,0,0,0,0,0,0
0.15686,0,0,0,0,0,0,0,0,0,0,0,0,0,0
0.16081,0,0,0,0,0,0,0,0,0,0,0,0,0,0
0.17447,0,0,0,0,0,0,0,0,0,0,0,0,0,0
0.16878,0,0,0,0,0,0,0,0,0,0,0,0,0,0
0.15286,0,0,0,0,0,0,0,0,0,0,0,0,0,0
0.17041,0,0,0,0,0,0,0,0,0,0,0,0,0,0
0.15856,0,0,0,0,0,0,0,0,0,0,0,0,0,0
0.168,0,0,0,0,0,0,0,0,0,0,0,0,0,0
0.17513,0,0,0,0,0,0,0,0,0,0,0,0,0,0
0.13841,0,0,0,0,0,0,0,0,0,0,0,0,0,0
0.13877,0,0,0,0,0,0,0,0,0,0,0,0,0,0
0.15839,0,0,0,0,0,0,0,0,0,0,0,0,0,0
0.14847,0,0,0,0,0,0,0,0,0,0,0,0,0,0
0.16913,0,0,0,0,0,0,0,0,0,0,0,0,0,0
0.16571,0,0,0,0,0,0,0,0,0,0,0,0,0,0
0.14682,0,0,0,0,0,0,0,0,0,0,0,0,0,0
0.15285,0,0,0,0,0,0,0,0,0,0,0,0,0,0
0.16961,0,0,0,0,0,0,0,0,0,0,0,0,0,0
0.1617,0,0,0,0,0,0,0,0,0,0,0,0,0,0
0.1616,0,0,0,0,0,0,0,0,0,0,0,0,0,0
0.15685,0,0,0,0,0,0,0,0,0,0,0,0,0,0
0.17247,0,0,0,0,0,0,0,0,0,0,0,0,0,0
0.16762,0,0,0,0,0,0,0,0,0,0,0,0,0,0
0.15885,0,0,0,0,0,0,0,0,0,0,0,0,0,0
0.14359,0,0,0,0,0,0,0,0,0,0,0,0,0,0
0.15551,0,0,0,0,0,0,0,0,0,0,0,0,0,0
0.17518,0,0,0,0,0,0,0,0,0,0,0,0,0,0
0.15437,0,0,0,0,0,0,0,0,0,0,0,0,0,0
0.13974,0,0,0,0,0,0,0,0,0,0,0,0,0,0
0.15301,0,0,0,0,0,0,0,0,0,0,0,0,0,0
0.15454,0,0,0,0,0,0,0,0,0,0,0,0,0,0
0.14915,0,0,0,0,0,0,0,0,0,0,0,0,0,0
0.15892,0,0,0,0,0,0,0,0,0,0,0,0,0,0
0.16318,0,0,0,0,0,0,0,0,0,0,0,0,0,0
0.15368,0,0,0,0,0,0,0,0,0,0,0,0,0,0
0.15685,0,0,0,0,0,0,0,0,0,0,0,0,0,0
0.14297,0,0,0,0,0,0,0,0,0,0,0,0,0,0
0.16129,0,0,0,0,0,0,0,0,0,0,0,0,0,0
NaN,0,0,0,0,0,0,0,0,0,0,0,0,0,0
NaN,0,0,0,0,0,0,0,0,0,0,0,0,0,0
NaN,0,0,0,0,0,0,0,0,0,0,0,0,0,0
NaN,0,0,0,0,0,0,0,0,0,0,0,0,0,0
0.10471,0,0,0,0,0,0,0,0,0,0,0,0,0,0
0.16972,0,0,0,0,0,0,0,0,0,0,0,0,0,0
0.15588,0,0,0,0,0,0,0,0,0,0,0,0,0,0
0.15424,0,0,0,0,0,0,0,0,0,0,0,0,0,0
0.15781,0,0,0,0,0,0,0,0,0,0,0,0,0,0
0.1513,0,0,0,0,0,0,0,0,0,0,0,0,0,0
0.16836,0,0,0,0,0,0,0,0,0,0,0,0,0,0
0.16245,0,0,0,0,0,0,0,0,0,0,0,0,0,0
0.16836,0,0,0,0,0,0,0,0,0,0,0,0,0,0
0.15359,0,0,0,0,0,0,0,0,0,0,0,0,0,0
0.15872,0,0,0,0,0,0,0,0,0,0,0,0,0,0
0.1496,0,0,0,0,0,0,0,0,0,0,0,0,0,0
0.15249,0,0,0,0,0,0,0,0,0,0,0,0,0,0
0.17846,0,0,0,0,0,0,0,0,0,0,0,0,0,0
0.15338,0,0,0,0,0,0,0,0,0,0,0,0,0,0
0.15444,0,0,0,0,0,0,0,0,0,0,0,0,0,0
0.17632,0,0,0,0,0,0,0,0,0,0,0,0,0,0
0.1676,0,0,0,0,0,0,0,0,0,0,0,0,0,0
0.16632,0,0,0,0,0,0,0,0,0,0,0,0,0,0
0.15921,0,0,0,0,0,0,0,0,0,0,0,0,0,0
0.1687,0,0,0,0,0,0,0,0,0,0,0,0,0,0
0.16777,0,0,0,0,0,0,0,0,0,0,0,0,0,0
0.1585,0,0,0,0,0,0,0,0,0,0,0,0,0,0
0.17168,0,0,0,0,0,0,0,0,0,0,0,0,0,0
0.15067,0,0,0,0,0,0,0,0,0,0,0,0,0,0
0.15837,0,0,0,0,0,0,0,0,0,0,0,0,0,0
0.17051,0,0,0,0,0,0,0,0,0,0,0,0,0,0
0.15673,0,0,0,0,0,0,0,0,0,0,0,0,0,0
0.15609,0,0,0,0,0,0,0,0,0,0,0,0,0,0
0.14846,0,0,0,0,0,0,0,0,0,0,0,0,0,0
0.14577,0,0,0,0,0,0,0,0,0,0,0,0,0,0
0.15513,0,0,0,0,0,0,0,0,0,0,0,0,0,0
0.14081,0,0,0,0,0,0,0,0,0,0,0,0,0,0
0.16764,0,0,0,0,0,0,0,0,0,0,0,0,0,0
0.14998,0,0,0,0,0,0,0,0,0,0,0,0,0,0
0.15383,0,0,0,0,0,0,0,0,0,0,0,0,0,0
0.16359,0,0,0,0,0,0,0,0,0,0,0,0,0,0
0.16408,0,0,0,0,0,0,0,0,0,0,0,0,0,0
0.1571,0,0,0,0,0,0,0,0,0,0,0,0,0,0
0.17383,0,0,0,0,0,0,0,0,0,0,0,0,0,0
0.14618,0,0,0,0,0,0,0,0,0,0,0,0,0,0
0.16265,0,0,0,0,0,0,0,0,0,0,0,0,0,0
0.14662,0,0,0,0,0,0,0,0,0,0,0,0,0,0
0.13737,0,0,0,0,0,0,0,0,0,0,0,0,0,0
0.16125,0,0,0,0,0,0,0,0,0,0,0,0,0,0
0.17089,0,0,0,0,0,0,0,0,0,0,0,0,0,0
0.17692,0,0,0,0,0,0,0,0,0,0,0,0,0,0
0.16151,0,0,0,0,0,0,0,0,0,0,0,0,0,0
NaN,0,0,0,0,0,0,0,0,0,0,0,0,0,0
NaN,0,0,0,0,0,0,0,0,0,0,0,0,0,0
NaN,0,0,0,0,0,0,0,0,0,0,0,0,0,0
NaN,0,0,0,0,0,0,0,0,0,0,0,0,0,0
0.10658,0,0,0,0,0,0,0,0,0,0,0,0,0,0
0.17374,0,0,0,0,0,0,0,0,0,0,0,0,0,0
0.16247,0,0,0,0,0,0,0,0,0,0,0,0,0,0
0.15802,0,0,0,0,0,0,0,0,0,0,0,0,0,0
0.15834,0,0,0,0,0,0,0,0,0,0,0,0,0,0
0.14757,0,0,0,0,0,0,0,0,0,0,0,0,0,0
0.1649,0,0,0,0,0,0,0,0,0,0,0,0,0,0
0.16545,0,0,0,0,0,0,0,0,0,0,0,0,0,0
0.16934,0,0,0,0,0,0,0,0,0,0,0,0,0,0
0.15351,0,0,0,0,0,0,0,0,0,0,0,0,0,0
0.15646,0,0,0,0,0,0,0,0,0,0,0,0,0,0
0.15439,0,0,0,0,0,0,0,0,0,0,0,0,0,0
0.15428,0,0,0,0,0,0,0,0,0,0,0,0,0,0
0.18014,0,0,0,0,0,0,0,0,0,0,0,0,0,0
0.15829,0,0,0,0,0,0,0,0,0,0,0,0,0,0
0.15485,0,0,0,0,0,0,0,0,0,0,0,0,0,0
0.17349,0,0,0,0,0,0,0,0,0,0,0,0,0,0
0.16879,0,0,0,0,0,0,0,0,0,0,0,0,0,0
0.16131,0,0,0,0,0,0,0,0,0,0,0,0,0,0
0.15418,0,0,0,0,0,0,0,0,0,0,0,0,0,0
0.17039,0,0,0,0,0,0,0,0,0,0,0,0,0,0
0.17333,0,0,0,0,0,0,0,0,0,0,0,0,0,0
0.15869,0,0,0,0,0,0,0,0,0,0,0,0,0,0
0.17913,0,0,0,0,0,0,0,0,0,0,0,0,0,0
0.15876,0,0,0,0,0,0,0,0,0,0,0,0,0,0
0.15241,0,0,0,0,0,0,0,0,0,0,0,0,0,0
0.16817,0,0,0,0,0,0,0,0,0,0,0,0,0,0
0.15904,0,0,0,0,0,0,0,0,0,0,0,0,0,0
0.15864,0,0,0,0,0,0,0,0,0,0,0,0,0,0
0.15208,0,0,0,0,0,0,0,0,0,0,0,0,0,0
0.14659,0,0,0,0,0,0,0,0,0,0,0,0,0,0
0.15813,0,0,0,0,0,0,0,0,0,0,0,0,0,0
0.14119,0,0,0,0,0,0,0,0,0,0,0,0,0,0
0.16875,0,0,0,0,0,0,0,0,0,0,0,0,0,0
0.15222,0,0,0,0,0,0,0,0,0,0,0,0,0,0
0.1565,0,0,0,0,0,0,0,0,0,0,0,0,0,0
