1.9124,1.984,1.8365,0,0,0,0,0,0,0,0,0,0,0,0
0.21346,0.26146,0.25646,0,0,0,0,0,0,0,0,0,0,0,0
0.10383,0.13167,0.13183,0,0,0,0,0,0,0,0,0,0,0,0
0.073082,0.08623,0.099641,0,0,0,0,0,0,0,0,0,0,0,0
0.068148,0.083697,0.08269,0,0,0,0,0,0,0,0,0,0,0,0
0.070382,0.086151,0.081338,0,0,0,0,0,0,0,0,0,0,0,0
0.071733,0.076888,0.075796,0,0,0,0,0,0,0,0,0,0,0,0
0.07246,0.077325,0.076852,0,0,0,0,0,0,0,0,0,0,0,0
0.07078,0.079902,0.074554,0,0,0,0,0,0,0,0,0,0,0,0
0.043526,0.04366,0.046681,0,0,0,0,0,0,0,0,0,0,0,0
0.035636,0.039618,0.044163,0,0,0,0,0,0,0,0,0,0,0,0
0.036853,0.036326,0.05747,0,0,0,0,0,0,0,0,0,0,0,0
0.037856,0.050005,0.055787,0,0,0,0,0,0,0,0,0,0,0,0
0.037433,0.0472,0.046719,0,0,0,0,0,0,0,0,0,0,0,0
0.064559,0.081453,0.083251,0,0,0,0,0,0,0,0,0,0,0,0
0.037528,0.05028,0.045535,0,0,0,0,0,0,0,0,0,0,0,0
0.037378,0.048461,0.044735,0,0,0,0,0,0,0,0,0,0,0,0
0.037281,0.049357,0.045838,0,0,0,0,0,0,0,0,0,0,0,0
0.036386,0.047092,0.043981,0,0,0,0,0,0,0,0,0,0,0,0
0.038338,0.049571,0.039362,0,0,0,0,0,0,0,0,0,0,0,0
0.067751,0.083866,0.075453,0,0,0,0,0,0,0,0,0,0,0,0
0.038072,0.0569,0.038111,0,0,0,0,0,0,0,0,0,0,0,0
0.036686,0.05002,0.036166,0,0,0,0,0,0,0,0,0,0,0,0
0.038604,0.049399,0.036336,0,0,0,0,0,0,0,0,0,0,0,0
0.037007,0.047051,0.035945,0,0,0,0,0,0,0,0,0,0,0,0
0.03972,0.048622,0.036524,0,0,0,0,0,0,0,0,0,0,0,0
0.069189,0.080753,0.065249,0,0,0,0,0,0,0,0,0,0,0,0
0.038449,0.053966,0.037265,0,0,0,0,0,0,0,0,0,0,0,0
0.038792,0.049702,0.036464,0,0,0,0,0,0,0,0,0,0,0,0
0.03879,0.052167,0.039269,0,0,0,0,0,0,0,0,0,0,0,0
0.05584,0.087203,0.057469,0,0,0,0,0,0,0,0,0,0,0,0
0.040689,0.053927,0.038865,0,0,0,0,0,0,0,0,0,0,0,0
0.067279,0.087725,0.067093,0,0,0,0,0,0,0,0,0,0,0,0
0.038164,0.04977,0.037908,0,0,0,0,0,0,0,0,0,0,0,0
0.03931,0.052752,0.036444,0,0,0,0,0,0,0,0,0,0,0,0
0.036018,0.048051,0.035594,0,0,0,0,0,0,0,0,0,0,0,0
0.040683,0.044969,0.037272,0,0,0,0,0,0,0,0,0,0,0,0
0.038318,0.048706,0.035927,0,0,0,0,0,0,0,0,0,0,0,0
0.066242,0.081374,0.066297,0,0,0,0,0,0,0,0,0,0,0,0
0.03943,0.047446,0.035989,0,0,0,0,0,0,0,0,0,0,0,0
0.037112,0.050877,0.037331,0,0,0,0,0,0,0,0,0,0,0,0
0.035794,0.051585,0.035474,0,0,0,0,0,0,0,0,0,0,0,0
0.038288,0.045072,0.036639,0,0,0,0,0,0,0,0,0,0,0,0
0.038047,0.046149,0.036815,0,0,0,0,0,0,0,0,0,0,0,0
0.066586,0.079272,0.064357,0,0,0,0,0,0,0,0,0,0,0,0
0.03942,0.045875,0.037977,0,0,0,0,0,0,0,0,0,0,0,0
0.038439,0.05592,0.036544,0,0,0,0,0,0,0,0,0,0,0,0
0.03622,0.048408,0.035422,0,0,0,0,0,0,0,0,0,0,0,0
0.03801,0.04973,0.037714,0,0,0,0,0,0,0,0,0,0,0,0
0.039508,0.04996,0.035824,0,0,0,0,0,0,0,0,0,0,0,0
0.067583,0.083373,0.063674,0,0,0,0,0,0,0,0,0,0,0,0
0.038969,0.053879,0.03572,0,0,0,0,0,0,0,0,0,0,0,0
0.039293,0.0537,0.036808,0,0,0,0,0,0,0,0,0,0,0,0
0.038645,0.048308,0.039981,0,0,0,0,0,0,0,0,0,0,0,0
0.038585,0.057164,0.051452,0,0,0,0,0,0,0,0,0,0,0,0
0.038936,0.051028,0.053611,0,0,0,0,0,0,0,0,0,0,0,0
0.072267,0.089491,0.0827,0,0,0,0,0,0,0,0,0,0,0,0
0.040385,0.055543,0.050058,0,0,0,0,0,0,0,0,0,0,0,0
0.037939,0.046332,0.045695,0,0,0,0,0,0,0,0,0,0,0,0
0.036309,0.048107,0.043878,0,0,0,0,0,0,0,0,0,0,0,0
0.043319,0.053326,0.054732,0,0,0,0,0,0,0,0,0,0,0,0
0.037032,0.04526,0.044945,0,0,0,0,0,0,0,0,0,0,0,0
0.068134,0.080362,0.077375,0,0,0,0,0,0,0,0,0,0,0,0
0.037335,0.048876,0.045134,0,0,0,0,0,0,0,0,0,0,0,0
0.038628,0.050514,0.048443,0,0,0,0,0,0,0,0,0,0,0,0
0.035617,0.056267,0.042707,0,0,0,0,0,0,0,0,0,0,0,0
0.048271,0.058639,0.049504,0,0,0,0,0,0,0,0,0,0,0,0
0.039382,0.054603,0.040094,0,0,0,0,0,0,0,0,0,0,0,0
0.065907,0.084409,0.067571,0,0,0,0,0,0,0,0,0,0,0,0
0.040421,0.052166,0.039324,0,0,0,0,0,0,0,0,0,0,0,0
0.040285,0.057144,0.041496,0,0,0,0,0,0,0,0,0,0,0,0
0.037208,0.052846,0.037383,0,0,0,0,0,0,0,0,0,0,0,0
0.038519,0.048215,0.038078,0,0,0,0,0,0,0,0,0,0,0,0
0.037765,0.059415,0.036348,0,0,0,0,0,0,0,0,0,0,0,0
0.066756,0.08004,0.064316,0,0,0,0,0,0,0,0,0,0,0,0
0.038306,0.048971,0.036925,0,0,0,0,0,0,0,0,0,0,0,0
0.04065,0.049781,0.034836,0,0,0,0,0,0,0,0,0,0,0,0
0.0357,0.046985,0.03613,0,0,0,0,0,0,0,0,0,0,0,0
0.039055,0.047267,0.035634,0,0,0,0,0,0,0,0,0,0,0,0
0.035571,0.050893,0.036537,0,0,0,0,0,0,0,0,0,0,0,0
0.068007,0.075762,0.062317,0,0,0,0,0,0,0,0,0,0,0,0
0.03606,0.046184,0.036642,0,0,0,0,0,0,0,0,0,0,0,0
0.037717,0.041272,0.034572,0,0,0,0,0,0,0,0,0,0,0,0
0.037869,0.040131,0.036452,0,0,0,0,0,0,0,0,0,0,0,0
0.036962,0.04081,0.03448,0,0,0,0,0,0,0,0,0,0,0,0
0.037783,0.044631,0.036151,0,0,0,0,0,0,0,0,0,0,0,0
0.064907,0.082683,0.064564,0,0,0,0,0,0,0,0,0,0,0,0
0.049135,0.050565,0.040629,0,0,0,0,0,0,0,0,0,0,0,0
0.048111,0.04552,0.035096,0,0,0,0,0,0,0,0,0,0,0,0
0.05306,0.046304,0.036544,0,0,0,0,0,0,0,0,0,0,0,0
0.050557,0.055,0.034516,0,0,0,0,0,0,0,0,0,0,0,0
0.0509,0.049242,0.03731,0,0,0,0,0,0,0,0,0,0,0,0
0.078492,0.085671,0.062348,0,0,0,0,0,0,0,0,0,0,0,0
0.050664,0.052376,0.041348,0,0,0,0,0,0,0,0,0,0,0,0
0.052708,0.045784,0.038199,0,0,0,0,0,0,0,0,0,0,0,0
0.051955,0.049833,0.03637,0,0,0,0,0,0,0,0,0,0,0,0
0.045813,0.048967,0.03458,0,0,0,0,0,0,0,0,0,0,0,0
0.042834,0.046861,0.036266,0,0,0,0,0,0,0,0,0,0,0,0
0.080328,0.084646,0.059958,0,0,0,0,0,0,0,0,0,0,0,0
0.043693,0.048552,0.036915,0,0,0,0,0,0,0,0,0,0,0,0
0.046588,0.044672,0.034663,0,0,0,0,0,0,0,0,0,0,0,0
0.046729,0.046319,0.036694,0,0,0,0,0,0,0,0,0,0,0,0
0.047071,0.046082,0.035141,0,0,0,0,0,0,0,0,0,0,0,0
0.046848,0.046903,0.036231,0,0,0,0,0,0,0,0,0,0,0,0
0.075227,0.081192,0.060347,0,0,0,0,0,0,0,0,0,0,0,0
0.048097,0.048121,0.037324,0,0,0,0,0,0,0,0,0,0,0,0
0.045455,0.047103,0.036064,0,0,0,0,0,0,0,0,0,0,0,0
0.047818,0.045424,0.03756,0,0,0,0,0,0,0,0,0,0,0,0
0.045069,0.048633,0.047028,0,0,0,0,0,0,0,0,0,0,0,0
0.048018,0.053094,0.048153,0,0,0,0,0,0,0,0,0,0,0,0
0.08176,0.07443,0.083894,0,0,0,0,0,0,0,0,0,0,0,0
0.047825,0.037597,0.04834,0,0,0,0,0,0,0,0,0,0,0,0
0.038417,0.038269,0.044053,0,0,0,0,0,0,0,0,0,0,0,0
0.039233,0.037734,0.046362,0,0,0,0,0,0,0,0,0,0,0,0
0.037783,0.037891,0.043497,0,0,0,0,0,0,0,0,0,0,0,0
0.038684,0.038604,0.045909,0,0,0,0,0,0,0,0,0,0,0,0
0.072392,0.066725,0.07409,0,0,0,0,0,0,0,0,0,0,0,0
0.040576,0.040433,0.045886,0,0,0,0,0,0,0,0,0,0,0,0
0.036901,0.037742,0.043103,0,0,0,0,0,0,0,0,0,0,0,0
0.040042,0.045452,0.047021,0,0,0,0,0,0,0,0,0,0,0,0
0.036473,0.046182,0.040531,0,0,0,0,0,0,0,0,0,0,0,0
0.052375,0.044388,0.039201,0,0,0,0,0,0,0,0,0,0,0,0
0.081386,0.075643,0.063713,0,0,0,0,0,0,0,0,0,0,0,0
0.048898,0.043895,0.037025,0,0,0,0,0,0,0,0,0,0,0,0
0.045834,0.043726,0.0347,0,0,0,0,0,0,0,0,0,0,0,0
0.048334,0.048942,0.036547,0,0,0,0,0,0,0,0,0,0,0,0
0.044445,0.043176,0.034479,0,0,0,0,0,0,0,0,0,0,0,0
0.05016,0.052691,0.034723,0,0,0,0,0,0,0,0,0,0,0,0
0.07843,0.076636,0.065531,0,0,0,0,0,0,0,0,0,0,0,0
0.048348,0.047011,0.035197,0,0,0,0,0,0,0,0,0,0,0,0
0.044308,0.049205,0.037135,0,0,0,0,0,0,0,0,0,0,0,0
0.047424,0.041444,0.034951,0,0,0,0,0,0,0,0,0,0,0,0
0.045148,0.036447,0.037822,0,0,0,0,0,0,0,0,0,0,0,0
0.047869,0.037641,0.034917,0,0,0,0,0,0,0,0,0,0,0,0
0.07105,0.065549,0.065045,0,0,0,0,0,0,0,0,0,0,0,0
0.041851,0.035329,0.035151,0,0,0,0,0,0,0,0,0,0,0,0
0.039993,0.038083,0.034501,0,0,0,0,0,0,0,0,0,0,0,0
0.042652,0.038566,0.035202,0,0,0,0,0,0,0,0,0,0,0,0
0.048678,0.039247,0.034293,0,0,0,0,0,0,0,0,0,0,0,0
0.057302,0.037065,0.035069,0,0,0,0,0,0,0,0,0,0,0,0
0.077524,0.072103,0.0629,0,0,0,0,0,0,0,0,0,0,0,0
0.049103,0.037389,0.035343,0,0,0,0,0,0,0,0,0,0,0,0
0.046893,0.039026,0.03788,0,0,0,0,0,0,0,0,0,0,0,0
0.049004,0.035197,0.035545,0,0,0,0,0,0,0,0,0,0,0,0
0.045871,0.038628,0.037072,0,0,0,0,0,0,0,0,0,0,0,0
0.048277,0.035375,0.034905,0,0,0,0,0,0,0,0,0,0,0,0
0.078593,0.067308,0.068294,0,0,0,0,0,0,0,0,0,0,0,0
0.043669,0.036536,0.034765,0,0,0,0,0,0,0,0,0,0,0,0
0.038712,0.036187,0.038102,0,0,0,0,0,0,0,0,0,0,0,0
0.040408,0.037672,0.034814,0,0,0,0,0,0,0,0,0,0,0,0
0.038428,0.040792,0.036876,0,0,0,0,0,0,0,0,0,0,0,0
0.041435,0.038214,0.042422,0,0,0,0,0,0,0,0,0,0,0,0
0.072889,0.069877,0.068381,0,0,0,0,0,0,0,0,0,0,0,0
0.041308,0.036198,0.035337,0,0,0,0,0,0,0,0,0,0,0,0
0.050263,0.039057,0.034665,0,0,0,0,0,0,0,0,0,0,0,0
0.054189,0.040664,0.034838,0,0,0,0,0,0,0,0,0,0,0,0
0.050761,0.037961,0.034453,0,0,0,0,0,0,0,0,0,0,0,0
0.057764,0.037586,0.035256,0,0,0,0,0,0,0,0,0,0,0,0
0.08362,0.067434,0.065199,0,0,0,0,0,0,0,0,0,0,0,0
0.0568,0.037073,0.038507,0,0,0,0,0,0,0,0,0,0,0,0
0.10561,0.036876,0.034224,0,0,0,0,0,0,0,0,0,0,0,0
0.065488,0.036246,0.038087,0,0,0,0,0,0,0,0,0,0,0,0
0.045787,0.03692,0.036335,0,0,0,0,0,0,0,0,0,0,0,0
0.048357,0.036611,0.034463,0,0,0,0,0,0,0,0,0,0,0,0
0.075491,0.060483,0.064786,0,0,0,0,0,0,0,0,0,0,0,0
0.049465,0.038002,0.035473,0,0,0,0,0,0,0,0,0,0,0,0
0.045603,0.040751,0.039942,0,0,0,0,0,0,0,0,0,0,0,0
0.048816,0.035565,0.037821,0,0,0,0,0,0,0,0,0,0,0,0
0.045967,0.037168,0.03684,0,0,0,0,0,0,0,0,0,0,0,0
0.048752,0.037854,0.037502,0,0,0,0,0,0,0,0,0,0,0,0
0.076937,0.064659,0.068236,0,0,0,0,0,0,0,0,0,0,0,0
0.051844,0.036945,0.036014,0,0,0,0,0,0,0,0,0,0,0,0
0.04576,0.038497,0.03454,0,0,0,0,0,0,0,0,0,0,0,0
0.049046,0.035559,0.037677,0,0,0,0,0,0,0,0,0,0,0,0
0.04569,0.039838,0.03666,0,0,0,0,0,0,0,0,0,0,0,0
0.049072,0.03786,0.038187,0,0,0,0,0,0,0,0,0,0,0,0
0.076326,0.073264,0.061804,0,0,0,0,0,0,0,0,0,0,0,0
0.04933,0.038653,0.038986,0,0,0,0,0,0,0,0,0,0,0,0
0.045701,0.040207,0.036908,0,0,0,0,0,0,0,0,0,0,0,0
0.048437,0.03826,0.03857,0,0,0,0,0,0,0,0,0,0,0,0
NaN,NaN,NaN,0,0,0,0,0,0,0,0,0,0,0,0
NaN,NaN,NaN,0,0,0,0,0,0,0,0,0,0,0,0
NaN,NaN,NaN,0,0,0,0,0,0,0,0,0,0,0,0
NaN,NaN,NaN,0,0,0,0,0,0,0,0,0,0,0,0
1.9289,2.0103,2.1198,0,0,0,0,0,0,0,0,0,0,0,0
0.27539,0.20639,0.27696,0,0,0,0,0,0,0,0,0,0,0,0
0.12878,0.1106,0.13152,0,0,0,0,0,0,0,0,0,0,0,0
0.076953,0.081133,0.093132,0,0,0,0,0,0,0,0,0,0,0,0
0.069417,0.075413,0.091574,0,0,0,0,0,0,0,0,0,0,0,0
0.077801,0.081973,0.10362,0,0,0,0,0,0,0,0,0,0,0,0
0.072235,0.076385,0.088169,0,0,0,0,0,0,0,0,0,0,0,0
0.083301,0.078543,0.088802,0,0,0,0,0,0,0,0,0,0,0,0
0.085202,0.075714,0.084515,0,0,0,0,0,0,0,0,0,0,0,0
0.058101,0.050594,0.052887,0,0,0,0,0,0,0,0,0,0,0,0
0.047167,0.04774,0.049447,0,0,0,0,0,0,0,0,0,0,0,0
0.048769,0.044971,0.057632,0,0,0,0,0,0,0,0,0,0,0,0
0.057098,0.044926,0.050835,0,0,0,0,0,0,0,0,0,0,0,0
0.057181,0.044569,0.050851,0,0,0,0,0,0,0,0,0,0,0,0
0.082561,0.078233,0.088668,0,0,0,0,0,0,0,0,0,0,0,0
0.048777,0.044061,0.056551,0,0,0,0,0,0,0,0,0,0,0,0
0.048353,0.041594,0.055678,0,0,0,0,0,0,0,0,0,0,0,0
0.049821,0.043168,0.051793,0,0,0,0,0,0,0,0,0,0,0,0
0.053532,0.045215,0.049368,0,0,0,0,0,0,0,0,0,0,0,0
0.071288,0.043948,0.058146,0,0,0,0,0,0,0,0,0,0,0,0
0.12932,0.071952,0.085304,0,0,0,0,0,0,0,0,0,0,0,0
0.075934,0.043365,0.053719,0,0,0,0,0,0,0,0,0,0,0,0
0.077158,0.042847,0.05271,0,0,0,0,0,0,0,0,0,0,0,0
0.05754,0.043687,0.059187,0,0,0,0,0,0,0,0,0,0,0,0
0.044869,0.043813,0.052197,0,0,0,0,0,0,0,0,0,0,0,0
0.043164,0.043028,0.050377,0,0,0,0,0,0,0,0,0,0,0,0
0.066229,0.069534,0.088695,0,0,0,0,0,0,0,0,0,0,0,0
0.039961,0.04195,0.05522,0,0,0,0,0,0,0,0,0,0,0,0
0.039392,0.042591,0.064246,0,0,0,0,0,0,0,0,0,0,0,0
0.043398,0.045137,0.062434,0,0,0,0,0,0,0,0,0,0,0,0
0.056933,0.061272,0.17016,0,0,0,0,0,0,0,0,0,0,0,0
0.041869,0.043704,0.059477,0,0,0,0,0,0,0,0,0,0,0,0
0.072098,0.07244,0.090094,0,0,0,0,0,0,0,0,0,0,0,0
0.054778,0.043999,0.052638,0,0,0,0,0,0,0,0,0,0,0,0
0.048875,0.045207,0.051162,0,0,0,0,0,0,0,0,0,0,0,0
0.05052,0.043676,0.052644,0,0,0,0,0,0,0,0,0,0,0,0
0.048976,0.042973,0.051092,0,0,0,0,0,0,0,0,0,0,0,0
0.049522,0.044135,0.055161,0,0,0,0,0,0,0,0,0,0,0,0
0.09265,0.081958,0.10085,0,0,0,0,0,0,0,0,0,0,0,0
0.048827,0.052397,0.055471,0,0,0,0,0,0,0,0,0,0,0,0
0.04776,0.048127,0.050312,0,0,0,0,0,0,0,0,0,0,0,0
0.050332,0.055517,0.049907,0,0,0,0,0,0,0,0,0,0,0,0
0.047132,0.050533,0.052501,0,0,0,0,0,0,0,0,0,0,0,0
0.050196,0.054366,0.051351,0,0,0,0,0,0,0,0,0,0,0,0
0.080139,0.083761,0.085145,0,0,0,0,0,0,0,0,0,0,0,0
0.050157,0.049762,0.050907,0,0,0,0,0,0,0,0,0,0,0,0
0.051868,0.05316,0.051437,0,0,0,0,0,0,0,0,0,0,0,0
0.054065,0.05008,0.051753,0,0,0,0,0,0,0,0,0,0,0,0
0.051241,0.051655,0.05051,0,0,0,0,0,0,0,0,0,0,0,0
0.048631,0.05051,0.051812,0,0,0,0,0,0,0,0,0,0,0,0
0.081739,0.083841,0.083641,0,0,0,0,0,0,0,0,0,0,0,0
0.04929,0.051217,0.050994,0,0,0,0,0,0,0,0,0,0,0,0
0.050393,0.054609,0.056774,0,0,0,0,0,0,0,0,0,0,0,0
0.048764,0.050605,0.051948,0,0,0,0,0,0,0,0,0,0,0,0
0.048045,0.054022,0.050932,0,0,0,0,0,0,0,0,0,0,0,0
0.050661,0.049939,0.052615,0,0,0,0,0,0,0,0,0,0,0,0
