1
187.0000,15.8000,89.4000,94.2000
187.5089,17.8897,88.6903,92.4367
187.1347,18.0934,89.0173,91.9026
186.8330,17.9186,88.9921,92.8852
186.3539,18.6127,88.8677,92.6907
186.0116,18.9326,88.8181,93.1119
185.9041,19.1391,88.3709,93.6447
185.4998,20.3908,88.4866,93.5331
184.6336,20.5098,89.1033,94.0809
184.5535,20.8546,88.0528,94.6988
184.9062,23.3820,87.1232,93.8537
184.7020,23.1749,86.3927,95.2999
185.1459,25.4313,85.3188,94.4501
187.1424,25.7466,82.7143,93.4955
186.0803,27.7931,82.9843,92.4823
186.0655,27.8102,81.7872,93.1739
185.7723,29.2137,80.9400,92.5389
186.1172,29.7642,80.6241,92.9544
186.4500,30.6962,80.3741,91.1455
186.7290,29.4420,79.0736,91.7029
187.0566,31.4532,78.7446,90.4069
186.1541,31.8823,79.0398,90.0149
186.4431,34.0968,77.7243,88.9390
186.5048,33.3247,78.6460,88.8270
186.3746,35.3811,77.9327,87.3759
186.5543,35.0367,78.3519,87.8163
187.3320,35.8018,77.6072,87.2426
187.7570,37.1295,77.1992,84.9688
189.4294,37.9623,76.4876,83.7011
188.4480,40.5426,76.7834,82.6157
190.2419,39.7071,74.3093,82.6064
189.6529,40.2603,74.3810,84.7735
191.8474,37.6461,75.1917,85.1894
194.6501,35.8896,74.5781,82.5222
196.3567,40.2673,72.4981,80.9406
197.4265,34.6799,73.0711,81.9160
198.2984,37.6153,73.0025,80.2463
201.9821,37.1420,70.3009,80.3899
203.7117,39.8843,69.1497,79.4373
204.3711,42.0310,68.8996,77.8536
205.4179,40.6352,69.1296,76.7270
205.6200,42.6463,68.6665,75.3903
200.5338,43.2137,72.0007,73.5153
201.1707,43.5818,72.4505,75.0987
205.5886,41.3222,69.5843,78.2012
206.9855,43.4737,69.4037,77.8892
204.3476,39.7131,69.9281,76.2365
202.2417,39.8566,70.4993,76.8667
203.5181,37.8693,70.5705,78.1633
203.9043,33.7770,69.8385,80.5515
201.7794,36.4550,68.8198,79.1758
200.1150,35.2990,70.5346,79.2625
199.0228,33.6499,70.4357,79.3855
200.1844,33.1346,70.0536,80.0391
197.9150,32.7906,70.6621,79.4251
195.6624,28.0264,70.4336,81.5758
196.3058,26.6803,69.0128,87.6238
191.3593,27.5931,71.4941,89.9477
191.6423,31.3007,72.6895,89.7663
191.0482,31.4838,72.8102,86.5181
189.1950,33.2028,74.9897,85.6387
188.5277,31.6890,74.8937,86.8715
184.2051,30.2205,76.9848,88.0300
185.2014,33.7540,76.8872,84.6562
184.2096,35.5831,77.1335,84.0478
180.9443,34.0126,76.2249,83.6479
180.3739,38.1612,74.3162,82.2135
181.5776,37.8828,74.1814,83.2161
185.6183,31.2211,70.7159,83.7457
184.6793,26.7276,67.4095,83.1907
185.4437,27.6226,65.2220,81.4238
189.8363,23.6977,64.1700,79.7906
164.7558,42.0614,67.3355,78.3914
145.8606,59.7346,75.7683,79.5851
135.2396,57.6219,84.7579,85.1996
129.9441,54.8004,90.7202,89.2500
138.0496,50.8049,92.2634,89.7471
133.6164,52.2034,93.2811,90.0635
122.5436,58.5016,98.5017,90.3718
117.4739,58.6384,102.2188,90.9363
116.3152,59.7254,103.2672,90.8019
113.6421,58.5339,106.0567,91.9206
107.4787,53.5186,109.6698,95.4630
100.6995,53.5586,110.3567,99.4488
96.3588,55.7370,114.4752,100.9092
92.2214,55.8095,117.8145,99.0026
88.5830,61.6255,119.5743,98.9632
85.4159,60.5666,122.5772,101.9373
81.0066,62.8462,123.0510,104.7859
76.4724,65.5885,121.9006,106.6765
71.1342,65.2913,124.2751,109.8212
65.0081,69.5235,125.5440,112.3948
67.9456,74.5039,125.0898,112.5568
65.6867,70.3875,124.1242,112.0726
59.3703,74.7155,127.3207,110.6080
62.5061,80.6441,128.4590,109.0270
63.4033,82.8434,127.1082,105.3318
56.1654,88.2851,128.6251,102.6648
59.3328,89.2888,128.4765,101.3506
61.9988,94.2515,125.2053,98.4890
59.0018,98.1054,125.9611,97.4998
62.7675,96.9179,125.3403,97.4990
63.5772,104.0616,123.4014,97.4500
64.2669,107.8132,123.5704,95.9935
72.4255,110.8019,120.7572,87.9545
75.8462,114.9502,117.7150,82.4913
81.7656,119.7754,110.8876,79.2005
89.1347,120.7037,104.4063,76.4723
97.4520,122.0568,99.8200,75.2217
93.6933,117.4318,101.1175,78.9720
102.7068,113.8297,99.5929,83.8236
105.8583,106.6469,96.2474,87.6427
116.8594,100.6352,91.3365,91.9077
119.5860,96.5734,88.6234,96.3641
121.5865,93.0368,86.3255,97.9401
123.4427,93.8718,86.9047,96.7161
128.9054,91.1088,87.7069,93.6874
131.8927,92.5833,88.6495,93.0271
136.6584,85.8769,89.4955,97.2250
139.9779,79.0983,91.1168,99.4620
143.5838,71.7486,89.8701,100.4673
141.7636,67.2653,89.8310,102.2626
152.8539,59.3520,87.6456,101.7690
174.1890,41.4451,81.8712,99.0543
180.9232,30.8679,78.6941,97.7757
180.6616,38.5982,77.0387,95.8157
184.6685,27.9387,76.4557,97.0100
186.8035,33.2421,75.8067,94.0795
188.3249,31.4385,76.2231,91.7477
190.4414,36.3279,76.6365,86.9273
189.2706,35.0711,76.1184,86.4855
196.4484,35.0234,73.0314,83.7710
200.5264,57.4271,72.6796,80.9408
201.5446,59.0248,70.6867,82.9111
204.3321,57.5629,68.9128,87.8036
203.4568,54.8960,66.1643,87.5791
205.7967,63.5805,62.3870,84.4311
214.7697,64.2893,60.3936,84.5325
217.6625,67.1202,58.7080,82.5547
219.7001,70.1306,56.7479,80.2322
221.4368,80.2124,53.8508,79.2358
220.4726,82.8374,52.5682,77.7928
224.6941,76.1838,51.3460,77.0548
231.2669,76.9524,51.5144,76.4996
229.5023,76.7488,51.8523,76.2747
223.7115,81.4594,52.9692,77.4164
219.2877,85.5259,51.9163,77.2878
220.9563,83.4386,52.1969,74.9303
221.3399,88.4101,54.0150,73.8738
213.0765,94.2617,54.7745,78.0627
213.4631,95.3681,55.6851,81.6487
215.6360,81.2755,55.8153,79.6674
215.0000,93.6000,55.6000,79.6000
206.4000,101.2000,55.4000,79.4000
206.8000,106.8000,55.6000,79.6000
206.1577,119.1162,54.3021,77.1418
210.2912,126.9702,52.2444,75.7490
209.5862,126.8873,49.9189,71.8019
211.0532,133.4221,50.6222,67.6629
213.0232,135.6694,51.2480,63.9963
210.7799,139.4573,50.0567,65.0702
212.2392,139.8909,50.3642,67.1460
212.7185,137.3358,49.3560,66.1992
212.1872,141.2011,50.1269,64.4977
212.6785,143.3438,51.9369,63.3177
214.3353,146.7679,54.4571,62.4882
212.7402,146.4059,54.1680,61.7930
213.3831,149.8112,53.7393,61.5299
214.6651,151.0132,54.0507,59.7626
214.8184,149.9189,52.9160,57.9412
215.5064,151.9015,52.9974,58.6878
215.3298,149.3993,52.2983,57.0120
213.0578,151.4092,53.8699,57.0336
210.0979,146.6996,54.1254,56.4006
207.8771,149.1432,56.0769,56.4353
203.1641,145.8278,56.4338,56.5582
205.2327,142.2805,56.6787,55.7760
199.5997,141.1401,57.1842,55.9411
197.7857,137.0576,56.7412,55.8131
194.8098,139.9782,56.9783,56.6272
193.3092,137.0021,56.0928,57.9634
189.2488,130.9615,57.5233,58.6949
185.4560,130.3043,59.4219,59.9516
182.1488,129.5987,61.0714,61.3922
178.1319,124.6204,60.8435,63.4778
175.1068,122.2465,59.4907,67.4714
175.2085,107.9449,57.1363,74.9202
173.9577,104.0385,55.0755,80.1703
173.3734,99.5984,53.8414,85.7816
172.1513,93.7465,53.8499,91.5476
167.9352,89.5295,53.0822,94.4342
169.1152,83.4597,52.8272,92.4807
163.9802,79.8438,53.9465,89.7075
160.7542,78.8730,53.6987,88.3733
151.5542,70.2939,55.5213,87.4238
145.7027,68.2655,57.1779,86.4454
142.5817,68.2846,58.5844,85.5400
133.5981,63.8339,62.7719,83.9067
128.8041,65.5642,66.2603,81.1928
122.9838,63.6154,72.5488,81.6316
115.1884,60.9649,78.8285,80.0505
108.4042,62.0128,84.9788,80.2338
104.6616,59.6433,89.4739,80.9283
95.4596,56.5252,91.3903,85.1785
90.5053,50.6440,92.2116,92.5408
88.1864,42.8838,92.6281,100.9576
79.0195,33.0598,99.1330,112.0499
79.2950,25.3248,101.2033,118.2931
82.1831,22.9920,99.4893,116.9559
80.0571,18.9728,100.9168,117.6675
77.1600,16.3113,102.6791,121.3580
74.7199,14.3887,103.9407,124.3169
73.0650,8.4423,106.9646,124.7742
79.4000,15.8000,104.0000,121.4000
63.2817,9.3329,111.0074,117.3650
56.2016,17.3157,116.9221,113.0362
49.4688,16.4832,122.5718,111.4455
50.3699,21.9770,124.7626,106.3838
44.0356,28.1120,129.0129,105.3042
40.3878,26.9130,129.8948,104.4948
36.6745,27.5766,131.0190,105.8378
28.2271,27.0473,132.9614,110.0919
29.4869,28.4003,133.7177,112.8987
30.1534,28.0383,134.3371,114.4746
31.3838,28.0976,133.9239,113.6208
29.7535,32.3804,134.4054,116.8833
34.5850,29.9989,134.3804,120.2230
36.7433,33.7262,134.2017,124.0209
31.8411,29.4588,139.1884,129.2832
40.0846,30.8341,139.9529,126.8592
45.7710,34.1963,138.7329,121.9707
49.8094,35.5311,136.8120,116.9722
53.1903,37.9320,133.2954,113.7580
50.6109,38.5799,133.5442,114.1551
49.1222,42.5237,135.5395,114.5962
54.2738,42.4990,134.6217,115.0989
51.3853,44.4667,134.5437,114.8634
58.0048,47.1196,133.6794,112.4941
54.0278,45.8173,135.9296,110.6928
59.7783,46.5550,133.2478,107.3793
60.6386,45.3905,133.9057,107.9096
67.7376,46.1354,130.2577,104.4707
71.9460,48.1294,126.9572,103.1603
70.7272,46.1080,126.0220,107.6845
66.9227,47.0821,126.5028,110.9046
77.7708,46.9267,123.5040,105.3951
78.1585,52.1539,123.0157,105.6866
77.2457,49.0447,123.2449,107.9994
84.9988,50.8309,122.5762,104.8577
80.9875,51.2965,125.7544,103.1793
76.5558,51.4438,127.4481,101.4606
93.5620,53.1913,125.2351,99.3249
106.2455,61.3685,122.4369,99.0545
109.5197,68.4313,120.0746,99.5526
116.8102,63.5859,119.4147,100.9533
119.3266,69.0075,117.2743,105.5219
127.7180,71.5510,112.0765,107.8617
135.7627,69.8067,109.2737,110.5288
140.6966,73.0684,106.6849,113.4966
139.5271,73.2735,104.7056,115.7293
148.8259,76.9381,99.6811,113.0807
151.9488,82.0489,100.2731,107.5242
151.4968,84.8095,100.4016,100.2351
152.3033,87.1478,103.4167,94.4287
156.4281,90.0410,103.7430,90.5790
160.1154,93.0083,100.7310,86.6659
167.0158,96.7198,96.9233,82.0436
170.8535,94.1961,95.1884,79.2769
171.6366,98.1479,90.1911,77.9738
176.1136,107.4509,86.9213,76.8015
180.4670,113.4241,87.6254,74.4197
186.8122,116.0272,88.1764,68.3071
196.3352,118.9642,90.5891,63.4203
192.9815,127.4423,90.0329,61.5720
194.4787,133.1125,89.2106,61.5082
206.8613,131.9511,88.3877,58.5811
211.4630,125.0978,82.1414,52.2173
213.3683,131.2652,81.7621,50.2332
213.5986,140.1736,81.4626,49.5482
222.2253,140.1672,82.3046,47.5177
223.8149,141.1954,84.3080,45.9372
227.5711,137.9709,83.4375,44.5979
230.1906,135.4712,75.9101,46.2118
233.2021,126.5545,64.3455,48.6235
238.6809,124.5895,60.1994,50.9644
248.1445,116.6435,58.9201,53.5435
236.5050,112.8888,54.8740,57.9947
237.4403,107.5608,52.5254,59.5305
233.6147,102.1478,53.0295,61.5679
229.6052,90.7834,53.6838,65.8684
222.4762,85.1317,52.3696,66.7426
216.1377,80.9208,51.6766,64.7522
215.3952,76.2042,52.0442,62.6472
213.8145,75.2178,56.0100,63.7334
208.9426,70.8069,60.3015,66.3369
201.1793,66.1061,64.2338,66.5834
196.7330,57.5229,71.3374,66.5492
191.2153,62.5140,74.0388,67.9154
188.5805,62.4041,75.5663,67.8001
186.3831,59.9288,79.3035,66.7894
182.5583,63.2211,80.8852,65.9108
180.3372,60.9983,83.2100,66.0136
177.1497,58.3510,85.8778,67.1878
171.9821,59.2023,86.1944,69.5323
172.1492,56.5802,83.7603,70.9491
165.3332,59.4552,81.9592,72.4108
164.3833,62.4193,79.1474,72.5893
160.6047,61.4508,74.7195,71.2592
153.5781,54.9424,73.9509,72.9282
147.8530,58.2901,74.3871,72.2300
144.7966,54.8203,76.7262,74.9159
137.2485,54.3956,77.1131,78.0966
133.3686,53.0685,78.7164,79.6144
130.2895,49.8220,79.5695,78.6343
127.2691,50.3754,81.3987,78.7941
123.7586,48.7995,82.4222,79.9483
117.9518,47.9319,84.9488,82.5334
119.0262,44.9010,85.4953,85.0339
115.7871,45.2006,85.8714,85.9971
110.5167,44.0649,90.1206,86.6622
108.9545,46.0167,91.9007,85.8961
105.9412,43.7260,95.8356,88.2254
105.2664,43.3628,97.3489,89.6913
104.4374,43.1172,96.4845,91.2129
104.1150,40.1814,94.4472,92.6516
