1
138.4335,537.7546,157.5694,534.9564,147.8044,468.0487,128.6778,470.8443
149.3803,555.5258,169.4530,550.4318,151.6624,480.2468,131.5994,485.3369
153.3677,590.2365,175.1087,585.7019,159.2757,509.6845,137.5453,514.2155
164.1723,616.8862,185.8681,609.3965,159.7029,533.5344,138.0176,541.0190
159.2569,614.6534,182.0479,611.8456,172.2532,532.1589,149.4735,534.9638
158.7079,614.9492,181.0859,612.7867,173.5470,534.5444,151.1800,536.7043
160.3837,619.3628,181.7733,615.5853,168.5869,540.7976,147.2079,544.5718
146.0551,619.0474,166.3714,620.9658,173.0986,549.9359,152.7926,548.0171
145.5108,618.5381,165.3913,620.4528,172.1048,550.9465,152.2344,549.0315
148.4716,620.5586,168.3845,621.1820,170.5834,551.5613,150.6806,550.9370
150.3512,621.1761,169.9232,621.1231,169.7570,552.6937,150.1948,552.7454
149.7388,621.4219,168.9880,621.2749,168.4926,553.9740,149.2531,554.1197
155.7867,621.6063,172.1002,619.5997,165.1002,562.5611,148.7948,564.5657
156.7575,622.3287,171.4307,619.1122,160.1992,567.8071,145.5331,571.0210
156.7575,622.3287,171.4307,619.1122,160.1992,567.8071,145.5331,571.0210
154.2551,626.5969,170.4118,626.0089,168.3715,569.5199,152.2229,570.1066
155.1423,626.6136,170.7091,626.0831,168.8696,571.6563,153.3105,572.1855
154.4188,627.1671,170.6208,627.7753,172.7631,571.1287,156.5692,570.5198
156.8667,634.8496,174.9125,635.2946,176.4858,572.2015,158.4491,571.7556
154.3786,658.4392,176.4668,658.4080,176.3790,581.1807,154.3018,581.2106
150.9897,682.4866,177.2324,681.8773,175.1275,590.1243,148.8979,590.7316
161.1155,706.7632,187.0672,701.4019,168.3473,610.6618,142.4083,616.0189
171.7980,717.3514,195.1612,706.1938,156.1738,624.4984,132.8216,635.6488
184.2835,728.2244,205.4582,709.6229,140.4421,635.5717,119.2768,654.1626
205.7791,760.9124,233.1310,733.5360,137.4415,637.8790,110.1016,665.2399
2
0
0
0
0
1
443.4085,903.2770,457.9389,890.2496,409.9574,836.7600,395.4370,849.7889
453.5345,902.9238,465.8312,888.1285,411.3427,842.8651,399.0559,857.6603
459.9592,897.2219,470.4640,881.0271,410.8240,842.3628,400.3290,858.5564
469.6077,893.6055,476.9055,876.4828,413.8520,849.6281,406.5635,866.7480
478.5075,890.0036,483.4948,872.2659,418.1792,853.9189,413.2006,871.6527
484.8456,896.8766,493.3545,883.9497,445.7491,852.6316,437.2481,865.5576
2
0
0
0
0
1
578.6398,823.4111,596.3353,830.4924,620.1476,771.0283,602.4533,763.9374
595.7427,826.1935,613.4384,825.9835,612.7464,766.5133,595.0483,766.7147
592.7178,822.8778,608.9480,822.3292,607.1172,767.7835,590.8847,768.3242
591.9880,821.5562,608.2113,818.9619,599.5056,764.4377,583.2789,767.0244
592.5760,824.1696,608.9370,820.9968,598.2870,766.0095,581.9224,769.1747
590.4425,824.0712,606.9598,822.1970,600.6743,766.6851,584.1539,768.5515
591.0336,823.2736,607.6110,821.5238,601.7438,765.8102,585.1633,767.5521
591.0336,823.2736,607.6110,821.5238,601.7438,765.8102,585.1633,767.5521
591.5717,825.7178,609.4643,823.0746,600.5957,762.9402,582.6994,765.5750
592.2288,824.9196,609.6851,821.9736,599.7986,763.3055,582.3386,766.2432
595.1868,821.4089,610.2752,818.2391,599.6343,767.5286,584.5424,770.6915
595.1868,821.4089,610.2752,818.2391,599.6343,767.5286,584.5424,770.6915
593.4517,820.9597,608.5554,818.8801,601.5789,768.1189,586.4721,770.1912
591.0125,822.9586,607.9674,821.9883,604.7206,765.0067,587.7629,765.9686
589.1924,822.3356,607.9129,821.4886,605.0812,758.5734,586.3577,759.4113
583.1558,823.1339,603.4228,822.0027,599.6376,753.8898,579.3673,755.0112
582.4889,823.6190,602.8955,822.3704,598.7157,753.7884,578.3058,755.0271
579.1194,820.1868,598.8864,820.3567,599.4730,753.9256,579.7036,753.7460
578.2858,813.7001,596.4836,815.6351,603.0013,754.4789,584.8021,752.5347
580.8104,810.4209,598.7249,811.4498,602.1971,751.2446,584.2807,750.2068
582.7079,810.2787,600.0501,810.2745,600.0499,751.9920,582.7053,751.9877
582.7079,810.2787,600.0501,810.2745,600.0499,751.9920,582.7053,751.9877
582.3632,812.8988,601.2097,812.4208,599.6185,749.0824,580.7692,749.5511
585.9080,806.8266,602.3242,805.5518,598.0530,750.3804,581.6340,751.6473
586.3010,806.4938,602.1771,804.3486,594.9803,750.9915,579.1010,753.1292
586.3010,806.4938,602.1771,804.3486,594.9803,750.9915,579.1010,753.1292
585.2635,807.0687,601.6512,805.2164,595.4391,750.1403,579.0483,751.9849
585.4742,806.6105,601.4409,804.8198,595.4355,751.1588,579.4659,752.9420
588.4073,808.8389,604.7610,806.3909,596.5468,751.4285,580.1897,753.8688
587.5717,814.8083,605.6990,811.9078,595.9656,750.9843,577.8344,753.8763
587.5464,816.8834,606.2088,813.7497,595.6923,751.0279,577.0259,754.1528
587.4277,817.6667,606.5031,814.2234,594.9467,750.1139,575.8672,753.5482
587.1139,815.3049,606.1514,811.5638,593.5937,747.5811,574.5518,751.3133
584.4169,814.1450,604.1276,811.0610,593.7789,744.8165,574.0642,747.8911
584.5814,812.4232,604.8353,808.7429,592.4827,740.6724,572.2245,744.3433
578.7795,809.6608,599.0859,807.2407,590.9689,738.9943,570.6586,741.4047
570.7211,802.8530,590.8248,802.9018,591.0046,735.3387,570.8983,735.2800
562.1351,795.5978,582.9159,797.1763,588.2377,727.3392,567.4550,725.7502
565.5324,779.3171,588.0067,776.0773,577.1365,700.5447,554.6577,703.7739
558.7990,756.8398,583.2249,754.4043,575.0596,672.3135,550.6292,674.7372
557.0591,739.1902,580.9354,740.1241,584.0931,659.8831,560.2142,658.9373
558.5428,713.1748,577.8986,715.5182,585.7898,650.4705,566.4326,648.1172
556.3534,663.5546,568.5389,679.0186,620.5189,638.0787,608.3393,622.6068
586.8972,643.8972,599.0792,658.4532,648.0079,617.5244,635.8314,602.9604
604.9318,630.7408,616.7862,643.1423,658.4738,603.3129,646.6239,590.9039
614.5236,632.5289,627.7944,639.9160,652.6309,595.3225,639.3621,587.9279
2
0
0
0
0
1
753.2030,760.4933,768.3053,750.6302,729.0109,690.4609,713.9087,700.3240
752.8114,760.7637,767.0151,751.1575,728.7443,694.5680,714.5405,704.1742
750.5692,764.7843,765.5453,756.2220,731.4335,696.5550,716.4573,705.1173
746.5730,768.4607,761.7171,761.3370,733.3369,701.0012,718.1928,708.1249
734.6912,772.3373,750.8195,768.4561,735.3575,704.1993,719.2292,708.0806
732.6006,772.0781,747.7986,768.5535,733.7577,708.0037,718.5598,711.5283
732.6006,772.0781,747.7986,768.5535,733.7577,708.0037,718.5598,711.5283
2
0
0
0
0
1
608.2409,834.0583,622.4568,847.8162,668.2916,800.4816,654.0758,786.7238
603.7712,845.9587,618.7226,857.8716,658.4130,808.0853,643.4617,796.1725
585.4374,849.4044,597.8604,863.7393,645.6155,822.3766,633.1926,808.0417
574.4158,860.7376,587.0701,873.5451,629.7383,831.4107,617.0840,818.6032
569.5912,858.5750,579.6796,873.2003,628.3998,839.6135,618.3115,824.9882
556.4493,861.7989,562.4420,877.2601,613.9424,857.3152,607.9498,841.8541
535.6448,861.3840,537.7371,877.0312,589.8536,870.0772,587.7614,854.4300
535.6448,861.3840,537.7371,877.0312,589.8536,870.0772,587.7614,854.4300
535.6448,861.3840,537.7371,877.0312,589.8536,870.0772,587.7614,854.4300
574.9464,870.6435,568.7994,854.7093,515.7233,875.1677,521.8702,891.1019
559.1121,876.2631,551.4622,860.9361,500.4073,886.4005,508.0571,901.7274
497.9424,880.9751,504.3942,896.9744,557.6874,875.5009,551.2357,859.5015
499.5273,878.7592,506.1641,893.1251,554.0170,871.0338,547.3802,856.6680
495.7249,875.4271,501.1632,890.7484,552.1974,872.6499,546.7592,857.3286
480.3517,877.1253,484.0934,893.8383,539.7610,881.3917,536.0193,864.6788
533.0135,889.5001,533.6371,873.5537,480.5270,871.4619,479.9033,887.4081
467.3055,867.7655,466.3322,884.2064,521.0895,887.4631,522.0627,871.0222
502.9225,895.1181,512.4011,876.3450,449.8842,844.7582,440.4056,863.5312
487.2282,881.2450,493.2383,857.7780,415.0847,837.7390,409.0745,861.2059
457.3819,875.2858,467.4576,851.8123,389.2863,818.2329,379.2108,841.7062
444.2314,885.2748,461.1435,860.3647,378.1936,804.0145,361.2816,828.9245
427.6285,881.5269,446.6625,858.0709,368.5581,794.6549,349.5242,818.1107
438.6841,864.0406,451.8744,837.0723,362.0658,793.1162,348.8757,820.0845
442.7042,842.6774,448.4739,813.6519,351.8073,794.4087,346.0376,823.4340
437.2479,842.3807,442.9955,812.5148,343.5296,793.3443,337.7820,823.2101
425.4221,849.3899,434.0950,821.8075,342.2374,792.8964,333.5645,820.4786
423.2076,852.8541,433.0009,825.8687,343.1325,793.2263,333.3392,820.2115
422.2029,849.2603,432.8931,823.3586,346.6350,787.7301,335.9449,813.6317
417.7501,843.6511,426.6981,819.6720,346.8416,789.8480,337.8937,813.8270
2
0
0
0
0
1
470.3862,738.1296,529.7926,722.0266,525.4274,705.9249,466.0187,722.0194
470.3862,738.1296,529.7926,722.0266,525.4274,705.9249,466.0187,722.0194
2
0
0
0
0
1
402.6211,504.0702,411.8838,491.1576,365.1479,457.6295,355.8932,470.5337
396.5710,502.2099,404.3942,486.9649,349.2160,458.6468,341.3999,473.8815
382.0128,509.3956,394.8102,495.2243,343.5191,448.9027,330.7325,463.0649
367.2301,493.6445,377.4197,478.2009,321.5231,441.3179,311.3425,456.7513
347.4929,481.9416,364.2038,471.1389,325.1060,410.6525,308.4083,421.4489
330.3822,468.7470,349.1595,457.4436,308.2496,389.4781,289.4870,400.7750
303.7433,431.9616,326.3204,424.9205,300.8378,343.2021,278.2778,350.2404
289.1971,385.4086,314.2919,378.2205,288.2778,287.3893,263.2019,294.5747
290.5197,370.4552,315.8653,360.5843,280.1410,268.8448,254.8147,278.7111
289.1068,367.9273,314.0327,359.7961,284.6050,269.5763,259.6980,277.7041
274.1571,367.6341,300.3901,366.4601,296.1442,271.5100,269.9304,272.6857
261.9354,347.5847,286.9173,354.6342,312.4362,264.2136,287.4717,257.1716
255.6989,319.1866,277.7905,333.9287,331.1526,253.9705,309.0756,239.2412
270.6514,292.1585,289.8448,311.2844,359.0733,241.8163,339.8918,222.7061
284.1824,279.0503,301.6898,298.2155,371.0606,234.8503,353.5640,215.7006
300.9589,269.7713,318.0390,289.0480,387.8130,227.2295,370.7435,207.9685
307.7656,269.3333,325.7292,285.7953,385.3158,220.7787,367.3637,204.3303
307.7721,274.4980,323.1842,286.9193,368.1449,231.1369,352.7427,218.7261
306.8549,283.6198,319.6481,293.5393,355.5531,247.2357,342.7682,237.3247
306.8549,283.6198,319.6481,293.5393,355.5531,247.2357,342.7682,237.3247
306.8549,283.6198,319.6481,293.5393,355.5531,247.2357,342.7682,237.3247
346.1272,268.6220,338.0814,253.5601,283.5642,282.6800,291.6057,297.7301
315.9794,280.2774,304.3542,267.1368,256.7905,309.2123,268.4085,322.3422
291.4174,301.9399,281.8452,287.2812,228.7869,321.9261,238.3537,336.5732
287.0310,308.9774,276.0306,294.3724,223.1664,334.1862,234.1602,348.7796
285.1341,315.5424,276.1465,301.2444,224.3940,333.7730,233.3765,348.0597
287.5237,313.9618,278.1881,299.2474,224.9283,333.0356,234.2586,347.7383
285.4221,298.1334,271.9042,287.4924,233.3875,336.4188,246.8966,347.0508
277.0315,289.3774,261.1089,283.7945,240.8995,341.4255,256.8112,347.0028
268.6992,289.7935,252.0406,289.3245,250.3410,349.6201,266.9876,350.0871
268.6992,289.7935,252.0406,289.3245,250.3410,349.6201,266.9876,350.0871
266.5929,301.8423,246.5568,303.8520,253.8283,376.3729,273.8498,374.3626
265.9618,317.6469,236.8431,324.0371,259.9688,429.4324,289.0656,423.0439
284.9042,366.3510,255.4099,367.5911,259.8946,474.3455,289.3673,473.1034
297.7401,404.0155,267.8709,398.7782,248.9110,506.8888,278.7590,512.1193
301.6578,443.4779,275.9088,431.5815,232.8465,524.7782,258.5779,536.6635
297.8844,484.0133,278.6301,465.1567,210.3764,534.8448,229.6186,553.6858
284.9765,526.7327,277.7110,501.2029,185.3053,527.4974,192.5681,553.0079
266.3928,540.8340,264.3719,515.1608,171.4479,522.4720,173.4699,548.1263
245.3929,551.5020,248.6344,526.1464,156.8608,514.4104,153.6241,539.7479
245.7928,551.7827,249.1838,526.0125,155.9093,513.7355,152.5233,539.4873
241.7341,553.3080,246.0023,528.7354,157.0625,513.2836,152.7998,537.8388
241.2978,554.3936,245.9702,529.9756,157.5903,513.0611,152.9238,537.4617
241.9452,554.9325,246.9101,531.1346,160.7745,513.1611,155.8155,536.9422
241.5519,554.6218,246.4003,531.0662,161.1417,513.5144,156.2991,537.0534
243.3549,551.9904,247.1754,528.0071,160.3689,514.1756,156.5535,538.1418
241.8439,550.2568,245.1324,527.1107,161.3559,515.2051,158.0720,538.3347
242.5205,548.4138,245.3654,525.4985,162.4241,515.1984,159.5835,538.0974
242.5918,546.1702,244.7477,523.1581,161.4561,515.3519,159.3041,538.3475
242.7579,545.5966,244.7926,522.6729,161.8205,515.3054,159.7896,538.2127
241.4778,547.9700,244.0287,525.1696,161.5029,515.9338,158.9561,538.7180
238.3163,551.5159,242.6386,529.3544,162.4259,513.7069,158.1089,535.8527
237.3202,552.2369,241.9428,530.4599,163.1215,513.7256,158.5044,535.4874
243.0828,544.2455,245.1049,521.4113,162.4568,514.0897,160.4385,536.9075
243.2501,532.1091,241.2026,509.2380,158.4208,516.6461,160.4691,539.5004
241.4714,522.3534,235.8557,500.9532,158.3973,521.2762,164.0110,542.6603
239.5247,521.5890,233.0385,500.5091,156.7394,523.9830,163.2229,545.0469
237.9963,524.2832,231.9604,503.0979,155.2798,524.9422,161.3135,546.1115
236.7463,529.4260,232.2032,508.1794,155.3007,524.6204,159.8426,545.8511
236.1698,527.9472,231.0600,506.7997,154.5162,525.2919,159.6244,546.4235
235.4648,527.4377,230.2871,506.6798,155.1533,525.4178,160.3293,546.1602
234.3648,522.2307,227.0791,502.5876,155.9801,528.9556,163.2625,548.5838
236.9962,535.7001,238.2096,514.8813,162.8566,510.4866,161.6461,531.2904
240.4700,545.8975,248.1401,523.9897,168.8461,496.2254,161.1839,518.1180
234.5733,563.4184,246.7611,542.6836,171.7134,498.5674,159.5365,519.2883
228.3699,568.2403,245.9650,550.0529,180.1380,486.3653,162.5574,504.5412
228.1961,569.5176,246.1707,549.9057,175.1878,484.8444,157.2282,504.4438
229.6611,567.1758,246.1417,546.7764,172.3085,487.1225,155.8419,507.5086
226.4628,572.7800,244.8847,553.3450,174.5425,486.6646,156.1358,506.0872
224.3876,576.1907,244.3524,557.5989,177.0619,485.3342,157.1134,503.9145
221.7139,573.8858,240.7869,556.2043,176.7913,487.1676,157.7339,504.8381
221.3835,575.6988,240.5701,558.0238,176.5981,488.5758,157.4272,506.2399
227.9298,571.0684,245.2679,551.0152,172.6876,488.2576,155.3641,508.2979
236.3578,562.1135,248.0149,538.4910,162.5151,496.2952,150.8688,519.9017
241.7618,561.1628,251.7256,536.7717,163.4435,500.7046,153.4893,525.0790
245.4710,558.0486,253.2415,533.6168,164.8120,505.4883,157.0495,529.9032
250.7206,549.1541,255.2347,523.5490,162.5580,507.2071,158.0497,532.7941
250.5589,544.4066,252.7038,519.9128,164.0495,512.1462,161.9086,536.6223
254.5340,549.5940,256.6922,527.7409,177.5955,519.9265,175.4410,541.7640
255.5941,558.6510,257.0160,538.5676,184.3244,533.4186,182.9056,553.4877
257.0948,559.1303,252.9834,540.6694,186.1638,555.5480,190.2740,573.9952
255.4640,562.2631,252.0014,544.6799,188.3589,557.2106,191.8207,574.7807
253.6978,561.8665,249.9068,545.1921,189.5538,558.9114,193.3437,575.5732
255.6852,569.5311,253.4301,553.1456,194.1226,561.3057,196.3777,577.6790
178.7385,590.3339,191.3569,604.5793,242.9196,558.9089,230.3089,544.6751
190.8968,656.6399,215.9527,657.4027,218.7169,566.7133,193.6791,565.9534
162.6171,683.2676,191.6919,692.6539,225.6693,587.4193,196.6147,578.0427
159.0408,697.0364,188.4749,705.9448,220.7225,599.4097,191.3089,590.5106
160.7467,717.7496,187.4281,723.4202,207.9562,626.8481,181.2936,621.1843
160.9261,718.3209,187.7688,724.0040,208.3422,626.8475,181.5183,621.1712
162.2346,718.9469,189.3132,724.5657,209.6538,626.5555,182.5942,620.9434
158.2792,719.3303,186.0329,726.7950,213.0549,626.3417,185.3205,618.8851
136.5370,711.2992,160.8096,725.8282,213.4005,637.9756,189.1440,623.4595
132.9897,704.5431,156.7675,720.6617,215.1117,634.6004,191.3496,618.4958
135.8107,707.1383,159.9496,721.4993,211.9320,634.1307,187.8092,619.7825
142.3159,710.8733,166.7639,722.8144,209.9876,634.3267,185.5562,622.3966
149.5112,716.9726,174.2305,726.2348,207.7581,636.7645,183.0558,627.5114
153.4506,725.0316,179.1826,732.4901,206.1819,639.3544,180.4679,631.9039
155.3423,727.2528,181.9274,734.1794,207.0013,637.9556,180.4348,631.0367
152.2381,726.6713,178.9003,734.5891,207.5620,638.0865,180.9183,630.1771
154.0958,724.8687,180.1205,732.7531,208.6613,638.5580,182.6547,630.6819
157.6596,725.8972,183.2792,732.7111,207.9454,639.9821,182.3437,633.1756
159.2782,723.9001,184.4735,730.5952,208.7092,639.4019,183.5316,632.7142
159.2935,724.2595,184.1799,730.9409,208.3665,640.8654,183.4975,634.1913
160.9605,724.8470,185.3322,731.0098,207.6414,642.7974,183.2867,636.6415
164.5732,724.1586,188.9471,729.3363,207.6910,641.1157,183.3342,635.9442
163.0321,725.0475,187.7686,730.8056,208.6129,641.2730,183.8939,635.5215
162.6571,722.3325,186.3370,728.3007,207.9420,642.5925,184.2787,636.6309
164.1281,722.1401,187.0954,728.0305,208.4187,644.9015,185.4675,639.0176
164.8823,725.4333,188.1600,731.1470,208.8433,646.8943,185.5819,641.1871
165.2454,726.1330,188.6147,731.7463,208.9352,647.1624,185.5823,641.5554
166.3455,719.6133,188.1340,725.2181,208.4232,646.3554,186.6499,640.7568
166.7713,728.9762,190.2705,732.7717,204.0111,647.7174,180.5287,643.9270
167.5949,741.8704,192.0050,743.3624,197.4081,655.0107,173.0156,653.5223
188.7826,674.8000,167.9263,681.3951,191.7947,756.8851,212.6352,750.2927
2
0
0
0
0
1
171.5203,667.5569,237.8303,682.6092,242.2424,663.1965,175.9324,648.1442
171.9658,669.4196,238.2121,682.8716,242.1556,663.4775,175.9093,650.0254
172.6071,668.7381,238.2933,683.5828,242.6445,664.3528,176.9583,649.5081
173.0562,668.6738,238.6683,685.2010,243.5122,665.9928,177.9000,649.4655
180.1954,685.6160,242.2979,672.8578,238.5675,654.6748,176.4650,667.4330
185.7525,684.3257,246.4291,673.5465,243.2780,655.7812,182.6014,666.5603
191.7998,684.3883,260.8158,681.8525,260.0788,661.6462,191.0627,664.1819
199.3581,682.8865,271.8037,685.3677,272.5358,664.1577,200.0901,661.6765
206.5804,684.5959,282.2016,694.6941,285.1639,672.5550,209.5428,662.4568
217.8014,680.7614,290.0779,720.2156,301.6346,699.0580,229.3581,659.6037
237.9092,684.9071,305.2310,754.5165,325.6160,734.8119,258.2943,665.2024
248.1591,710.3281,344.0204,778.2104,363.9020,750.1501,268.0408,682.2676
281.7699,736.9739,395.6858,793.4366,412.2254,760.0894,298.3095,703.6266
307.7856,764.6392,425.3434,812.5810,439.3887,778.1669,321.8309,730.2250
302.0776,774.6812,424.6526,797.8867,431.4561,762.0018,308.8811,738.7961
322.6685,779.6871,430.9035,810.2749,439.8672,778.5889,331.6321,748.0010
332.2152,790.9174,434.9679,810.6334,440.7482,780.5517,337.9955,760.8356
342.1121,802.4587,442.2497,804.2228,442.7740,774.9053,342.6364,773.1411
345.3227,815.3266,446.5732,795.9080,440.8958,766.2631,339.6453,785.6816
347.7900,819.8953,444.6151,794.9082,437.3070,766.5585,340.4820,791.5455
348.3545,822.2633,445.7478,794.2413,437.5512,765.7250,340.1579,793.7469
363.0227,810.4192,463.4544,788.4512,457.0306,759.0457,356.5988,781.0136
373.3045,816.4452,464.0726,781.8278,453.9446,755.2506,363.1764,789.8679
379.5241,820.7533,460.1266,776.8455,447.2779,753.2438,366.6753,797.1516
380.7827,816.2787,460.4926,777.1401,449.0400,753.8000,369.3300,792.9387
378.8350,803.8525,460.4879,776.6860,452.5406,752.7781,370.8877,779.9445
394.4920,792.8195,473.6890,767.1840,466.1898,743.9952,386.9927,769.6306
409.9194,771.3243,486.9125,771.2330,486.8918,748.6915,409.8987,748.7827
429.1775,762.7625,503.0676,760.0713,502.2855,738.4380,428.3953,741.1292
448.7569,749.1142,522.7057,757.5720,525.1876,735.9224,451.2389,727.4645
468.1935,739.3472,536.8801,764.1342,544.1424,744.0266,475.4558,719.2394
488.0053,751.4655,568.3697,758.0375,570.3000,734.5095,489.9357,727.9374
544.3378,748.1892,612.0178,767.3475,617.6321,747.5341,549.9521,728.3757
574.6224,754.5438,634.2583,804.1514,648.7867,786.6954,589.1509,737.0878
589.7828,762.3867,634.5808,817.3160,650.6662,804.2046,605.8682,749.2752
602.1240,758.9291,628.5450,823.2813,647.3877,815.5509,620.9667,751.1987
597.9801,764.0956,624.4413,833.7330,644.8314,825.9912,618.3702,756.3539
599.4830,762.6995,612.0359,842.9202,635.5234,839.2512,622.9705,759.0306
600.8185,766.1350,590.9462,858.7891,618.0721,861.6866,627.9445,769.0325
604.1767,775.5314,568.3119,867.2579,595.1642,877.7653,631.0291,786.0388
604.4684,795.8325,540.4661,876.3254,564.0273,895.0698,628.0297,814.5770
595.3047,807.3365,515.9728,878.7792,536.8832,902.0110,616.2152,830.5683
2
0
0
0
0
1
348.4146,835.6895,360.1293,821.6412,309.3740,779.3024,297.6593,793.3601
330.9663,825.9984,348.2873,811.7070,296.6566,749.1101,279.3336,763.4130
319.4083,812.8493,341.4865,795.3625,278.3125,715.5739,256.2314,733.0749
299.0183,800.4738,325.2390,789.0167,283.8552,694.2633,257.6281,705.7338
