1
162.0000,52.5000,43.5000,174.0000
165.0000,51.0000,43.5000,174.0000
165.0000,51.0000,43.5000,174.0000
168.0000,49.5000,43.5000,174.0000
168.0000,49.5000,43.5000,174.0000
168.0000,48.0000,43.5000,174.0000
168.0000,48.0000,43.5000,174.0000
168.0000,46.5000,43.5000,174.0000
168.0000,46.5000,43.5000,174.0000
165.0000,45.0000,43.5000,174.0000
165.0000,45.0000,43.5000,174.0000
160.5000,43.5000,43.5000,174.0000
160.5000,43.5000,43.5000,174.0000
156.0000,42.0000,43.5000,174.0000
156.0000,42.0000,43.5000,174.0000
151.5000,40.5000,43.5000,174.0000
151.5000,40.5000,43.5000,174.0000
148.5000,40.5000,43.5000,174.0000
148.5000,40.5000,43.5000,174.0000
147.0000,40.5000,43.5000,174.0000
147.0000,40.5000,43.5000,174.0000
145.5000,40.5000,43.5000,174.0000
145.5000,40.5000,43.5000,174.0000
144.0000,40.5000,43.5000,174.0000
144.0000,40.5000,43.5000,174.0000
142.5000,40.5000,43.5000,174.0000
142.5000,40.5000,43.5000,174.0000
142.5000,40.5000,43.5000,174.0000
141.0000,40.5000,43.5000,174.0000
141.0000,39.0000,43.5000,174.0000
141.0000,39.0000,43.5000,174.0000
141.0000,39.0000,43.5000,174.0000
139.5000,39.0000,43.5000,174.0000
139.5000,37.5000,43.5000,174.0000
139.5000,37.5000,43.5000,174.0000
139.5000,37.5000,43.5000,174.0000
138.0000,37.5000,43.5000,174.0000
136.5000,37.5000,43.5000,174.0000
136.5000,37.5000,43.5000,174.0000
136.5000,37.5000,43.5000,174.0000
135.0000,40.5000,43.5000,174.0000
133.5000,43.5000,43.5000,174.0000
133.5000,43.5000,43.5000,174.0000
133.5000,43.5000,43.5000,174.0000
150.0000,37.5000,43.5000,174.0000
150.0000,37.5000,43.5000,174.0000
151.5000,39.0000,43.5000,174.0000
153.0000,37.5000,43.5000,174.0000
153.0000,37.5000,43.5000,174.0000
153.0000,37.5000,43.5000,174.0000
154.5000,37.5000,43.5000,174.0000
154.5000,37.5000,43.5000,174.0000
154.5000,37.5000,43.5000,174.0000
151.5000,37.5000,43.5000,174.0000
151.5000,37.5000,43.5000,174.0000
151.5000,37.5000,43.5000,174.0000
154.5000,36.0000,43.5000,174.0000
154.5000,36.0000,43.5000,174.0000
157.5000,37.5000,43.5000,174.0000
160.5000,36.0000,43.5000,174.0000
160.5000,36.0000,43.5000,174.0000
160.5000,36.0000,43.5000,174.0000
163.5000,36.0000,43.5000,174.0000
168.0000,39.0000,43.5000,174.0000
168.0000,39.0000,43.5000,174.0000
168.0000,39.0000,43.5000,174.0000
172.5000,39.0000,43.5000,174.0000
172.5000,39.0000,43.5000,174.0000
177.0000,40.5000,43.5000,174.0000
183.0000,40.5000,43.5000,174.0000
183.0000,40.5000,43.5000,174.0000
183.0000,40.5000,43.5000,174.0000
189.0000,40.5000,43.5000,174.0000
189.0000,40.5000,43.5000,174.0000
196.5000,42.0000,43.5000,174.0000
202.5000,40.5000,43.5000,174.0000
202.5000,40.5000,43.5000,174.0000
202.5000,40.5000,43.5000,174.0000
208.5000,37.5000,43.5000,174.0000
208.5000,37.5000,43.5000,174.0000
214.5000,33.0000,43.5000,174.0000
214.5000,33.0000,43.5000,174.0000
219.0000,33.0000,43.5000,174.0000
219.0000,31.5000,43.5000,174.0000
219.0000,31.5000,43.5000,174.0000
219.0000,31.5000,43.5000,174.0000
219.0000,30.0000,43.5000,174.0000
216.0000,30.0000,43.5000,174.0000
216.0000,30.0000,43.5000,174.0000
216.0000,30.0000,43.5000,174.0000
216.0000,31.5000,43.5000,174.0000
214.5000,37.5000,43.5000,174.0000
214.5000,37.5000,43.5000,174.0000
214.5000,37.5000,43.5000,174.0000
208.5000,40.5000,43.5000,174.0000
208.5000,40.5000,43.5000,174.0000
202.5000,40.5000,43.5000,174.0000
175.5000,76.5000,43.5000,174.0000
175.5000,76.5000,43.5000,174.0000
175.5000,76.5000,43.5000,174.0000
147.0000,76.5000,43.5000,174.0000
141.0000,75.0000,43.5000,174.0000
2
0
0
0
0
1
183.0000,105.0000,100.5000,96.0000
186.0000,105.0000,100.5000,96.0000
187.5000,105.0000,100.5000,96.0000
189.0000,105.0000,100.5000,96.0000
189.0000,105.0000,100.5000,96.0000
166.5000,106.5000,100.5000,96.0000
172.5000,106.5000,100.5000,96.0000
178.5000,108.0000,100.5000,96.0000
171.0000,108.0000,100.5000,96.0000
162.0000,108.0000,100.5000,96.0000
150.0000,108.0000,100.5000,96.0000
136.5000,108.0000,100.5000,96.0000
136.5000,108.0000,100.5000,96.0000
123.0000,109.5000,100.5000,96.0000
97.5000,111.0000,100.5000,96.0000
87.0000,112.5000,100.5000,96.0000
87.0000,112.5000,100.5000,96.0000
76.5000,112.5000,100.5000,96.0000
2
0
0
0
0
1
136.5000,1.5000,87.0000,168.0000
135.0000,1.5000,87.0000,168.0000
135.0000,1.5000,87.0000,168.0000
135.0000,1.5000,87.0000,168.0000
138.0000,1.5000,87.0000,168.0000
141.0000,1.5000,87.0000,168.0000
144.0000,1.5000,87.0000,168.0000
147.0000,1.5000,87.0000,168.0000
150.0000,0.0000,87.0000,168.0000
153.0000,0.0000,87.0000,168.0000
156.0000,0.0000,87.0000,168.0000
159.0000,0.0000,87.0000,168.0000
162.0000,0.0000,87.0000,168.0000
163.5000,0.0000,87.0000,168.0000
165.0000,0.0000,87.0000,168.0000
165.0000,0.0000,87.0000,168.0000
166.5000,0.0000,87.0000,168.0000
166.5000,0.0000,87.0000,168.0000
166.5000,0.0000,87.0000,168.0000
166.5000,0.0000,87.0000,168.0000
166.5000,0.0000,87.0000,168.0000
165.0000,0.0000,87.0000,168.0000
165.0000,0.0000,87.0000,168.0000
163.5000,0.0000,87.0000,168.0000
163.5000,0.0000,87.0000,168.0000
2
0
0
0
0
1
237.0000,75.0000,42.0000,102.0000
235.5000,72.0000,42.0000,102.0000
232.5000,67.5000,42.0000,102.0000
228.0000,63.0000,42.0000,102.0000
223.5000,60.0000,42.0000,102.0000
219.0000,58.5000,42.0000,102.0000
214.5000,57.0000,42.0000,102.0000
210.0000,55.5000,42.0000,102.0000
205.5000,54.0000,42.0000,102.0000
205.5000,54.0000,42.0000,102.0000
202.5000,52.5000,42.0000,102.0000
198.0000,54.0000,42.0000,102.0000
198.0000,54.0000,42.0000,102.0000
196.5000,54.0000,42.0000,102.0000
193.5000,57.0000,42.0000,102.0000
193.5000,57.0000,42.0000,102.0000
193.5000,58.5000,42.0000,102.0000
193.5000,63.0000,42.0000,102.0000
193.5000,63.0000,42.0000,102.0000
198.0000,63.0000,42.0000,102.0000
205.5000,60.0000,42.0000,102.0000
205.5000,60.0000,42.0000,102.0000
210.0000,61.5000,42.0000,102.0000
213.0000,66.0000,42.0000,102.0000
213.0000,66.0000,42.0000,102.0000
219.0000,64.5000,42.0000,102.0000
219.0000,64.5000,42.0000,102.0000
226.5000,64.5000,42.0000,102.0000
234.0000,63.0000,42.0000,102.0000
234.0000,63.0000,42.0000,102.0000
237.0000,63.0000,42.0000,102.0000
241.5000,60.0000,42.0000,102.0000
241.5000,60.0000,42.0000,102.0000
241.5000,60.0000,42.0000,102.0000
240.0000,60.0000,42.0000,102.0000
240.0000,60.0000,42.0000,102.0000
238.5000,60.0000,42.0000,102.0000
235.5000,60.0000,42.0000,102.0000
235.5000,60.0000,42.0000,102.0000
237.0000,60.0000,42.0000,102.0000
237.0000,60.0000,42.0000,102.0000
244.5000,60.0000,42.0000,102.0000
241.5000,58.5000,42.0000,102.0000
241.5000,58.5000,42.0000,102.0000
255.0000,57.0000,42.0000,102.0000
255.0000,57.0000,42.0000,102.0000
255.0000,57.0000,42.0000,102.0000
259.5000,57.0000,42.0000,102.0000
259.5000,57.0000,42.0000,102.0000
258.0000,58.5000,42.0000,102.0000
249.0000,57.0000,42.0000,102.0000
249.0000,57.0000,42.0000,102.0000
261.0000,54.0000,42.0000,102.0000
261.0000,54.0000,42.0000,102.0000
253.5000,51.0000,42.0000,102.0000
246.0000,49.5000,42.0000,102.0000
246.0000,49.5000,42.0000,102.0000
241.5000,49.5000,42.0000,102.0000
235.5000,49.5000,42.0000,102.0000
235.5000,49.5000,42.0000,102.0000
232.5000,48.0000,42.0000,102.0000
232.5000,48.0000,42.0000,102.0000
229.5000,48.0000,42.0000,102.0000
229.5000,48.0000,42.0000,102.0000
229.5000,48.0000,42.0000,102.0000
229.5000,48.0000,42.0000,102.0000
231.0000,51.0000,42.0000,102.0000
231.0000,51.0000,42.0000,102.0000
232.5000,51.0000,42.0000,102.0000
232.5000,51.0000,42.0000,102.0000
232.5000,54.0000,42.0000,102.0000
229.5000,58.5000,42.0000,102.0000
229.5000,58.5000,42.0000,102.0000
229.5000,58.5000,42.0000,102.0000
231.0000,51.0000,42.0000,102.0000
231.0000,51.0000,42.0000,102.0000
232.5000,54.0000,42.0000,102.0000
229.5000,55.5000,42.0000,102.0000
229.5000,55.5000,42.0000,102.0000
228.0000,57.0000,42.0000,102.0000
222.0000,55.5000,42.0000,102.0000
222.0000,55.5000,42.0000,102.0000
210.0000,55.5000,42.0000,102.0000
210.0000,55.5000,42.0000,102.0000
205.5000,55.5000,42.0000,102.0000
201.0000,55.5000,42.0000,102.0000
202.5000,55.5000,42.0000,102.0000
202.5000,55.5000,42.0000,102.0000
196.5000,52.5000,42.0000,102.0000
195.0000,52.5000,42.0000,102.0000
195.0000,52.5000,42.0000,102.0000
196.5000,52.5000,42.0000,102.0000
196.5000,52.5000,42.0000,102.0000
198.0000,51.0000,42.0000,102.0000
198.0000,48.0000,42.0000,102.0000
198.0000,48.0000,42.0000,102.0000
198.0000,46.5000,42.0000,102.0000
199.5000,45.0000,42.0000,102.0000
199.5000,45.0000,42.0000,102.0000
199.5000,43.5000,42.0000,102.0000
201.0000,43.5000,42.0000,102.0000
201.0000,43.5000,42.0000,102.0000
201.0000,43.5000,42.0000,102.0000
201.0000,43.5000,42.0000,102.0000
201.0000,42.0000,42.0000,102.0000
201.0000,43.5000,42.0000,102.0000
201.0000,43.5000,42.0000,102.0000
201.0000,43.5000,42.0000,102.0000
201.0000,45.0000,42.0000,102.0000
201.0000,45.0000,42.0000,102.0000
202.5000,51.0000,42.0000,102.0000
202.5000,51.0000,42.0000,102.0000
199.5000,52.5000,42.0000,102.0000
228.0000,85.5000,42.0000,102.0000
228.0000,85.5000,42.0000,102.0000
199.5000,57.0000,42.0000,102.0000
199.5000,57.0000,42.0000,102.0000
199.5000,58.5000,42.0000,102.0000
198.0000,58.5000,42.0000,102.0000
198.0000,58.5000,42.0000,102.0000
201.0000,61.5000,42.0000,102.0000
201.0000,63.0000,42.0000,102.0000
201.0000,63.0000,42.0000,102.0000
199.5000,63.0000,42.0000,102.0000
199.5000,63.0000,42.0000,102.0000
199.5000,63.0000,42.0000,102.0000
199.5000,61.5000,42.0000,102.0000
202.5000,61.5000,42.0000,102.0000
202.5000,61.5000,42.0000,102.0000
205.5000,61.5000,42.0000,102.0000
205.5000,61.5000,42.0000,102.0000
208.5000,61.5000,42.0000,102.0000
211.5000,60.0000,42.0000,102.0000
211.5000,60.0000,42.0000,102.0000
213.0000,60.0000,42.0000,102.0000
216.0000,58.5000,42.0000,102.0000
216.0000,58.5000,42.0000,102.0000
216.0000,58.5000,42.0000,102.0000
217.5000,58.5000,42.0000,102.0000
217.5000,58.5000,42.0000,102.0000
219.0000,58.5000,42.0000,102.0000
219.0000,60.0000,42.0000,102.0000
219.0000,60.0000,42.0000,102.0000
220.5000,58.5000,42.0000,102.0000
222.0000,58.5000,42.0000,102.0000
222.0000,58.5000,42.0000,102.0000
223.5000,58.5000,42.0000,102.0000
225.0000,55.5000,42.0000,102.0000
225.0000,55.5000,42.0000,102.0000
226.5000,55.5000,42.0000,102.0000
226.5000,55.5000,42.0000,102.0000
228.0000,55.5000,42.0000,102.0000
228.0000,55.5000,42.0000,102.0000
228.0000,55.5000,42.0000,102.0000
228.0000,54.0000,42.0000,102.0000
225.0000,55.5000,42.0000,102.0000
225.0000,55.5000,42.0000,102.0000
225.0000,55.5000,42.0000,102.0000
225.0000,55.5000,42.0000,102.0000
222.0000,58.5000,42.0000,102.0000
222.0000,60.0000,42.0000,102.0000
222.0000,60.0000,42.0000,102.0000
220.5000,61.5000,42.0000,102.0000
222.0000,64.5000,42.0000,102.0000
223.5000,66.0000,42.0000,102.0000
223.5000,66.0000,42.0000,102.0000
223.5000,67.5000,42.0000,102.0000
228.0000,69.0000,42.0000,102.0000
228.0000,69.0000,42.0000,102.0000
229.5000,69.0000,42.0000,102.0000
229.5000,69.0000,42.0000,102.0000
234.0000,70.5000,42.0000,102.0000
238.5000,72.0000,42.0000,102.0000
238.5000,72.0000,42.0000,102.0000
241.5000,72.0000,42.0000,102.0000
241.5000,72.0000,42.0000,102.0000
249.0000,72.0000,42.0000,102.0000
256.5000,72.0000,42.0000,102.0000
256.5000,72.0000,42.0000,102.0000
261.0000,72.0000,42.0000,102.0000
270.0000,69.0000,42.0000,102.0000
270.0000,69.0000,42.0000,102.0000
274.5000,69.0000,42.0000,102.0000
274.5000,69.0000,42.0000,102.0000
280.5000,69.0000,42.0000,102.0000
280.5000,67.5000,42.0000,102.0000
280.5000,67.5000,42.0000,102.0000
280.5000,69.0000,42.0000,102.0000
283.5000,66.0000,42.0000,102.0000
283.5000,66.0000,42.0000,102.0000
285.0000,63.0000,42.0000,102.0000
289.5000,61.5000,42.0000,102.0000
289.5000,61.5000,42.0000,102.0000
291.0000,61.5000,42.0000,102.0000
294.0000,63.0000,42.0000,102.0000
294.0000,63.0000,42.0000,102.0000
294.0000,61.5000,42.0000,102.0000
294.0000,61.5000,42.0000,102.0000
292.5000,61.5000,42.0000,102.0000
303.0000,63.0000,42.0000,102.0000
303.0000,63.0000,42.0000,102.0000
291.0000,63.0000,42.0000,102.0000
273.0000,63.0000,42.0000,102.0000
273.0000,63.0000,42.0000,102.0000
270.0000,61.5000,42.0000,102.0000
258.0000,63.0000,42.0000,102.0000
258.0000,63.0000,42.0000,102.0000
253.5000,63.0000,42.0000,102.0000
253.5000,63.0000,42.0000,102.0000
241.5000,64.5000,42.0000,102.0000
231.0000,64.5000,42.0000,102.0000
231.0000,64.5000,42.0000,102.0000
225.0000,64.5000,42.0000,102.0000
214.5000,64.5000,42.0000,102.0000
214.5000,64.5000,42.0000,102.0000
211.5000,58.5000,42.0000,102.0000
202.5000,66.0000,42.0000,102.0000
202.5000,66.0000,42.0000,102.0000
199.5000,66.0000,42.0000,102.0000
199.5000,66.0000,42.0000,102.0000
193.5000,66.0000,42.0000,102.0000
189.0000,67.5000,42.0000,102.0000
189.0000,67.5000,42.0000,102.0000
187.5000,67.5000,42.0000,102.0000
186.0000,67.5000,42.0000,102.0000
186.0000,67.5000,42.0000,102.0000
184.5000,67.5000,42.0000,102.0000
183.0000,67.5000,42.0000,102.0000
183.0000,67.5000,42.0000,102.0000
183.0000,67.5000,42.0000,102.0000
183.0000,67.5000,42.0000,102.0000
183.0000,24.0000,42.0000,102.0000
183.0000,27.0000,42.0000,102.0000
183.0000,72.0000,42.0000,102.0000
183.0000,72.0000,42.0000,102.0000
183.0000,72.0000,42.0000,102.0000
183.0000,72.0000,42.0000,102.0000
183.0000,73.5000,42.0000,102.0000
184.5000,73.5000,42.0000,102.0000
184.5000,73.5000,42.0000,102.0000
183.0000,75.0000,42.0000,102.0000
183.0000,75.0000,42.0000,102.0000
183.0000,75.0000,42.0000,102.0000
183.0000,75.0000,42.0000,102.0000
183.0000,76.5000,42.0000,102.0000
183.0000,76.5000,42.0000,102.0000
181.5000,76.5000,42.0000,102.0000
181.5000,76.5000,42.0000,102.0000
181.5000,76.5000,42.0000,102.0000
181.5000,76.5000,42.0000,102.0000
180.0000,78.0000,42.0000,102.0000
180.0000,78.0000,42.0000,102.0000
180.0000,79.5000,42.0000,102.0000
178.5000,81.0000,42.0000,102.0000
178.5000,81.0000,42.0000,102.0000
177.0000,84.0000,42.0000,102.0000
177.0000,84.0000,42.0000,102.0000
175.5000,81.0000,42.0000,102.0000
172.5000,64.5000,42.0000,102.0000
172.5000,64.5000,42.0000,102.0000
172.5000,66.0000,42.0000,102.0000
172.5000,70.5000,42.0000,102.0000
172.5000,70.5000,42.0000,102.0000
171.0000,72.0000,42.0000,102.0000
174.0000,75.0000,42.0000,102.0000
174.0000,75.0000,42.0000,102.0000
166.5000,94.5000,42.0000,102.0000
166.5000,94.5000,42.0000,102.0000
178.5000,81.0000,42.0000,102.0000
175.5000,81.0000,42.0000,102.0000
175.5000,81.0000,42.0000,102.0000
181.5000,79.5000,42.0000,102.0000
183.0000,79.5000,42.0000,102.0000
183.0000,79.5000,42.0000,102.0000
192.0000,75.0000,42.0000,102.0000
198.0000,78.0000,42.0000,102.0000
198.0000,78.0000,42.0000,102.0000
201.0000,78.0000,42.0000,102.0000
201.0000,78.0000,42.0000,102.0000
205.5000,75.0000,42.0000,102.0000
207.0000,75.0000,42.0000,102.0000
207.0000,75.0000,42.0000,102.0000
210.0000,76.5000,42.0000,102.0000
208.5000,78.0000,42.0000,102.0000
208.5000,78.0000,42.0000,102.0000
214.5000,70.5000,42.0000,102.0000
219.0000,72.0000,42.0000,102.0000
219.0000,72.0000,42.0000,102.0000
220.5000,76.5000,42.0000,102.0000
222.0000,73.5000,42.0000,102.0000
222.0000,73.5000,42.0000,102.0000
223.5000,73.5000,42.0000,102.0000
229.5000,72.0000,42.0000,102.0000
229.5000,72.0000,42.0000,102.0000
232.5000,72.0000,42.0000,102.0000
232.5000,72.0000,42.0000,102.0000
235.5000,69.0000,42.0000,102.0000
234.0000,63.0000,42.0000,102.0000
234.0000,63.0000,42.0000,102.0000
234.0000,60.0000,42.0000,102.0000
235.5000,63.0000,42.0000,102.0000
235.5000,63.0000,42.0000,102.0000
235.5000,61.5000,42.0000,102.0000
232.5000,61.5000,42.0000,102.0000
232.5000,61.5000,42.0000,102.0000
229.5000,61.5000,42.0000,102.0000
223.5000,66.0000,42.0000,102.0000
223.5000,66.0000,42.0000,102.0000
220.5000,67.5000,42.0000,102.0000
220.5000,67.5000,42.0000,102.0000
216.0000,70.5000,42.0000,102.0000
217.5000,76.5000,42.0000,102.0000
217.5000,76.5000,42.0000,102.0000
207.0000,75.0000,42.0000,102.0000
204.0000,79.5000,42.0000,102.0000
204.0000,79.5000,42.0000,102.0000
199.5000,78.0000,42.0000,102.0000
199.5000,78.0000,42.0000,102.0000
195.0000,76.5000,42.0000,102.0000
190.5000,75.0000,42.0000,102.0000
190.5000,75.0000,42.0000,102.0000
189.0000,76.5000,42.0000,102.0000
189.0000,76.5000,42.0000,102.0000
187.5000,78.0000,42.0000,102.0000
192.0000,85.5000,42.0000,102.0000
192.0000,85.5000,42.0000,102.0000
184.5000,79.5000,42.0000,102.0000
180.0000,76.5000,42.0000,102.0000
180.0000,76.5000,42.0000,102.0000
180.0000,76.5000,42.0000,102.0000
180.0000,76.5000,42.0000,102.0000
184.5000,79.5000,42.0000,102.0000
189.0000,81.0000,42.0000,102.0000
189.0000,81.0000,42.0000,102.0000
189.0000,81.0000,42.0000,102.0000
189.0000,81.0000,42.0000,102.0000
184.5000,81.0000,42.0000,102.0000
184.5000,82.5000,42.0000,102.0000
184.5000,82.5000,42.0000,102.0000
192.0000,85.5000,42.0000,102.0000
193.5000,85.5000,42.0000,102.0000
193.5000,85.5000,42.0000,102.0000
217.5000,90.0000,42.0000,102.0000
217.5000,90.0000,42.0000,102.0000
204.0000,87.0000,42.0000,102.0000
196.5000,78.0000,42.0000,102.0000
196.5000,78.0000,42.0000,102.0000
195.0000,78.0000,42.0000,102.0000
195.0000,78.0000,42.0000,102.0000
193.5000,72.0000,42.0000,102.0000
193.5000,73.5000,42.0000,102.0000
193.5000,73.5000,42.0000,102.0000
192.0000,72.0000,42.0000,102.0000
192.0000,72.0000,42.0000,102.0000
192.0000,70.5000,42.0000,102.0000
193.5000,69.0000,42.0000,102.0000
193.5000,69.0000,42.0000,102.0000
193.5000,67.5000,42.0000,102.0000
195.0000,67.5000,42.0000,102.0000
195.0000,67.5000,42.0000,102.0000
195.0000,66.0000,42.0000,102.0000
195.0000,66.0000,42.0000,102.0000
199.5000,66.0000,42.0000,102.0000
205.5000,64.5000,42.0000,102.0000
205.5000,64.5000,42.0000,102.0000
211.5000,63.0000,42.0000,102.0000
211.5000,63.0000,42.0000,102.0000
214.5000,61.5000,42.0000,102.0000
229.5000,34.5000,42.0000,102.0000
229.5000,34.5000,42.0000,102.0000
237.0000,34.5000,42.0000,102.0000
253.5000,48.0000,42.0000,102.0000
253.5000,48.0000,42.0000,102.0000
259.5000,57.0000,42.0000,102.0000
258.0000,54.0000,42.0000,102.0000
258.0000,54.0000,42.0000,102.0000
262.5000,54.0000,42.0000,102.0000
264.0000,52.5000,42.0000,102.0000
264.0000,52.5000,42.0000,102.0000
262.5000,52.5000,42.0000,102.0000
264.0000,52.5000,42.0000,102.0000
264.0000,52.5000,42.0000,102.0000
261.0000,51.0000,42.0000,102.0000
261.0000,51.0000,42.0000,102.0000
262.5000,49.5000,42.0000,102.0000
265.5000,49.5000,42.0000,102.0000
265.5000,49.5000,42.0000,102.0000
267.0000,48.0000,42.0000,102.0000
273.0000,48.0000,42.0000,102.0000
273.0000,48.0000,42.0000,102.0000
271.5000,48.0000,42.0000,102.0000
271.5000,48.0000,42.0000,102.0000
274.5000,46.5000,42.0000,102.0000
271.5000,39.0000,42.0000,102.0000
271.5000,39.0000,42.0000,102.0000
270.0000,37.5000,42.0000,102.0000
268.5000,36.0000,42.0000,102.0000
268.5000,36.0000,42.0000,102.0000
268.5000,36.0000,42.0000,102.0000
265.5000,36.0000,42.0000,102.0000
265.5000,36.0000,42.0000,102.0000
265.5000,37.5000,42.0000,102.0000
264.0000,42.0000,42.0000,102.0000
262.5000,43.5000,42.0000,102.0000
262.5000,43.5000,42.0000,102.0000
261.0000,45.0000,42.0000,102.0000
261.0000,45.0000,42.0000,102.0000
256.5000,48.0000,42.0000,102.0000
246.0000,52.5000,42.0000,102.0000
246.0000,52.5000,42.0000,102.0000
240.0000,52.5000,42.0000,102.0000
240.0000,52.5000,42.0000,102.0000
217.5000,54.0000,42.0000,102.0000
217.5000,54.0000,42.0000,102.0000
217.5000,49.5000,42.0000,102.0000
217.5000,49.5000,42.0000,102.0000
190.5000,28.5000,42.0000,102.0000
174.0000,16.5000,42.0000,102.0000
174.0000,16.5000,42.0000,102.0000
165.0000,12.0000,42.0000,102.0000
142.5000,1.5000,42.0000,102.0000
138.0000,1.5000,42.0000,102.0000
133.5000,4.5000,42.0000,102.0000
127.5000,10.5000,42.0000,102.0000
118.5000,21.0000,42.0000,102.0000
118.5000,21.0000,42.0000,102.0000
109.5000,31.5000,42.0000,102.0000
100.5000,46.5000,42.0000,102.0000
100.5000,46.5000,42.0000,102.0000
105.0000,43.5000,42.0000,102.0000
138.0000,31.5000,42.0000,102.0000
138.0000,31.5000,42.0000,102.0000
136.5000,36.0000,42.0000,102.0000
138.0000,43.5000,42.0000,102.0000
138.0000,43.5000,42.0000,102.0000
139.5000,46.5000,42.0000,102.0000
120.0000,49.5000,42.0000,102.0000
120.0000,49.5000,42.0000,102.0000
120.0000,49.5000,42.0000,102.0000
120.0000,49.5000,42.0000,102.0000
135.0000,45.0000,42.0000,102.0000
135.0000,49.5000,42.0000,102.0000
135.0000,49.5000,42.0000,102.0000
136.5000,49.5000,42.0000,102.0000
139.5000,46.5000,42.0000,102.0000
139.5000,46.5000,42.0000,102.0000
139.5000,46.5000,42.0000,102.0000
144.0000,40.5000,42.0000,102.0000
144.0000,40.5000,42.0000,102.0000
145.5000,36.0000,42.0000,102.0000
145.5000,34.5000,42.0000,102.0000
145.5000,34.5000,42.0000,102.0000
145.5000,34.5000,42.0000,102.0000
144.0000,33.0000,42.0000,102.0000
144.0000,33.0000,42.0000,102.0000
144.0000,31.5000,42.0000,102.0000
150.0000,27.0000,42.0000,102.0000
150.0000,27.0000,42.0000,102.0000
150.0000,27.0000,42.0000,102.0000
127.5000,36.0000,42.0000,102.0000
127.5000,36.0000,42.0000,102.0000
132.0000,36.0000,42.0000,102.0000
151.5000,33.0000,42.0000,102.0000
151.5000,33.0000,42.0000,102.0000
151.5000,33.0000,42.0000,102.0000
157.5000,30.0000,42.0000,102.0000
157.5000,30.0000,42.0000,102.0000
144.0000,28.5000,42.0000,102.0000
130.5000,24.0000,42.0000,102.0000
130.5000,24.0000,42.0000,102.0000
130.5000,24.0000,42.0000,102.0000
115.5000,19.5000,42.0000,102.0000
2
0
0
0
0
1
148.5000,76.5000,63.0000,132.0000
148.5000,76.5000,63.0000,132.0000
151.5000,78.0000,63.0000,132.0000
151.5000,78.0000,63.0000,132.0000
154.5000,79.5000,63.0000,132.0000
154.5000,79.5000,63.0000,132.0000
159.0000,79.5000,63.0000,132.0000
159.0000,79.5000,63.0000,132.0000
162.0000,81.0000,63.0000,132.0000
162.0000,81.0000,63.0000,132.0000
165.0000,81.0000,63.0000,132.0000
165.0000,81.0000,63.0000,132.0000
166.5000,84.0000,63.0000,132.0000
166.5000,84.0000,63.0000,132.0000
166.5000,84.0000,63.0000,132.0000
165.0000,84.0000,63.0000,132.0000
165.0000,84.0000,63.0000,132.0000
162.0000,85.5000,63.0000,132.0000
162.0000,87.0000,63.0000,132.0000
