1
117.0000,45.0000,100.0000,103.0000
115.0000,39.0000,98.0000,102.0000
114.0000,31.0000,95.0000,101.0000
112.0000,27.0000,96.0000,100.0000
113.0000,24.0000,95.0000,99.0000
114.0000,24.0000,96.0000,99.0000
119.0000,22.0000,97.0000,97.0000
124.0000,15.0000,100.0000,99.0000
128.0000,21.0000,99.0000,98.0000
136.0000,7.0000,100.0000,99.0000
160.0000,9.0000,104.0000,103.0000
177.0000,10.0000,103.0000,105.0000
179.0000,10.0000,101.0000,106.0000
182.0000,10.0000,103.0000,108.0000
184.0000,5.0000,102.0000,108.0000
186.0000,11.0000,101.0000,112.0000
188.0000,17.0000,104.0000,114.0000
187.0000,25.0000,102.0000,117.0000
189.0000,29.0000,105.0000,122.0000
193.0000,36.0000,104.0000,120.0000
194.0000,40.0000,107.0000,123.0000
193.0000,50.0000,109.0000,116.0000
197.0000,54.0000,108.0000,116.0000
193.0000,55.0000,114.0000,118.0000
194.0000,60.0000,113.0000,121.0000
192.0000,72.0000,107.0000,113.0000
188.0000,70.0000,111.0000,126.0000
180.0000,65.0000,109.0000,130.0000
178.0000,64.0000,106.0000,138.0000
177.0000,60.0000,104.0000,140.0000
181.0000,50.0000,101.0000,146.0000
183.0000,44.0000,100.0000,149.0000
189.0000,44.0000,102.0000,159.0000
190.0000,48.0000,107.0000,164.0000
190.0000,47.0000,104.0000,168.0000
188.0000,50.0000,105.0000,170.0000
187.0000,52.0000,99.0000,170.0000
188.0000,50.0000,97.0000,172.0000
185.0000,59.0000,96.0000,167.0000
179.0000,67.0000,94.0000,167.0000
178.0000,74.0000,96.0000,154.0000
183.0000,108.0000,103.0000,105.0000
183.0000,110.0000,103.0000,102.0000
183.0000,110.0000,101.0000,101.0000
185.0000,112.0000,98.0000,101.0000
185.0000,112.0000,98.0000,105.0000
188.0000,120.0000,93.0000,102.0000
188.0000,132.0000,92.0000,98.0000
187.0000,141.0000,92.0000,97.0000
191.0000,150.0000,92.0000,96.0000
195.0000,159.0000,92.0000,94.0000
199.0000,164.0000,93.0000,96.0000
202.0000,171.0000,95.0000,97.0000
206.0000,179.0000,97.0000,95.0000
210.0000,189.0000,96.0000,93.0000
218.0000,196.0000,97.0000,92.0000
225.0000,203.0000,95.0000,91.0000
229.0000,205.0000,98.0000,95.0000
236.0000,213.0000,94.0000,89.0000
241.0000,209.0000,100.0000,97.0000
251.0000,215.0000,95.0000,90.0000
264.0000,216.0000,96.0000,90.0000
275.0000,214.0000,97.0000,93.0000
284.0000,209.0000,96.0000,93.0000
289.0000,198.0000,100.0000,97.0000
291.0000,180.0000,106.0000,105.0000
296.0000,165.0000,100.0000,102.0000
305.0000,151.0000,101.0000,101.0000
314.0000,131.0000,101.0000,103.0000
326.0000,108.0000,106.0000,104.0000
319.0000,88.0000,106.0000,105.0000
326.0000,70.0000,107.0000,105.0000
358.0000,44.0000,109.0000,109.0000
394.0000,29.0000,109.0000,111.0000
382.0000,5.0000,111.0000,113.0000
380.0000,10.0000,115.0000,116.0000
399.0000,10.0000,119.0000,118.0000
395.0000,10.0000,120.0000,120.0000
398.0000,10.0000,118.0000,122.0000
402.0000,10.0000,117.0000,109.0000
398.0000,10.0000,117.0000,112.0000
396.0000,10.0000,114.0000,110.0000
388.0000,10.0000,113.0000,108.0000
381.0000,10.0000,108.0000,107.0000
373.0000,10.0000,105.0000,105.0000
361.0000,10.0000,106.0000,104.0000
350.0000,10.0000,104.0000,104.0000
340.0000,10.0000,102.0000,103.0000
328.0000,4.0000,102.0000,103.0000
314.0000,7.0000,109.0000,110.0000
301.0000,10.0000,106.0000,107.0000
285.0000,14.0000,105.0000,104.0000
268.0000,16.0000,112.0000,109.0000
259.0000,23.0000,108.0000,106.0000
254.0000,25.0000,115.0000,112.0000
245.0000,22.0000,121.0000,120.0000
241.0000,22.0000,117.0000,119.0000
243.0000,9.0000,132.0000,136.0000
236.0000,11.0000,136.0000,136.0000
232.0000,11.0000,137.0000,136.0000
225.0000,11.0000,134.0000,136.0000
217.0000,14.0000,137.0000,132.0000
212.0000,10.0000,131.0000,131.0000
206.0000,11.0000,133.0000,132.0000
202.0000,15.0000,121.0000,122.0000
194.0000,12.0000,122.0000,125.0000
182.0000,19.0000,124.0000,121.0000
172.0000,17.0000,128.0000,132.0000
162.0000,21.0000,124.0000,128.0000
153.0000,30.0000,110.0000,112.0000
143.0000,29.0000,116.0000,123.0000
128.0000,35.0000,115.0000,123.0000
115.0000,47.0000,122.0000,131.0000
104.0000,54.0000,122.0000,138.0000
111.0000,69.0000,119.0000,145.0000
103.0000,67.0000,118.0000,143.0000
99.0000,67.0000,119.0000,149.0000
84.0000,78.0000,121.0000,153.0000
69.0000,85.0000,120.0000,143.0000
66.0000,82.0000,122.0000,156.0000
66.0000,85.0000,128.0000,160.0000
62.0000,91.0000,127.0000,158.0000
59.0000,99.0000,129.0000,153.0000
62.0000,99.0000,128.0000,154.0000
63.0000,101.0000,122.0000,143.0000
67.0000,93.0000,123.0000,142.0000
72.0000,78.0000,126.0000,145.0000
78.0000,69.0000,129.0000,139.0000
87.0000,60.0000,129.0000,140.0000
96.0000,52.0000,132.0000,137.0000
111.0000,40.0000,130.0000,140.0000
122.0000,31.0000,133.0000,141.0000
125.0000,24.0000,141.0000,137.0000
140.0000,18.0000,138.0000,141.0000
152.0000,15.0000,135.0000,147.0000
159.0000,12.0000,139.0000,149.0000
163.0000,10.0000,144.0000,150.0000
166.0000,13.0000,142.0000,149.0000
162.0000,14.0000,138.0000,146.0000
164.0000,19.0000,134.0000,144.0000
158.0000,18.0000,130.0000,136.0000
151.0000,15.0000,120.0000,124.0000
2
0
0
0
0
1
215.0000,163.0000,49.0000,49.0000
218.0000,167.0000,47.0000,51.0000
219.0000,171.0000,48.0000,50.0000
219.0000,175.0000,49.0000,50.0000
219.0000,178.0000,49.0000,50.0000
218.0000,181.0000,49.0000,49.0000
218.0000,182.0000,50.0000,49.0000
221.0000,185.0000,49.0000,49.0000
225.0000,188.0000,49.0000,50.0000
229.0000,188.0000,49.0000,51.0000
230.0000,188.0000,49.0000,52.0000
229.0000,188.0000,50.0000,49.0000
229.0000,185.0000,49.0000,50.0000
231.0000,183.0000,50.0000,51.0000
233.0000,183.0000,52.0000,52.0000
