1
185.0000,23.0000,48.0000,38.0000
186.0000,25.0000,47.0000,37.0000
186.0000,25.0000,47.0000,37.0000
186.0000,25.0000,47.0000,37.0000
186.0000,25.0000,47.0000,37.0000
186.0000,25.0000,47.0000,37.0000
186.0000,27.0000,45.0000,36.0000
186.0000,27.0000,45.0000,36.0000
186.0000,27.0000,45.0000,36.0000
186.0000,27.0000,45.0000,36.0000
186.0000,27.0000,45.0000,36.0000
186.0000,27.0000,45.0000,36.0000
186.0000,27.0000,45.0000,36.0000
186.0000,27.0000,45.0000,36.0000
186.0000,27.0000,45.0000,36.0000
186.0000,27.0000,45.0000,36.0000
186.0000,27.0000,45.0000,36.0000
186.0000,27.0000,45.0000,36.0000
182.0000,33.0000,48.0000,38.0000
182.0000,33.0000,48.0000,38.0000
182.0000,33.0000,48.0000,38.0000
182.0000,33.0000,48.0000,38.0000
182.0000,33.0000,48.0000,38.0000
180.0000,50.0000,47.0000,37.0000
180.0000,50.0000,47.0000,37.0000
180.0000,50.0000,47.0000,37.0000
180.0000,50.0000,47.0000,37.0000
180.0000,50.0000,47.0000,37.0000
180.0000,50.0000,47.0000,37.0000
180.0000,50.0000,47.0000,37.0000
180.0000,50.0000,47.0000,37.0000
180.0000,50.0000,47.0000,37.0000
180.0000,50.0000,47.0000,37.0000
180.0000,50.0000,47.0000,37.0000
180.0000,50.0000,47.0000,37.0000
180.0000,50.0000,47.0000,37.0000
180.0000,50.0000,47.0000,37.0000
180.0000,50.0000,47.0000,37.0000
180.0000,50.0000,47.0000,37.0000
180.0000,50.0000,47.0000,37.0000
180.0000,50.0000,47.0000,37.0000
177.0000,55.0000,49.0000,39.0000
177.0000,55.0000,49.0000,39.0000
177.0000,55.0000,49.0000,39.0000
177.0000,55.0000,49.0000,39.0000
177.0000,55.0000,49.0000,39.0000
180.0000,60.0000,44.0000,35.0000
180.0000,60.0000,44.0000,35.0000
180.0000,60.0000,44.0000,35.0000
180.0000,60.0000,44.0000,35.0000
180.0000,60.0000,44.0000,35.0000
185.0000,59.0000,39.0000,31.0000
185.0000,59.0000,39.0000,31.0000
185.0000,59.0000,39.0000,31.0000
185.0000,59.0000,39.0000,31.0000
191.0000,59.0000,35.0000,27.0000
191.0000,59.0000,35.0000,27.0000
191.0000,59.0000,35.0000,27.0000
197.0000,56.0000,31.0000,24.0000
197.0000,56.0000,31.0000,24.0000
197.0000,56.0000,31.0000,24.0000
197.0000,56.0000,31.0000,24.0000
197.0000,56.0000,31.0000,24.0000
201.0000,57.0000,29.0000,23.0000
201.0000,57.0000,29.0000,23.0000
201.0000,57.0000,29.0000,23.0000
201.0000,57.0000,29.0000,23.0000
201.0000,57.0000,29.0000,23.0000
201.0000,57.0000,29.0000,23.0000
201.0000,57.0000,29.0000,23.0000
201.0000,57.0000,29.0000,23.0000
201.0000,57.0000,29.0000,23.0000
201.0000,57.0000,29.0000,23.0000
201.0000,57.0000,29.0000,23.0000
201.0000,57.0000,29.0000,23.0000
201.0000,57.0000,29.0000,23.0000
201.0000,57.0000,29.0000,23.0000
201.0000,57.0000,29.0000,23.0000
201.0000,57.0000,29.0000,23.0000
201.0000,57.0000,29.0000,23.0000
201.0000,57.0000,29.0000,23.0000
201.0000,57.0000,29.0000,23.0000
206.0000,55.0000,27.0000,21.0000
206.0000,55.0000,27.0000,21.0000
206.0000,55.0000,27.0000,21.0000
220.0000,58.0000,24.0000,19.0000
220.0000,58.0000,24.0000,19.0000
220.0000,58.0000,24.0000,19.0000
220.0000,58.0000,24.0000,19.0000
224.0000,58.0000,22.0000,17.0000
224.0000,58.0000,22.0000,17.0000
224.0000,58.0000,22.0000,17.0000
224.0000,58.0000,22.0000,17.0000
224.0000,58.0000,22.0000,17.0000
224.0000,58.0000,22.0000,17.0000
224.0000,58.0000,22.0000,17.0000
227.0000,53.0000,25.0000,20.0000
227.0000,53.0000,25.0000,20.0000
227.0000,53.0000,25.0000,20.0000
227.0000,53.0000,25.0000,20.0000
225.0000,50.0000,27.0000,22.0000
225.0000,50.0000,27.0000,22.0000
225.0000,50.0000,27.0000,22.0000
225.0000,50.0000,27.0000,22.0000
222.0000,43.0000,29.0000,23.0000
222.0000,43.0000,29.0000,23.0000
222.0000,43.0000,29.0000,23.0000
222.0000,43.0000,29.0000,23.0000
222.0000,43.0000,29.0000,23.0000
222.0000,43.0000,29.0000,23.0000
222.0000,43.0000,29.0000,23.0000
222.0000,43.0000,29.0000,23.0000
222.0000,43.0000,29.0000,23.0000
222.0000,43.0000,29.0000,23.0000
222.0000,43.0000,29.0000,23.0000
222.0000,43.0000,29.0000,23.0000
222.0000,43.0000,29.0000,23.0000
222.0000,43.0000,29.0000,23.0000
222.0000,43.0000,29.0000,23.0000
222.0000,43.0000,29.0000,23.0000
222.0000,43.0000,29.0000,23.0000
222.0000,43.0000,29.0000,23.0000
222.0000,43.0000,29.0000,23.0000
220.0000,29.0000,34.0000,27.0000
220.0000,29.0000,34.0000,27.0000
220.0000,29.0000,34.0000,27.0000
220.0000,29.0000,34.0000,27.0000
220.0000,21.0000,39.0000,31.0000
220.0000,21.0000,39.0000,31.0000
220.0000,21.0000,39.0000,31.0000
220.0000,21.0000,39.0000,31.0000
224.0000,19.0000,45.0000,36.0000
224.0000,19.0000,45.0000,36.0000
224.0000,19.0000,45.0000,36.0000
224.0000,19.0000,45.0000,36.0000
224.0000,19.0000,45.0000,36.0000
224.0000,19.0000,45.0000,36.0000
224.0000,19.0000,45.0000,36.0000
224.0000,19.0000,45.0000,36.0000
224.0000,19.0000,45.0000,36.0000
231.0000,20.0000,43.0000,34.0000
231.0000,20.0000,43.0000,34.0000
231.0000,20.0000,43.0000,34.0000
231.0000,20.0000,43.0000,34.0000
231.0000,20.0000,43.0000,34.0000
231.0000,20.0000,43.0000,34.0000
231.0000,20.0000,43.0000,34.0000
231.0000,20.0000,43.0000,34.0000
231.0000,20.0000,43.0000,34.0000
231.0000,20.0000,43.0000,34.0000
0
0
0
2
0
0
0
0
1
247.0000,101.0000,17.0000,42.0000
246.0000,101.0000,17.0000,42.0000
246.0000,101.0000,17.0000,42.0000
246.0000,101.0000,17.0000,42.0000
246.0000,101.0000,17.0000,42.0000
246.0000,101.0000,17.0000,42.0000
246.0000,101.0000,17.0000,42.0000
246.0000,101.0000,17.0000,42.0000
246.0000,101.0000,17.0000,42.0000
246.0000,101.0000,17.0000,42.0000
246.0000,101.0000,17.0000,42.0000
246.0000,101.0000,17.0000,42.0000
246.0000,101.0000,17.0000,42.0000
246.0000,101.0000,17.0000,42.0000
0
0
0
0
0
0
0
0
2
0
0
0
0
1
201.0000,174.0000,45.0000,45.0000
199.0000,175.0000,48.0000,48.0000
199.0000,175.0000,48.0000,48.0000
199.0000,175.0000,48.0000,48.0000
199.0000,175.0000,48.0000,48.0000
199.0000,175.0000,48.0000,48.0000
199.0000,175.0000,48.0000,48.0000
200.0000,176.0000,48.0000,48.0000
200.0000,176.0000,48.0000,48.0000
200.0000,176.0000,48.0000,48.0000
200.0000,176.0000,48.0000,48.0000
200.0000,176.0000,48.0000,48.0000
200.0000,176.0000,48.0000,48.0000
200.0000,180.0000,48.0000,48.0000
200.0000,180.0000,48.0000,48.0000
200.0000,180.0000,48.0000,48.0000
200.0000,180.0000,48.0000,48.0000
193.0000,182.0000,48.0000,48.0000
193.0000,182.0000,48.0000,48.0000
193.0000,182.0000,48.0000,48.0000
193.0000,182.0000,48.0000,48.0000
193.0000,182.0000,48.0000,48.0000
193.0000,182.0000,48.0000,48.0000
193.0000,182.0000,48.0000,48.0000
193.0000,182.0000,48.0000,48.0000
193.0000,182.0000,48.0000,48.0000
193.0000,182.0000,48.0000,48.0000
193.0000,182.0000,48.0000,48.0000
193.0000,182.0000,48.0000,48.0000
193.0000,182.0000,48.0000,48.0000
193.0000,182.0000,48.0000,48.0000
193.0000,182.0000,48.0000,48.0000
180.0000,187.0000,52.0000,52.0000
180.0000,187.0000,52.0000,52.0000
180.0000,187.0000,52.0000,52.0000
180.0000,187.0000,52.0000,52.0000
180.0000,187.0000,52.0000,52.0000
180.0000,187.0000,52.0000,52.0000
180.0000,187.0000,52.0000,52.0000
154.0000,207.0000,49.0000,49.0000
154.0000,207.0000,49.0000,49.0000
154.0000,207.0000,49.0000,49.0000
154.0000,207.0000,49.0000,49.0000
151.0000,213.0000,48.0000,48.0000
151.0000,213.0000,48.0000,48.0000
151.0000,213.0000,48.0000,48.0000
151.0000,213.0000,48.0000,48.0000
140.0000,222.0000,49.0000,49.0000
140.0000,222.0000,49.0000,49.0000
140.0000,222.0000,49.0000,49.0000
140.0000,222.0000,49.0000,49.0000
140.0000,222.0000,49.0000,49.0000
140.0000,222.0000,49.0000,49.0000
140.0000,222.0000,49.0000,49.0000
140.0000,222.0000,49.0000,49.0000
140.0000,222.0000,49.0000,49.0000
140.0000,222.0000,49.0000,49.0000
140.0000,222.0000,49.0000,49.0000
132.0000,225.0000,45.0000,45.0000
132.0000,225.0000,45.0000,45.0000
132.0000,225.0000,45.0000,45.0000
132.0000,225.0000,45.0000,45.0000
125.0000,218.0000,46.0000,46.0000
125.0000,218.0000,46.0000,46.0000
125.0000,218.0000,46.0000,46.0000
125.0000,218.0000,46.0000,46.0000
125.0000,218.0000,46.0000,46.0000
125.0000,218.0000,46.0000,46.0000
125.0000,218.0000,46.0000,46.0000
125.0000,218.0000,46.0000,46.0000
125.0000,218.0000,46.0000,46.0000
2
0
0
0
0
0
121.0000,222.0000,42.0000,42.0000
0
0
0
0
1
132.0000,234.0000,58.0000,35.0000
137.0000,235.0000,56.0000,34.0000
137.0000,235.0000,56.0000,34.0000
137.0000,235.0000,56.0000,34.0000
137.0000,235.0000,56.0000,34.0000
137.0000,235.0000,56.0000,34.0000
138.0000,234.0000,56.0000,34.0000
138.0000,234.0000,56.0000,34.0000
138.0000,234.0000,56.0000,34.0000
138.0000,234.0000,56.0000,34.0000
138.0000,234.0000,56.0000,34.0000
138.0000,234.0000,56.0000,34.0000
140.0000,233.0000,51.0000,31.0000
140.0000,233.0000,51.0000,31.0000
140.0000,233.0000,51.0000,31.0000
140.0000,233.0000,51.0000,31.0000
140.0000,233.0000,51.0000,31.0000
132.0000,227.0000,50.0000,30.0000
132.0000,227.0000,50.0000,30.0000
132.0000,227.0000,50.0000,30.0000
132.0000,227.0000,50.0000,30.0000
132.0000,227.0000,50.0000,30.0000
132.0000,227.0000,50.0000,30.0000
132.0000,227.0000,50.0000,30.0000
132.0000,227.0000,50.0000,30.0000
132.0000,227.0000,50.0000,30.0000
132.0000,227.0000,50.0000,30.0000
132.0000,227.0000,50.0000,30.0000
132.0000,227.0000,50.0000,30.0000
132.0000,227.0000,50.0000,30.0000
0
0
0
0
2
0
0
0
0
1
208.0000,202.0000,55.0000,54.0000
209.0000,201.0000,53.0000,52.0000
209.0000,201.0000,53.0000,52.0000
209.0000,201.0000,53.0000,52.0000
209.0000,201.0000,53.0000,52.0000
209.0000,201.0000,53.0000,52.0000
210.0000,201.0000,55.0000,54.0000
210.0000,201.0000,55.0000,54.0000
210.0000,201.0000,55.0000,54.0000
210.0000,201.0000,55.0000,54.0000
210.0000,201.0000,55.0000,54.0000
207.0000,180.0000,60.0000,59.0000
207.0000,180.0000,60.0000,59.0000
207.0000,180.0000,60.0000,59.0000
207.0000,180.0000,60.0000,59.0000
245.0000,187.0000,53.0000,52.0000
245.0000,187.0000,53.0000,52.0000
245.0000,187.0000,53.0000,52.0000
245.0000,187.0000,53.0000,52.0000
245.0000,187.0000,53.0000,52.0000
245.0000,187.0000,53.0000,52.0000
245.0000,187.0000,53.0000,52.0000
245.0000,187.0000,53.0000,52.0000
245.0000,187.0000,53.0000,52.0000
245.0000,187.0000,53.0000,52.0000
245.0000,187.0000,53.0000,52.0000
245.0000,187.0000,53.0000,52.0000
245.0000,187.0000,53.0000,52.0000
0
0
0
0
2
0
0
0
0
1
355.0000,129.0000,71.0000,62.0000
357.0000,129.0000,71.0000,62.0000
357.0000,129.0000,71.0000,62.0000
357.0000,129.0000,71.0000,62.0000
357.0000,129.0000,71.0000,62.0000
357.0000,129.0000,71.0000,62.0000
357.0000,129.0000,71.0000,62.0000
357.0000,129.0000,71.0000,62.0000
357.0000,129.0000,71.0000,62.0000
357.0000,129.0000,71.0000,62.0000
357.0000,129.0000,71.0000,62.0000
357.0000,129.0000,71.0000,62.0000
357.0000,129.0000,71.0000,62.0000
357.0000,129.0000,71.0000,62.0000
359.0000,129.0000,71.0000,62.0000
359.0000,129.0000,71.0000,62.0000
359.0000,129.0000,71.0000,62.0000
