125.99
1.2186
8.2139
0.97106
8.8
0.99917
8.7816
0.88729
7.5469
0.92377
7.6227
0.88602
7.7062
0.94461
8.7009
0.93884
8.1751
0.953
7.3195
0.97569
7.4024
0.80027
6.6632
0.84105
6.1988
0.82693
8.4283
0.83836
8.3467
0.87931
9.0713
0.84635
7.52
0.94398
8.8835
0.91906
8.185
0.85905
8.804
0.86579
8.7139
0.89859
9.0841
0.90236
7.5026
0.82371
8.8277
0.92168
5.6965
0.84954
6.2519
0.89227
6.3785
0.79822
7.945
0.9334
8.3449
0.86092
7.8716
0.97621
8.9902
0.91266
8.7692
0.90621
8.2491
0.93293
8.9829
0.90431
9.9037
0.85681
8.9774
0.95718
5.9208
0.78811
3.5119
0.90408
3.5445
0.86753
3.6261
0.8688
4.0324
0.90281
9.0169
0.97518
7.8533
0.89671
7.8853
0.96911
8.4127
0.90658
9.1863
0.84779
7.3385
0.9405
10.065
0.9406
8.0849
0.92754
8.0296
0.92398
7.0704
0.87153
10.522
0.90911
8.8573
0.95466
8.1685
0.90094
8.7631
0.85037
6.5482
0.81015
5.8904
0.99436
5.3697
0.92234
9.7404
0.89695
10.863
0.9289
10.338
0.86994
12.348
0.94332
11.911
0.94271
10.288
1.0402
11.086
0.87891
10.976
0.9084
10.058
0.85569
11.138
0.88604
10.966
1.0644
9.9144
0.94661
11.067
0.90045
11.062
0.94005
11.761
0.94521
9.6412
0.82481
5.7877
0.83118
5.1488
