1
43.0000,602.0000,86.0000,53.0000
52.0000,605.0000,85.0000,54.0000
61.0000,608.0000,87.0000,54.0000
83.0000,603.0000,85.0000,54.0000
94.0000,599.0000,87.0000,54.0000
115.0000,596.0000,88.0000,55.0000
148.0000,593.0000,94.0000,59.0000
168.0000,585.0000,98.0000,59.0000
194.0000,583.0000,101.0000,60.0000
239.0000,584.0000,102.0000,59.0000
288.0000,586.0000,103.0000,60.0000
331.0000,585.0000,105.0000,61.0000
341.0000,582.0000,103.0000,62.0000
389.0000,583.0000,105.0000,63.0000
448.0000,582.0000,110.0000,63.0000
471.0000,582.0000,108.0000,66.0000
500.0000,579.0000,108.0000,66.0000
528.0000,582.0000,110.0000,67.0000
538.0000,579.0000,108.0000,67.0000
562.0000,581.0000,111.0000,67.0000
585.0000,584.0000,109.0000,67.0000
598.0000,583.0000,109.0000,67.0000
599.0000,582.0000,105.0000,64.0000
628.0000,579.0000,105.0000,63.0000
656.0000,568.0000,103.0000,65.0000
649.0000,563.0000,104.0000,67.0000
657.0000,552.0000,103.0000,69.0000
671.0000,539.0000,102.0000,70.0000
689.0000,519.0000,99.0000,71.0000
694.0000,514.0000,102.0000,73.0000
702.0000,488.0000,103.0000,73.0000
666.0000,484.0000,103.0000,71.0000
653.0000,484.0000,108.0000,73.0000
2
0
0
0
0
1
691.0000,386.0000,77.0000,40.0000
690.0000,381.0000,78.0000,41.0000
685.0000,381.0000,77.0000,41.0000
676.0000,379.0000,78.0000,41.0000
675.0000,375.0000,80.0000,41.0000
674.0000,376.0000,82.0000,40.0000
673.0000,375.0000,81.0000,40.0000
672.0000,375.0000,81.0000,40.0000
670.0000,375.0000,82.0000,41.0000
670.0000,375.0000,84.0000,41.0000
675.0000,374.0000,82.0000,41.0000
676.0000,377.0000,81.0000,41.0000
693.0000,377.0000,82.0000,41.0000
703.0000,377.0000,82.0000,40.0000
709.0000,376.0000,86.0000,40.0000
729.0000,373.0000,88.0000,39.0000
739.0000,372.0000,85.0000,39.0000
746.0000,370.0000,91.0000,39.0000
740.0000,373.0000,91.0000,38.0000
738.0000,373.0000,89.0000,39.0000
744.0000,373.0000,90.0000,39.0000
750.0000,372.0000,93.0000,38.0000
753.0000,371.0000,93.0000,38.0000
756.0000,372.0000,92.0000,38.0000
751.0000,372.0000,93.0000,37.0000
755.0000,371.0000,91.0000,37.0000
753.0000,372.0000,92.0000,38.0000
750.0000,372.0000,90.0000,39.0000
749.0000,372.0000,87.0000,41.0000
746.0000,370.0000,92.0000,40.0000
737.0000,369.0000,94.0000,40.0000
724.0000,370.0000,94.0000,42.0000
705.0000,370.0000,93.0000,40.0000
683.0000,367.0000,93.0000,44.0000
658.0000,370.0000,98.0000,45.0000
636.0000,366.0000,98.0000,45.0000
617.0000,366.0000,100.0000,45.0000
589.0000,363.0000,101.0000,44.0000
575.0000,355.0000,101.0000,45.0000
575.0000,363.0000,101.0000,44.0000
527.0000,364.0000,102.0000,46.0000
494.0000,375.0000,104.0000,46.0000
458.0000,372.0000,107.0000,47.0000
457.0000,361.0000,106.0000,48.0000
467.0000,358.0000,106.0000,47.0000
472.0000,358.0000,108.0000,47.0000
469.0000,358.0000,111.0000,48.0000
471.0000,359.0000,113.0000,48.0000
459.0000,359.0000,113.0000,49.0000
473.0000,355.0000,115.0000,48.0000
497.0000,353.0000,114.0000,49.0000
472.0000,347.0000,113.0000,50.0000
2
0
0
0
0
1
780.0000,351.0000,97.0000,65.0000
797.0000,349.0000,96.0000,66.0000
815.0000,340.0000,97.0000,67.0000
825.0000,345.0000,97.0000,65.0000
830.0000,325.0000,97.0000,70.0000
777.0000,331.0000,98.0000,70.0000
2
0
0
0
0
1
819.0000,224.0000,60.0000,56.0000
801.0000,224.0000,61.0000,56.0000
801.0000,220.0000,61.0000,56.0000
808.0000,218.0000,61.0000,55.0000
817.0000,217.0000,61.0000,57.0000
832.0000,217.0000,61.0000,57.0000
847.0000,217.0000,61.0000,58.0000
871.0000,215.0000,62.0000,59.0000
903.0000,212.0000,63.0000,60.0000
907.0000,206.0000,62.0000,61.0000
916.0000,197.0000,61.0000,60.0000
917.0000,197.0000,58.0000,62.0000
2
0
0
0
0
1
919.0000,112.0000,65.0000,66.0000
944.0000,118.0000,64.0000,67.0000
938.0000,91.0000,65.0000,67.0000
927.0000,85.0000,65.0000,67.0000
891.0000,79.0000,65.0000,68.0000
873.0000,88.0000,66.0000,68.0000
867.0000,78.0000,67.0000,68.0000
872.0000,107.0000,66.0000,68.0000
852.0000,81.0000,67.0000,68.0000
847.0000,104.0000,67.0000,68.0000
827.0000,101.0000,68.0000,68.0000
800.0000,115.0000,67.0000,67.0000
802.0000,125.0000,66.0000,67.0000
789.0000,124.0000,65.0000,68.0000
771.0000,123.0000,65.0000,67.0000
768.0000,123.0000,66.0000,66.0000
738.0000,93.0000,66.0000,67.0000
739.0000,115.0000,67.0000,67.0000
738.0000,113.0000,68.0000,68.0000
725.0000,97.0000,68.0000,67.0000
728.0000,120.0000,69.0000,65.0000
705.0000,100.0000,68.0000,65.0000
712.0000,115.0000,69.0000,65.0000
714.0000,123.0000,70.0000,63.0000
709.0000,117.0000,71.0000,65.0000
699.0000,112.0000,69.0000,65.0000
686.0000,121.0000,70.0000,66.0000
682.0000,117.0000,71.0000,67.0000
670.0000,119.0000,71.0000,67.0000
648.0000,105.0000,72.0000,67.0000
638.0000,118.0000,71.0000,67.0000
633.0000,120.0000,75.0000,66.0000
