1
205.5163,209.9364,233.0479,221.1535,258.4876,158.7277,230.9560,147.5105
194.9668,199.2778,218.4316,218.8992,262.9273,165.6961,239.4624,146.0747
188.9108,197.4043,212.8328,218.4536,260.5663,164.2142,236.6442,143.1649
192.3639,192.1479,208.8390,213.8700,258.0966,176.5166,241.6215,154.7945
192.9093,194.8055,208.3577,217.1414,259.0068,182.1161,243.5584,159.7803
190.5269,204.6040,205.8171,227.7121,258.2174,193.0456,242.9272,169.9375
179.6152,208.6525,193.6847,232.9340,248.7454,201.0359,234.6759,176.7544
170.2619,208.1895,185.6057,232.3183,240.3203,197.5308,224.9766,173.4020
165.9502,208.1501,180.8407,232.3862,235.7986,198.6263,220.9081,174.3902
163.4398,211.4372,179.0040,235.5625,233.7108,200.2750,218.1466,176.1497
149.3612,206.3735,164.9270,231.8912,222.7911,196.6001,207.2252,171.0825
124.3449,204.9009,139.9744,231.5968,200.5099,196.1616,184.8804,169.4658
108.7006,200.2147,126.3836,230.0735,194.0913,189.9827,176.4084,160.1239
92.8974,194.6399,111.4207,224.6457,179.4620,182.6494,160.9386,152.6436
72.2294,189.6722,92.7816,221.5546,165.0786,174.9582,144.5264,143.0757
163.2487,227.1513,191.2841,202.9397,136.3893,139.3653,108.3539,163.5770
136.5585,224.6736,169.8969,216.6434,151.6942,141.0473,118.3559,149.0775
126.3656,233.7239,156.5710,225.1142,137.0539,156.6222,106.8486,165.2319
122.7364,255.9595,151.9542,247.3882,132.5240,181.1355,103.3063,189.7068
110.6117,256.1269,141.4066,254.5103,137.7465,184.6827,106.9516,186.2993
101.9998,249.9185,135.5930,246.8122,128.5556,170.6392,94.9624,173.7455
94.9985,244.8820,131.6376,241.2017,123.2990,158.1219,86.6599,161.8022
75.8500,238.3446,113.7532,235.4321,107.1559,149.4864,69.2527,152.3988
79.3812,227.3542,114.4219,224.1700,107.2080,144.7148,72.1673,147.8989
84.6763,213.7554,111.4805,208.6096,99.8170,147.8302,73.0128,152.9760
66.1808,203.3611,91.0279,216.4069,120.6137,160.0685,95.7666,147.0226
103.6983,197.0934,81.5021,171.1624,22.6998,221.4877,44.8960,247.4187
41.8904,250.1436,76.1286,261.0975,100.9727,183.4645,66.7345,172.5105
99.9572,193.5531,74.8541,180.3426,44.8951,237.2615,69.9982,250.4719
109.1598,192.2861,85.2573,178.9104,54.9238,233.1068,78.8263,246.4825
117.5542,195.9463,94.0412,182.2290,62.9332,235.5422,86.4461,249.2594
124.4979,199.2510,101.8754,185.8564,71.4990,237.1505,94.1216,250.5452
133.9761,211.1277,112.9071,197.8915,82.8904,245.6631,103.9594,258.8993
138.7246,214.2598,118.7703,202.2361,91.5031,247.4803,111.4574,259.5040
153.5116,222.9105,134.8189,210.8291,107.4210,253.2126,126.1137,265.2940
164.4651,233.5591,148.7754,220.6880,119.5875,256.2621,135.2772,269.1332
170.3412,238.7172,151.8367,225.2670,121.3351,267.2235,139.8396,280.6737
158.0888,233.7750,135.1492,230.3831,127.4540,282.3979,150.3936,285.7898
147.1082,231.2376,124.8660,233.7409,130.5384,284.1755,152.7805,281.6721
159.2881,234.1166,134.6865,235.9483,138.8354,291.7325,163.4370,289.9008
151.4335,233.7920,128.2734,242.0866,147.0774,294.6035,170.2375,286.3089
153.7831,247.6574,135.9660,258.7163,161.0390,299.1183,178.8560,288.0594
156.6129,250.7237,142.5721,262.1069,168.3809,293.9462,182.4217,282.5630
177.2039,302.9533,189.7965,293.0374,167.3145,264.4820,154.7219,274.3978
159.7904,253.4101,147.5654,263.4591,170.3494,291.1810,182.5744,281.1320
174.7171,255.4744,158.2520,257.6375,163.1539,294.9726,179.6190,292.8095
184.5061,253.9917,166.8200,256.9631,173.5546,297.0668,191.2406,294.0954
177.1844,249.7421,158.1802,257.3265,175.3747,300.4198,194.3789,292.8353
183.5358,246.5099,161.2819,250.4325,170.1725,300.8939,192.4264,296.9713
197.1299,235.7590,172.9807,240.1662,182.9697,294.9252,207.1189,290.5181
210.2951,214.0297,176.9439,220.7587,192.1960,296.3836,225.5472,289.6546
218.5362,195.7593,173.3358,202.1948,187.9203,304.6877,233.1207,298.2522
206.3933,214.8351,161.7500,230.6528,197.6084,331.8842,242.2518,316.0666
218.5445,216.2313,173.6140,226.9712,197.9588,328.8527,242.8893,318.1128
202.9329,206.9893,158.4570,218.5833,184.7386,319.4343,229.2145,307.8402
187.4686,212.7301,144.5814,223.5980,169.2168,320.8466,212.1040,309.9786
174.2825,211.9279,132.0395,222.7782,156.6351,318.5661,198.8781,307.7157
147.9528,208.5004,102.1629,222.2261,133.2778,326.0569,179.0677,312.3312
127.2992,203.7145,79.7092,219.2984,115.0372,327.2114,162.6272,311.6275
107.6259,209.1938,63.4906,224.0886,97.2568,324.1679,141.3921,309.2731
89.2715,204.6377,44.6534,220.8547,81.4174,322.0289,126.0355,305.8120
83.8596,202.4636,43.3725,217.5081,77.4785,309.3152,117.9657,294.2708
72.3394,200.0332,35.0738,214.7693,68.4813,299.2717,105.7469,284.5355
54.3913,192.0242,18.2352,210.3690,59.8256,292.3560,95.9817,274.0112
43.9374,172.9841,6.7213,190.7430,46.9830,275.1334,84.1991,257.3745
44.8445,169.2962,8.4845,185.9126,46.1557,268.3616,82.5157,251.7452
38.7958,159.2321,1.3267,175.2141,37.5593,260.1779,75.0284,244.1958
20.9690,147.9872,-18.1431,164.8358,20.0541,253.5253,59.1662,236.6767
8.9848,152.7666,-20.0372,180.7367,43.3799,246.5489,72.4019,218.5788
41.5517,150.7839,-6.2783,155.8455,5.1904,264.3008,53.0205,259.2391
0.0178,284.1586,49.8430,283.9942,49.4791,171.0157,-0.3461,171.1801
-7.8992,270.5950,35.3882,265.3159,23.4256,167.1611,-19.8618,172.4401
-9.0466,148.2782,-49.0026,171.6582,4.0044,262.2624,43.9604,238.8824
-9.0466,148.2782,-49.0026,171.6582,4.0044,262.2624,43.9604,238.8824
-60.5521,141.6940,-75.9355,183.3436,18.5022,218.2327,33.8855,176.5831
38.6474,244.5972,56.1619,215.8341,-9.0554,176.1151,-26.5698,204.8782
53.5491,207.6517,21.2993,197.0380,-2.7730,270.1623,29.4767,280.7761
43.6928,211.5814,15.5319,204.7957,0.1402,268.6493,28.3012,275.4351
36.6902,223.3427,11.4285,219.4109,2.5087,276.6911,27.7705,280.6229
40.4121,235.4665,15.5636,230.6540,4.6468,286.9968,29.4953,291.8094
44.6832,253.7679,19.5640,248.4945,7.6023,305.4512,32.7214,310.7245
26.6394,257.8723,4.6233,266.2116,23.5289,316.1344,45.5450,307.7950
8.0318,272.8787,27.7760,293.6985,74.9883,248.9322,55.2440,228.1125
28.0761,267.4841,53.0323,282.5924,87.2948,226.0069,62.3386,210.8986
44.1232,247.6634,66.6091,266.0767,108.3653,215.0932,85.8793,196.6798
55.9132,231.6747,75.8541,249.2892,115.7986,204.0765,95.8577,186.4619
61.7546,223.2067,83.4700,239.8513,121.2153,190.6147,99.4999,173.9702
65.0127,226.5721,85.8020,241.4318,119.5002,194.2948,98.7109,179.4350
58.4382,245.6071,82.9777,262.2000,120.6066,206.5598,96.0671,189.9668
55.1729,262.4673,78.9291,280.2030,119.1488,226.3391,95.3927,208.6034
52.4668,283.6923,78.1353,302.3680,120.4869,244.1681,94.8184,225.4924
58.2334,282.2735,85.3026,303.0017,132.3085,241.6259,105.2393,220.8977
78.1757,279.1355,98.3541,294.1627,132.4317,248.4108,112.2533,233.3837
87.8297,284.6800,107.2864,299.0588,139.8938,254.9433,120.4370,240.5645
91.1892,287.6805,111.9101,301.6016,143.4798,254.6195,122.7589,240.6984
88.3742,288.7307,109.8760,306.0496,149.1504,257.2974,127.6486,239.9785
99.3181,292.3914,121.5418,311.9545,165.9050,261.5660,143.6814,242.0029
116.8782,296.9227,141.7561,319.6181,193.2222,263.2114,168.3443,240.5161
128.7047,291.4077,152.8135,314.9544,206.2097,260.2920,182.1009,236.7453
137.8567,289.8194,159.7302,310.6765,207.0272,261.0821,185.1537,240.2251
129.3773,288.4286,153.1586,311.3322,205.0967,257.4123,181.3154,234.5086
122.9124,281.4881,143.9985,303.9661,194.9711,256.1573,173.8849,233.6793
121.8345,276.7042,141.6713,297.5774,189.0048,252.6012,169.1680,231.7280
121.5860,285.4110,138.7406,299.4714,170.6255,260.5757,153.4708,246.5154
122.7244,286.9280,132.9686,299.7535,162.0523,276.5270,151.8081,263.7015
122.7244,286.9280,132.9686,299.7535,162.0523,276.5270,151.8081,263.7015
118.7830,298.3874,132.9059,312.0659,163.9242,280.0448,149.8013,266.3663
115.9098,317.4001,134.8451,332.1375,168.2655,289.2045,149.3302,274.4671
122.7409,332.2724,145.7935,341.6791,167.1272,289.4089,144.0746,280.0022
124.3041,333.8435,145.4735,341.5491,162.9496,293.5489,141.7801,285.8433
124.8391,334.8000,144.5340,342.2859,161.5119,297.6291,141.8169,290.1431
120.3622,352.2900,142.8009,362.3170,165.5411,311.4390,143.1023,301.4120
121.9220,358.7812,139.8148,367.8398,160.3584,327.2695,142.4656,318.2108
124.3873,364.9970,139.7305,372.4993,156.7448,337.7099,141.4015,330.2076
129.0017,365.1245,142.9032,371.4824,157.3221,339.9617,143.4206,333.6039
129.0017,365.1245,142.9032,371.4824,157.3221,339.9617,143.4206,333.6039
129.0017,365.1245,142.9032,371.4824,157.3221,339.9617,143.4206,333.6039
164.4065,347.1017,158.3253,331.9623,123.9957,345.7486,130.0768,360.8880
166.4065,310.9037,145.4231,307.9321,138.6815,355.5113,159.6648,358.4828
