1
213.0000,139.0000,88.0000,52.0000
213.0000,139.0000,88.0000,52.0000
213.0000,139.0000,88.0000,52.0000
208.0000,139.0000,88.0000,52.0000
208.0000,139.0000,88.0000,52.0000
208.0000,143.0000,89.0000,53.0000
208.0000,143.0000,89.0000,53.0000
204.0000,143.0000,89.0000,53.0000
204.0000,143.0000,89.0000,53.0000
204.0000,143.0000,89.0000,53.0000
200.0000,143.0000,89.0000,53.0000
200.0000,143.0000,89.0000,53.0000
192.0000,147.0000,89.0000,53.0000
192.0000,147.0000,89.0000,53.0000
187.0000,146.0000,91.0000,54.0000
187.0000,146.0000,91.0000,54.0000
186.0000,146.0000,93.0000,55.0000
186.0000,146.0000,93.0000,55.0000
182.0000,150.0000,91.0000,54.0000
182.0000,150.0000,91.0000,54.0000
183.0000,151.0000,89.0000,53.0000
183.0000,151.0000,89.0000,53.0000
179.0000,159.0000,89.0000,53.0000
179.0000,159.0000,89.0000,53.0000
179.0000,159.0000,89.0000,53.0000
174.0000,158.0000,91.0000,54.0000
174.0000,158.0000,91.0000,54.0000
171.0000,163.0000,89.0000,53.0000
171.0000,163.0000,89.0000,53.0000
167.0000,163.0000,89.0000,53.0000
167.0000,163.0000,89.0000,53.0000
163.0000,163.0000,89.0000,53.0000
163.0000,163.0000,89.0000,53.0000
154.0000,168.0000,89.0000,53.0000
154.0000,168.0000,89.0000,53.0000
153.0000,167.0000,91.0000,54.0000
153.0000,167.0000,91.0000,54.0000
149.0000,167.0000,91.0000,54.0000
149.0000,167.0000,91.0000,54.0000
149.0000,167.0000,91.0000,54.0000
150.0000,168.0000,89.0000,53.0000
150.0000,168.0000,89.0000,53.0000
146.0000,163.0000,89.0000,53.0000
146.0000,163.0000,89.0000,53.0000
146.0000,163.0000,89.0000,53.0000
146.0000,163.0000,89.0000,53.0000
146.0000,163.0000,89.0000,53.0000
146.0000,163.0000,89.0000,53.0000
147.0000,168.0000,87.0000,51.0000
147.0000,168.0000,87.0000,51.0000
147.0000,168.0000,87.0000,51.0000
147.0000,168.0000,87.0000,51.0000
147.0000,168.0000,87.0000,51.0000
147.0000,168.0000,87.0000,51.0000
147.0000,168.0000,86.0000,50.0000
147.0000,168.0000,86.0000,50.0000
147.0000,168.0000,86.0000,50.0000
147.0000,168.0000,86.0000,50.0000
147.0000,168.0000,86.0000,50.0000
151.0000,168.0000,86.0000,50.0000
151.0000,168.0000,86.0000,50.0000
151.0000,168.0000,86.0000,50.0000
151.0000,168.0000,86.0000,50.0000
151.0000,168.0000,86.0000,50.0000
151.0000,168.0000,86.0000,50.0000
151.0000,168.0000,86.0000,50.0000
151.0000,168.0000,86.0000,50.0000
151.0000,168.0000,86.0000,50.0000
151.0000,168.0000,86.0000,50.0000
152.0000,169.0000,84.0000,49.0000
152.0000,169.0000,84.0000,49.0000
153.0000,169.0000,82.0000,49.0000
153.0000,169.0000,82.0000,49.0000
149.0000,169.0000,82.0000,49.0000
149.0000,169.0000,82.0000,49.0000
149.0000,169.0000,82.0000,49.0000
145.0000,169.0000,82.0000,49.0000
145.0000,169.0000,82.0000,49.0000
142.0000,169.0000,82.0000,49.0000
142.0000,169.0000,82.0000,49.0000
135.0000,169.0000,81.0000,48.0000
135.0000,169.0000,81.0000,48.0000
135.0000,169.0000,81.0000,48.0000
135.0000,169.0000,81.0000,48.0000
132.0000,167.0000,79.0000,47.0000
132.0000,167.0000,79.0000,47.0000
129.0000,167.0000,78.0000,46.0000
129.0000,167.0000,78.0000,46.0000
125.0000,170.0000,78.0000,46.0000
125.0000,170.0000,78.0000,46.0000
125.0000,170.0000,78.0000,46.0000
125.0000,170.0000,78.0000,46.0000
122.0000,170.0000,78.0000,46.0000
122.0000,170.0000,78.0000,46.0000
115.0000,175.0000,76.0000,45.0000
115.0000,175.0000,76.0000,45.0000
115.0000,175.0000,76.0000,45.0000
115.0000,171.0000,76.0000,45.0000
115.0000,171.0000,76.0000,45.0000
115.0000,171.0000,76.0000,45.0000
115.0000,171.0000,76.0000,45.0000
119.0000,171.0000,76.0000,45.0000
119.0000,171.0000,76.0000,45.0000
123.0000,171.0000,75.0000,44.0000
123.0000,171.0000,75.0000,44.0000
128.0000,176.0000,73.0000,43.0000
128.0000,176.0000,73.0000,43.0000
128.0000,172.0000,72.0000,42.0000
128.0000,172.0000,72.0000,42.0000
128.0000,176.0000,72.0000,42.0000
128.0000,176.0000,72.0000,42.0000
125.0000,176.0000,72.0000,42.0000
125.0000,176.0000,72.0000,42.0000
125.0000,179.0000,72.0000,42.0000
125.0000,179.0000,72.0000,42.0000
126.0000,180.0000,70.0000,41.0000
126.0000,180.0000,70.0000,41.0000
127.0000,180.0000,69.0000,41.0000
127.0000,180.0000,69.0000,41.0000
127.0000,180.0000,69.0000,41.0000
127.0000,180.0000,69.0000,41.0000
127.0000,180.0000,69.0000,41.0000
130.0000,164.0000,68.0000,40.0000
130.0000,164.0000,68.0000,40.0000
130.0000,168.0000,68.0000,40.0000
130.0000,168.0000,68.0000,40.0000
130.0000,161.0000,68.0000,40.0000
130.0000,161.0000,68.0000,40.0000
133.0000,168.0000,68.0000,40.0000
133.0000,168.0000,68.0000,40.0000
133.0000,164.0000,68.0000,40.0000
133.0000,164.0000,68.0000,40.0000
136.0000,168.0000,68.0000,40.0000
136.0000,168.0000,68.0000,40.0000
136.0000,168.0000,68.0000,40.0000
136.0000,168.0000,68.0000,40.0000
139.0000,168.0000,68.0000,40.0000
139.0000,168.0000,68.0000,40.0000
139.0000,174.0000,68.0000,40.0000
139.0000,174.0000,68.0000,40.0000
146.0000,169.0000,66.0000,39.0000
146.0000,169.0000,66.0000,39.0000
146.0000,169.0000,66.0000,39.0000
152.0000,169.0000,66.0000,39.0000
152.0000,169.0000,66.0000,39.0000
159.0000,166.0000,66.0000,39.0000
159.0000,166.0000,66.0000,39.0000
162.0000,169.0000,66.0000,39.0000
162.0000,169.0000,66.0000,39.0000
165.0000,169.0000,66.0000,39.0000
165.0000,169.0000,66.0000,39.0000
165.0000,169.0000,66.0000,39.0000
165.0000,169.0000,66.0000,39.0000
168.0000,169.0000,66.0000,39.0000
168.0000,169.0000,66.0000,39.0000
168.0000,172.0000,66.0000,39.0000
168.0000,172.0000,66.0000,39.0000
165.0000,172.0000,66.0000,39.0000
165.0000,172.0000,66.0000,39.0000
165.0000,172.0000,66.0000,39.0000
165.0000,172.0000,66.0000,39.0000
164.0000,171.0000,68.0000,40.0000
164.0000,171.0000,68.0000,40.0000
164.0000,174.0000,68.0000,40.0000
164.0000,174.0000,68.0000,40.0000
164.0000,174.0000,68.0000,40.0000
167.0000,174.0000,68.0000,40.0000
167.0000,174.0000,68.0000,40.0000
173.0000,174.0000,68.0000,40.0000
173.0000,174.0000,68.0000,40.0000
179.0000,174.0000,69.0000,41.0000
179.0000,174.0000,69.0000,41.0000
182.0000,177.0000,70.0000,41.0000
182.0000,177.0000,70.0000,41.0000
184.0000,180.0000,72.0000,42.0000
184.0000,180.0000,72.0000,42.0000
184.0000,183.0000,73.0000,43.0000
184.0000,183.0000,73.0000,43.0000
184.0000,186.0000,73.0000,43.0000
184.0000,186.0000,73.0000,43.0000
183.0000,189.0000,75.0000,44.0000
183.0000,189.0000,75.0000,44.0000
179.0000,192.0000,76.0000,45.0000
179.0000,192.0000,76.0000,45.0000
175.0000,196.0000,76.0000,45.0000
175.0000,196.0000,76.0000,45.0000
175.0000,196.0000,76.0000,45.0000
175.0000,196.0000,76.0000,45.0000
175.0000,196.0000,76.0000,45.0000
175.0000,199.0000,76.0000,45.0000
175.0000,199.0000,76.0000,45.0000
175.0000,199.0000,76.0000,45.0000
175.0000,199.0000,76.0000,45.0000
174.0000,198.0000,78.0000,46.0000
174.0000,198.0000,78.0000,46.0000
178.0000,198.0000,79.0000,47.0000
178.0000,198.0000,79.0000,47.0000
177.0000,197.0000,81.0000,48.0000
177.0000,197.0000,81.0000,48.0000
180.0000,194.0000,82.0000,49.0000
180.0000,194.0000,82.0000,49.0000
187.0000,190.0000,82.0000,49.0000
187.0000,190.0000,82.0000,49.0000
191.0000,190.0000,82.0000,49.0000
191.0000,190.0000,82.0000,49.0000
195.0000,186.0000,82.0000,49.0000
195.0000,186.0000,82.0000,49.0000
199.0000,182.0000,82.0000,49.0000
199.0000,182.0000,82.0000,49.0000
199.0000,182.0000,82.0000,49.0000
173.0000,201.0000,81.0000,48.0000
173.0000,201.0000,81.0000,48.0000
177.0000,205.0000,81.0000,48.0000
177.0000,205.0000,81.0000,48.0000
177.0000,205.0000,81.0000,48.0000
177.0000,205.0000,81.0000,48.0000
177.0000,205.0000,81.0000,48.0000
177.0000,205.0000,81.0000,48.0000
173.0000,205.0000,81.0000,48.0000
173.0000,205.0000,81.0000,48.0000
162.0000,205.0000,81.0000,48.0000
162.0000,205.0000,81.0000,48.0000
162.0000,205.0000,81.0000,48.0000
162.0000,205.0000,81.0000,48.0000
163.0000,206.0000,79.0000,47.0000
163.0000,206.0000,79.0000,47.0000
163.0000,206.0000,78.0000,46.0000
163.0000,206.0000,78.0000,46.0000
160.0000,206.0000,78.0000,46.0000
160.0000,206.0000,78.0000,46.0000
160.0000,206.0000,78.0000,46.0000
161.0000,207.0000,76.0000,45.0000
161.0000,207.0000,76.0000,45.0000
158.0000,207.0000,75.0000,44.0000
158.0000,207.0000,75.0000,44.0000
162.0000,207.0000,75.0000,44.0000
162.0000,207.0000,75.0000,44.0000
162.0000,207.0000,75.0000,44.0000
162.0000,207.0000,75.0000,44.0000
158.0000,207.0000,75.0000,44.0000
158.0000,207.0000,75.0000,44.0000
162.0000,208.0000,73.0000,43.0000
162.0000,208.0000,73.0000,43.0000
139.0000,218.0000,73.0000,43.0000
139.0000,218.0000,73.0000,43.0000
135.0000,214.0000,73.0000,43.0000
135.0000,214.0000,73.0000,43.0000
139.0000,218.0000,73.0000,43.0000
139.0000,218.0000,73.0000,43.0000
152.0000,225.0000,73.0000,43.0000
152.0000,225.0000,73.0000,43.0000
173.0000,204.0000,73.0000,43.0000
173.0000,204.0000,73.0000,43.0000
173.0000,204.0000,73.0000,43.0000
169.0000,211.0000,73.0000,43.0000
169.0000,211.0000,73.0000,43.0000
176.0000,208.0000,73.0000,43.0000
176.0000,208.0000,73.0000,43.0000
179.0000,208.0000,73.0000,43.0000
179.0000,208.0000,73.0000,43.0000
179.0000,208.0000,73.0000,43.0000
179.0000,208.0000,73.0000,43.0000
183.0000,208.0000,73.0000,43.0000
183.0000,208.0000,73.0000,43.0000
189.0000,203.0000,75.0000,44.0000
189.0000,203.0000,75.0000,44.0000
192.0000,203.0000,75.0000,44.0000
192.0000,203.0000,75.0000,44.0000
191.0000,200.0000,76.0000,45.0000
191.0000,200.0000,76.0000,45.0000
195.0000,200.0000,76.0000,45.0000
195.0000,200.0000,76.0000,45.0000
195.0000,200.0000,76.0000,45.0000
197.0000,199.0000,78.0000,46.0000
197.0000,199.0000,78.0000,46.0000
201.0000,199.0000,78.0000,46.0000
201.0000,199.0000,78.0000,46.0000
205.0000,199.0000,78.0000,46.0000
205.0000,199.0000,78.0000,46.0000
208.0000,195.0000,79.0000,47.0000
208.0000,195.0000,79.0000,47.0000
208.0000,195.0000,79.0000,47.0000
208.0000,195.0000,79.0000,47.0000
212.0000,195.0000,79.0000,47.0000
212.0000,195.0000,79.0000,47.0000
216.0000,195.0000,79.0000,47.0000
216.0000,195.0000,79.0000,47.0000
216.0000,195.0000,79.0000,47.0000
216.0000,195.0000,79.0000,47.0000
219.0000,195.0000,79.0000,47.0000
219.0000,195.0000,79.0000,47.0000
223.0000,195.0000,79.0000,47.0000
223.0000,195.0000,79.0000,47.0000
223.0000,195.0000,79.0000,47.0000
227.0000,199.0000,79.0000,47.0000
227.0000,199.0000,79.0000,47.0000
238.0000,195.0000,79.0000,47.0000
238.0000,195.0000,79.0000,47.0000
241.0000,195.0000,78.0000,46.0000
241.0000,195.0000,78.0000,46.0000
245.0000,195.0000,78.0000,46.0000
245.0000,195.0000,78.0000,46.0000
245.0000,195.0000,78.0000,46.0000
245.0000,195.0000,78.0000,46.0000
248.0000,191.0000,78.0000,46.0000
248.0000,191.0000,78.0000,46.0000
252.0000,191.0000,78.0000,46.0000
252.0000,191.0000,78.0000,46.0000
256.0000,191.0000,78.0000,46.0000
256.0000,191.0000,78.0000,46.0000
259.0000,191.0000,78.0000,46.0000
259.0000,191.0000,78.0000,46.0000
263.0000,195.0000,78.0000,46.0000
263.0000,195.0000,78.0000,46.0000
263.0000,195.0000,78.0000,46.0000
267.0000,195.0000,78.0000,46.0000
267.0000,195.0000,78.0000,46.0000
270.0000,199.0000,78.0000,46.0000
270.0000,199.0000,78.0000,46.0000
277.0000,199.0000,78.0000,46.0000
277.0000,199.0000,78.0000,46.0000
281.0000,199.0000,78.0000,46.0000
281.0000,199.0000,78.0000,46.0000
288.0000,202.0000,78.0000,46.0000
288.0000,202.0000,78.0000,46.0000
292.0000,202.0000,79.0000,47.0000
292.0000,202.0000,79.0000,47.0000
295.0000,201.0000,81.0000,48.0000
295.0000,201.0000,81.0000,48.0000
298.0000,201.0000,81.0000,48.0000
298.0000,201.0000,81.0000,48.0000
302.0000,201.0000,81.0000,48.0000
302.0000,201.0000,81.0000,48.0000
310.0000,201.0000,81.0000,48.0000
310.0000,201.0000,81.0000,48.0000
310.0000,201.0000,81.0000,48.0000
313.0000,201.0000,81.0000,48.0000
313.0000,201.0000,81.0000,48.0000
317.0000,194.0000,81.0000,48.0000
317.0000,194.0000,81.0000,48.0000
321.0000,190.0000,81.0000,48.0000
321.0000,190.0000,81.0000,48.0000
321.0000,186.0000,81.0000,48.0000
321.0000,186.0000,81.0000,48.0000
321.0000,182.0000,81.0000,48.0000
321.0000,182.0000,81.0000,48.0000
325.0000,182.0000,81.0000,48.0000
325.0000,182.0000,81.0000,48.0000
328.0000,179.0000,81.0000,48.0000
328.0000,179.0000,81.0000,48.0000
332.0000,179.0000,81.0000,48.0000
332.0000,179.0000,81.0000,48.0000
336.0000,179.0000,81.0000,48.0000
336.0000,179.0000,81.0000,48.0000
336.0000,175.0000,81.0000,48.0000
336.0000,175.0000,81.0000,48.0000
336.0000,175.0000,81.0000,48.0000
340.0000,175.0000,81.0000,48.0000
340.0000,175.0000,81.0000,48.0000
343.0000,175.0000,81.0000,48.0000
343.0000,175.0000,81.0000,48.0000
343.0000,175.0000,81.0000,48.0000
343.0000,175.0000,81.0000,48.0000
343.0000,175.0000,81.0000,48.0000
343.0000,175.0000,81.0000,48.0000
343.0000,175.0000,81.0000,48.0000
343.0000,175.0000,81.0000,48.0000
342.0000,175.0000,82.0000,49.0000
342.0000,175.0000,82.0000,49.0000
342.0000,171.0000,82.0000,49.0000
342.0000,171.0000,82.0000,49.0000
342.0000,171.0000,82.0000,49.0000
342.0000,171.0000,82.0000,49.0000
346.0000,171.0000,82.0000,49.0000
346.0000,171.0000,82.0000,49.0000
346.0000,171.0000,82.0000,49.0000
346.0000,171.0000,82.0000,49.0000
346.0000,171.0000,82.0000,49.0000
346.0000,171.0000,82.0000,49.0000
346.0000,171.0000,82.0000,49.0000
346.0000,171.0000,82.0000,49.0000
346.0000,171.0000,82.0000,49.0000
346.0000,171.0000,82.0000,49.0000
346.0000,171.0000,82.0000,49.0000
346.0000,175.0000,82.0000,49.0000
346.0000,175.0000,82.0000,49.0000
350.0000,175.0000,82.0000,49.0000
350.0000,175.0000,82.0000,49.0000
350.0000,179.0000,82.0000,49.0000
350.0000,179.0000,82.0000,49.0000
353.0000,183.0000,84.0000,49.0000
353.0000,183.0000,84.0000,49.0000
352.0000,182.0000,86.0000,50.0000
352.0000,182.0000,86.0000,50.0000
356.0000,186.0000,86.0000,50.0000
356.0000,186.0000,86.0000,50.0000
360.0000,186.0000,86.0000,50.0000
360.0000,186.0000,86.0000,50.0000
364.0000,186.0000,86.0000,50.0000
364.0000,186.0000,86.0000,50.0000
368.0000,186.0000,86.0000,50.0000
368.0000,186.0000,86.0000,50.0000
368.0000,186.0000,86.0000,50.0000
376.0000,186.0000,86.0000,50.0000
376.0000,186.0000,86.0000,50.0000
388.0000,186.0000,86.0000,50.0000
388.0000,186.0000,86.0000,50.0000
396.0000,186.0000,87.0000,51.0000
396.0000,186.0000,87.0000,51.0000
400.0000,186.0000,87.0000,51.0000
400.0000,186.0000,87.0000,51.0000
404.0000,186.0000,87.0000,51.0000
404.0000,186.0000,87.0000,51.0000
408.0000,182.0000,87.0000,51.0000
408.0000,182.0000,87.0000,51.0000
408.0000,182.0000,87.0000,51.0000
408.0000,182.0000,87.0000,51.0000
408.0000,177.0000,87.0000,51.0000
408.0000,177.0000,87.0000,51.0000
408.0000,177.0000,87.0000,51.0000
412.0000,177.0000,86.0000,50.0000
412.0000,177.0000,86.0000,50.0000
412.0000,177.0000,86.0000,50.0000
412.0000,177.0000,86.0000,50.0000
408.0000,173.0000,86.0000,50.0000
408.0000,173.0000,86.0000,50.0000
404.0000,173.0000,86.0000,50.0000
404.0000,173.0000,86.0000,50.0000
404.0000,173.0000,86.0000,50.0000
404.0000,173.0000,86.0000,50.0000
400.0000,173.0000,86.0000,50.0000
400.0000,173.0000,86.0000,50.0000
401.0000,174.0000,84.0000,49.0000
401.0000,174.0000,84.0000,49.0000
401.0000,174.0000,84.0000,49.0000
401.0000,174.0000,84.0000,49.0000
402.0000,171.0000,82.0000,49.0000
402.0000,171.0000,82.0000,49.0000
407.0000,171.0000,81.0000,48.0000
407.0000,171.0000,81.0000,48.0000
422.0000,172.0000,79.0000,47.0000
422.0000,172.0000,79.0000,47.0000
422.0000,172.0000,79.0000,47.0000
422.0000,172.0000,79.0000,47.0000
422.0000,172.0000,79.0000,47.0000
437.0000,168.0000,78.0000,46.0000
437.0000,168.0000,78.0000,46.0000
437.0000,168.0000,79.0000,47.0000
437.0000,168.0000,79.0000,47.0000
437.0000,168.0000,79.0000,47.0000
437.0000,168.0000,79.0000,47.0000
433.0000,168.0000,79.0000,47.0000
433.0000,168.0000,79.0000,47.0000
430.0000,168.0000,78.0000,46.0000
430.0000,168.0000,78.0000,46.0000
426.0000,168.0000,78.0000,46.0000
426.0000,168.0000,78.0000,46.0000
422.0000,161.0000,78.0000,46.0000
422.0000,161.0000,78.0000,46.0000
415.0000,157.0000,78.0000,46.0000
415.0000,157.0000,78.0000,46.0000
413.0000,155.0000,76.0000,45.0000
413.0000,155.0000,76.0000,45.0000
407.0000,155.0000,75.0000,44.0000
407.0000,155.0000,75.0000,44.0000
407.0000,155.0000,75.0000,44.0000
403.0000,158.0000,75.0000,44.0000
403.0000,158.0000,75.0000,44.0000
397.0000,159.0000,73.0000,43.0000
397.0000,159.0000,73.0000,43.0000
394.0000,159.0000,73.0000,43.0000
394.0000,159.0000,73.0000,43.0000
391.0000,159.0000,73.0000,43.0000
391.0000,159.0000,73.0000,43.0000
387.0000,159.0000,73.0000,43.0000
387.0000,159.0000,73.0000,43.0000
387.0000,159.0000,73.0000,43.0000
387.0000,159.0000,73.0000,43.0000
387.0000,163.0000,73.0000,43.0000
387.0000,163.0000,73.0000,43.0000
387.0000,163.0000,73.0000,43.0000
387.0000,163.0000,73.0000,43.0000
387.0000,163.0000,73.0000,43.0000
387.0000,163.0000,73.0000,43.0000
387.0000,163.0000,73.0000,43.0000
387.0000,163.0000,73.0000,43.0000
387.0000,163.0000,73.0000,43.0000
387.0000,163.0000,73.0000,43.0000
387.0000,163.0000,73.0000,43.0000
387.0000,163.0000,73.0000,43.0000
387.0000,163.0000,73.0000,43.0000
387.0000,163.0000,73.0000,43.0000
387.0000,163.0000,73.0000,43.0000
391.0000,163.0000,73.0000,43.0000
391.0000,163.0000,73.0000,43.0000
391.0000,163.0000,73.0000,43.0000
391.0000,163.0000,73.0000,43.0000
391.0000,163.0000,73.0000,43.0000
391.0000,163.0000,73.0000,43.0000
387.0000,163.0000,73.0000,43.0000
387.0000,163.0000,73.0000,43.0000
387.0000,163.0000,73.0000,43.0000
387.0000,163.0000,73.0000,43.0000
387.0000,163.0000,73.0000,43.0000
387.0000,163.0000,73.0000,43.0000
387.0000,163.0000,73.0000,43.0000
387.0000,163.0000,73.0000,43.0000
387.0000,163.0000,73.0000,43.0000
387.0000,163.0000,73.0000,43.0000
387.0000,163.0000,73.0000,43.0000
387.0000,163.0000,73.0000,43.0000
387.0000,163.0000,73.0000,43.0000
387.0000,163.0000,73.0000,43.0000
387.0000,163.0000,73.0000,43.0000
387.0000,163.0000,73.0000,43.0000
387.0000,163.0000,73.0000,43.0000
384.0000,163.0000,73.0000,43.0000
384.0000,163.0000,73.0000,43.0000
