1
2
0
0
0
0
1
149.3333,580.2667,25.6000,68.2667
153.6000,576.0000,25.6000,68.2667
153.6000,576.0000,25.6000,68.2667
153.6000,576.0000,25.6000,68.2667
153.6000,576.0000,25.6000,68.2667
153.6000,576.0000,25.6000,68.2667
2
0
0
0
0
1
157.8667,601.6000,34.1333,72.5333
153.6000,622.9333,34.1333,72.5333
153.6000,631.4667,34.1333,72.5333
162.1333,648.5333,34.1333,72.5333
174.9333,669.8666,34.1333,72.5333
2
0
0
0
0
1
366.9333,827.7333,68.2667,38.4000
384.0000,840.5333,68.2667,38.4000
392.5333,844.8000,68.2667,38.4000
396.8000,849.0667,68.2667,38.4000
396.8000,844.8000,68.2667,38.4000
401.0667,849.0667,68.2667,38.4000
405.3333,849.0667,68.2667,38.4000
435.2000,849.0667,68.2667,38.4000
469.3333,849.0667,68.2667,38.4000
512.0000,844.8000,68.2667,38.4000
546.1334,836.2667,68.2667,38.4000
567.4667,819.2000,68.2667,38.4000
571.7333,810.6667,68.2667,38.4000
576.0000,793.6000,68.2667,38.4000
576.0000,780.8000,68.2667,38.4000
563.2000,772.2667,68.2667,38.4000
558.9333,772.2667,68.2667,38.4000
558.9333,772.2667,68.2667,38.4000
558.9333,776.5333,68.2667,38.4000
558.9333,776.5333,68.2667,38.4000
563.2000,772.2667,68.2667,38.4000
563.2000,768.0000,68.2667,38.4000
563.2000,768.0000,68.2667,38.4000
563.2000,768.0000,68.2667,38.4000
563.2000,772.2667,68.2667,38.4000
563.2000,772.2667,68.2667,38.4000
563.2000,772.2667,68.2667,38.4000
563.2000,768.0000,68.2667,38.4000
558.9333,763.7333,68.2667,38.4000
558.9333,759.4667,68.2667,38.4000
558.9333,759.4667,68.2667,38.4000
558.9333,759.4667,68.2667,38.4000
558.9333,755.2000,68.2667,38.4000
558.9333,755.2000,68.2667,38.4000
558.9333,755.2000,68.2667,38.4000
558.9333,750.9333,68.2667,38.4000
546.1334,729.6000,68.2667,38.4000
546.1334,729.6000,68.2667,38.4000
558.9333,750.9333,68.2667,38.4000
541.8666,733.8666,68.2667,38.4000
554.6667,750.9333,68.2667,38.4000
554.6667,750.9333,68.2667,38.4000
554.6667,750.9333,68.2667,38.4000
554.6667,755.2000,68.2667,38.4000
554.6667,755.2000,68.2667,38.4000
554.6667,755.2000,68.2667,38.4000
550.4000,750.9333,68.2667,38.4000
550.4000,750.9333,68.2667,38.4000
550.4000,746.6667,68.2667,38.4000
546.1334,742.4000,68.2667,38.4000
541.8666,733.8666,68.2667,38.4000
541.8666,733.8666,68.2667,38.4000
537.6000,725.3333,68.2667,38.4000
529.0667,678.4000,68.2667,38.4000
537.6000,661.3333,68.2667,38.4000
537.6000,648.5333,68.2667,38.4000
567.4667,614.4000,68.2667,38.4000
588.8000,597.3333,68.2667,38.4000
597.3333,597.3333,68.2667,38.4000
618.6667,601.6000,68.2667,38.4000
652.8000,622.9333,68.2667,38.4000
686.9333,661.3333,68.2667,38.4000
699.7333,682.6667,68.2667,38.4000
704.0000,686.9333,68.2667,38.4000
704.0000,686.9333,68.2667,38.4000
704.0000,686.9333,68.2667,38.4000
708.2667,691.2000,68.2667,38.4000
708.2667,695.4667,68.2667,38.4000
708.2667,699.7333,68.2667,38.4000
708.2667,704.0000,68.2667,38.4000
708.2667,708.2667,68.2667,38.4000
708.2667,708.2667,68.2667,38.4000
704.0000,712.5333,68.2667,38.4000
682.6667,746.6667,68.2667,38.4000
652.8000,797.8666,68.2667,38.4000
627.2000,814.9333,68.2667,38.4000
614.4000,819.2000,68.2667,38.4000
614.4000,819.2000,68.2667,38.4000
610.1334,814.9333,68.2667,38.4000
601.6000,814.9333,68.2667,38.4000
597.3333,823.4667,68.2667,38.4000
597.3333,823.4667,68.2667,38.4000
580.2667,832.0000,68.2667,38.4000
541.8666,844.8000,68.2667,38.4000
512.0000,844.8000,68.2667,38.4000
486.4000,861.8666,68.2667,38.4000
486.4000,861.8666,68.2667,38.4000
482.1333,866.1334,68.2667,38.4000
469.3333,878.9333,68.2667,38.4000
469.3333,878.9333,68.2667,38.4000
469.3333,878.9333,68.2667,38.4000
469.3333,874.6667,68.2667,38.4000
2
0
0
0
0
1
345.6000,806.4000,68.2667,29.8667
337.0667,789.3333,68.2667,29.8667
328.5333,780.8000,68.2667,29.8667
324.2667,780.8000,68.2667,29.8667
315.7333,785.0667,68.2667,29.8667
311.4667,785.0667,68.2667,29.8667
307.2000,780.8000,68.2667,29.8667
311.4667,776.5333,68.2667,29.8667
315.7333,763.7333,68.2667,29.8667
2
0
0
0
0
1
439.4667,708.2667,68.2667,29.8667
452.2667,704.0000,68.2667,29.8667
486.4000,665.6000,68.2667,29.8667
477.8667,635.7333,68.2667,29.8667
460.8000,597.3333,68.2667,29.8667
448.0000,550.4000,68.2667,29.8667
422.4000,512.0000,68.2667,29.8667
388.2667,465.0667,68.2667,29.8667
345.6000,448.0000,68.2667,29.8667
358.4000,465.0667,68.2667,29.8667
290.1333,452.2667,68.2667,29.8667
285.8667,439.4667,68.2667,29.8667
285.8667,430.9333,68.2667,29.8667
281.6000,396.8000,68.2667,29.8667
268.8000,362.6667,68.2667,29.8667
256.0000,311.4667,68.2667,29.8667
243.2000,260.2667,68.2667,29.8667
230.4000,243.2000,68.2667,29.8667
238.9333,243.2000,68.2667,29.8667
256.0000,234.6667,68.2667,29.8667
281.6000,226.1333,68.2667,29.8667
298.6667,209.0667,68.2667,29.8667
328.5333,196.2667,68.2667,29.8667
341.3333,192.0000,68.2667,29.8667
354.1333,192.0000,68.2667,29.8667
354.1333,192.0000,68.2667,29.8667
349.8667,187.7333,68.2667,29.8667
302.9333,209.0667,68.2667,29.8667
281.6000,234.6667,68.2667,29.8667
256.0000,251.7333,68.2667,29.8667
285.8667,273.0667,68.2667,29.8667
256.0000,294.4000,68.2667,29.8667
226.1333,311.4667,68.2667,29.8667
221.8667,311.4667,68.2667,29.8667
221.8667,311.4667,68.2667,29.8667
226.1333,311.4667,68.2667,29.8667
230.4000,307.2000,68.2667,29.8667
230.4000,307.2000,68.2667,29.8667
234.6667,311.4667,68.2667,29.8667
238.9333,324.2667,68.2667,29.8667
243.2000,349.8667,68.2667,29.8667
247.4667,388.2667,68.2667,29.8667
251.7333,435.2000,68.2667,29.8667
243.2000,473.6000,68.2667,29.8667
243.2000,473.6000,68.2667,29.8667
230.4000,494.9333,68.2667,29.8667
179.2000,512.0000,68.2667,29.8667
162.1333,512.0000,68.2667,29.8667
166.4000,516.2667,68.2667,29.8667
166.4000,516.2667,68.2667,29.8667
166.4000,516.2667,68.2667,29.8667
166.4000,516.2667,68.2667,29.8667
166.4000,516.2667,68.2667,29.8667
166.4000,516.2667,68.2667,29.8667
166.4000,516.2667,68.2667,29.8667
166.4000,516.2667,68.2667,29.8667
170.6667,516.2667,68.2667,29.8667
170.6667,516.2667,68.2667,29.8667
166.4000,512.0000,68.2667,29.8667
166.4000,512.0000,68.2667,29.8667
166.4000,512.0000,68.2667,29.8667
166.4000,512.0000,68.2667,29.8667
166.4000,512.0000,68.2667,29.8667
166.4000,507.7333,68.2667,29.8667
166.4000,503.4667,68.2667,29.8667
166.4000,503.4667,68.2667,29.8667
166.4000,507.7333,68.2667,29.8667
162.1333,512.0000,68.2667,29.8667
162.1333,512.0000,68.2667,29.8667
162.1333,512.0000,68.2667,29.8667
157.8667,512.0000,68.2667,29.8667
162.1333,503.4667,68.2667,29.8667
170.6667,494.9333,68.2667,29.8667
170.6667,494.9333,68.2667,29.8667
166.4000,494.9333,68.2667,29.8667
162.1333,499.2000,68.2667,29.8667
2
0
0
0
0
1
2
0
0
0
0
1
183.4667,533.3333,38.4000,68.2667
187.7333,550.4000,38.4000,68.2667
187.7333,550.4000,38.4000,68.2667
187.7333,550.4000,38.4000,68.2667
187.7333,554.6667,38.4000,68.2667
174.9333,576.0000,38.4000,68.2667
170.6667,610.1334,38.4000,68.2667
162.1333,622.9333,38.4000,68.2667
162.1333,618.6667,38.4000,68.2667
162.1333,618.6667,38.4000,68.2667
162.1333,618.6667,38.4000,68.2667
162.1333,618.6667,38.4000,68.2667
162.1333,618.6667,38.4000,68.2667
166.4000,622.9333,38.4000,68.2667
166.4000,618.6667,38.4000,68.2667
162.1333,618.6667,38.4000,68.2667
162.1333,618.6667,38.4000,68.2667
162.1333,622.9333,38.4000,68.2667
162.1333,627.2000,38.4000,68.2667
153.6000,631.4667,38.4000,68.2667
153.6000,631.4667,38.4000,68.2667
153.6000,631.4667,38.4000,68.2667
153.6000,631.4667,38.4000,68.2667
153.6000,631.4667,38.4000,68.2667
153.6000,631.4667,38.4000,68.2667
153.6000,631.4667,38.4000,68.2667
157.8667,627.2000,38.4000,68.2667
157.8667,627.2000,38.4000,68.2667
157.8667,627.2000,38.4000,68.2667
157.8667,631.4667,38.4000,68.2667
157.8667,631.4667,38.4000,68.2667
157.8667,631.4667,38.4000,68.2667
157.8667,627.2000,38.4000,68.2667
157.8667,627.2000,38.4000,68.2667
162.1333,622.9333,38.4000,68.2667
166.4000,622.9333,38.4000,68.2667
170.6667,622.9333,38.4000,68.2667
170.6667,622.9333,38.4000,68.2667
179.2000,622.9333,38.4000,68.2667
166.4000,635.7333,38.4000,68.2667
166.4000,635.7333,38.4000,68.2667
166.4000,635.7333,38.4000,68.2667
166.4000,640.0000,38.4000,68.2667
166.4000,640.0000,38.4000,68.2667
166.4000,640.0000,38.4000,68.2667
166.4000,640.0000,38.4000,68.2667
166.4000,640.0000,38.4000,68.2667
196.2667,648.5333,38.4000,68.2667
204.8000,652.8000,38.4000,68.2667
204.8000,652.8000,38.4000,68.2667
213.3333,665.6000,38.4000,68.2667
247.4667,695.4667,38.4000,68.2667
290.1333,721.0667,38.4000,68.2667
2
328.5333,742.4000,38.4000,68.2667
0
0
0
0
1
371.2000,772.2667,68.2667,34.1333
371.2000,772.2667,68.2667,34.1333
371.2000,772.2667,68.2667,34.1333
371.2000,742.4000,68.2667,34.1333
371.2000,738.1334,68.2667,34.1333
371.2000,733.8666,68.2667,34.1333
371.2000,733.8666,68.2667,34.1333
379.7333,725.3333,68.2667,34.1333
396.8000,721.0667,68.2667,34.1333
426.6667,716.8000,68.2667,34.1333
439.4667,704.0000,68.2667,34.1333
465.0667,704.0000,68.2667,34.1333
482.1333,712.5333,68.2667,34.1333
533.3333,725.3333,68.2667,34.1333
533.3333,738.1334,68.2667,34.1333
558.9333,763.7333,68.2667,34.1333
567.4667,776.5333,68.2667,34.1333
563.2000,780.8000,68.2667,34.1333
558.9333,789.3333,68.2667,34.1333
550.4000,797.8666,68.2667,34.1333
533.3333,810.6667,68.2667,34.1333
524.8000,810.6667,68.2667,34.1333
507.7333,819.2000,68.2667,34.1333
486.4000,827.7333,68.2667,34.1333
448.0000,832.0000,68.2667,34.1333
401.0667,823.4667,68.2667,34.1333
349.8667,819.2000,68.2667,34.1333
349.8667,819.2000,68.2667,34.1333
320.0000,814.9333,68.2667,34.1333
264.5333,772.2667,68.2667,34.1333
256.0000,742.4000,68.2667,34.1333
243.2000,695.4667,68.2667,34.1333
2
0
