1
231.8571,156.5784,39.8354,74.8898
232.3716,159.8250,39.6555,74.8165
227.8825,159.1135,39.4787,74.7101
230.6153,165.4816,39.2596,74.7069
230.1430,169.2236,39.1073,74.5532
228.4739,179.2713,39.0035,74.4612
217.0601,184.5972,39.1061,74.2434
231.7307,202.7226,39.1061,74.2434
246.9408,227.6509,39.1061,74.2434
263.7090,257.3483,39.1061,74.2434
260.1882,281.6335,39.6458,73.9970
245.1927,282.7719,40.1074,73.9417
233.0841,284.6673,40.3307,73.6815
202.8360,301.8687,40.3307,73.6815
186.8630,289.4706,40.3307,73.6815
162.8630,284.4020,40.3307,73.6815
145.4717,272.9460,40.3307,73.6815
125.0214,269.2321,40.3307,73.6815
111.9573,268.8787,40.3307,73.6815
103.3569,298.3513,40.3307,73.6815
95.9701,298.4448,40.3307,73.6815
84.0515,298.2634,40.4208,73.9915
65.7669,289.7666,40.4208,73.9915
65.6977,282.0667,40.4208,73.9915
59.3417,267.6704,40.4208,73.9915
2
0
0
0
0
1
233.5267,258.9040,76.9295,63.9623
240.3157,265.6609,76.8560,63.9595
244.6160,267.1448,76.7891,63.8715
258.7108,271.7284,76.6980,63.8240
266.2364,274.3458,76.8061,63.7636
281.2074,277.7766,76.7960,63.7166
302.5167,285.2697,76.9302,63.6908
320.9628,287.6213,77.1674,63.7122
331.7661,295.6729,77.2932,63.7795
332.4234,299.4864,77.3879,63.9206
327.5487,302.4603,77.8109,64.1074
345.9763,310.8747,78.4330,64.4482
370.0177,326.9823,78.9831,65.0568
364.8430,325.3790,79.6916,65.8867
360.6461,315.8560,80.4849,66.8158
371.6093,320.5069,81.2281,67.5492
390.3086,327.8017,82.0227,68.6304
406.3322,330.5702,83.1705,69.8010
418.3636,331.0262,84.1721,70.9038
431.4627,346.4623,85.2349,72.3267
434.8102,349.4560,86.4657,73.8731
407.5555,339.8190,87.3455,75.2443
384.9596,321.8346,87.5775,76.4794
373.1530,296.7699,87.6525,77.0855
361.2072,283.9428,87.3449,77.2927
353.0261,272.5064,87.0285,77.2661
333.9721,266.7791,86.7669,77.1451
317.6913,260.2489,86.4971,76.8807
299.7428,256.3046,86.2836,76.3551
282.1630,252.3619,86.1379,76.0469
275.5711,243.7617,86.0893,75.8138
259.6770,234.0139,85.9385,75.6241
238.4928,219.1736,85.7793,75.3665
224.0306,205.8661,85.8944,75.2834
210.5425,196.7392,86.0759,75.4417
193.3868,190.5706,85.9577,75.5826
166.6498,176.4202,86.0068,75.7551
145.1707,162.4246,86.2420,75.9109
123.7407,154.5190,86.5610,76.2677
117.0488,149.9267,87.0125,76.6671
107.5457,135.4723,87.4844,76.8728
98.9443,128.6846,87.9300,77.2359
89.2334,136.1620,88.9534,77.8226
97.2644,152.5478,89.4718,78.2722
115.0972,180.6948,90.0698,78.6110
114.4805,179.6505,91.1664,79.3954
112.5689,163.4337,91.9980,80.1945
107.4576,163.6750,92.6709,80.9059
109.8122,178.1082,93.2427,81.3223
112.9074,197.9494,93.8532,81.7331
127.2516,213.0562,96.5637,82.3887
150.7417,219.6255,98.6089,84.0070
187.9624,230.6895,101.0055,84.6707
200.5344,239.4797,100.2764,84.3682
2
0
0
0
0
1
142.2380,61.9927,51.4662,81.2598
149.4321,66.3029,51.8276,81.3229
156.5768,70.2266,51.9137,80.9469
157.3067,70.0020,51.7644,80.5719
158.5752,71.9076,51.8055,80.3782
168.1975,72.5012,51.5137,79.8590
185.8797,75.1348,51.0222,78.9516
193.9585,69.1729,50.4948,78.3088
189.4035,65.2246,49.7936,77.2787
182.5202,62.5183,49.2522,76.6848
175.9287,64.3646,48.7905,75.8200
172.5043,63.3778,48.3860,74.8790
154.8781,67.0191,47.9229,74.0621
136.9305,71.7212,47.5734,73.4981
127.3514,80.6691,47.5359,73.2839
122.3400,87.4456,47.5140,73.1894
113.2728,101.4249,47.6517,73.2918
105.6353,111.3035,48.0270,73.5373
100.0261,111.6996,48.2548,73.8746
98.1231,111.0025,48.8138,74.5049
100.3083,126.2733,49.2041,74.9444
101.0847,131.7847,49.7634,75.4600
101.7982,135.7882,50.1839,75.9559
109.9433,133.3969,50.6467,76.5126
117.6313,123.8935,50.8699,77.0772
112.7206,116.8249,51.1224,77.5346
107.5337,111.1228,51.3246,77.7113
103.2362,98.8416,51.3518,77.6644
