0.00016
0.055795
0.027652
0.026872
0.028916
0.026305
0.027289
0.030416
0.027013
0.027053
0.028663
0.030097
0.027098
0.02777
0.027064
0.027212
0.027974
0.027003
0.026584
0.02754
0.027595
0.02684
0.029739
0.027232
0.02714
0.027351
0.022662
0.026483
0.026307
0.024601
0.025521
0.0271
0.027548
NaN
NaN
NaN
NaN
0.000179
0.040916
0.024306
0.021978
0.022762
0.022933
0.022569
0.02279
0.022566
0.022279
0.022153
0.022404
0.02216
0.021765
0.023387
0.023135
0.022554
0.022631
0.022802
0.023049
0.02268
0.022283
0.023236
0.023187
0.022205
0.021562
0.021267
0.022451
0.022177
0.023132
0.021682
0.021362
0.021584
0.021302
0.019348
0.023339
0.02258
0.022572
0.023083
0.022076
0.022235
0.021971
0.022386
0.022621
0.021906
0.021822
0.024594
0.021819
0.022937
0.021812
0.022421
0.021803
0.022476
0.022781
0.021305
0.022322
0.022461
0.022693
0.022269
0.022312
0.022314
0.024673
0.022717
0.021766
0.022767
0.022273
0.023303
0.02151
0.023506
0.022447
0.022132
0.023782
0.022952
0.022269
0.02213
0.022467
0.023683
0.022128
0.022288
0.022304
0.022286
0.022038
0.02272
0.021971
0.022184
0.022361
0.022052
0.022959
0.022638
0.022141
0.022119
0.022646
0.022175
0.022024
0.023011
0.022059
0.022016
0.021816
0.021647
0.0224
0.022213
0.022195
0.022617
0.021614
0.022442
0.022106
0.021556
0.022561
0.022274
0.022193
0.021979
0.022592
0.022138
0.022904
0.023031
0.022949
0.023118
0.022351
0.024462
0.022946
0.024294
0.022524
0.022533
0.022697
0.022861
0.02345
0.022399
