1
297.3416,138.1724,71.0181,84.4829
293.9864,142.2381,71.0459,84.4585
292.6965,143.4075,71.0511,84.4761
293.4215,147.0652,70.9602,84.5243
298.6404,149.1973,71.0281,84.4347
302.6708,148.9456,71.1121,84.7028
307.4487,147.6130,71.1215,84.6099
307.1201,148.4262,70.9044,84.7128
309.2038,149.9837,71.0523,84.5371
308.8005,150.4751,71.0542,84.5097
311.9466,148.2080,71.0956,84.4920
317.4650,143.9100,70.9590,84.8691
325.3144,140.0622,71.2295,84.2425
332.6600,135.2320,70.9102,84.7331
336.5233,133.4985,71.0625,84.6790
336.2131,132.8061,71.3192,84.2033
334.5581,132.7048,71.2202,84.7234
336.6620,131.3273,71.2520,84.7188
340.5276,126.7618,71.2015,84.5910
343.4514,119.8498,71.1010,84.7805
350.8423,114.9173,71.1073,84.8447
356.5362,112.1801,71.0773,84.8338
363.4106,114.5289,71.0573,84.7594
373.1825,119.9659,71.2816,84.8418
381.1542,127.6094,70.9473,84.8648
387.1385,133.6482,70.9679,84.8004
381.5984,121.1878,71.0000,84.9300
370.0012,110.8915,71.2325,85.1530
360.0883,99.8960,71.2345,85.0770
351.2473,91.3842,71.1886,85.1845
343.0351,85.0865,71.2434,84.9935
344.5606,87.4411,71.2565,85.0006
344.5951,91.5532,71.1517,85.1658
349.0154,98.9260,71.2125,85.0923
357.1162,107.0382,71.1885,85.0330
368.3589,120.4626,71.0723,85.1894
365.6237,115.2752,71.1213,85.1522
372.6030,115.0186,71.1400,85.1006
365.9214,102.7711,71.2067,84.9730
366.6353,105.9679,71.1993,85.0705
365.9701,96.7043,71.0213,85.4997
362.1537,88.2856,71.0484,85.0019
363.0827,89.0255,71.1745,85.1454
362.6040,91.0908,71.0079,85.0314
366.1325,101.1442,71.1570,85.4693
371.2739,112.2618,71.0585,85.1456
375.0546,127.0791,71.0738,85.1211
378.6065,145.7403,71.1875,85.5992
386.0827,152.0065,71.1613,85.5437
379.3209,142.3676,71.1206,85.4745
369.3622,129.6181,71.0806,85.4805
366.2159,112.4896,71.1147,85.4908
342.6274,117.4346,71.0886,85.6110
363.9695,91.6371,71.1336,85.4076
365.2369,99.2293,70.9916,85.4384
348.2345,142.3260,71.1623,85.5894
351.6538,142.3068,71.1074,85.5869
353.0173,159.4257,71.0860,85.4956
348.9421,175.8641,71.0804,85.4583
344.9857,171.6514,70.9602,85.4528
350.9870,161.3279,71.0572,85.4357
336.3746,149.6419,70.9724,85.5107
344.3857,203.3197,71.2213,85.5399
356.4044,202.2294,71.0877,85.4382
350.6972,201.2950,71.1896,85.6764
350.1042,205.5273,71.1641,85.6153
350.5813,214.3975,71.0087,85.2747
351.3795,228.0256,71.2413,85.7725
350.5641,243.8525,71.2433,85.7579
348.1801,230.6780,71.1818,85.8115
353.6220,257.8568,71.2169,85.8389
346.5867,263.2839,71.2578,85.7716
361.2521,254.2628,71.2971,85.6215
347.3483,230.8147,71.2212,85.6450
2
0
0
0
0
1
250.4426,153.6588,81.5955,99.1202
246.0876,173.7372,81.2836,99.2145
245.7032,187.3770,81.2062,99.3101
242.3836,188.1515,81.1890,99.2669
240.6048,175.9064,81.5443,99.2619
235.4441,178.4334,81.0671,99.3946
232.7252,183.7400,81.1110,99.5048
231.0091,185.0185,81.1579,99.3178
229.6863,188.9361,81.3426,99.2069
226.9933,193.6772,81.4664,99.1446
227.8406,203.6121,81.2075,99.1082
243.8128,196.3008,81.5121,99.1752
237.2458,203.2431,81.1245,99.1506
243.5751,205.0975,80.9074,99.1873
220.0608,182.7437,81.1288,99.2842
208.8582,216.8573,81.4083,99.2226
212.4774,214.2921,81.3080,99.3137
212.5599,211.8631,80.9815,99.4203
214.1231,208.8257,81.3377,99.3232
216.2070,205.7841,81.2858,99.3377
219.0566,206.3224,81.2354,99.3679
219.7362,201.5224,81.1956,99.3199
223.6848,192.0041,81.0618,99.0834
223.6040,187.6323,80.9471,99.2050
222.4819,182.8640,81.4647,99.5813
204.8354,178.5605,81.0797,99.3074
210.5488,173.4154,80.9487,99.1525
207.6588,174.2959,81.3860,99.5684
205.2088,171.3931,81.1434,99.1569
198.5261,163.4072,81.1030,99.2897
195.3460,164.3403,81.0796,99.3469
188.9799,165.8258,81.0980,99.2937
178.8176,164.3770,81.0477,99.4473
175.0963,165.5202,81.1213,99.4311
176.5316,153.9399,81.2766,99.2889
182.4191,167.7799,81.3129,99.2392
171.5223,152.1142,81.1072,99.4495
2
0
0
0
0
1
249.6582,136.9685,63.0372,73.7655
252.4588,137.2188,63.0751,73.8689
255.9382,138.7691,62.9162,73.8068
262.8150,139.6118,63.0523,73.6552
267.2145,139.6773,63.1293,73.8024
271.3162,140.1411,62.9973,74.0106
273.4985,144.6983,63.1180,73.8025
275.1172,147.1488,62.9556,73.9181
277.2484,150.5068,63.0300,73.8833
277.8091,152.6865,63.0368,73.9086
281.0579,156.2159,63.2393,73.9040
284.8627,155.6192,63.4526,74.1737
286.9404,154.8734,63.4994,74.1553
287.8945,154.6425,63.2828,73.3336
288.8842,155.1421,63.4866,73.8911
286.7697,156.3647,63.4050,73.9782
284.0522,158.5828,63.5421,73.7041
282.5553,158.5734,63.3385,74.0800
280.2026,156.6744,63.3262,74.0844
278.9160,157.0791,63.4635,73.3504
278.0375,155.3762,63.6296,73.6900
273.9023,153.4120,63.7345,73.6585
268.0025,148.9332,63.5201,73.5500
261.3353,145.5502,63.4721,73.6080
254.9720,143.5956,63.3973,73.7171
247.0940,143.3151,63.3887,73.6607
238.8593,147.5345,63.3609,73.7508
232.0771,147.3118,63.4824,73.6626
225.3311,148.7389,63.3818,73.8462
218.6638,147.8293,63.3302,73.8407
219.1035,147.6245,63.3965,73.7314
219.7682,146.5477,63.5390,73.4893
220.2040,141.9350,63.4762,73.8329
223.9830,139.8351,63.5568,73.7643
224.1564,140.3064,63.1155,73.5709
217.9902,141.4639,63.4561,73.9695
211.5734,140.8656,63.5565,73.9379
208.0822,145.7647,63.6388,73.8946
212.3648,147.5946,63.4995,73.9288
218.4289,150.9879,63.4381,73.8233
225.0829,154.4753,63.3399,73.8851
235.2298,157.0482,63.3500,73.8656
243.0991,160.3401,63.4716,73.7310
254.1828,164.9203,63.2224,73.9806
259.3285,165.9926,63.2791,74.0372
265.5861,169.6205,63.2378,73.8395
268.5891,171.2166,63.4563,74.1608
273.9188,175.7468,63.6173,74.1661
277.0623,179.7150,63.0218,73.9881
280.0125,182.4845,62.9511,73.9340
283.0563,184.2296,63.3343,73.8002
289.7614,186.4095,63.1295,73.6780
293.8358,186.1523,63.1251,74.0786
300.4867,187.9114,63.5565,74.1249
305.8434,188.4395,63.1083,73.7011
305.9592,188.6863,63.0840,74.0607
305.8973,189.9593,63.5513,74.0926
310.1388,188.1555,63.6890,74.1809
315.9448,185.7308,63.4395,73.7790
323.2851,182.5730,63.8505,73.9503
327.1102,180.3539,63.1608,73.8786
335.0875,178.8660,63.7370,74.0974
340.4464,176.0021,63.7804,74.0540
344.3784,178.4621,63.1787,74.1501
346.7501,185.1261,63.4129,73.9638
355.0359,183.6212,63.7265,74.0581
349.6525,177.9140,63.7786,74.0804
338.7493,175.3911,63.8751,74.0909
339.1196,161.2375,63.8324,73.7721
328.4044,167.6854,63.4972,73.8529
326.3068,169.6806,63.8614,73.8788
323.2469,177.1719,64.0713,74.1826
326.0006,188.6259,63.8130,74.1924
338.3795,189.1591,63.7933,74.2139
335.0442,195.0680,64.0685,74.1320
336.0867,191.0574,64.0657,74.0017
332.9766,181.1453,63.8932,74.2064
333.3400,166.9414,63.9414,73.9571
330.7885,159.3604,64.0522,74.0960
330.6437,154.7538,64.0833,74.2810
330.3257,157.8521,64.1079,74.4569
331.0622,162.8210,63.9521,74.3520
331.2285,166.2295,63.8388,74.3038
322.8088,183.6828,63.9017,74.1890
320.6524,182.8226,63.8430,74.1499
310.7830,178.8995,63.8704,74.2486
303.5924,166.2307,63.8494,74.1425
299.5734,158.9310,63.7914,74.0656
297.3669,156.9066,63.8930,74.1020
291.1561,154.8553,63.7876,74.1222
286.0977,158.8201,63.7835,74.1119
285.8907,170.1168,63.9126,74.2469
285.0387,182.2467,63.7992,74.2463
283.3362,191.7647,64.0211,74.3559
287.7569,196.0652,63.7437,74.2501
290.8274,192.7872,63.7658,74.3068
293.2967,183.7231,63.7701,74.2342
293.0848,174.6153,64.0020,74.4047
300.0949,167.8949,63.7092,74.1825
298.3352,168.0184,63.5754,74.2226
299.1294,168.5607,63.8437,74.4427
298.3609,180.4485,63.7762,74.4161
298.7466,189.1652,64.0441,74.3660
292.0447,194.7677,63.5773,74.2619
285.0518,193.2575,63.6223,74.2755
279.2031,202.7092,64.1519,74.5648
283.0543,203.0083,63.4935,74.4729
276.8317,197.2456,63.9884,74.2318
274.8335,194.2325,63.5375,74.3613
272.2085,196.1818,63.9975,74.2735
271.4815,200.9885,63.9587,74.3514
269.5154,209.8530,64.1858,74.3408
270.6446,216.9266,63.8189,74.2994
271.9475,218.7076,63.8325,74.2792
2
0
0
0
0
1
300.6039,168.3462,54.5450,63.9218
300.7597,158.2682,54.0691,63.3879
298.9418,151.5854,54.2880,62.9440
300.1168,148.7606,54.2111,63.2104
300.3853,145.0973,54.1101,63.2185
301.5450,147.1381,54.5635,63.4508
302.7391,150.6443,53.6126,63.4010
301.6711,155.8907,53.8991,63.2613
303.0659,154.8252,54.0556,63.7332
302.4779,148.0737,53.8005,63.6575
302.5730,140.2142,53.4679,64.3762
303.2289,130.6522,54.2344,63.6498
299.6535,126.2287,53.9887,63.3593
306.2518,120.9789,52.6481,64.6618
305.0779,124.7899,52.1048,61.6391
300.8460,130.7008,52.4618,62.3828
295.8984,135.8350,54.2385,63.4359
295.4542,139.9205,54.1637,63.4317
294.7931,138.8557,52.2764,62.1608
289.2852,132.7366,55.1874,63.3743
289.8365,126.1309,52.6390,62.4080
287.5902,125.2550,53.2007,63.2086
285.5748,121.9373,53.8998,63.5375
285.0190,123.7944,52.5975,62.1380
285.9046,127.4137,52.1458,62.9227
284.0884,135.8949,53.7132,63.3557
282.8883,143.1526,54.0415,63.3660
283.7322,145.8133,53.2454,63.2767
282.4999,144.8939,54.1544,63.4397
281.8724,141.5730,53.0224,65.1720
280.6731,146.4037,52.4508,64.2271
286.5087,137.6458,53.2059,64.3956
286.5767,139.6608,53.3082,63.5490
289.1898,136.3199,53.5763,63.4794
283.9348,141.8152,52.8471,66.2797
291.9895,155.2490,52.7710,63.2801
292.2303,155.2139,52.9067,65.0103
291.9127,153.7152,52.3290,63.5328
290.6036,144.9403,53.2631,66.1909
291.1075,138.4634,53.5972,66.3089
288.6251,138.9227,52.6643,65.4903
285.0455,139.1560,52.8759,65.4944
285.7694,139.3717,52.6467,65.7382
290.5504,141.0295,53.9099,67.5209
286.8272,151.3258,52.8957,65.5513
290.5567,151.0221,53.8523,63.5179
288.1002,151.4403,53.9691,63.8662
288.1809,146.8716,54.4735,64.3746
291.2842,140.8856,52.7683,63.4867
294.1671,136.7474,53.1160,63.7513
298.7528,137.8603,53.2073,63.5627
300.4494,138.0744,52.2666,62.8988
298.0962,144.7912,53.2405,63.9695
299.3304,150.2758,51.5653,62.8730
301.9801,147.1603,53.7225,64.3611
301.6760,148.9981,52.0954,64.2292
297.3035,148.4975,51.3852,63.4505
297.5534,142.9643,52.0074,63.9991
301.7405,133.6194,53.2530,64.0223
284.0573,131.8598,52.7144,63.8119
301.2353,135.7350,51.5278,62.6177
302.5156,143.0959,51.7173,62.4987
302.6951,149.7153,51.3982,62.7258
302.3262,152.0205,51.2825,63.0062
310.2466,152.7617,51.1544,62.0971
311.2084,151.7990,51.4134,62.2867
305.7031,154.6852,51.9086,63.3270
309.4140,149.3468,51.2940,62.8486
305.3980,140.9672,51.5942,62.8925
307.3791,138.0055,50.7595,62.3861
307.2060,139.9988,51.6360,63.3420
305.6400,142.9903,52.7630,62.3415
305.0804,149.0380,52.6654,61.2928
304.8995,153.5886,50.9127,62.7654
291.7361,156.6091,52.6308,61.2934
284.3071,151.2220,52.1753,61.3605
284.1558,143.9783,53.1771,61.5252
289.0125,136.2642,52.3879,62.1886
284.3839,135.7480,52.7319,61.9464
282.8965,135.9740,52.2623,62.8309
280.9089,138.4748,52.2759,60.6599
279.4376,142.3101,50.8112,62.7663
277.1817,149.3436,50.5381,64.4548
274.3156,155.5627,51.7474,60.8399
273.3176,154.6363,51.8498,60.8639
272.6887,149.5270,51.9927,61.3680
273.8328,143.4007,51.2313,61.0535
273.4045,140.6985,51.2076,60.4376
271.9983,139.3326,51.0502,60.9730
273.0067,139.6087,51.2254,60.5186
272.9102,145.2793,50.9433,60.8637
273.2745,150.4863,50.7025,60.8873
275.0674,157.2457,51.0277,60.6093
276.9271,160.9316,50.8036,60.6260
277.3847,161.2810,51.1407,59.1917
279.9532,154.6039,51.3120,60.4021
282.7415,143.6307,51.0682,62.7236
288.0813,137.3663,51.3190,63.1502
288.6624,139.9121,52.3418,60.4838
290.3382,140.2112,51.1963,59.9456
292.1653,144.9901,51.9067,60.3593
294.2271,149.1954,51.0413,62.4529
292.5681,154.3035,51.8872,59.7571
292.5196,154.5316,50.8516,62.9008
291.3386,152.5990,52.0181,61.1067
291.4183,151.0001,50.8252,63.3011
290.3589,152.6042,50.9569,63.7137
296.0831,149.3793,50.6270,64.0227
296.2221,154.0969,49.8171,58.9179
297.1390,153.3944,49.7622,58.7360
295.4017,154.1658,49.8406,58.4688
292.6367,154.9750,50.7717,59.4234
293.8561,153.1977,50.2269,59.0322
291.0457,149.3248,49.6566,58.6309
289.4321,150.2775,49.6155,58.5169
289.0590,150.0012,50.0220,58.9474
288.5483,150.5368,49.9199,58.2318
286.6279,150.2069,51.2406,60.2153
283.6244,152.0143,52.8932,59.8253
283.2523,152.8240,50.6138,58.5931
283.3720,153.3223,50.5996,59.2173
281.5453,152.3955,52.5979,59.3332
278.8737,151.1206,54.2117,59.6802
279.4243,150.4292,52.7797,59.1536
275.4175,152.1972,54.7044,59.6525
276.6396,148.5195,54.9419,59.6370
277.2357,150.7002,55.1191,59.8119
278.4526,151.8485,55.6691,60.2971
280.2855,151.2127,54.2318,59.1993
281.1641,151.2532,55.7826,60.2298
283.0255,153.1734,56.0306,59.9921
282.5445,155.0939,56.0232,60.2114
283.8482,158.4283,57.0428,59.7621
285.9835,161.4437,56.9775,60.1740
290.1245,137.9975,56.9517,60.7947
298.5705,137.2664,56.6853,60.8741
307.8970,143.1272,56.8592,60.8114
310.8317,144.1408,56.9530,60.6188
313.9574,141.3322,56.2910,61.1074
311.4842,138.5522,58.1509,61.0592
306.8738,140.3310,56.8211,61.0668
299.6594,142.3208,56.7092,61.0220
302.3410,121.1680,56.9341,60.7514
296.6817,119.6641,58.2413,61.1211
2
0
0
0
