0.00012
0.003951
0.002074
0.002058
0.002093
0.002044
NaN
NaN
NaN
NaN
0.000123
0.003909
0.002143
0.002126
0.00213
0.002095
0.002106
0.002132
0.002081
0.002061
0.002079
0.002072
NaN
NaN
NaN
NaN
0.000115
0.003969
0.002183
0.002216
0.002264
0.002253
0.002258
0.002252
0.0022
0.00224
0.002211
0.002141
0.002146
0.002145
0.002147
0.002138
0.00214
0.00222
0.002185
0.002207
0.002214
0.002227
0.002262
0.002211
0.002204
0.002203
0.002204
0.002184
0.002198
0.002192
0.002181
0.002084
0.001975
0.001985
0.00202
0.001988
0.002027
NaN
NaN
NaN
NaN
0.000124
0.00484
0.002462
0.002516
0.002557
0.002575
0.00253
0.002534
0.00249
0.002461
0.002435
0.002411
0.002438
0.00242
0.002411
0.002273
0.002161
0.002174
0.002153
0.002183
0.002186
0.002176
0.002171
0.00217
0.002166
0.002158
0.002158
0.002141
0.002162
0.002163
0.00218
0.002171
0.002156
0.002179
0.002175
0.002191
0.002188
NaN
NaN
NaN
NaN
6.7e-05
0.003658
0.002256
0.002285
0.002226
0.00219
0.002228
0.002219
0.002152
0.002161
0.002144
0.002154
0.002154
0.002148
0.002141
0.002151
0.002142
0.002129
0.002163
0.002148
0.002143
0.00215
0.002153
0.002163
0.00214
0.00214
0.002149
0.002141
0.002144
0.00214
0.002141
0.002171
0.002159
0.002156
0.002155
0.002137
0.002148
0.002153
0.002128
0.002138
0.002147
0.002132
0.002125
0.002129
0.002108
0.00213
0.002153
0.002145
0.002131
0.00215
0.002135
0.002129
0.002141
0.002127
0.00214
0.002154
0.00216
0.002138
0.002175
0.002142
0.002139
0.002137
0.002144
0.002159
0.002162
0.002162
0.002129
0.002162
0.002134
0.002137
0.002144
0.002152
0.002167
0.002133
0.002137
0.00214
0.002155
0.002157
0.002165
0.00217
0.002162
0.002155
0.002144
0.002136
0.002126
0.002129
0.0021
0.002132
0.002121
0.002118
0.002095
0.002119
0.002108
0.002142
0.002134
0.002147
0.002138
0.002135
0.002124
0.002133
0.002137
0.00215
0.002144
0.002152
0.002148
0.002159
0.002141
0.002139
0.002148
0.002124
0.00214
0.002147
0.002158
0.002133
0.002131
0.002115
0.002131
0.002137
0.002126
0.002117
0.002151
0.002142
0.002141
0.002173
0.002138
0.00216
0.001971
0.001822
0.001821
0.001809
0.001815
0.001881
0.001791
0.001777
0.001812
0.001787
0.001796
0.001907
0.001974
0.001856
0.001964
0.00196
0.001991
0.001887
0.001984
0.00198
0.002002
0.001992
0.001994
0.001986
0.001985
0.001998
0.001976
0.001968
0.001963
0.001973
0.001977
0.001969
0.001971
0.00198
0.001947
0.001942
0.001955
0.001968
0.001983
0.001983
0.001975
0.001981
0.001982
0.001913
0.001911
0.001968
0.001988
0.001948
0.001989
0.001992
0.001985
0.001973
0.001969
0.001981
0.002003
0.001968
0.001974
0.001972
0.001993
0.001972
0.00198
0.001966
0.001973
0.001985
0.001982
0.001899
0.001939
0.001968
0.001961
0.001962
0.001927
0.001956
0.001901
0.001971
0.001914
0.001955
0.001949
0.001952
0.001975
0.001988
0.00198
0.00197
0.001972
0.001973
0.00197
0.001986
0.001979
0.001995
0.001989
0.001993
0.001992
0.002015
0.002002
0.001998
0.00199
0.002004
0.001984
0.002
0.001976
0.001975
0.001977
0.001974
0.001985
0.001982
0.001994
0.001995
0.001986
0.001981
0.001973
0.001981
0.001976
0.001985
0.001981
0.001992
0.001984
0.001977
0.00197
0.001954
0.001971
0.001973
0.001972
0.001938
0.001957
0.001946
0.001857
0.001964
0.001959
0.001969
0.001989
0.001968
0.001983
