1
598.0000,490.0000,74.0000,84.0000
598.0000,490.0000,74.0000,84.0000
598.0000,490.0000,74.0000,84.0000
598.0000,490.0000,74.0000,84.0000
598.0000,490.0000,74.0000,84.0000
598.0000,490.0000,74.0000,84.0000
598.0000,490.0000,74.0000,84.0000
598.0000,490.0000,74.0000,84.0000
598.0000,490.0000,74.0000,84.0000
598.0000,490.0000,74.0000,84.0000
598.0000,490.0000,74.0000,84.0000
598.0000,490.0000,74.0000,84.0000
598.0000,490.0000,74.0000,84.0000
594.0000,485.0000,81.0000,92.0000
594.0000,485.0000,81.0000,92.0000
594.0000,485.0000,81.0000,92.0000
594.0000,485.0000,81.0000,92.0000
594.0000,485.0000,81.0000,92.0000
594.0000,485.0000,81.0000,92.0000
594.0000,485.0000,81.0000,92.0000
594.0000,485.0000,81.0000,92.0000
594.0000,485.0000,81.0000,92.0000
594.0000,485.0000,81.0000,92.0000
594.0000,485.0000,81.0000,92.0000
598.0000,506.0000,79.0000,89.0000
598.0000,506.0000,79.0000,89.0000
598.0000,506.0000,79.0000,89.0000
598.0000,506.0000,79.0000,89.0000
598.0000,506.0000,79.0000,89.0000
598.0000,506.0000,79.0000,89.0000
598.0000,506.0000,79.0000,89.0000
602.0000,520.0000,70.0000,79.0000
602.0000,520.0000,70.0000,79.0000
602.0000,520.0000,70.0000,79.0000
602.0000,520.0000,70.0000,79.0000
602.0000,520.0000,70.0000,79.0000
602.0000,520.0000,70.0000,79.0000
602.0000,520.0000,70.0000,79.0000
602.0000,520.0000,70.0000,79.0000
602.0000,520.0000,70.0000,79.0000
602.0000,520.0000,70.0000,79.0000
602.0000,520.0000,70.0000,79.0000
602.0000,520.0000,70.0000,79.0000
602.0000,520.0000,70.0000,79.0000
602.0000,520.0000,70.0000,79.0000
602.0000,520.0000,70.0000,79.0000
602.0000,520.0000,70.0000,79.0000
602.0000,520.0000,70.0000,79.0000
602.0000,520.0000,70.0000,79.0000
602.0000,520.0000,70.0000,79.0000
602.0000,520.0000,70.0000,79.0000
602.0000,520.0000,70.0000,79.0000
602.0000,520.0000,70.0000,79.0000
602.0000,520.0000,70.0000,79.0000
602.0000,520.0000,70.0000,79.0000
618.0000,529.0000,62.0000,70.0000
618.0000,529.0000,62.0000,70.0000
618.0000,529.0000,62.0000,70.0000
618.0000,529.0000,62.0000,70.0000
618.0000,529.0000,62.0000,70.0000
618.0000,529.0000,62.0000,70.0000
618.0000,529.0000,62.0000,70.0000
618.0000,529.0000,62.0000,70.0000
2
0
0
0
0
1
610.0000,572.0000,87.0000,103.0000
610.0000,570.0000,90.0000,106.0000
610.0000,570.0000,90.0000,106.0000
610.0000,570.0000,90.0000,106.0000
610.0000,570.0000,90.0000,106.0000
610.0000,570.0000,90.0000,106.0000
610.0000,570.0000,90.0000,106.0000
610.0000,570.0000,90.0000,106.0000
609.0000,568.0000,92.0000,109.0000
609.0000,568.0000,92.0000,109.0000
609.0000,568.0000,92.0000,109.0000
609.0000,568.0000,92.0000,109.0000
609.0000,568.0000,92.0000,109.0000
609.0000,568.0000,92.0000,109.0000
609.0000,568.0000,92.0000,109.0000
609.0000,568.0000,92.0000,109.0000
0
2
0
0
0
0
1
767.0000,538.0000,80.0000,86.0000
771.0000,536.0000,83.0000,88.0000
771.0000,536.0000,83.0000,88.0000
771.0000,536.0000,83.0000,88.0000
771.0000,536.0000,83.0000,88.0000
771.0000,536.0000,83.0000,88.0000
771.0000,536.0000,83.0000,88.0000
771.0000,536.0000,83.0000,88.0000
776.0000,535.0000,83.0000,88.0000
776.0000,535.0000,83.0000,88.0000
776.0000,535.0000,83.0000,88.0000
776.0000,535.0000,83.0000,88.0000
776.0000,535.0000,83.0000,88.0000
776.0000,535.0000,83.0000,88.0000
776.0000,535.0000,83.0000,88.0000
776.0000,535.0000,83.0000,88.0000
776.0000,535.0000,83.0000,88.0000
776.0000,535.0000,83.0000,88.0000
776.0000,535.0000,83.0000,88.0000
776.0000,535.0000,83.0000,88.0000
776.0000,535.0000,83.0000,88.0000
776.0000,535.0000,83.0000,88.0000
817.0000,542.0000,73.0000,78.0000
817.0000,542.0000,73.0000,78.0000
817.0000,542.0000,73.0000,78.0000
817.0000,542.0000,73.0000,78.0000
817.0000,542.0000,73.0000,78.0000
817.0000,542.0000,73.0000,78.0000
843.0000,538.0000,83.0000,88.0000
843.0000,538.0000,83.0000,88.0000
843.0000,538.0000,83.0000,88.0000
843.0000,538.0000,83.0000,88.0000
843.0000,538.0000,83.0000,88.0000
843.0000,538.0000,83.0000,88.0000
843.0000,538.0000,83.0000,88.0000
843.0000,538.0000,83.0000,88.0000
843.0000,538.0000,83.0000,88.0000
843.0000,538.0000,83.0000,88.0000
843.0000,538.0000,83.0000,88.0000
843.0000,538.0000,83.0000,88.0000
843.0000,538.0000,83.0000,88.0000
2
0
0
0
