1.4852
0.057175
0.05028
0.051391
0.05049
0.05701
0.054789
0.053921
0.05082
0.052764
0.060206
NaN
0.051247
0.049232
0.050159
0.044044
0.051488
0.04874
0.073514
0.063633
0.05377
NaN
0.049906
0.043942
0.048817
0.050482
0.053173
0.042457
0.045474
0.045217
0.042868
0.05312
0.048045
0.052391
0.047215
0.052311
0.071416
0.056072
0.054909
0.056932
NaN
0.055427
0.054126
0.057152
0.061805
0.04821
0.05568
0.050898
0.053562
0.049264
0.056607
0.055681
NaN
0.047807
0.051834
0.047719
0.048739
0.024281
0.018138
0.012213
0.012398
0.012443
0.015633
0.013789
0.017209
0.020955
0.030464
0.050782
0.047776
0.043639
0.047129
0.046662
0.015522
0.02288
0.048343
0.043994
0.046405
0.046644
0.050532
0.048197
0.046586
0.046564
0.045691
0.049934
0.044338
0.049736
0.047327
0.048401
0.046193
0.045401
0.051802
0.043999
0.055008
0.046332
0.048769
0.049771
0.052009
0.05006
0.051827
0.047948
0.046958
0.047194
0.047315
0.045225
0.048764
0.052352
0.05323
0.051654
0.049923
0.024903
0.02374
0.022837
0.024088
0.05007
0.05846
0.052176
0.054674
0.055622
0.050546
0.052213
0.053443
NaN
0.054707
0.0502
0.048695
0.047704
0.047907
0.051898
0.047918
0.053339
0.046702
0.047994
0.045274
0.046949
0.046315
0.023512
0.048492
NaN
NaN
NaN
NaN
1.4549
0.054059
0.053463
0.050314
0.050033
0.050079
0.045863
0.049067
0.052525
0.055161
0.049212
0.052205
0.048744
0.056246
0.045819
0.047045
0.045186
0.04271
0.050358
0.046085
0.049024
0.048698
0.048527
0.051326
0.04779
0.049606
0.047072
0.048935
0.050903
0.052051
0.052642
0.04987
0.046697
0.049821
0.046959
0.048219
0.045705
0.049454
0.049167
0.04926
0.049154
0.049753
0.047623
0.049814
0.052994
NaN
0.054583
0.057366
0.053457
0.055175
0.054588
0.052255
0.051204
0.050018
0.046506
0.053366
0.049789
0.051628
0.048295
0.052788
0.051781
0.052768
0.050187
0.0492
0.050735
0.051021
0.055105
0.050376
NaN
0.052545
0.053489
0.050987
0.051019
0.049288
0.052097
0.051678
0.051223
0.050541
0.054428
0.056308
0.055051
0.050924
0.023652
0.024238
0.023846
0.023039
0.057873
0.053398
0.056294
0.052741
NaN
0.054463
0.0504
0.05056
0.053268
0.050926
0.023752
0.02148
0.02206
0.041772
0.045664
0.043492
0.022655
0.04437
0.058138
0.032589
0.045787
0.046004
0.050536
0.047248
0.048278
0.046105
0.047845
0.047555
0.04939
0.048778
0.050851
0.048551
0.022339
0.020484
0.045904
0.041184
0.043055
0.021874
0.021813
0.045106
0.020903
0.042013
0.043015
0.039105
0.043904
0.047295
0.048249
0.045625
0.050703
0.047282
0.04931
0.053297
0.052235
0.053189
NaN
NaN
NaN
NaN
1.528
0.061025
0.05663
0.049422
0.053174
0.058388
0.047461
0.050501
0.059259
0.052616
0.066528
NaN
0.062233
0.051602
0.054493
0.051596
0.049524
0.045166
0.049147
0.049915
0.046196
0.051461
0.048874
0.053053
0.052976
0.055106
0.054649
NaN
0.051557
0.052079
0.049144
0.050325
0.048664
0.051354
0.051586
NaN
NaN
NaN
NaN
1.4581
0.063188
0.060459
0.052761
0.060244
0.054131
0.052063
0.057896
NaN
0.056627
0.054307
0.057003
0.055394
0.054663
0.052911
0.055967
0.051813
0.053671
0.051375
0.054644
NaN
0.055812
0.041958
0.056728
0.055041
0.05437
0.050619
0.05541
0.054756
0.052619
0.049469
0.06278
0.048501
0.054652
NaN
0.054709
0.053471
0.056916
0.053012
0.056564
0.051163
