0.0053322,0.0052,0.0052755,0,0,0,0,0,0,0,0,0,0,0,0
0.012702,0.012211,0.012295,0,0,0,0,0,0,0,0,0,0,0,0
0.010971,0.010856,0.010912,0,0,0,0,0,0,0,0,0,0,0,0
0.011208,0.011393,0.011222,0,0,0,0,0,0,0,0,0,0,0,0
0.012646,0.012328,0.012343,0,0,0,0,0,0,0,0,0,0,0,0
0.012881,0.010804,0.010905,0,0,0,0,0,0,0,0,0,0,0,0
0.010917,0.010721,0.010669,0,0,0,0,0,0,0,0,0,0,0,0
0.010854,0.0108,0.010863,0,0,0,0,0,0,0,0,0,0,0,0
0.010795,0.0107,0.010814,0,0,0,0,0,0,0,0,0,0,0,0
0.010759,0.011001,0.01082,0,0,0,0,0,0,0,0,0,0,0,0
0.01116,0.010914,0.010983,0,0,0,0,0,0,0,0,0,0,0,0
0.012488,0.010864,0.010773,0,0,0,0,0,0,0,0,0,0,0,0
0.011946,0.010765,0.010777,0,0,0,0,0,0,0,0,0,0,0,0
0.012535,0.012478,0.012463,0,0,0,0,0,0,0,0,0,0,0,0
0.011006,0.012519,0.010833,0,0,0,0,0,0,0,0,0,0,0,0
0.012281,0.012597,0.012264,0,0,0,0,0,0,0,0,0,0,0,0
0.0091851,0.0090915,0.0092771,0,0,0,0,0,0,0,0,0,0,0,0
0.0092077,0.0092788,0.0091351,0,0,0,0,0,0,0,0,0,0,0,0
0.012345,0.01226,0.013421,0,0,0,0,0,0,0,0,0,0,0,0
0.01117,0.010815,0.014944,0,0,0,0,0,0,0,0,0,0,0,0
0.010961,0.010921,0.010965,0,0,0,0,0,0,0,0,0,0,0,0
0.014891,0.014952,0.0123,0,0,0,0,0,0,0,0,0,0,0,0
0.013981,0.014124,0.014117,0,0,0,0,0,0,0,0,0,0,0,0
0.010792,0.010647,0.010881,0,0,0,0,0,0,0,0,0,0,0,0
0.0092003,0.0093342,0.0094385,0,0,0,0,0,0,0,0,0,0,0,0
0.012434,0.012249,0.012302,0,0,0,0,0,0,0,0,0,0,0,0
0.012549,0.012486,0.012405,0,0,0,0,0,0,0,0,0,0,0,0
0.010731,0.010746,0.010782,0,0,0,0,0,0,0,0,0,0,0,0
0.012343,0.012366,0.012406,0,0,0,0,0,0,0,0,0,0,0,0
0.01112,0.010704,0.010834,0,0,0,0,0,0,0,0,0,0,0,0
0.010937,0.010804,0.010706,0,0,0,0,0,0,0,0,0,0,0,0
0.014041,0.014106,0.013966,0,0,0,0,0,0,0,0,0,0,0,0
0.012611,0.01242,0.012467,0,0,0,0,0,0,0,0,0,0,0,0
0.012409,0.012328,0.012601,0,0,0,0,0,0,0,0,0,0,0,0
0.010765,0.010931,0.010934,0,0,0,0,0,0,0,0,0,0,0,0
0.010995,0.010765,0.010981,0,0,0,0,0,0,0,0,0,0,0,0
0.012478,0.012367,0.012484,0,0,0,0,0,0,0,0,0,0,0,0
0.012594,0.012433,0.012353,0,0,0,0,0,0,0,0,0,0,0,0
0.012714,0.012174,0.012478,0,0,0,0,0,0,0,0,0,0,0,0
0.0095965,0.009271,0.0094397,0,0,0,0,0,0,0,0,0,0,0,0
0.011746,0.010893,0.010961,0,0,0,0,0,0,0,0,0,0,0,0
0.011369,0.012235,0.010905,0,0,0,0,0,0,0,0,0,0,0,0
0.012689,0.014984,0.012495,0,0,0,0,0,0,0,0,0,0,0,0
0.010914,0.011134,0.010845,0,0,0,0,0,0,0,0,0,0,0,0
0.010776,0.010847,0.010838,0,0,0,0,0,0,0,0,0,0,0,0
0.012426,0.012358,0.012351,0,0,0,0,0,0,0,0,0,0,0,0
0.010923,0.010856,0.010932,0,0,0,0,0,0,0,0,0,0,0,0
0.011024,0.010801,0.010886,0,0,0,0,0,0,0,0,0,0,0,0
0.010993,0.010968,0.010792,0,0,0,0,0,0,0,0,0,0,0,0
0.010922,0.010788,0.011039,0,0,0,0,0,0,0,0,0,0,0,0
0.015708,0.012721,0.012337,0,0,0,0,0,0,0,0,0,0,0,0
0.012702,0.015129,0.012486,0,0,0,0,0,0,0,0,0,0,0,0
0.015709,0.015497,0.01571,0,0,0,0,0,0,0,0,0,0,0,0
0.012779,0.012568,0.01255,0,0,0,0,0,0,0,0,0,0,0,0
0.012577,0.012462,0.01255,0,0,0,0,0,0,0,0,0,0,0,0
0.012755,0.012548,0.012557,0,0,0,0,0,0,0,0,0,0,0,0
0.012466,0.013044,0.013371,0,0,0,0,0,0,0,0,0,0,0,0
0.01241,0.012475,0.012494,0,0,0,0,0,0,0,0,0,0,0,0
0.012332,0.014767,0.012426,0,0,0,0,0,0,0,0,0,0,0,0
0.010847,0.011008,0.011015,0,0,0,0,0,0,0,0,0,0,0,0
0.011016,0.010997,0.010852,0,0,0,0,0,0,0,0,0,0,0,0
0.014636,0.012398,0.01507,0,0,0,0,0,0,0,0,0,0,0,0
0.012568,0.015021,0.012414,0,0,0,0,0,0,0,0,0,0,0,0
0.010821,0.010767,0.010996,0,0,0,0,0,0,0,0,0,0,0,0
0.012351,0.012449,0.012507,0,0,0,0,0,0,0,0,0,0,0,0
0.012363,0.012374,0.012405,0,0,0,0,0,0,0,0,0,0,0,0
0.012412,0.012294,0.012718,0,0,0,0,0,0,0,0,0,0,0,0
0.012366,0.015205,0.012395,0,0,0,0,0,0,0,0,0,0,0,0
0.01242,0.014893,0.01244,0,0,0,0,0,0,0,0,0,0,0,0
0.012353,0.01251,0.012295,0,0,0,0,0,0,0,0,0,0,0,0
0.013982,0.016964,0.013998,0,0,0,0,0,0,0,0,0,0,0,0
0.0092283,0.0094475,0.011491,0,0,0,0,0,0,0,0,0,0,0,0
0.015563,0.019734,0.015722,0,0,0,0,0,0,0,0,0,0,0,0
0.014234,0.014347,0.014008,0,0,0,0,0,0,0,0,0,0,0,0
0.015961,0.015727,0.015774,0,0,0,0,0,0,0,0,0,0,0,0
0.015761,0.015781,0.015918,0,0,0,0,0,0,0,0,0,0,0,0
0.014172,0.016592,0.014262,0,0,0,0,0,0,0,0,0,0,0,0
0.03162,0.024418,0.024712,0,0,0,0,0,0,0,0,0,0,0,0
0.02649,0.03103,0.027647,0,0,0,0,0,0,0,0,0,0,0,0
0.03243,0.028294,0.03681,0,0,0,0,0,0,0,0,0,0,0,0
0.02846,0.038083,0.028124,0,0,0,0,0,0,0,0,0,0,0,0
0.013171,0.01296,0.012965,0,0,0,0,0,0,0,0,0,0,0,0
0.046656,0.051437,0.04637,0,0,0,0,0,0,0,0,0,0,0,0
0.029336,0.023901,0.023712,0,0,0,0,0,0,0,0,0,0,0,0
0.02555,0.025694,0.025812,0,0,0,0,0,0,0,0,0,0,0,0
0.022441,0.022168,0.022259,0,0,0,0,0,0,0,0,0,0,0,0
0.022687,0.022455,0.02243,0,0,0,0,0,0,0,0,0,0,0,0
0.022307,0.022559,0.022591,0,0,0,0,0,0,0,0,0,0,0,0
0.02084,0.020903,0.021056,0,0,0,0,0,0,0,0,0,0,0,0
0.029018,0.029086,0.028971,0,0,0,0,0,0,0,0,0,0,0,0
0.027185,0.036704,0.027061,0,0,0,0,0,0,0,0,0,0,0,0
0.035725,0.03603,0.035765,0,0,0,0,0,0,0,0,0,0,0,0
0.015531,0.015278,0.015166,0,0,0,0,0,0,0,0,0,0,0,0
0.013583,0.013383,0.013567,0,0,0,0,0,0,0,0,0,0,0,0
0.013567,0.015945,0.013429,0,0,0,0,0,0,0,0,0,0,0,0
0.019438,0.019393,0.024055,0,0,0,0,0,0,0,0,0,0,0,0
0.016863,0.015741,0.01565,0,0,0,0,0,0,0,0,0,0,0,0
0.017711,0.018194,0.017723,0,0,0,0,0,0,0,0,0,0,0,0
0.025514,0.025644,0.02555,0,0,0,0,0,0,0,0,0,0,0,0
0.021957,0.021955,0.022076,0,0,0,0,0,0,0,0,0,0,0,0
0.018117,0.023351,0.018354,0,0,0,0,0,0,0,0,0,0,0,0
0.012195,0.012475,0.012369,0,0,0,0,0,0,0,0,0,0,0,0
0.010187,0.010284,0.010143,0,0,0,0,0,0,0,0,0,0,0,0
0.010223,0.010137,0.01032,0,0,0,0,0,0,0,0,0,0,0,0
0.0123,0.012352,0.012314,0,0,0,0,0,0,0,0,0,0,0,0
0.014333,0.014478,0.014494,0,0,0,0,0,0,0,0,0,0,0,0
0.021772,0.018763,0.018664,0,0,0,0,0,0,0,0,0,0,0,0
0.010527,0.010469,0.010287,0,0,0,0,0,0,0,0,0,0,0,0
0.010537,0.010324,0.010086,0,0,0,0,0,0,0,0,0,0,0,0
0.010217,0.011334,0.010237,0,0,0,0,0,0,0,0,0,0,0,0
0.012364,0.012502,0.014386,0,0,0,0,0,0,0,0,0,0,0,0
0.01011,0.010223,0.011492,0,0,0,0,0,0,0,0,0,0,0,0
0.016476,0.017542,0.016409,0,0,0,0,0,0,0,0,0,0,0,0
0.010466,0.010209,0.010112,0,0,0,0,0,0,0,0,0,0,0,0
0.016798,0.016446,0.016708,0,0,0,0,0,0,0,0,0,0,0,0
0.014554,0.017857,0.014414,0,0,0,0,0,0,0,0,0,0,0,0
0.01447,0.01456,0.014558,0,0,0,0,0,0,0,0,0,0,0,0
0.016808,0.016664,0.016661,0,0,0,0,0,0,0,0,0,0,0,0
0.019187,0.019015,0.019289,0,0,0,0,0,0,0,0,0,0,0,0
0.023967,0.023681,0.024002,0,0,0,0,0,0,0,0,0,0,0,0
0.028838,0.028667,0.028852,0,0,0,0,0,0,0,0,0,0,0,0
0.019739,0.019697,0.020683,0,0,0,0,0,0,0,0,0,0,0,0
0.017614,0.018255,0.017452,0,0,0,0,0,0,0,0,0,0,0,0
0.018271,0.017598,0.018931,0,0,0,0,0,0,0,0,0,0,0,0
0.014737,0.015388,0.014918,0,0,0,0,0,0,0,0,0,0,0,0
0.016901,0.016571,0.016713,0,0,0,0,0,0,0,0,0,0,0,0
0.023097,0.02289,0.024033,0,0,0,0,0,0,0,0,0,0,0,0
0.020558,0.026644,0.020517,0,0,0,0,0,0,0,0,0,0,0,0
0.019855,0.020154,0.020017,0,0,0,0,0,0,0,0,0,0,0,0
0.013883,0.013755,0.014028,0,0,0,0,0,0,0,0,0,0,0,0
0.019811,0.013582,0.013676,0,0,0,0,0,0,0,0,0,0,0,0
0.015643,0.015596,0.015657,0,0,0,0,0,0,0,0,0,0,0,0
0.013789,0.013556,0.013868,0,0,0,0,0,0,0,0,0,0,0,0
0.013888,0.0138,0.01523,0,0,0,0,0,0,0,0,0,0,0,0
0.013733,0.014133,0.013879,0,0,0,0,0,0,0,0,0,0,0,0
0.01817,0.01832,0.018259,0,0,0,0,0,0,0,0,0,0,0,0
0.013992,0.014005,0.013965,0,0,0,0,0,0,0,0,0,0,0,0
0.012111,0.013703,0.012001,0,0,0,0,0,0,0,0,0,0,0,0
0.016173,0.016167,0.016182,0,0,0,0,0,0,0,0,0,0,0,0
0.016554,0.016214,0.016332,0,0,0,0,0,0,0,0,0,0,0,0
0.016171,0.016325,0.016325,0,0,0,0,0,0,0,0,0,0,0,0
0.0095378,0.011703,0.010113,0,0,0,0,0,0,0,0,0,0,0,0
0.009725,0.0097012,0.0094528,0,0,0,0,0,0,0,0,0,0,0,0
0.0098786,0.0096384,0.0099061,0,0,0,0,0,0,0,0,0,0,0,0
0.012007,0.011933,0.012037,0,0,0,0,0,0,0,0,0,0,0,0
0.01626,0.01644,0.016489,0,0,0,0,0,0,0,0,0,0,0,0
0.014254,0.014565,0.014497,0,0,0,0,0,0,0,0,0,0,0,0
0.014404,0.014186,0.014635,0,0,0,0,0,0,0,0,0,0,0,0
0.018035,0.014248,0.014601,0,0,0,0,0,0,0,0,0,0,0,0
0.012355,0.012132,0.012127,0,0,0,0,0,0,0,0,0,0,0,0
0.014705,0.014553,0.014303,0,0,0,0,0,0,0,0,0,0,0,0
0.01479,0.01847,0.014723,0,0,0,0,0,0,0,0,0,0,0,0
0.014756,0.015128,0.014958,0,0,0,0,0,0,0,0,0,0,0,0
0.015467,0.015098,0.015024,0,0,0,0,0,0,0,0,0,0,0,0
0.019676,0.017256,0.017028,0,0,0,0,0,0,0,0,0,0,0,0
0.020091,0.020409,0.019951,0,0,0,0,0,0,0,0,0,0,0,0
0.028806,0.027066,0.027631,0,0,0,0,0,0,0,0,0,0,0,0
0.01262,0.012478,0.012869,0,0,0,0,0,0,0,0,0,0,0,0
0.048776,0.048703,0.053431,0,0,0,0,0,0,0,0,0,0,0,0
0.026814,0.027556,0.027128,0,0,0,0,0,0,0,0,0,0,0,0
0.012641,0.012868,0.012547,0,0,0,0,0,0,0,0,0,0,0,0
0.012548,0.012717,0.012666,0,0,0,0,0,0,0,0,0,0,0,0
0.01267,0.012718,0.012903,0,0,0,0,0,0,0,0,0,0,0,0
0.012468,0.012507,0.013167,0,0,0,0,0,0,0,0,0,0,0,0
0.015266,0.015182,0.015262,0,0,0,0,0,0,0,0,0,0,0,0
0.012672,0.012772,0.012563,0,0,0,0,0,0,0,0,0,0,0,0
0.010242,0.010008,0.010499,0,0,0,0,0,0,0,0,0,0,0,0
0.013283,0.01285,0.012977,0,0,0,0,0,0,0,0,0,0,0,0
0.010044,0.010078,0.011622,0,0,0,0,0,0,0,0,0,0,0,0
0.015331,0.015218,0.01631,0,0,0,0,0,0,0,0,0,0,0,0
0.0154,0.014904,0.015258,0,0,0,0,0,0,0,0,0,0,0,0
0.012432,0.015829,0.015359,0,0,0,0,0,0,0,0,0,0,0,0
0.012841,0.013125,0.012762,0,0,0,0,0,0,0,0,0,0,0,0
0.0098162,0.010098,0.010209,0,0,0,0,0,0,0,0,0,0,0,0
0.012949,0.012829,0.0125,0,0,0,0,0,0,0,0,0,0,0,0
0.0128,0.012496,0.01562,0,0,0,0,0,0,0,0,0,0,0,0
0.012922,0.012756,0.012716,0,0,0,0,0,0,0,0,0,0,0,0
0.015372,0.017458,0.015504,0,0,0,0,0,0,0,0,0,0,0,0
0.015319,0.015109,0.018211,0,0,0,0,0,0,0,0,0,0,0,0
0.018249,0.018401,0.017694,0,0,0,0,0,0,0,0,0,0,0,0
0.026492,0.025883,0.026461,0,0,0,0,0,0,0,0,0,0,0,0
0.028015,0.027899,0.020594,0,0,0,0,0,0,0,0,0,0,0,0
0.018459,0.018221,0.018157,0,0,0,0,0,0,0,0,0,0,0,0
0.020926,0.026851,0.020882,0,0,0,0,0,0,0,0,0,0,0,0
0.023285,0.023258,0.023576,0,0,0,0,0,0,0,0,0,0,0,0
0.015618,0.015353,0.015845,0,0,0,0,0,0,0,0,0,0,0,0
0.015774,0.015584,0.015717,0,0,0,0,0,0,0,0,0,0,0,0
0.013105,0.012614,0.012972,0,0,0,0,0,0,0,0,0,0,0,0
0.015389,0.01574,0.015593,0,0,0,0,0,0,0,0,0,0,0,0
0.017962,0.018363,0.023065,0,0,0,0,0,0,0,0,0,0,0,0
0.017871,0.017984,0.020727,0,0,0,0,0,0,0,0,0,0,0,0
0.018209,0.018073,0.017771,0,0,0,0,0,0,0,0,0,0,0,0
0.013306,0.012698,0.015939,0,0,0,0,0,0,0,0,0,0,0,0
0.015431,0.015347,0.015435,0,0,0,0,0,0,0,0,0,0,0,0
0.010026,0.010115,0.010274,0,0,0,0,0,0,0,0,0,0,0,0
0.034302,0.034112,0.034521,0,0,0,0,0,0,0,0,0,0,0,0
0.015111,0.014612,0.01468,0,0,0,0,0,0,0,0,0,0,0,0
0.014562,0.014824,0.014732,0,0,0,0,0,0,0,0,0,0,0,0
0.01421,0.014427,0.014248,0,0,0,0,0,0,0,0,0,0,0,0
0.014248,0.014443,0.014592,0,0,0,0,0,0,0,0,0,0,0,0
0.016588,0.016897,0.016366,0,0,0,0,0,0,0,0,0,0,0,0
0.030138,0.029444,0.029319,0,0,0,0,0,0,0,0,0,0,0,0
0.0098162,0.010105,0.0098067,0,0,0,0,0,0,0,0,0,0,0,0
0.016288,0.016493,0.01598,0,0,0,0,0,0,0,0,0,0,0,0
0.016063,0.020282,0.016005,0,0,0,0,0,0,0,0,0,0,0,0
0.024185,0.023922,0.024051,0,0,0,0,0,0,0,0,0,0,0,0
0.011897,0.011722,0.01157,0,0,0,0,0,0,0,0,0,0,0,0
0.013936,0.013608,0.013766,0,0,0,0,0,0,0,0,0,0,0,0
0.015572,0.015181,0.018427,0,0,0,0,0,0,0,0,0,0,0,0
0.013637,0.01358,0.013341,0,0,0,0,0,0,0,0,0,0,0,0
0.015528,0.015212,0.015497,0,0,0,0,0,0,0,0,0,0,0,0
0.011063,0.009406,0.0094331,0,0,0,0,0,0,0,0,0,0,0,0
0.013564,0.013237,0.013358,0,0,0,0,0,0,0,0,0,0,0,0
0.015183,0.014728,0.019619,0,0,0,0,0,0,0,0,0,0,0,0
0.027035,0.025667,0.029753,0,0,0,0,0,0,0,0,0,0,0,0
0.022581,0.021866,0.021862,0,0,0,0,0,0,0,0,0,0,0,0
0.011454,0.010842,0.010894,0,0,0,0,0,0,0,0,0,0,0,0
0.012609,0.012578,0.012832,0,0,0,0,0,0,0,0,0,0,0,0
0.010941,0.010785,0.011033,0,0,0,0,0,0,0,0,0,0,0,0
0.014416,0.013982,0.014168,0,0,0,0,0,0,0,0,0,0,0,0
0.014152,0.013986,0.013865,0,0,0,0,0,0,0,0,0,0,0,0
0.012384,0.016634,0.012132,0,0,0,0,0,0,0,0,0,0,0,0
0.0088522,0.0089955,0.009149,0,0,0,0,0,0,0,0,0,0,0,0
0.01576,0.015371,0.015651,0,0,0,0,0,0,0,0,0,0,0,0
0.010774,0.010526,0.010622,0,0,0,0,0,0,0,0,0,0,0,0
0.012395,0.0103,0.010542,0,0,0,0,0,0,0,0,0,0,0,0
0.012429,0.011859,0.012072,0,0,0,0,0,0,0,0,0,0,0,0
0.010213,0.010159,0.010065,0,0,0,0,0,0,0,0,0,0,0,0
0.011931,0.011624,0.012001,0,0,0,0,0,0,0,0,0,0,0,0
0.010331,0.01017,0.010514,0,0,0,0,0,0,0,0,0,0,0,0
0.010319,0.010306,0.01012,0,0,0,0,0,0,0,0,0,0,0,0
0.010283,0.010414,0.010365,0,0,0,0,0,0,0,0,0,0,0,0
0.011675,0.01181,0.012842,0,0,0,0,0,0,0,0,0,0,0,0
0.01446,0.011774,0.01196,0,0,0,0,0,0,0,0,0,0,0,0
0.0088506,0.010124,0.0089733,0,0,0,0,0,0,0,0,0,0,0,0
0.0088066,0.0096417,0.0086551,0,0,0,0,0,0,0,0,0,0,0,0
0.01179,0.011696,0.011919,0,0,0,0,0,0,0,0,0,0,0,0
0.010758,0.010189,0.0102,0,0,0,0,0,0,0,0,0,0,0,0
0.013654,0.013762,0.013309,0,0,0,0,0,0,0,0,0,0,0,0
0.010088,0.01048,0.010047,0,0,0,0,0,0,0,0,0,0,0,0
0.036984,0.045263,0.037292,0,0,0,0,0,0,0,0,0,0,0,0
0.041764,0.038136,0.038118,0,0,0,0,0,0,0,0,0,0,0,0
0.024735,0.024677,0.031469,0,0,0,0,0,0,0,0,0,0,0,0
0.034293,0.034051,0.033615,0,0,0,0,0,0,0,0,0,0,0,0
0.021579,0.021596,0.020995,0,0,0,0,0,0,0,0,0,0,0,0
0.024737,0.023337,0.023367,0,0,0,0,0,0,0,0,0,0,0,0
0.038413,0.050207,0.038391,0,0,0,0,0,0,0,0,0,0,0,0
0.02467,0.027761,0.021503,0,0,0,0,0,0,0,0,0,0,0,0
0.0090431,0.0087684,0.0088317,0,0,0,0,0,0,0,0,0,0,0,0
0.024791,0.019918,0.023111,0,0,0,0,0,0,0,0,0,0,0,0
0.026944,0.024197,0.024064,0,0,0,0,0,0,0,0,0,0,0,0
0.046861,0.040823,0.041236,0,0,0,0,0,0,0,0,0,0,0,0
0.03899,0.038566,0.038602,0,0,0,0,0,0,0,0,0,0,0,0
0.034594,0.034483,0.03451,0,0,0,0,0,0,0,0,0,0,0,0
0.032637,0.032158,0.032297,0,0,0,0,0,0,0,0,0,0,0,0
0.046378,0.046963,0.046341,0,0,0,0,0,0,0,0,0,0,0,0
0.028793,0.028609,0.028678,0,0,0,0,0,0,0,0,0,0,0,0
0.026618,0.026617,0.026991,0,0,0,0,0,0,0,0,0,0,0,0
0.024891,0.024999,0.024523,0,0,0,0,0,0,0,0,0,0,0,0
0.034428,0.034077,0.043511,0,0,0,0,0,0,0,0,0,0,0,0
0.011236,0.010784,0.010978,0,0,0,0,0,0,0,0,0,0,0,0
0.041902,0.036695,0.036209,0,0,0,0,0,0,0,0,0,0,0,0
0.014859,0.017712,0.014789,0,0,0,0,0,0,0,0,0,0,0,0
0.041768,0.040648,0.045615,0,0,0,0,0,0,0,0,0,0,0,0
0.032883,0.03351,0.0331,0,0,0,0,0,0,0,0,0,0,0,0
0.028619,0.028258,0.03982,0,0,0,0,0,0,0,0,0,0,0,0
0.013055,0.012978,0.013124,0,0,0,0,0,0,0,0,0,0,0,0
0.013298,0.012964,0.013176,0,0,0,0,0,0,0,0,0,0,0,0
0.017568,0.014972,0.014939,0,0,0,0,0,0,0,0,0,0,0,0
0.013133,0.011056,0.011024,0,0,0,0,0,0,0,0,0,0,0,0
0.013444,0.013337,0.013125,0,0,0,0,0,0,0,0,0,0,0,0
0.013516,0.01482,0.013227,0,0,0,0,0,0,0,0,0,0,0,0
0.015163,0.01588,0.015221,0,0,0,0,0,0,0,0,0,0,0,0
0.017031,0.017065,0.016752,0,0,0,0,0,0,0,0,0,0,0,0
0.0094803,0.0092824,0.0094799,0,0,0,0,0,0,0,0,0,0,0,0
0.015522,0.016054,0.01518,0,0,0,0,0,0,0,0,0,0,0,0
0.015298,0.015216,0.015459,0,0,0,0,0,0,0,0,0,0,0,0
0.01536,0.015113,0.015553,0,0,0,0,0,0,0,0,0,0,0,0
0.017071,0.017147,0.01722,0,0,0,0,0,0,0,0,0,0,0,0
0.0094668,0.009475,0.010951,0,0,0,0,0,0,0,0,0,0,0,0
0.019314,0.019345,0.019241,0,0,0,0,0,0,0,0,0,0,0,0
0.022339,0.019242,0.019437,0,0,0,0,0,0,0,0,0,0,0,0
0.024258,0.023806,0.023668,0,0,0,0,0,0,0,0,0,0,0,0
0.011465,0.011443,0.011703,0,0,0,0,0,0,0,0,0,0,0,0
0.017964,0.017629,0.017704,0,0,0,0,0,0,0,0,0,0,0,0
0.013918,0.013585,0.013592,0,0,0,0,0,0,0,0,0,0,0,0
0.091318,0.086184,0.087051,0,0,0,0,0,0,0,0,0,0,0,0
0.059328,0.058206,0.058568,0,0,0,0,0,0,0,0,0,0,0,0
0.025579,0.024687,0.024909,0,0,0,0,0,0,0,0,0,0,0,0
0.023264,0.02722,0.022664,0,0,0,0,0,0,0,0,0,0,0,0
0.030819,0.026714,0.02703,0,0,0,0,0,0,0,0,0,0,0,0
0.017928,0.017947,0.018945,0,0,0,0,0,0,0,0,0,0,0,0
0.022423,0.022048,0.021758,0,0,0,0,0,0,0,0,0,0,0,0
0.031231,0.031228,0.030679,0,0,0,0,0,0,0,0,0,0,0,0
0.015893,0.015717,0.019748,0,0,0,0,0,0,0,0,0,0,0,0
0.015942,0.01956,0.016102,0,0,0,0,0,0,0,0,0,0,0,0
0.015903,0.015494,0.015792,0,0,0,0,0,0,0,0,0,0,0,0
0.013643,0.013433,0.01411,0,0,0,0,0,0,0,0,0,0,0,0
0.013485,0.016122,0.013606,0,0,0,0,0,0,0,0,0,0,0,0
0.013661,0.013536,0.013561,0,0,0,0,0,0,0,0,0,0,0,0
0.011718,0.011415,0.011509,0,0,0,0,0,0,0,0,0,0,0,0
0.013802,0.013326,0.013566,0,0,0,0,0,0,0,0,0,0,0,0
0.01534,0.015245,0.01525,0,0,0,0,0,0,0,0,0,0,0,0
0.013187,0.013413,0.012965,0,0,0,0,0,0,0,0,0,0,0,0
0.015382,0.015194,0.015127,0,0,0,0,0,0,0,0,0,0,0,0
0.015398,0.015091,0.01545,0,0,0,0,0,0,0,0,0,0,0,0
0.015188,0.015079,0.014973,0,0,0,0,0,0,0,0,0,0,0,0
0.018879,0.01497,0.015008,0,0,0,0,0,0,0,0,0,0,0,0
0.01514,0.015138,0.015063,0,0,0,0,0,0,0,0,0,0,0,0
0.015101,0.014905,0.01495,0,0,0,0,0,0,0,0,0,0,0,0
0.017555,0.015033,0.014944,0,0,0,0,0,0,0,0,0,0,0,0
0.013205,0.014225,0.013013,0,0,0,0,0,0,0,0,0,0,0,0
0.015222,0.015059,0.017554,0,0,0,0,0,0,0,0,0,0,0,0
0.013199,0.013103,0.013073,0,0,0,0,0,0,0,0,0,0,0,0
0.013537,0.013169,0.013193,0,0,0,0,0,0,0,0,0,0,0,0
0.014836,0.016317,0.013048,0,0,0,0,0,0,0,0,0,0,0,0
0.013149,0.013346,0.013119,0,0,0,0,0,0,0,0,0,0,0,0
0.011147,0.011081,0.01112,0,0,0,0,0,0,0,0,0,0,0,0
0.013193,0.013332,0.014503,0,0,0,0,0,0,0,0,0,0,0,0
0.015474,0.015648,0.019016,0,0,0,0,0,0,0,0,0,0,0,0
0.01248,0.011342,0.010916,0,0,0,0,0,0,0,0,0,0,0,0
0.0094216,0.0092627,0.0095165,0,0,0,0,0,0,0,0,0,0,0,0
0.014334,0.012864,0.013314,0,0,0,0,0,0,0,0,0,0,0,0
0.01714,0.017055,0.017252,0,0,0,0,0,0,0,0,0,0,0,0
0.012798,0.010875,0.011015,0,0,0,0,0,0,0,0,0,0,0,0
0.013011,0.013181,0.01589,0,0,0,0,0,0,0,0,0,0,0,0
