18.489
0.54246
0.4084
0.33862
0.37172
0.32309
1.3068
0.28657
0.30271
0.4081
0.35776
0.41386
1.1771
0.27207
0.38116
0.40122
0.32798
0.27832
1.2064
0.31777
0.39493
0.43459
0.35692
0.34313
1.3385
0.3715
0.66878
0.37974
0.37865
0.34403
1.2521
0.56949
0.5857
0.64004
0.34928
0.44595
2.0104
0.37299
0.5788
0.98519
0.39986
0.50677
1.5578
0.40843
0.43314
0.55353
0.83164
0.48967
1.5826
0.69206
0.56542
0.46699
0.57808
0.70422
1.6779
0.80044
0.51016
0.81415
0.6205
0.48576
1.8483
1.0846
0.7126
0.69498
1.0064
1.1623
1.915
1.3168
0.80634
0.71667
1.263
0.91509
1.9559
0.69827
0.95046
0.73693
1.3859
0.67777
1.3583
0.52249
0.46262
2.0283
0.68754
0.7468
1.6112
0.6104
1.1032
0.65699
1.3185
0.90125
1.6676
0.60475
0.69675
0.61484
0.54418
0.60826
1.6076
1.3533
0.90549
1.5
0.79763
0.89534
1.7835
0.66912
0.87815
0.85706
0.664
0.71586
2.0346
0.78943
1.7057
0.74837
0.68589
0.74284
1.8382
0.98667
0.84413
1.1212
0.69468
1.263
1.8492
1.2035
0.86309
0.60997
0.60632
0.59132
2.1126
0.75168
1.1865
0.97826
1.0376
1.1833
1.5334
0.55844
0.50979
0.48883
0.59645
0.62929
1.7458
0.7766
0.7446
0.52143
0.69002
0.76638
1.6191
0.45486
0.7478
0.75665
0.78436
0.75902
1.9222
1.389
1.2815
0.83778
1.5437
0.66463
1.833
0.73679
0.85849
0.91084
1.0559
0.91166
2.3186
0.94813
1.2321
0.82111
0.68621
0.92861
1.6832
1.0137
0.99721
0.73061
0.87379
1.4264
1.7808
1.1981
1.0139
1.1574
1.4338
1.0979
2.1527
1.0762
0.90991
1.3095
0.58341
1.6795
1.7805
0.46681
0.5275
1.3545
1.0197
0.58785
1.7109
1.1941
0.65561
0.47627
0.72754
0.50539
1.2393
0.83276
0.60196
0.54136
0.96677
0.71698
1.3923
1.1248
1.2213
1.0978
0.87472
0.79395
1.8546
0.75947
0.51109
0.93953
0.89894
0.65219
1.8172
0.99728
1.0845
1.1024
0.66295
0.74756
1.9306
0.91701
0.79117
0.47545
1.1504
0.78632
1.8031
0.60119
0.703
0.84489
1.114
0.82834
1.6816
0.90569
1.022
0.85488
0.70416
0.88056
1.9764
0.95413
1.0116
0.64952
0.77172
0.80529
1.642
1.2212
1.2805
0.75039
1.138
0.99633
2.3348
1.1744
0.64983
0.7466
1.1547
0.88518
1.9004
0.52974
0.44975
0.53152
0.44936
0.4564
1.6905
0.44737
0.44049
0.43158
0.46272
0.48804
1.0885
0.48761
0.39533
0.40293
0.46659
0.50293
1.1691
0.39956
0.40865
0.62356
0.49449
0.44391
1.2497
0.42673
0.4246
0.41211
0.41941
0.57636
1.2744
0.61722
0.48071
0.43343
0.64267
0.50265
1.3187
0.82138
0.48218
0.59405
0.94602
0.92386
2.0715
0.57823
0.9179
1.0131
1.2765
1.0293
2.1068
0.80631
0.92756
0.91567
1.2058
0.86627
1.444
0.473
0.65369
0.62261
0.92683
0.54321
1.1305
0.55942
0.71038
0.6392
0.50561
0.55078
1.2912
0.49002
0.48264
0.45354
0.44071
0.55508
1.3384
0.48651
0.49891
0.49122
0.46313
0.653
1.3167
0.44453
0.58914
0.5305
0.43758
0.46211
1.5352
0.73788
0.48077
0.54156
0.5702
0.45297
1.8678
1.0609
0.94733
0.58492
0.53857
0.43395
1.3745
0.42954
0.43037
0.49074
0.47814
0.39539
1.2999
0.42638
0.4528
0.4736
0.47338
