0.017047,0,0,0,0,0,0,0,0,0,0,0,0,0,0
0.023694,0,0,0,0,0,0,0,0,0,0,0,0,0,0
0.023054,0,0,0,0,0,0,0,0,0,0,0,0,0,0
0.024061,0,0,0,0,0,0,0,0,0,0,0,0,0,0
0.024932,0,0,0,0,0,0,0,0,0,0,0,0,0,0
0.023827,0,0,0,0,0,0,0,0,0,0,0,0,0,0
0.023232,0,0,0,0,0,0,0,0,0,0,0,0,0,0
0.02434,0,0,0,0,0,0,0,0,0,0,0,0,0,0
0.023382,0,0,0,0,0,0,0,0,0,0,0,0,0,0
0.025107,0,0,0,0,0,0,0,0,0,0,0,0,0,0
0.024181,0,0,0,0,0,0,0,0,0,0,0,0,0,0
0.024434,0,0,0,0,0,0,0,0,0,0,0,0,0,0
0.02347,0,0,0,0,0,0,0,0,0,0,0,0,0,0
0.0249,0,0,0,0,0,0,0,0,0,0,0,0,0,0
0.023697,0,0,0,0,0,0,0,0,0,0,0,0,0,0
0.024443,0,0,0,0,0,0,0,0,0,0,0,0,0,0
0.024655,0,0,0,0,0,0,0,0,0,0,0,0,0,0
0.024678,0,0,0,0,0,0,0,0,0,0,0,0,0,0
0.023335,0,0,0,0,0,0,0,0,0,0,0,0,0,0
0.023095,0,0,0,0,0,0,0,0,0,0,0,0,0,0
0.022666,0,0,0,0,0,0,0,0,0,0,0,0,0,0
0.024127,0,0,0,0,0,0,0,0,0,0,0,0,0,0
0.024344,0,0,0,0,0,0,0,0,0,0,0,0,0,0
0.024435,0,0,0,0,0,0,0,0,0,0,0,0,0,0
0.024224,0,0,0,0,0,0,0,0,0,0,0,0,0,0
0.024021,0,0,0,0,0,0,0,0,0,0,0,0,0,0
0.02425,0,0,0,0,0,0,0,0,0,0,0,0,0,0
0.024103,0,0,0,0,0,0,0,0,0,0,0,0,0,0
0.023464,0,0,0,0,0,0,0,0,0,0,0,0,0,0
0.024333,0,0,0,0,0,0,0,0,0,0,0,0,0,0
0.024041,0,0,0,0,0,0,0,0,0,0,0,0,0,0
0.023575,0,0,0,0,0,0,0,0,0,0,0,0,0,0
0.021668,0,0,0,0,0,0,0,0,0,0,0,0,0,0
0.022115,0,0,0,0,0,0,0,0,0,0,0,0,0,0
0.021687,0,0,0,0,0,0,0,0,0,0,0,0,0,0
0.021612,0,0,0,0,0,0,0,0,0,0,0,0,0,0
0.021487,0,0,0,0,0,0,0,0,0,0,0,0,0,0
0.021818,0,0,0,0,0,0,0,0,0,0,0,0,0,0
0.021394,0,0,0,0,0,0,0,0,0,0,0,0,0,0
0.022566,0,0,0,0,0,0,0,0,0,0,0,0,0,0
0.022362,0,0,0,0,0,0,0,0,0,0,0,0,0,0
0.022216,0,0,0,0,0,0,0,0,0,0,0,0,0,0
0.022256,0,0,0,0,0,0,0,0,0,0,0,0,0,0
0.022146,0,0,0,0,0,0,0,0,0,0,0,0,0,0
0.022589,0,0,0,0,0,0,0,0,0,0,0,0,0,0
0.022745,0,0,0,0,0,0,0,0,0,0,0,0,0,0
0.022162,0,0,0,0,0,0,0,0,0,0,0,0,0,0
0.022849,0,0,0,0,0,0,0,0,0,0,0,0,0,0
0.021864,0,0,0,0,0,0,0,0,0,0,0,0,0,0
0.022405,0,0,0,0,0,0,0,0,0,0,0,0,0,0
0.022274,0,0,0,0,0,0,0,0,0,0,0,0,0,0
0.022271,0,0,0,0,0,0,0,0,0,0,0,0,0,0
0.02164,0,0,0,0,0,0,0,0,0,0,0,0,0,0
0.021912,0,0,0,0,0,0,0,0,0,0,0,0,0,0
0.021386,0,0,0,0,0,0,0,0,0,0,0,0,0,0
0.021856,0,0,0,0,0,0,0,0,0,0,0,0,0,0
0.021223,0,0,0,0,0,0,0,0,0,0,0,0,0,0
0.021465,0,0,0,0,0,0,0,0,0,0,0,0,0,0
0.02221,0,0,0,0,0,0,0,0,0,0,0,0,0,0
0.022321,0,0,0,0,0,0,0,0,0,0,0,0,0,0
0.021915,0,0,0,0,0,0,0,0,0,0,0,0,0,0
0.021816,0,0,0,0,0,0,0,0,0,0,0,0,0,0
0.021733,0,0,0,0,0,0,0,0,0,0,0,0,0,0
0.021341,0,0,0,0,0,0,0,0,0,0,0,0,0,0
0.021552,0,0,0,0,0,0,0,0,0,0,0,0,0,0
0.021491,0,0,0,0,0,0,0,0,0,0,0,0,0,0
0.020961,0,0,0,0,0,0,0,0,0,0,0,0,0,0
0.022174,0,0,0,0,0,0,0,0,0,0,0,0,0,0
0.021672,0,0,0,0,0,0,0,0,0,0,0,0,0,0
0.022245,0,0,0,0,0,0,0,0,0,0,0,0,0,0
0.021533,0,0,0,0,0,0,0,0,0,0,0,0,0,0
0.022866,0,0,0,0,0,0,0,0,0,0,0,0,0,0
0.021535,0,0,0,0,0,0,0,0,0,0,0,0,0,0
0.022699,0,0,0,0,0,0,0,0,0,0,0,0,0,0
0.021429,0,0,0,0,0,0,0,0,0,0,0,0,0,0
0.022418,0,0,0,0,0,0,0,0,0,0,0,0,0,0
0.021485,0,0,0,0,0,0,0,0,0,0,0,0,0,0
0.022278,0,0,0,0,0,0,0,0,0,0,0,0,0,0
0.02202,0,0,0,0,0,0,0,0,0,0,0,0,0,0
0.022091,0,0,0,0,0,0,0,0,0,0,0,0,0,0
0.022183,0,0,0,0,0,0,0,0,0,0,0,0,0,0
0.022143,0,0,0,0,0,0,0,0,0,0,0,0,0,0
0.021153,0,0,0,0,0,0,0,0,0,0,0,0,0,0
0.022312,0,0,0,0,0,0,0,0,0,0,0,0,0,0
0.024093,0,0,0,0,0,0,0,0,0,0,0,0,0,0
0.024273,0,0,0,0,0,0,0,0,0,0,0,0,0,0
0.022359,0,0,0,0,0,0,0,0,0,0,0,0,0,0
0.02336,0,0,0,0,0,0,0,0,0,0,0,0,0,0
0.022955,0,0,0,0,0,0,0,0,0,0,0,0,0,0
0.022479,0,0,0,0,0,0,0,0,0,0,0,0,0,0
0.022413,0,0,0,0,0,0,0,0,0,0,0,0,0,0
0.022832,0,0,0,0,0,0,0,0,0,0,0,0,0,0
0.022136,0,0,0,0,0,0,0,0,0,0,0,0,0,0
0.022818,0,0,0,0,0,0,0,0,0,0,0,0,0,0
0.022061,0,0,0,0,0,0,0,0,0,0,0,0,0,0
0.023086,0,0,0,0,0,0,0,0,0,0,0,0,0,0
0.022232,0,0,0,0,0,0,0,0,0,0,0,0,0,0
0.022504,0,0,0,0,0,0,0,0,0,0,0,0,0,0
0.022776,0,0,0,0,0,0,0,0,0,0,0,0,0,0
0.021902,0,0,0,0,0,0,0,0,0,0,0,0,0,0
0.021082,0,0,0,0,0,0,0,0,0,0,0,0,0,0
0.023293,0,0,0,0,0,0,0,0,0,0,0,0,0,0
0.023068,0,0,0,0,0,0,0,0,0,0,0,0,0,0
0.02341,0,0,0,0,0,0,0,0,0,0,0,0,0,0
0.02206,0,0,0,0,0,0,0,0,0,0,0,0,0,0
0.022838,0,0,0,0,0,0,0,0,0,0,0,0,0,0
0.021591,0,0,0,0,0,0,0,0,0,0,0,0,0,0
0.022029,0,0,0,0,0,0,0,0,0,0,0,0,0,0
0.021973,0,0,0,0,0,0,0,0,0,0,0,0,0,0
0.022347,0,0,0,0,0,0,0,0,0,0,0,0,0,0
0.021725,0,0,0,0,0,0,0,0,0,0,0,0,0,0
0.022586,0,0,0,0,0,0,0,0,0,0,0,0,0,0
0.021807,0,0,0,0,0,0,0,0,0,0,0,0,0,0
0.023251,0,0,0,0,0,0,0,0,0,0,0,0,0,0
0.021505,0,0,0,0,0,0,0,0,0,0,0,0,0,0
0.022216,0,0,0,0,0,0,0,0,0,0,0,0,0,0
0.022288,0,0,0,0,0,0,0,0,0,0,0,0,0,0
0.022291,0,0,0,0,0,0,0,0,0,0,0,0,0,0
0.021793,0,0,0,0,0,0,0,0,0,0,0,0,0,0
0.023205,0,0,0,0,0,0,0,0,0,0,0,0,0,0
0.021281,0,0,0,0,0,0,0,0,0,0,0,0,0,0
0.024031,0,0,0,0,0,0,0,0,0,0,0,0,0,0
0.025095,0,0,0,0,0,0,0,0,0,0,0,0,0,0
0.023721,0,0,0,0,0,0,0,0,0,0,0,0,0,0
0.021523,0,0,0,0,0,0,0,0,0,0,0,0,0,0
0.022092,0,0,0,0,0,0,0,0,0,0,0,0,0,0
0.021072,0,0,0,0,0,0,0,0,0,0,0,0,0,0
0.02169,0,0,0,0,0,0,0,0,0,0,0,0,0,0
0.021671,0,0,0,0,0,0,0,0,0,0,0,0,0,0
0.021915,0,0,0,0,0,0,0,0,0,0,0,0,0,0
0.0212,0,0,0,0,0,0,0,0,0,0,0,0,0,0
0.022454,0,0,0,0,0,0,0,0,0,0,0,0,0,0
0.02119,0,0,0,0,0,0,0,0,0,0,0,0,0,0
0.02161,0,0,0,0,0,0,0,0,0,0,0,0,0,0
0.021167,0,0,0,0,0,0,0,0,0,0,0,0,0,0
0.021527,0,0,0,0,0,0,0,0,0,0,0,0,0,0
0.021089,0,0,0,0,0,0,0,0,0,0,0,0,0,0
0.021294,0,0,0,0,0,0,0,0,0,0,0,0,0,0
0.021254,0,0,0,0,0,0,0,0,0,0,0,0,0,0
0.021935,0,0,0,0,0,0,0,0,0,0,0,0,0,0
0.020867,0,0,0,0,0,0,0,0,0,0,0,0,0,0
0.00847,0,0,0,0,0,0,0,0,0,0,0,0,0,0
0.021604,0,0,0,0,0,0,0,0,0,0,0,0,0,0
0.021576,0,0,0,0,0,0,0,0,0,0,0,0,0,0
0.022611,0,0,0,0,0,0,0,0,0,0,0,0,0,0
0.023606,0,0,0,0,0,0,0,0,0,0,0,0,0,0
0.022128,0,0,0,0,0,0,0,0,0,0,0,0,0,0
0.022508,0,0,0,0,0,0,0,0,0,0,0,0,0,0
0.021247,0,0,0,0,0,0,0,0,0,0,0,0,0,0
0.021737,0,0,0,0,0,0,0,0,0,0,0,0,0,0
0.021549,0,0,0,0,0,0,0,0,0,0,0,0,0,0
0.021719,0,0,0,0,0,0,0,0,0,0,0,0,0,0
0.021302,0,0,0,0,0,0,0,0,0,0,0,0,0,0
0.021607,0,0,0,0,0,0,0,0,0,0,0,0,0,0
0.021253,0,0,0,0,0,0,0,0,0,0,0,0,0,0
0.021774,0,0,0,0,0,0,0,0,0,0,0,0,0,0
0.02118,0,0,0,0,0,0,0,0,0,0,0,0,0,0
0.021647,0,0,0,0,0,0,0,0,0,0,0,0,0,0
0.021072,0,0,0,0,0,0,0,0,0,0,0,0,0,0
0.021836,0,0,0,0,0,0,0,0,0,0,0,0,0,0
0.020992,0,0,0,0,0,0,0,0,0,0,0,0,0,0
0.02195,0,0,0,0,0,0,0,0,0,0,0,0,0,0
0.021448,0,0,0,0,0,0,0,0,0,0,0,0,0,0
0.02204,0,0,0,0,0,0,0,0,0,0,0,0,0,0
0.020878,0,0,0,0,0,0,0,0,0,0,0,0,0,0
0.021625,0,0,0,0,0,0,0,0,0,0,0,0,0,0
0.021111,0,0,0,0,0,0,0,0,0,0,0,0,0,0
0.022473,0,0,0,0,0,0,0,0,0,0,0,0,0,0
0.022086,0,0,0,0,0,0,0,0,0,0,0,0,0,0
0.022577,0,0,0,0,0,0,0,0,0,0,0,0,0,0
0.021246,0,0,0,0,0,0,0,0,0,0,0,0,0,0
0.021876,0,0,0,0,0,0,0,0,0,0,0,0,0,0
0.02116,0,0,0,0,0,0,0,0,0,0,0,0,0,0
0.021592,0,0,0,0,0,0,0,0,0,0,0,0,0,0
0.022532,0,0,0,0,0,0,0,0,0,0,0,0,0,0
0.022355,0,0,0,0,0,0,0,0,0,0,0,0,0,0
0.021196,0,0,0,0,0,0,0,0,0,0,0,0,0,0
0.022636,0,0,0,0,0,0,0,0,0,0,0,0,0,0
0.021309,0,0,0,0,0,0,0,0,0,0,0,0,0,0
0.022351,0,0,0,0,0,0,0,0,0,0,0,0,0,0
0.02176,0,0,0,0,0,0,0,0,0,0,0,0,0,0
0.022273,0,0,0,0,0,0,0,0,0,0,0,0,0,0
0.02134,0,0,0,0,0,0,0,0,0,0,0,0,0,0
0.022152,0,0,0,0,0,0,0,0,0,0,0,0,0,0
0.021739,0,0,0,0,0,0,0,0,0,0,0,0,0,0
0.022606,0,0,0,0,0,0,0,0,0,0,0,0,0,0
0.021749,0,0,0,0,0,0,0,0,0,0,0,0,0,0
0.022028,0,0,0,0,0,0,0,0,0,0,0,0,0,0
0.022558,0,0,0,0,0,0,0,0,0,0,0,0,0,0
0.025721,0,0,0,0,0,0,0,0,0,0,0,0,0,0
0.021888,0,0,0,0,0,0,0,0,0,0,0,0,0,0
0.021975,0,0,0,0,0,0,0,0,0,0,0,0,0,0
0.0214,0,0,0,0,0,0,0,0,0,0,0,0,0,0
0.022064,0,0,0,0,0,0,0,0,0,0,0,0,0,0
0.021671,0,0,0,0,0,0,0,0,0,0,0,0,0,0
0.021959,0,0,0,0,0,0,0,0,0,0,0,0,0,0
0.021384,0,0,0,0,0,0,0,0,0,0,0,0,0,0
0.02184,0,0,0,0,0,0,0,0,0,0,0,0,0,0
0.021488,0,0,0,0,0,0,0,0,0,0,0,0,0,0
0.022652,0,0,0,0,0,0,0,0,0,0,0,0,0,0
0.022058,0,0,0,0,0,0,0,0,0,0,0,0,0,0
0.021935,0,0,0,0,0,0,0,0,0,0,0,0,0,0
0.02113,0,0,0,0,0,0,0,0,0,0,0,0,0,0
0.021769,0,0,0,0,0,0,0,0,0,0,0,0,0,0
0.021216,0,0,0,0,0,0,0,0,0,0,0,0,0,0
0.021608,0,0,0,0,0,0,0,0,0,0,0,0,0,0
0.021059,0,0,0,0,0,0,0,0,0,0,0,0,0,0
0.021704,0,0,0,0,0,0,0,0,0,0,0,0,0,0
0.021123,0,0,0,0,0,0,0,0,0,0,0,0,0,0
0.021736,0,0,0,0,0,0,0,0,0,0,0,0,0,0
0.021013,0,0,0,0,0,0,0,0,0,0,0,0,0,0
0.021684,0,0,0,0,0,0,0,0,0,0,0,0,0,0
0.021257,0,0,0,0,0,0,0,0,0,0,0,0,0,0
0.022261,0,0,0,0,0,0,0,0,0,0,0,0,0,0
0.021865,0,0,0,0,0,0,0,0,0,0,0,0,0,0
0.022518,0,0,0,0,0,0,0,0,0,0,0,0,0,0
0.022211,0,0,0,0,0,0,0,0,0,0,0,0,0,0
0.022651,0,0,0,0,0,0,0,0,0,0,0,0,0,0
0.021699,0,0,0,0,0,0,0,0,0,0,0,0,0,0
0.022463,0,0,0,0,0,0,0,0,0,0,0,0,0,0
0.021876,0,0,0,0,0,0,0,0,0,0,0,0,0,0
0.022497,0,0,0,0,0,0,0,0,0,0,0,0,0,0
0.021992,0,0,0,0,0,0,0,0,0,0,0,0,0,0
0.022318,0,0,0,0,0,0,0,0,0,0,0,0,0,0
0.021353,0,0,0,0,0,0,0,0,0,0,0,0,0,0
0.022103,0,0,0,0,0,0,0,0,0,0,0,0,0,0
0.021724,0,0,0,0,0,0,0,0,0,0,0,0,0,0
0.022037,0,0,0,0,0,0,0,0,0,0,0,0,0,0
0.021432,0,0,0,0,0,0,0,0,0,0,0,0,0,0
0.02173,0,0,0,0,0,0,0,0,0,0,0,0,0,0
0.020936,0,0,0,0,0,0,0,0,0,0,0,0,0,0
0.0218,0,0,0,0,0,0,0,0,0,0,0,0,0,0
0.023375,0,0,0,0,0,0,0,0,0,0,0,0,0,0
0.023801,0,0,0,0,0,0,0,0,0,0,0,0,0,0
0.022027,0,0,0,0,0,0,0,0,0,0,0,0,0,0
0.022619,0,0,0,0,0,0,0,0,0,0,0,0,0,0
0.021823,0,0,0,0,0,0,0,0,0,0,0,0,0,0
0.023353,0,0,0,0,0,0,0,0,0,0,0,0,0,0
0.025336,0,0,0,0,0,0,0,0,0,0,0,0,0,0
0.023805,0,0,0,0,0,0,0,0,0,0,0,0,0,0
0.021792,0,0,0,0,0,0,0,0,0,0,0,0,0,0
0.021639,0,0,0,0,0,0,0,0,0,0,0,0,0,0
0.021359,0,0,0,0,0,0,0,0,0,0,0,0,0,0
0.022116,0,0,0,0,0,0,0,0,0,0,0,0,0,0
0.021143,0,0,0,0,0,0,0,0,0,0,0,0,0,0
0.021676,0,0,0,0,0,0,0,0,0,0,0,0,0,0
0.021323,0,0,0,0,0,0,0,0,0,0,0,0,0,0
0.021821,0,0,0,0,0,0,0,0,0,0,0,0,0,0
0.021808,0,0,0,0,0,0,0,0,0,0,0,0,0,0
0.02191,0,0,0,0,0,0,0,0,0,0,0,0,0,0
0.02149,0,0,0,0,0,0,0,0,0,0,0,0,0,0
0.021978,0,0,0,0,0,0,0,0,0,0,0,0,0,0
0.023211,0,0,0,0,0,0,0,0,0,0,0,0,0,0
0.022263,0,0,0,0,0,0,0,0,0,0,0,0,0,0
0.022381,0,0,0,0,0,0,0,0,0,0,0,0,0,0
0.02188,0,0,0,0,0,0,0,0,0,0,0,0,0,0
0.022591,0,0,0,0,0,0,0,0,0,0,0,0,0,0
0.023614,0,0,0,0,0,0,0,0,0,0,0,0,0,0
0.021742,0,0,0,0,0,0,0,0,0,0,0,0,0,0
0.023442,0,0,0,0,0,0,0,0,0,0,0,0,0,0
0.022807,0,0,0,0,0,0,0,0,0,0,0,0,0,0
0.022873,0,0,0,0,0,0,0,0,0,0,0,0,0,0
0.023124,0,0,0,0,0,0,0,0,0,0,0,0,0,0
0.022386,0,0,0,0,0,0,0,0,0,0,0,0,0,0
0.021614,0,0,0,0,0,0,0,0,0,0,0,0,0,0
0.022579,0,0,0,0,0,0,0,0,0,0,0,0,0,0
0.021932,0,0,0,0,0,0,0,0,0,0,0,0,0,0
0.022076,0,0,0,0,0,0,0,0,0,0,0,0,0,0
0.021359,0,0,0,0,0,0,0,0,0,0,0,0,0,0
0.022449,0,0,0,0,0,0,0,0,0,0,0,0,0,0
0.021662,0,0,0,0,0,0,0,0,0,0,0,0,0,0
0.022229,0,0,0,0,0,0,0,0,0,0,0,0,0,0
0.022146,0,0,0,0,0,0,0,0,0,0,0,0,0,0
0.022457,0,0,0,0,0,0,0,0,0,0,0,0,0,0
0.021807,0,0,0,0,0,0,0,0,0,0,0,0,0,0
0.02488,0,0,0,0,0,0,0,0,0,0,0,0,0,0
0.024402,0,0,0,0,0,0,0,0,0,0,0,0,0,0
0.022911,0,0,0,0,0,0,0,0,0,0,0,0,0,0
0.023854,0,0,0,0,0,0,0,0,0,0,0,0,0,0
0.02232,0,0,0,0,0,0,0,0,0,0,0,0,0,0
0.021866,0,0,0,0,0,0,0,0,0,0,0,0,0,0
0.022549,0,0,0,0,0,0,0,0,0,0,0,0,0,0
0.021471,0,0,0,0,0,0,0,0,0,0,0,0,0,0
0.021916,0,0,0,0,0,0,0,0,0,0,0,0,0,0
0.021259,0,0,0,0,0,0,0,0,0,0,0,0,0,0
0.021894,0,0,0,0,0,0,0,0,0,0,0,0,0,0
0.022025,0,0,0,0,0,0,0,0,0,0,0,0,0,0
0.022077,0,0,0,0,0,0,0,0,0,0,0,0,0,0
0.022773,0,0,0,0,0,0,0,0,0,0,0,0,0,0
0.023758,0,0,0,0,0,0,0,0,0,0,0,0,0,0
0.021828,0,0,0,0,0,0,0,0,0,0,0,0,0,0
0.022538,0,0,0,0,0,0,0,0,0,0,0,0,0,0
0.021137,0,0,0,0,0,0,0,0,0,0,0,0,0,0
0.022687,0,0,0,0,0,0,0,0,0,0,0,0,0,0
0.021181,0,0,0,0,0,0,0,0,0,0,0,0,0,0
0.022864,0,0,0,0,0,0,0,0,0,0,0,0,0,0
0.021348,0,0,0,0,0,0,0,0,0,0,0,0,0,0
0.021976,0,0,0,0,0,0,0,0,0,0,0,0,0,0
0.021867,0,0,0,0,0,0,0,0,0,0,0,0,0,0
0.022369,0,0,0,0,0,0,0,0,0,0,0,0,0,0
0.023079,0,0,0,0,0,0,0,0,0,0,0,0,0,0
0.023225,0,0,0,0,0,0,0,0,0,0,0,0,0,0
0.022465,0,0,0,0,0,0,0,0,0,0,0,0,0,0
0.022777,0,0,0,0,0,0,0,0,0,0,0,0,0,0
0.025281,0,0,0,0,0,0,0,0,0,0,0,0,0,0
0.0245,0,0,0,0,0,0,0,0,0,0,0,0,0,0
0.022839,0,0,0,0,0,0,0,0,0,0,0,0,0,0
0.023586,0,0,0,0,0,0,0,0,0,0,0,0,0,0
0.023197,0,0,0,0,0,0,0,0,0,0,0,0,0,0
0.023587,0,0,0,0,0,0,0,0,0,0,0,0,0,0
0.02278,0,0,0,0,0,0,0,0,0,0,0,0,0,0
0.023403,0,0,0,0,0,0,0,0,0,0,0,0,0,0
0.022116,0,0,0,0,0,0,0,0,0,0,0,0,0,0
0.022819,0,0,0,0,0,0,0,0,0,0,0,0,0,0
0.025106,0,0,0,0,0,0,0,0,0,0,0,0,0,0
0.023043,0,0,0,0,0,0,0,0,0,0,0,0,0,0
0.021648,0,0,0,0,0,0,0,0,0,0,0,0,0,0
0.023217,0,0,0,0,0,0,0,0,0,0,0,0,0,0
0.022859,0,0,0,0,0,0,0,0,0,0,0,0,0,0
0.022174,0,0,0,0,0,0,0,0,0,0,0,0,0,0
0.02209,0,0,0,0,0,0,0,0,0,0,0,0,0,0
0.022272,0,0,0,0,0,0,0,0,0,0,0,0,0,0
0.021426,0,0,0,0,0,0,0,0,0,0,0,0,0,0
0.021854,0,0,0,0,0,0,0,0,0,0,0,0,0,0
0.021422,0,0,0,0,0,0,0,0,0,0,0,0,0,0
0.022038,0,0,0,0,0,0,0,0,0,0,0,0,0,0
0.021346,0,0,0,0,0,0,0,0,0,0,0,0,0,0
0.022272,0,0,0,0,0,0,0,0,0,0,0,0,0,0
0.022475,0,0,0,0,0,0,0,0,0,0,0,0,0,0
0.022819,0,0,0,0,0,0,0,0,0,0,0,0,0,0
0.021631,0,0,0,0,0,0,0,0,0,0,0,0,0,0
0.022078,0,0,0,0,0,0,0,0,0,0,0,0,0,0
0.02143,0,0,0,0,0,0,0,0,0,0,0,0,0,0
0.022067,0,0,0,0,0,0,0,0,0,0,0,0,0,0
0.021343,0,0,0,0,0,0,0,0,0,0,0,0,0,0
0.021727,0,0,0,0,0,0,0,0,0,0,0,0,0,0
0.021163,0,0,0,0,0,0,0,0,0,0,0,0,0,0
0.021936,0,0,0,0,0,0,0,0,0,0,0,0,0,0
0.021059,0,0,0,0,0,0,0,0,0,0,0,0,0,0
0.021585,0,0,0,0,0,0,0,0,0,0,0,0,0,0
0.02113,0,0,0,0,0,0,0,0,0,0,0,0,0,0
