239.75,242.96,234.41,0,0,0,0,0,0,0,0,0,0,0,0
0.76728,0.76945,0.76329,0,0,0,0,0,0,0,0,0,0,0,0
0.67227,0.67834,0.68284,0,0,0,0,0,0,0,0,0,0,0,0
0.64297,0.64121,0.64533,0,0,0,0,0,0,0,0,0,0,0,0
0.63748,0.6377,0.64404,0,0,0,0,0,0,0,0,0,0,0,0
0.63281,0.63254,0.63781,0,0,0,0,0,0,0,0,0,0,0,0
0.63242,0.63292,0.64493,0,0,0,0,0,0,0,0,0,0,0,0
0.63787,0.6416,0.63206,0,0,0,0,0,0,0,0,0,0,0,0
0.63096,0.65005,0.63952,0,0,0,0,0,0,0,0,0,0,0,0
0.63405,0.63991,0.64009,0,0,0,0,0,0,0,0,0,0,0,0
0.63591,0.63465,0.63456,0,0,0,0,0,0,0,0,0,0,0,0
0.63288,0.63169,0.6318,0,0,0,0,0,0,0,0,0,0,0,0
0.62872,0.6314,0.64121,0,0,0,0,0,0,0,0,0,0,0,0
0.63541,0.63492,0.64231,0,0,0,0,0,0,0,0,0,0,0,0
0.63191,0.63661,0.63841,0,0,0,0,0,0,0,0,0,0,0,0
0.6357,0.63398,0.63459,0,0,0,0,0,0,0,0,0,0,0,0
0.63099,0.63567,0.63544,0,0,0,0,0,0,0,0,0,0,0,0
0.63073,0.63581,0.64823,0,0,0,0,0,0,0,0,0,0,0,0
0.63035,0.63342,0.63501,0,0,0,0,0,0,0,0,0,0,0,0
0.63271,0.63479,0.6437,0,0,0,0,0,0,0,0,0,0,0,0
0.62926,0.63387,0.63809,0,0,0,0,0,0,0,0,0,0,0,0
0.63337,0.63158,0.63489,0,0,0,0,0,0,0,0,0,0,0,0
0.63479,0.6333,0.63349,0,0,0,0,0,0,0,0,0,0,0,0
0.64008,0.63157,0.6354,0,0,0,0,0,0,0,0,0,0,0,0
0.6311,0.62922,0.63001,0,0,0,0,0,0,0,0,0,0,0,0
0.63583,0.63909,0.63543,0,0,0,0,0,0,0,0,0,0,0,0
0.64292,0.63371,0.62944,0,0,0,0,0,0,0,0,0,0,0,0
0.66253,0.63307,0.6335,0,0,0,0,0,0,0,0,0,0,0,0
0.64844,0.63933,0.63365,0,0,0,0,0,0,0,0,0,0,0,0
0.63797,0.63353,0.63653,0,0,0,0,0,0,0,0,0,0,0,0
0.631,0.63152,0.63803,0,0,0,0,0,0,0,0,0,0,0,0
0.63776,0.6357,0.63641,0,0,0,0,0,0,0,0,0,0,0,0
0.63134,0.62861,0.62959,0,0,0,0,0,0,0,0,0,0,0,0
0.63676,0.63909,0.63461,0,0,0,0,0,0,0,0,0,0,0,0
0.64802,0.64841,0.64888,0,0,0,0,0,0,0,0,0,0,0,0
0.63089,0.63314,0.63591,0,0,0,0,0,0,0,0,0,0,0,0
0.63418,0.63257,0.63402,0,0,0,0,0,0,0,0,0,0,0,0
0.64844,0.65073,0.65568,0,0,0,0,0,0,0,0,0,0,0,0
0.63181,0.63338,0.64964,0,0,0,0,0,0,0,0,0,0,0,0
0.63461,0.6303,0.64579,0,0,0,0,0,0,0,0,0,0,0,0
0.63057,0.6444,0.63249,0,0,0,0,0,0,0,0,0,0,0,0
0.63396,0.64173,0.63603,0,0,0,0,0,0,0,0,0,0,0,0
0.62992,0.6326,0.63178,0,0,0,0,0,0,0,0,0,0,0,0
0.63131,0.63166,0.64982,0,0,0,0,0,0,0,0,0,0,0,0
0.63234,0.63072,0.63794,0,0,0,0,0,0,0,0,0,0,0,0
0.62611,0.62895,0.63292,0,0,0,0,0,0,0,0,0,0,0,0
0.63272,0.6286,0.6308,0,0,0,0,0,0,0,0,0,0,0,0
0.63084,0.62859,0.63892,0,0,0,0,0,0,0,0,0,0,0,0
0.6351,0.63447,0.64218,0,0,0,0,0,0,0,0,0,0,0,0
0.63277,0.63306,0.63748,0,0,0,0,0,0,0,0,0,0,0,0
0.64539,0.64881,0.64895,0,0,0,0,0,0,0,0,0,0,0,0
0.63658,0.63781,0.64396,0,0,0,0,0,0,0,0,0,0,0,0
0.63238,0.63046,0.63423,0,0,0,0,0,0,0,0,0,0,0,0
0.63364,0.63127,0.63546,0,0,0,0,0,0,0,0,0,0,0,0
0.63058,0.63332,0.63936,0,0,0,0,0,0,0,0,0,0,0,0
0.63269,0.63069,0.63514,0,0,0,0,0,0,0,0,0,0,0,0
0.63169,0.64629,0.63482,0,0,0,0,0,0,0,0,0,0,0,0
0.62854,0.64304,0.64276,0,0,0,0,0,0,0,0,0,0,0,0
0.62918,0.63864,0.63534,0,0,0,0,0,0,0,0,0,0,0,0
0.63016,0.63921,0.63443,0,0,0,0,0,0,0,0,0,0,0,0
0.63178,0.6333,0.63392,0,0,0,0,0,0,0,0,0,0,0,0
0.63776,0.63181,0.64016,0,0,0,0,0,0,0,0,0,0,0,0
0.63132,0.63431,0.64369,0,0,0,0,0,0,0,0,0,0,0,0
0.63704,0.64459,0.63981,0,0,0,0,0,0,0,0,0,0,0,0
0.6341,0.6388,0.64305,0,0,0,0,0,0,0,0,0,0,0,0
0.63465,0.63216,0.63852,0,0,0,0,0,0,0,0,0,0,0,0
0.63461,0.63201,0.63859,0,0,0,0,0,0,0,0,0,0,0,0
0.63019,0.64482,0.63951,0,0,0,0,0,0,0,0,0,0,0,0
0.63094,0.62932,0.63004,0,0,0,0,0,0,0,0,0,0,0,0
0.68104,0.71474,0.70574,0,0,0,0,0,0,0,0,0,0,0,0
0.63871,0.64743,0.63863,0,0,0,0,0,0,0,0,0,0,0,0
0.63519,0.63455,0.63495,0,0,0,0,0,0,0,0,0,0,0,0
0.63329,0.62976,0.63378,0,0,0,0,0,0,0,0,0,0,0,0
0.63274,0.63337,0.66394,0,0,0,0,0,0,0,0,0,0,0,0
0.63192,0.63032,0.64715,0,0,0,0,0,0,0,0,0,0,0,0
0.63441,0.64178,0.63888,0,0,0,0,0,0,0,0,0,0,0,0
0.63629,0.6285,0.63602,0,0,0,0,0,0,0,0,0,0,0,0
0.63157,0.63382,0.63547,0,0,0,0,0,0,0,0,0,0,0,0
0.63445,0.63284,0.64123,0,0,0,0,0,0,0,0,0,0,0,0
0.63133,0.63853,0.63932,0,0,0,0,0,0,0,0,0,0,0,0
0.63045,0.63346,0.64972,0,0,0,0,0,0,0,0,0,0,0,0
0.63228,0.6334,0.64976,0,0,0,0,0,0,0,0,0,0,0,0
0.62783,0.63058,0.64942,0,0,0,0,0,0,0,0,0,0,0,0
0.63585,0.64501,0.6458,0,0,0,0,0,0,0,0,0,0,0,0
0.6297,0.63414,0.62725,0,0,0,0,0,0,0,0,0,0,0,0
0.63562,0.63071,0.63376,0,0,0,0,0,0,0,0,0,0,0,0
0.63361,0.63189,0.63538,0,0,0,0,0,0,0,0,0,0,0,0
0.63221,0.62829,0.63131,0,0,0,0,0,0,0,0,0,0,0,0
0.62923,0.66596,0.63652,0,0,0,0,0,0,0,0,0,0,0,0
0.638,0.63821,0.63951,0,0,0,0,0,0,0,0,0,0,0,0
0.6434,0.63421,0.6288,0,0,0,0,0,0,0,0,0,0,0,0
0.63624,0.63309,0.63618,0,0,0,0,0,0,0,0,0,0,0,0
0.63572,0.63413,0.63655,0,0,0,0,0,0,0,0,0,0,0,0
0.62751,0.62871,0.63876,0,0,0,0,0,0,0,0,0,0,0,0
0.63673,0.63065,0.63969,0,0,0,0,0,0,0,0,0,0,0,0
0.63487,0.62977,0.63179,0,0,0,0,0,0,0,0,0,0,0,0
0.62975,0.63228,0.63555,0,0,0,0,0,0,0,0,0,0,0,0
0.63183,0.63037,0.64038,0,0,0,0,0,0,0,0,0,0,0,0
0.63195,0.63282,0.63466,0,0,0,0,0,0,0,0,0,0,0,0
0.63428,0.63789,0.64176,0,0,0,0,0,0,0,0,0,0,0,0
0.65195,0.65123,0.66031,0,0,0,0,0,0,0,0,0,0,0,0
0.63453,0.63444,0.63489,0,0,0,0,0,0,0,0,0,0,0,0
0.63666,0.63284,0.6526,0,0,0,0,0,0,0,0,0,0,0,0
0.63476,0.63137,0.63492,0,0,0,0,0,0,0,0,0,0,0,0
0.6296,0.62923,0.64531,0,0,0,0,0,0,0,0,0,0,0,0
0.62984,0.6312,0.64351,0,0,0,0,0,0,0,0,0,0,0,0
0.63417,0.63037,0.63351,0,0,0,0,0,0,0,0,0,0,0,0
0.63055,0.62917,0.63789,0,0,0,0,0,0,0,0,0,0,0,0
0.63017,0.62839,0.63867,0,0,0,0,0,0,0,0,0,0,0,0
0.63546,0.63465,0.63908,0,0,0,0,0,0,0,0,0,0,0,0
0.63784,0.63189,0.63598,0,0,0,0,0,0,0,0,0,0,0,0
0.63505,0.63213,0.63658,0,0,0,0,0,0,0,0,0,0,0,0
0.63214,0.63158,0.64644,0,0,0,0,0,0,0,0,0,0,0,0
0.63026,0.63096,0.64084,0,0,0,0,0,0,0,0,0,0,0,0
0.63427,0.6323,0.6395,0,0,0,0,0,0,0,0,0,0,0,0
0.64116,0.63329,0.65021,0,0,0,0,0,0,0,0,0,0,0,0
0.63293,0.63153,0.63225,0,0,0,0,0,0,0,0,0,0,0,0
0.64621,0.63963,0.64827,0,0,0,0,0,0,0,0,0,0,0,0
0.63595,0.63454,0.63185,0,0,0,0,0,0,0,0,0,0,0,0
0.63827,0.63116,0.63701,0,0,0,0,0,0,0,0,0,0,0,0
0.63795,0.63018,0.6389,0,0,0,0,0,0,0,0,0,0,0,0
0.63017,0.62994,0.63879,0,0,0,0,0,0,0,0,0,0,0,0
0.63886,0.63482,0.63322,0,0,0,0,0,0,0,0,0,0,0,0
0.63315,0.65362,0.63154,0,0,0,0,0,0,0,0,0,0,0,0
0.63867,0.62986,0.63178,0,0,0,0,0,0,0,0,0,0,0,0
0.62683,0.63403,0.63301,0,0,0,0,0,0,0,0,0,0,0,0
0.63943,0.63727,0.65144,0,0,0,0,0,0,0,0,0,0,0,0
0.63111,0.63562,0.63389,0,0,0,0,0,0,0,0,0,0,0,0
0.63008,0.63409,0.6348,0,0,0,0,0,0,0,0,0,0,0,0
0.6325,0.63498,0.63739,0,0,0,0,0,0,0,0,0,0,0,0
0.62861,0.63161,0.63002,0,0,0,0,0,0,0,0,0,0,0,0
0.63201,0.63922,0.63135,0,0,0,0,0,0,0,0,0,0,0,0
0.63307,0.63226,0.63722,0,0,0,0,0,0,0,0,0,0,0,0
0.63737,0.63335,0.63837,0,0,0,0,0,0,0,0,0,0,0,0
0.63271,0.6297,0.63933,0,0,0,0,0,0,0,0,0,0,0,0
0.63324,0.63577,0.64573,0,0,0,0,0,0,0,0,0,0,0,0
0.63267,0.63306,0.62647,0,0,0,0,0,0,0,0,0,0,0,0
0.63434,0.62664,0.63282,0,0,0,0,0,0,0,0,0,0,0,0
0.63783,0.63144,0.63007,0,0,0,0,0,0,0,0,0,0,0,0
0.63077,0.62758,0.6486,0,0,0,0,0,0,0,0,0,0,0,0
0.63209,0.63051,0.63251,0,0,0,0,0,0,0,0,0,0,0,0
0.64298,0.63871,0.64645,0,0,0,0,0,0,0,0,0,0,0,0
0.63292,0.62977,0.63681,0,0,0,0,0,0,0,0,0,0,0,0
0.62942,0.6297,0.6351,0,0,0,0,0,0,0,0,0,0,0,0
0.63265,0.63947,0.63807,0,0,0,0,0,0,0,0,0,0,0,0
0.62907,0.64156,0.6363,0,0,0,0,0,0,0,0,0,0,0,0
0.63033,0.63599,0.64723,0,0,0,0,0,0,0,0,0,0,0,0
0.63343,0.65738,0.64742,0,0,0,0,0,0,0,0,0,0,0,0
0.62833,0.63801,0.6427,0,0,0,0,0,0,0,0,0,0,0,0
0.62939,0.63277,0.63176,0,0,0,0,0,0,0,0,0,0,0,0
0.63405,0.63274,0.64019,0,0,0,0,0,0,0,0,0,0,0,0
0.63566,0.63013,0.64717,0,0,0,0,0,0,0,0,0,0,0,0
0.63167,0.63292,0.64533,0,0,0,0,0,0,0,0,0,0,0,0
0.63703,0.63272,0.63775,0,0,0,0,0,0,0,0,0,0,0,0
0.63663,0.63276,0.64853,0,0,0,0,0,0,0,0,0,0,0,0
0.6351,0.6308,0.65828,0,0,0,0,0,0,0,0,0,0,0,0
0.63386,0.6354,0.65381,0,0,0,0,0,0,0,0,0,0,0,0
0.63422,0.63107,0.64751,0,0,0,0,0,0,0,0,0,0,0,0
0.63555,0.63359,0.6352,0,0,0,0,0,0,0,0,0,0,0,0
0.63085,0.63423,0.63803,0,0,0,0,0,0,0,0,0,0,0,0
0.63864,0.63124,0.63694,0,0,0,0,0,0,0,0,0,0,0,0
0.63499,0.63547,0.6329,0,0,0,0,0,0,0,0,0,0,0,0
0.63705,0.63695,0.63371,0,0,0,0,0,0,0,0,0,0,0,0
0.63377,0.64146,0.63653,0,0,0,0,0,0,0,0,0,0,0,0
0.63217,0.63612,0.64849,0,0,0,0,0,0,0,0,0,0,0,0
0.64444,0.62941,0.643,0,0,0,0,0,0,0,0,0,0,0,0
0.63623,0.6447,0.63797,0,0,0,0,0,0,0,0,0,0,0,0
0.64835,0.6578,0.65795,0,0,0,0,0,0,0,0,0,0,0,0
0.64261,0.64069,0.6605,0,0,0,0,0,0,0,0,0,0,0,0
0.64609,0.63273,0.63219,0,0,0,0,0,0,0,0,0,0,0,0
0.63391,0.63171,0.64675,0,0,0,0,0,0,0,0,0,0,0,0
0.63727,0.63563,0.63781,0,0,0,0,0,0,0,0,0,0,0,0
0.63026,0.63258,0.63978,0,0,0,0,0,0,0,0,0,0,0,0
0.63389,0.63076,0.63838,0,0,0,0,0,0,0,0,0,0,0,0
0.63429,0.63181,0.64016,0,0,0,0,0,0,0,0,0,0,0,0
0.63071,0.63087,0.63346,0,0,0,0,0,0,0,0,0,0,0,0
0.62975,0.63023,0.63058,0,0,0,0,0,0,0,0,0,0,0,0
0.63412,0.63325,0.63816,0,0,0,0,0,0,0,0,0,0,0,0
0.63053,0.63326,0.63894,0,0,0,0,0,0,0,0,0,0,0,0
0.64184,0.63231,0.63521,0,0,0,0,0,0,0,0,0,0,0,0
0.63149,0.63027,0.63659,0,0,0,0,0,0,0,0,0,0,0,0
0.63432,0.63118,0.64152,0,0,0,0,0,0,0,0,0,0,0,0
0.63154,0.63572,0.63684,0,0,0,0,0,0,0,0,0,0,0,0
0.63102,0.63648,0.6347,0,0,0,0,0,0,0,0,0,0,0,0
0.63425,0.62966,0.63756,0,0,0,0,0,0,0,0,0,0,0,0
0.63491,0.63207,0.6445,0,0,0,0,0,0,0,0,0,0,0,0
0.63389,0.63164,0.63406,0,0,0,0,0,0,0,0,0,0,0,0
0.64288,0.62943,0.63784,0,0,0,0,0,0,0,0,0,0,0,0
0.6402,0.63075,0.63576,0,0,0,0,0,0,0,0,0,0,0,0
0.63227,0.63665,0.64687,0,0,0,0,0,0,0,0,0,0,0,0
0.63564,0.63594,0.64533,0,0,0,0,0,0,0,0,0,0,0,0
0.63479,0.63146,0.63551,0,0,0,0,0,0,0,0,0,0,0,0
0.63484,0.63249,0.63895,0,0,0,0,0,0,0,0,0,0,0,0
0.63771,0.63196,0.63432,0,0,0,0,0,0,0,0,0,0,0,0
0.63607,0.64713,0.64104,0,0,0,0,0,0,0,0,0,0,0,0
0.63409,0.64572,0.64841,0,0,0,0,0,0,0,0,0,0,0,0
0.63306,0.64245,0.64696,0,0,0,0,0,0,0,0,0,0,0,0
0.63568,0.63303,0.64209,0,0,0,0,0,0,0,0,0,0,0,0
0.64903,0.64211,0.64932,0,0,0,0,0,0,0,0,0,0,0,0
0.67049,0.65887,0.652,0,0,0,0,0,0,0,0,0,0,0,0
0.68979,0.7013,0.70785,0,0,0,0,0,0,0,0,0,0,0,0
0.66897,0.66574,0.67094,0,0,0,0,0,0,0,0,0,0,0,0
0.64125,0.63793,0.64977,0,0,0,0,0,0,0,0,0,0,0,0
0.63146,0.63241,0.64265,0,0,0,0,0,0,0,0,0,0,0,0
0.63451,0.63489,0.66352,0,0,0,0,0,0,0,0,0,0,0,0
0.63264,0.63711,0.65607,0,0,0,0,0,0,0,0,0,0,0,0
0.63272,0.63227,0.64289,0,0,0,0,0,0,0,0,0,0,0,0
0.63185,0.63609,0.65236,0,0,0,0,0,0,0,0,0,0,0,0
0.63276,0.63565,0.63166,0,0,0,0,0,0,0,0,0,0,0,0
0.63926,0.6309,0.63581,0,0,0,0,0,0,0,0,0,0,0,0
0.63925,0.63398,0.63997,0,0,0,0,0,0,0,0,0,0,0,0
0.64114,0.63729,0.63623,0,0,0,0,0,0,0,0,0,0,0,0
0.6426,0.6365,0.65048,0,0,0,0,0,0,0,0,0,0,0,0
0.64101,0.6357,0.65367,0,0,0,0,0,0,0,0,0,0,0,0
0.63627,0.63307,0.64299,0,0,0,0,0,0,0,0,0,0,0,0
0.64274,0.63361,0.64134,0,0,0,0,0,0,0,0,0,0,0,0
0.63467,0.63314,0.6392,0,0,0,0,0,0,0,0,0,0,0,0
0.64213,0.63425,0.64069,0,0,0,0,0,0,0,0,0,0,0,0
0.63185,0.6353,0.63607,0,0,0,0,0,0,0,0,0,0,0,0
0.63519,0.63083,0.63574,0,0,0,0,0,0,0,0,0,0,0,0
0.6357,0.63507,0.63979,0,0,0,0,0,0,0,0,0,0,0,0
0.6308,0.63137,0.63335,0,0,0,0,0,0,0,0,0,0,0,0
0.64148,0.63388,0.63286,0,0,0,0,0,0,0,0,0,0,0,0
0.63364,0.62957,0.63507,0,0,0,0,0,0,0,0,0,0,0,0
0.63862,0.63567,0.63862,0,0,0,0,0,0,0,0,0,0,0,0
0.63662,0.63808,0.63256,0,0,0,0,0,0,0,0,0,0,0,0
0.63451,0.63618,0.63423,0,0,0,0,0,0,0,0,0,0,0,0
0.63538,0.63893,0.64092,0,0,0,0,0,0,0,0,0,0,0,0
0.63315,0.63384,0.64328,0,0,0,0,0,0,0,0,0,0,0,0
0.63944,0.63457,0.64451,0,0,0,0,0,0,0,0,0,0,0,0
0.6388,0.63656,0.64455,0,0,0,0,0,0,0,0,0,0,0,0
0.63888,0.63427,0.63921,0,0,0,0,0,0,0,0,0,0,0,0
0.63645,0.63431,0.63979,0,0,0,0,0,0,0,0,0,0,0,0
0.64067,0.63983,0.64297,0,0,0,0,0,0,0,0,0,0,0,0
0.63524,0.64036,0.64083,0,0,0,0,0,0,0,0,0,0,0,0
0.63738,0.63852,0.63777,0,0,0,0,0,0,0,0,0,0,0,0
0.63388,0.63536,0.64283,0,0,0,0,0,0,0,0,0,0,0,0
0.63431,0.6348,0.63903,0,0,0,0,0,0,0,0,0,0,0,0
0.63389,0.64243,0.63914,0,0,0,0,0,0,0,0,0,0,0,0
0.63757,0.63976,0.64384,0,0,0,0,0,0,0,0,0,0,0,0
