0.000113
0.00608
0.004693
0.004604
0.004616
0.004533
0.004492
0.004449
0.00437
0.004321
0.004317
0.004227
0.004234
0.004196
0.004201
0.004175
0.004193
0.004166
0.004169
0.004178
0.004175
0.00426
0.004212
0.004232
0.004223
0.004231
0.004241
0.004223
0.004245
0.004232
0.004237
0.004147
0.002431
0.004055
0.004152
0.004173
0.004157
0.004071
0.004112
0.003206
0.003242
0.002618
0.002418
0.003992
0.004108
0.004052
0.004106
0.004042
0.004053
0.002965
0.002945
0.002791
0.002793
0.002599
0.002433
0.002321
0.002313
0.004089
0.004159
0.004181
0.004178
0.004234
0.004232
0.004214
0.004221
0.004225
0.004206
0.004224
0.00423
0.004207
0.004222
0.004125
0.004127
0.004001
0.004066
0.00299
0.002983
0.004282
0.004026
0.004226
0.004141
0.00421
0.004215
0.004204
0.004201
0.004218
0.004198
0.00419
0.004201
0.004094
0.004117
0.003981
0.004022
0.003183
0.003196
0.002464
0.002307
0.003024
0.003
0.002302
0.002303
0.002602
0.002766
0.002589
0.002306
0.003831
0.004208
0.004204
0.00424
0.004207
0.004206
0.0042
0.004221
0.004207
0.004132
0.004158
0.004131
0.002726
0.002945
0.004026
0.004079
0.004144
0.004239
0.004211
0.004195
0.004202
0.004225
0.004227
0.004224
0.004222
0.004245
0.004237
0.004237
0.004266
0.004195
0.004204
0.004278
0.004289
0.004275
0.004251
0.004292
0.004245
0.004257
0.004256
0.004239
0.004259
0.004252
0.004257
0.004243
0.004184
0.004204
0.004233
0.004251
0.004271
0.004269
0.004279
0.00426
0.004257
0.004246
0.004277
0.004241
0.004271
0.004263
0.00425
0.004273
0.004285
0.004272
0.004263
0.004254
0.004254
0.004199
0.004169
0.004238
0.004228
0.00413
0.004143
0.004065
0.004097
0.004093
0.004109
0.004022
0.003015
0.002819
0.002784
0.003183
0.002596
0.002323
0.003035
0.002423
0.002321
0.002633
0.003967
0.004262
0.004245
0.004251
0.00427
0.004265
0.004245
0.004229
0.004238
0.004222
0.004222
0.004215
0.0042
0.004246
0.00424
0.004254
0.004225
0.004229
0.004224
0.004258
0.004237
0.004223
0.004241
0.004228
0.004224
0.004219
0.004253
0.004243
0.004203
0.004207
0.004206
0.004183
0.004145
0.004157
0.004138
0.004118
0.00413
0.004129
0.004128
0.004141
0.004143
0.004133
0.004136
0.004152
0.004141
0.004131
0.004144
0.004133
0.004158
0.004147
0.004165
0.004152
0.00415
0.004173
0.004194
0.004203
0.004252
0.004209
0.004223
0.004199
0.004205
0.004216
0.004235
0.004233
0.004197
0.004237
0.004228
0.004223
0.004225
0.004187
0.004163
0.004153
0.004109
0.004023
0.004054
0.00403
0.002999
0.002802
0.003185
0.002578
0.002301
0.004018
0.004168
0.004135
0.004172
0.004191
0.004174
0.00421
0.004187
0.004212
0.00418
0.004147
0.00409
0.004049
0.004048
0.003998
0.003343
0.002758
0.002574
0.002293
0.003899
0.004244
0.004165
0.004191
0.004145
0.004139
0.004086
0.004011
0.004013
0.002947
0.002792
0.003158
0.002568
0.002298
0.002312
0.003
0.004108
0.004198
0.004159
0.004114
0.004056
0.004028
0.004005
0.003007
0.002769
0.002587
0.002585
0.002308
0.004039
0.004198
0.004164
0.004139
0.004084
0.004037
0.004063
0.004013
0.002925
0.002791
0.002735
0.00258
0.002296
0.002285
0.004038
0.004075
0.004204
0.004219
0.004215
0.004216
0.004194
0.00387
0.002886
0.00292
0.002733
0.002718
0.003112
0.003124
0.002392
0.002389
0.002394
0.002399
0.002406
0.002968
0.004066
0.004212
0.004207
0.004197
0.004221
0.004182
0.00413
0.004174
0.004143
0.004155
0.003973
0.004233
0.004187
0.004183
0.004206
0.004199
0.004189
0.004201
0.004193
0.004187
0.00417
0.004138
0.004225
0.004204
0.002389
0.002412
0.002573
0.003091
0.002916
0.003979
0.004017
0.004088
0.004149
0.004247
0.00423
0.004232
0.004231
0.00424
0.004162
0.004168
0.004226
0.004194
0.004197
0.004166
0.004209
0.00402
0.004069
0.00432
0.00424
0.003986
0.004023
0.004027
0.002962
0.002987
0.003311
0.004202
0.004209
0.004108
0.004048
0.004109
0.004074
0.004055
0.004191
0.004195
0.004239
0.004284
0.00428
0.004272
0.004294
0.004257
0.004237
0.004251
0.004244
0.004252
0.004252
0.004265
0.004278
0.004027
0.004334
0.004257
0.004258
0.004265
0.004243
0.004261
0.00294
0.003344
0.002804
0.002779
0.003193
0.003178
0.002445
0.002433
0.002329
0.002311
0.003887
0.004312
0.004235
0.004246
0.004259
0.004162
0.004012
0.004224
0.004208
0.004042
0.004191
0.00415
0.004175
0.00421
0.002376
0.002409
0.002568
0.002585
0.00379
0.004302
0.004233
0.004237
0.004107
0.004138
0.004159
0.004156
0.004209
0.004214
0.004137
0.004128
0.002719
0.004211
0.004195
0.004149
0.004036
0.003995
0.004009
0.004121
0.003997
0.004036
0.003125
0.002545
0.002281
0.002589
0.002963
0.002395
0.002279
0.003973
0.004162
0.004147
0.004148
0.00417
0.004164
0.004186
0.004198
0.003998
0.004206
0.004115
0.00413
0.004081
0.004031
0.004066
0.004237
0.004166
0.004155
0.004116
0.004105
0.004244
0.004215
0.00424
0.004202
0.004138
0.004064
0.004175
0.004155
0.004261
0.004228
0.004249
0.004255
0.004242
0.004255
0.004231
0.004251
0.004273
0.004253
0.004254
0.004251
0.004242
0.004244
0.004236
0.004252
0.004248
0.004238
0.004238
0.004265
0.004229
0.004271
0.004249
0.004258
0.004227
0.004239
0.004223
0.00243
0.002351
0.002445
0.002456
0.002467
0.002466
0.002464
0.003054
0.003054
0.003053
0.002834
0.00283
0.002826
0.002826
0.002844
0.002842
0.002838
0.002842
0.002832
0.002828
0.002824
0.002824
0.002804
0.002798
0.003218
0.003186
0.002606
0.004124
0.004119
0.004137
0.004199
0.004195
0.004181
0.004148
0.004139
0.004119
0.004014
0.003939
0.003956
0.002927
0.004199
0.002448
0.002556
0.003989
0.004105
0.0041
0.004119
0.004088
0.004081
0.004197
0.004188
0.004159
0.004174
0.004159
0.004166
0.004187
0.004194
0.004162
0.004132
0.004149
0.004073
0.004112
0.004225
0.004219
0.004218
0.004231
0.004206
0.004225
0.004204
0.00424
0.004186
0.00425
0.004191
0.004192
0.004196
0.004195
0.004241
0.00422
0.004182
0.004203
0.004168
0.004164
0.003987
0.004059
0.004081
0.004062
0.004036
0.004035
0.00401
0.00399
0.002957
0.002961
0.003128
0.002954
0.004012
0.004132
0.00413
0.004116
0.004029
0.004094
0.004032
0.004036
0.002979
0.002978
0.003167
0.00319
0.002485
0.002309
0.003804
0.004289
0.004217
0.004241
