0.98686,0.96015,0.97164,0.96334,0.95228,1.0021,1.3268,0.97028,0.97329,1.0364,0.99102,0.97598,0.97893,0.96089,1.0082
2.8853,3.0427,2.8591,2.93,3.1147,2.9279,2.9852,2.9728,2.905,2.8834,2.8774,2.923,2.8649,2.8892,2.9781
0.50042,0.59807,0.48927,0.49132,0.5759,0.51497,0.53375,0.5138,0.52438,0.53158,0.50099,0.49783,0.47678,0.59656,0.5176
0.43286,0.5073,0.47534,0.45332,0.40564,0.46341,0.44242,0.44857,0.42445,0.41053,0.42957,0.42301,0.46167,0.41072,0.43797
0.47998,0.42726,0.42367,0.48349,0.43006,0.42953,0.40686,0.45802,0.42514,0.40443,0.40942,0.41368,0.46134,0.41052,0.4117
0.38651,0.39442,0.39119,0.37538,0.37532,0.43271,0.3833,0.39926,0.40258,0.40187,0.38955,0.38551,0.38187,0.4397,0.38932
0.40332,0.40203,0.43029,0.40796,0.38617,0.42907,0.38788,0.3745,0.39737,0.39246,0.40692,0.39735,0.40839,0.40766,0.37746
0.36909,0.40477,0.38657,0.4348,0.36946,0.40606,0.35468,0.39771,0.40224,0.40639,0.41326,0.41393,0.41685,0.45158,0.39478
0.40515,0.37282,0.37301,0.41267,0.37587,0.42138,0.42442,0.37305,0.37125,0.37922,0.41435,0.4149,0.42479,0.36213,0.36882
0.42083,0.37468,0.34716,0.43343,0.33399,0.42802,0.4398,0.38626,0.35243,0.38891,0.38054,0.39186,0.4591,0.36366,0.36122
0.44565,0.38479,0.37433,0.51267,0.37546,0.41307,0.38458,0.39142,0.37516,0.38119,0.38979,0.39691,0.42642,0.39383,0.38968
0.46152,0.40564,0.39635,0.54838,0.36414,0.4214,0.4087,0.41409,0.41753,0.38899,0.41735,0.43131,0.40479,0.41321,0.38294
0.44048,0.42412,0.39826,0.44772,0.36983,0.39669,0.39985,0.39392,0.39927,0.38358,0.38273,0.38947,0.45028,0.35599,0.39369
0.39893,0.39713,0.34442,0.46062,0.35848,0.42126,0.40442,0.41082,0.37193,0.43228,0.3985,0.40096,0.44152,0.38745,0.39341
0.39853,0.38378,0.4367,0.44302,0.3194,0.39148,0.37901,0.39723,0.41611,0.42242,0.40574,0.41191,0.46642,0.40895,0.4185
0.38423,0.39486,0.36558,0.39678,0.34651,0.3943,0.37634,0.38484,0.38279,0.37588,0.41336,0.40822,0.46145,0.37022,0.38887
0.42599,0.43232,0.36418,0.41907,0.33578,0.38399,0.38871,0.37619,0.38849,0.37912,0.41064,0.40793,0.43766,0.36097,0.40161
0.39755,0.39908,0.36295,0.42446,0.35863,0.37483,0.41749,0.38602,0.37178,0.39271,0.49389,0.44344,0.39553,0.37142,0.44463
0.4208,0.40017,0.34922,0.4093,0.35845,0.38063,0.38308,0.37968,0.37962,0.38933,0.38383,0.37495,0.40305,0.37058,0.46233
0.42318,0.4017,0.36092,0.36605,0.36029,0.40763,0.37794,0.37077,0.39643,0.37121,0.36049,0.35896,0.43626,0.39075,0.48021
0.38354,0.37811,0.34322,0.37605,0.36298,0.38909,0.37683,0.39684,0.40676,0.36838,0.38822,0.40588,0.38074,0.40098,0.4542
0.38811,0.42134,0.35685,0.408,0.37194,0.43922,0.40428,0.39116,0.43426,0.4048,0.38749,0.41517,0.38751,0.36642,0.43597
0.39023,0.46787,0.37148,0.41517,0.38867,0.42194,0.40435,0.40054,0.41681,0.38546,0.35126,0.41872,0.35464,0.3675,0.39831
0.36488,0.4146,0.37555,0.44338,0.41193,0.40725,0.39659,0.41618,0.36192,0.3681,0.34244,0.36477,0.38098,0.40523,0.36731
0.33462,0.41692,0.38356,0.40857,0.34928,0.40269,0.40716,0.40083,0.35077,0.39193,0.34607,0.36626,0.38927,0.38841,0.38006
0.39741,0.39599,0.42034,0.43289,0.33839,0.49202,0.41492,0.41657,0.33143,0.4056,0.3818,0.39914,0.39687,0.33551,0.36588
0.33389,0.3795,0.40858,0.40915,0.33876,0.42556,0.42268,0.40965,0.31533,0.41429,0.35021,0.36714,0.36963,0.34714,0.36828
0.37184,0.40516,0.46623,0.42637,0.34929,0.47734,0.45088,0.38611,0.33311,0.42541,NaN,NaN,0.37825,0.35334,0.38472
0.36378,0.43613,0.44817,0.39259,0.36822,0.41099,0.44268,0.39912,0.3181,0.37337,NaN,NaN,0.3999,0.323,0.3931
0.35685,0.37132,0.34172,0.40476,0.34741,0.39866,0.41491,0.3802,0.32618,0.36019,NaN,NaN,0.38622,0.33389,0.3749
0.37707,0.38733,0.37301,0.4335,0.36397,0.39556,0.42061,0.38331,0.3127,0.40367,NaN,NaN,0.38192,0.3315,0.37752
0.35414,0.36003,0.38076,0.42746,0.42765,0.40825,0.40439,0.34193,0.33468,0.39007,0.96797,1.0047,0.39499,0.30589,0.36837
0.35889,0.35763,0.44886,0.4141,0.43982,0.40755,0.38947,0.39642,0.33239,0.38807,2.9852,2.8481,0.40958,0.32888,0.36226
0.36958,0.38941,0.37137,0.42586,0.41296,0.40524,0.43096,0.42246,0.34197,0.38418,0.69399,0.54827,0.39452,0.32765,0.37661
0.3714,0.4162,0.36617,0.43691,NaN,0.42549,0.40565,0.37044,0.34382,0.40027,0.51991,0.46246,0.41913,0.49482,0.37863
0.37368,0.38829,NaN,0.41029,NaN,0.46331,0.41923,0.39843,0.33078,0.39033,0.48258,0.4527,0.37965,NaN,0.35877
0.36949,0.3971,NaN,0.3776,NaN,0.42229,0.4167,0.3823,0.32801,0.38245,0.42399,0.46542,0.45513,NaN,NaN
0.38891,0.43813,NaN,NaN,NaN,0.38607,0.38724,NaN,NaN,0.38006,0.4319,0.5148,0.37578,NaN,NaN
0.37122,0.45468,NaN,NaN,0.94854,0.38582,0.42443,NaN,NaN,NaN,0.42553,0.53377,NaN,NaN,NaN
0.38299,0.42624,0.94835,NaN,2.8997,0.41575,0.44375,NaN,NaN,NaN,0.38279,0.41676,NaN,0.96336,NaN
0.36995,0.42669,2.9297,NaN,0.54793,0.3938,0.41459,NaN,NaN,NaN,0.38798,0.3893,NaN,2.9327,0.98226
0.38471,NaN,0.62663,0.99601,0.44655,NaN,0.41328,0.98317,0.98151,NaN,0.40763,0.39892,NaN,0.5633,2.9723
0.35239,NaN,0.5169,2.9046,0.43893,NaN,0.32229,2.8867,3.3825,0.96806,0.38427,0.37691,0.93763,0.47231,0.56431
0.43558,NaN,0.50807,0.52898,0.40649,NaN,0.3557,0.52645,0.51811,3.0138,0.37451,0.3729,2.8044,0.47315,0.46377
0.38317,NaN,0.41909,0.47933,0.45951,NaN,0.47657,0.44535,0.45128,0.60241,0.48853,0.49764,0.54221,0.42194,0.42681
0.37307,1.0306,0.43027,0.46469,0.39715,1.0013,0.42833,0.43564,0.47509,0.45499,0.41073,0.46152,0.43507,0.41058,0.43359
0.3829,2.8532,0.49729,0.48866,0.38276,2.9645,0.36846,0.50701,0.47493,0.46585,0.36519,0.36839,0.46666,0.41285,0.37107
0.43862,0.51575,0.42933,0.41826,0.38072,0.54264,0.38211,0.42277,0.42099,0.41049,0.35196,0.35194,0.41399,0.37474,0.37453
0.42587,0.47119,0.47911,0.49893,0.3666,0.43984,0.49047,0.43347,0.43553,0.42694,0.34313,0.37001,0.46526,0.4252,0.40176
0.40468,0.42868,0.37853,0.46449,0.35636,0.40935,0.33358,0.44681,0.44862,0.37045,0.33843,0.34972,0.51365,0.36057,0.3901
0.37136,0.40612,0.3879,0.53099,0.49514,0.39378,0.37246,0.47618,0.4569,0.37815,0.32953,0.35083,0.47372,0.39693,0.39126
0.3584,0.47654,0.42543,0.43541,0.39486,0.43819,0.33843,0.48912,0.40553,0.37594,0.34964,0.36619,0.3614,0.38042,0.40841
0.37523,0.41258,0.3797,0.436,0.39402,0.43174,0.34386,0.47336,0.40742,0.4858,0.31407,0.33513,0.37083,0.44205,0.44092
0.32304,0.41488,0.36547,0.51238,0.42959,0.42994,0.31834,0.49134,0.45807,0.36897,0.37695,0.41572,0.34279,0.43932,0.42378
0.33967,0.48958,0.52773,0.428,0.38301,0.36644,0.44341,0.45409,0.41096,0.41896,0.37951,0.38847,0.36102,0.5886,0.40523
0.34043,0.43372,0.41363,0.5505,0.39921,0.36106,0.33663,0.42829,0.40889,0.32726,0.33813,0.38721,0.36757,0.42302,0.46201
0.32994,0.41532,0.3621,0.40914,0.37623,0.37087,0.31777,0.36647,0.44198,NaN,0.33793,0.36085,0.35394,0.47802,0.38695
0.33706,0.36319,0.35093,0.45485,0.40214,0.35653,0.33593,0.37317,0.42791,NaN,0.33497,0.34067,NaN,0.36802,0.44567
0.32673,0.3824,0.4259,NaN,0.4088,0.47139,0.34022,0.39944,0.40862,NaN,0.38934,0.39846,NaN,0.37248,0.40076
0.45212,0.36567,0.37551,NaN,0.36689,0.36406,0.33822,0.38987,0.43839,NaN,0.32346,0.33987,NaN,0.37222,0.41537
0.33697,0.36206,0.35729,NaN,0.35528,0.47359,0.38606,0.38096,0.45222,0.96656,0.33576,0.34009,NaN,0.37474,0.39291
NaN,NaN,NaN,NaN,NaN,0.34606,NaN,NaN,0.45116,2.9512,NaN,NaN,0.95342,NaN,NaN
NaN,NaN,NaN,0.95962,NaN,0.36078,NaN,NaN,0.43606,0.58798,NaN,NaN,2.7968,NaN,NaN
NaN,NaN,NaN,2.816,NaN,0.34839,NaN,NaN,0.48421,0.48554,NaN,NaN,0.5599,NaN,NaN
NaN,NaN,NaN,0.56281,NaN,NaN,NaN,NaN,0.41714,0.43655,NaN,NaN,0.47009,NaN,NaN
0.97181,0.96133,1.1062,0.40284,0.97042,NaN,0.96813,0.97836,NaN,0.41191,0.97996,0.9822,0.42206,0.95252,0.97488
3.1137,2.9864,2.8667,0.428,2.9176,NaN,2.8235,2.9317,NaN,0.40827,2.8495,2.9274,0.44015,2.8541,2.8928
0.58678,0.5616,0.58438,0.42918,0.56596,NaN,0.58973,0.55139,NaN,0.41442,0.57415,0.54552,0.42608,0.61698,0.53053
0.55133,0.62411,0.43929,0.37348,0.57556,1.0182,0.45046,0.4668,NaN,0.4078,0.49029,0.47125,0.44633,0.56508,0.4401
0.44439,0.4471,0.4266,0.40118,0.45763,2.9232,0.43706,0.44131,0.97247,0.42099,0.42261,0.44537,0.43931,0.56262,0.42657
0.40784,0.47902,0.4259,0.37696,0.50426,0.52283,0.43808,0.43938,2.9071,0.41323,0.43333,0.40995,0.42035,0.58137,0.44101
0.43826,0.51281,0.4274,0.37427,0.45528,0.46463,0.41021,0.46018,0.54095,0.4099,0.48454,0.4228,0.40573,0.49288,0.41141
0.43589,0.46194,0.44523,0.40341,0.43236,0.51981,0.42428,0.43605,0.43198,0.39973,0.45453,0.42713,0.40361,0.41679,0.41482
0.42148,0.42961,0.43585,0.46342,0.43246,0.42919,0.42148,0.42492,0.41104,0.4316,0.44026,0.43318,0.37846,0.42859,0.41807
0.4303,0.41633,0.42423,0.44439,0.43971,0.43694,0.40021,0.41611,0.43105,0.40629,0.41875,0.41262,0.40039,0.41837,0.41035
0.42415,0.42409,0.41607,0.45941,0.41896,0.43727,0.39769,0.42651,0.42642,0.39726,0.41051,0.40291,0.39542,0.40827,0.42297
0.43297,0.42137,0.42711,0.47854,0.42068,0.44334,0.43042,0.46695,0.46236,0.41567,0.42042,0.41382,0.39928,0.4264,0.44023
0.39664,0.46548,0.45901,0.41151,0.45853,0.45247,0.39961,0.39841,0.44062,0.41994,0.40824,0.41255,0.45903,0.41569,0.40378
0.40427,0.43066,0.41825,0.41562,0.40719,0.46173,0.47911,0.44088,0.46321,0.42929,0.40781,0.41147,0.4199,0.42548,0.40892
0.39834,0.42436,0.4148,0.41608,0.3647,0.45906,0.45235,0.45251,0.43837,0.45866,0.3972,0.40665,0.40029,0.41937,0.41148
0.44321,0.38449,0.41541,0.43637,0.3789,0.44674,0.42592,0.49729,0.43036,0.41789,0.39627,0.37545,0.42647,0.39815,0.41284
0.38611,0.39804,0.39303,0.38531,0.36643,0.47752,0.50909,0.41511,0.41926,0.41009,0.43023,0.38016,0.63575,0.45651,0.38811
0.37449,0.37144,0.46417,0.38184,0.36574,0.46913,0.4101,0.39903,0.38637,0.41814,0.378,0.34943,0.42501,0.41962,0.40264
0.40675,0.39968,0.34146,0.35271,0.37309,0.44161,0.44062,0.4022,0.3855,0.40939,0.38908,0.3409,0.37712,0.40001,0.36742
0.33769,0.38753,0.36831,0.3923,0.38388,0.45275,0.39469,0.41791,0.54011,0.37989,0.41535,0.35446,0.39722,0.41951,0.46169
0.34372,0.38139,0.3418,0.47234,0.35649,0.44466,0.37183,0.40276,0.53057,0.37658,0.40187,0.34258,0.38881,0.41689,0.43834
0.34738,0.41291,0.33694,0.41201,0.35617,0.41418,0.34645,0.39491,0.50387,0.38486,0.3729,0.3276,0.38395,0.45231,0.44664
0.34783,0.36658,0.44984,0.37341,0.3866,0.41054,0.35815,0.38296,0.46223,0.39624,0.38146,0.33455,0.39727,0.43434,0.38306
0.38073,0.36489,0.36054,0.41799,0.47141,0.41171,0.33727,0.39556,0.3881,0.39104,0.40591,0.38778,0.41076,0.42152,0.48527
0.49734,0.4586,0.364,0.3702,0.38033,0.37225,0.4459,0.4636,0.48581,0.38418,0.45301,0.43315,0.50198,0.53683,0.36618
0.37536,0.37271,0.38457,0.43437,0.51142,0.43611,0.36685,0.42427,0.37703,0.40234,0.45432,0.38178,0.41156,0.43148,0.40802
0.38596,0.37879,0.37614,0.39331,0.37194,0.42482,0.41849,0.41149,0.40541,0.40897,0.39363,0.56758,0.4044,0.4071,0.37273
0.41247,0.39689,0.37252,0.38106,0.38954,0.52561,0.47914,0.40644,0.37547,0.40011,0.40445,0.34998,0.39412,0.3837,0.40549
0.37912,0.39291,0.40002,0.39647,0.36315,0.39701,0.41244,0.4625,0.38823,0.45474,0.5755,0.37416,0.39016,0.39623,0.38397
0.38248,0.39372,0.38979,0.43917,0.38812,0.38125,0.36196,0.4159,0.39527,0.47334,0.40819,0.36591,0.39069,0.39442,0.40431
0.38818,0.3733,0.35992,NaN,0.37333,0.38436,0.38399,0.43663,0.39468,0.47523,0.39721,0.3981,0.39818,0.41029,0.4103
0.34844,0.41881,0.45713,NaN,NaN,0.3869,0.37819,0.40354,0.49546,NaN,0.39584,0.38899,0.39284,0.45348,0.40593
0.37996,0.38492,0.39775,NaN,NaN,0.39244,0.44373,0.44692,0.38963,NaN,0.41059,0.37556,0.44542,0.42561,0.38582
0.38221,0.41063,0.37851,NaN,NaN,0.43231,0.4079,0.41518,0.42187,NaN,0.40311,0.38176,0.39582,0.40574,0.40286
0.38855,0.38959,0.38547,1.0083,NaN,0.40685,0.39728,0.39757,0.37545,NaN,0.40823,0.38126,0.39671,0.40662,0.38816
0.40928,0.37918,0.38779,2.83,0.98426,0.47556,0.39448,0.40869,0.41035,1.0066,0.41083,0.3746,0.41102,0.40717,0.40801
0.49449,0.39598,0.40019,0.47948,2.8779,0.4288,0.40255,0.43087,0.41083,2.894,0.40737,0.41491,0.46721,0.41692,0.39659
0.4212,0.40945,0.39729,0.3968,0.52434,0.39632,0.44096,0.47691,0.38674,0.50754,0.4032,0.35324,0.50588,0.67012,0.38372
0.45444,0.38519,0.36923,0.41086,0.42098,0.40636,0.40642,0.47981,0.39382,0.43563,0.44997,0.35912,0.4802,0.46964,0.39842
0.5303,0.38735,0.35694,0.3952,0.42607,0.45781,0.38121,0.47314,NaN,0.41191,0.41537,0.37667,NaN,0.47882,0.39413
NaN,0.39576,NaN,0.35959,0.36671,0.39331,0.39654,0.45219,NaN,0.3693,0.40686,NaN,NaN,0.43459,0.38329
NaN,NaN,NaN,0.36634,0.38637,NaN,NaN,0.46174,NaN,0.39618,0.40558,NaN,NaN,0.4458,0.38206
NaN,NaN,NaN,0.36255,0.38794,NaN,NaN,0.46418,NaN,0.42064,0.41788,NaN,NaN,0.47856,NaN
NaN,NaN,NaN,0.38809,0.36369,NaN,NaN,0.46797,1.1687,0.47714,NaN,NaN,0.93122,NaN,NaN
0.97742,NaN,0.94794,0.36907,0.37779,NaN,NaN,0.4525,2.8937,0.41491,NaN,0.94034,2.8061,NaN,NaN
2.7746,0.93815,3.3407,0.3436,0.3797,1.0118,0.95926,NaN,0.521,0.44902,NaN,3.3753,0.48995,NaN,NaN
0.53655,2.8063,0.50902,0.39867,0.3535,3.1709,2.8506,NaN,0.41501,0.3765,NaN,0.49279,0.51255,NaN,0.95817
0.3816,0.5239,0.38343,0.35314,0.37024,0.55818,0.52116,NaN,0.3992,0.35596,0.99837,0.39447,0.37057,0.9482,2.8892
0.37393,0.41371,0.42811,0.33223,0.34128,0.41039,0.42059,NaN,0.48034,0.35819,2.8297,0.39641,0.36438,2.7769,0.52324
0.34673,0.4538,0.35032,0.35041,0.43111,0.4452,0.40378,0.95448,0.38425,0.34092,0.50538,0.38224,0.36114,0.50297,0.4178
0.37207,0.39323,0.42725,0.37064,0.3493,0.41549,0.42328,2.8657,0.35712,0.3721,0.40582,0.39791,0.37712,0.42738,0.42406
0.372,0.39793,0.36535,0.36882,0.36047,0.38126,0.40302,0.51595,0.3567,0.37389,0.46726,0.42158,0.36628,0.48211,0.43432
0.36684,0.39518,0.35416,0.35572,0.38372,0.4069,0.45379,0.42173,0.43666,0.35045,0.40249,0.37167,0.37571,0.40034,0.39681
0.40615,0.4074,0.35967,0.35319,0.357,0.38749,0.36024,0.41886,0.32845,0.4023,0.42137,0.36158,0.38897,0.40833,0.45163
0.37577,0.42012,0.4263,0.37082,0.35507,0.44756,0.37662,0.42785,0.34804,0.3809,0.44654,0.36545,0.3493,0.40241,0.41962
0.39193,0.39929,0.39114,0.35936,0.39302,0.38782,0.39228,0.42067,0.36076,0.37986,0.43895,0.37953,0.44286,0.3896,0.39893
0.38784,0.43072,0.37243,0.40009,0.5636,0.48701,0.40143,0.43122,0.37724,0.39919,0.44099,0.38142,0.4016,0.41605,0.40486
0.38067,0.40068,0.38177,0.37068,0.43347,0.43299,0.39127,0.44294,0.41488,0.39302,0.42904,0.40959,0.38027,0.43696,0.42162
0.37648,0.42055,0.36107,0.39067,0.40452,0.41064,0.37373,0.38923,0.37818,0.38982,0.42507,0.38447,0.3576,0.41257,0.40437
0.35119,0.41687,0.3878,0.37315,0.38364,0.42511,0.38683,0.43711,0.34458,0.37699,0.40402,0.39202,0.37832,0.41782,0.44175
0.35759,0.41175,0.41428,0.35441,0.3681,0.40332,0.40298,0.41664,0.35953,0.37429,0.42878,0.38407,0.43335,0.42333,0.39458
0.3884,0.40232,0.41083,NaN,0.34903,0.40852,0.38949,0.4074,0.36431,0.36435,0.41493,0.38319,0.38975,0.50351,0.41708
0.3853,0.44667,0.39673,NaN,0.44277,0.44317,0.43562,0.42394,0.36257,0.39703,0.44022,0.38011,0.42052,0.4325,0.42732
0.36094,0.43458,0.37818,NaN,0.37747,0.41207,0.42514,0.44791,NaN,NaN,0.42575,0.3896,0.41634,0.44915,0.42565
0.37114,0.39497,0.40803,NaN,NaN,0.39954,0.41191,0.41731,NaN,NaN,0.43516,0.37766,0.38614,0.61238,0.42868
0.36978,0.40852,0.39892,0.94357,NaN,0.36332,0.57371,0.47756,NaN,NaN,0.44311,0.38094,0.40768,0.45752,0.43975
NaN,0.42364,0.40745,2.8287,NaN,NaN,0.49766,0.39817,NaN,NaN,0.429,0.36127,0.41709,0.45291,0.44364
NaN,0.39373,0.38204,0.52873,NaN,NaN,0.48464,0.40705,0.94323,1.3418,0.44381,0.3546,0.41796,0.43668,0.41416
NaN,NaN,NaN,0.40803,0.95848,NaN,NaN,0.41507,2.7706,2.8637,0.44383,NaN,0.46279,0.40636,0.52897
NaN,NaN,NaN,0.3961,2.8979,NaN,NaN,0.43204,0.51447,0.49213,0.4923,NaN,NaN,0.4329,NaN
0.95004,NaN,NaN,0.3836,0.56018,0.94677,NaN,NaN,0.3925,0.40107,0.52897,NaN,NaN,NaN,NaN
3.4599,NaN,NaN,0.39288,0.46852,2.8285,NaN,NaN,0.39287,0.40625,0.54868,NaN,NaN,NaN,NaN
0.49089,0.94355,1.0308,0.39705,0.45795,0.49016,0.94944,NaN,0.42655,0.39242,0.46705,0.92801,NaN,NaN,NaN
0.39118,3.2772,2.838,0.36029,0.41595,0.40441,2.7826,NaN,0.4372,0.37823,0.4377,2.8517,0.97352,NaN,0.96362
0.40094,0.51365,0.52417,0.36407,0.42303,0.42298,0.4706,1.3027,0.3875,0.36024,0.40781,0.49311,2.8827,1.2883,2.8159
0.37186,0.41279,0.41297,0.36401,0.43499,0.36541,0.44042,2.9102,0.39631,0.41291,NaN,0.42442,0.53066,2.8319,0.52654
0.39132,0.4015,0.38572,0.46154,0.41137,0.3673,0.38678,0.5203,0.37497,0.35744,NaN,0.39795,0.43922,0.51008,0.42564
0.39133,0.395,0.43394,0.38818,0.37627,0.357,0.41729,0.41825,0.3769,0.37301,NaN,0.40896,0.39023,0.42043,0.41114
0.36563,0.35135,0.38045,0.39449,0.36465,0.38073,0.36792,0.41115,0.40702,0.35404,NaN,0.38038,0.38225,0.42103,0.38572
0.37199,0.40041,0.41677,0.39211,0.36756,0.3555,0.37422,0.38939,0.38633,0.35591,1.0425,0.42793,0.41432,0.39133,0.41728
0.38537,0.42712,0.40349,0.40993,0.38285,0.38023,0.42119,0.41779,0.41273,0.38906,2.9181,0.38706,0.42483,0.41429,0.41295
0.32673,0.37862,0.3728,0.40852,0.3882,0.35553,0.43581,0.41287,0.42985,0.38877,0.59357,0.39991,0.46531,0.39382,0.41726
0.35808,0.37416,0.37409,0.35525,0.37374,0.34514,0.42786,0.41351,0.36714,0.34973,0.46404,0.37426,0.43213,0.41935,0.40868
0.38307,0.37804,0.36328,0.4129,0.50394,0.42278,0.50858,0.42422,0.39429,0.45444,0.48302,0.39121,0.47211,0.45811,0.44293
0.41077,0.38192,0.47679,0.36189,0.40791,0.36427,0.43727,0.45081,0.39771,0.38683,0.50327,0.39751,0.44307,0.39932,0.50668
0.38255,0.46199,0.38131,0.36492,0.44307,0.37332,0.40454,0.41224,0.46899,0.37103,0.49273,0.3863,0.38261,0.40723,0.5155
0.3823,0.38617,0.38375,0.44486,0.40364,0.39902,0.36563,0.44053,0.44005,0.36771,0.50851,0.40324,0.4584,0.41526,0.51116
NaN,0.36858,0.46247,0.36604,0.39127,0.34865,0.38965,0.41404,0.61486,0.38982,0.45884,0.38565,0.39641,0.48492,0.52301
NaN,0.4121,0.43716,0.55822,0.37749,NaN,0.44209,0.43701,NaN,0.36878,NaN,0.40481,0.39841,0.429,0.39195
NaN,0.41348,0.38839,0.37523,0.37587,NaN,0.48755,0.46112,NaN,0.42569,NaN,0.40114,0.38085,0.41685,0.41881
NaN,0.39054,0.38334,NaN,0.38314,NaN,0.37975,0.4289,NaN,NaN,NaN,NaN,0.4103,0.39911,0.39067
1.0469,0.35776,0.3776,NaN,0.38503,NaN,0.3737,0.46938,NaN,NaN,NaN,NaN,0.38298,0.41686,0.39716
2.9596,0.38097,0.39715,NaN,0.38459,0.93501,0.41959,0.43319,0.95336,NaN,0.98254,NaN,0.42956,0.42708,0.42712
