1
184.6280,19.9585,48.2062,41.0052
183.9771,20.8923,49.4927,42.1555
182.6293,20.7048,51.5227,45.1379
182.7919,19.5792,50.3390,47.4491
182.4977,18.5674,49.9479,49.1097
182.7027,18.9579,53.0109,47.8793
181.7619,18.9266,53.8386,50.0791
180.7941,19.4234,59.7395,51.0410
180.1943,19.4407,61.7580,51.7500
178.0338,20.5337,56.5728,55.8516
177.3369,21.1762,57.6355,53.8454
177.7939,21.9863,58.4375,55.1835
179.7098,32.2651,56.9573,47.5603
179.0636,32.6104,58.9653,47.2462
179.4194,31.8544,61.7355,48.4140
178.9281,32.8566,57.0238,47.8510
179.1024,33.3732,58.5542,48.5348
179.9158,34.5010,60.6398,48.6139
179.8381,34.8461,63.2100,49.3941
178.5692,34.7228,61.6050,50.1125
178.6057,32.4924,63.2692,53.0457
178.6680,33.6057,63.7357,53.2466
180.2178,35.7728,62.3867,51.9118
177.4746,35.4752,55.8931,51.9047
176.5813,34.7302,57.2391,53.4808
177.1342,34.4479,58.0224,54.2715
176.6517,41.7546,56.3341,48.3855
175.9205,41.7900,56.1459,49.2586
176.2273,43.6348,57.2048,47.5679
175.6139,44.0559,59.1584,47.7689
175.7220,49.3379,60.1407,42.3153
175.8067,50.4196,58.2565,41.1496
174.6707,49.5013,58.4980,41.6400
174.7827,48.2502,57.6209,43.0444
174.3132,47.2014,56.5452,44.5785
175.1801,46.3707,56.6633,45.1040
175.7573,45.6742,52.9387,46.1152
174.7535,44.4316,53.8971,46.9845
175.6405,44.2252,55.1800,46.9757
177.3610,46.7005,54.3266,43.9585
178.1125,47.2908,52.9675,43.9749
177.3601,45.8664,53.5629,45.3718
177.8931,45.6816,55.6551,45.6839
179.1628,50.5404,55.4420,40.6513
179.0939,50.2572,56.0637,41.4363
180.1537,49.8664,54.6240,43.9122
180.3671,47.9028,54.6572,46.1994
181.6923,48.1137,54.0649,45.7669
182.4926,47.9733,53.9613,45.3738
183.1555,44.9175,56.3973,48.4482
184.1132,43.2288,56.0454,49.9749
185.6031,55.6623,55.1712,37.4365
187.1610,55.2727,54.3587,37.2203
188.8660,54.4931,53.5950,36.9722
190.5199,53.3253,53.2314,39.4734
192.6145,52.0959,53.1057,40.1373
195.0401,51.4783,54.2870,40.7437
194.8562,50.4455,55.9937,40.9051
195.8468,49.8253,56.8063,41.5002
197.8267,49.2649,55.9135,41.7792
199.4245,48.6452,59.8381,41.2655
200.3259,47.1074,60.2419,42.5564
202.0638,46.6083,58.2677,41.5308
203.3927,46.0164,58.9356,42.7406
203.7758,45.8431,57.0511,42.7689
204.7774,43.9206,49.3892,44.7882
204.7077,42.9783,50.3724,46.0352
207.9768,41.4936,54.3464,46.7646
207.8065,34.9253,55.7048,54.8124
207.6371,32.7731,56.8939,55.9843
206.3281,46.6604,61.4617,43.2923
206.7811,46.3880,61.8605,43.5639
206.6090,46.2208,63.4275,43.7627
207.0786,45.9931,62.5865,43.9151
209.2873,46.4817,62.3394,44.1208
209.8542,46.7300,63.0641,43.9169
209.0138,48.2171,65.1717,42.0224
209.4475,47.3521,65.0455,42.9145
210.1590,47.5383,63.6147,42.6609
211.1479,46.7159,68.6234,43.6786
211.8486,46.4437,68.9308,44.1215
212.8513,46.3024,69.1072,44.3094
214.6502,44.9121,66.9742,45.1939
220.3296,45.1129,63.2178,44.8802
222.2664,45.1596,62.3689,44.7210
223.5348,43.0090,63.0416,46.7959
223.9314,41.5016,63.3297,48.2840
225.0919,40.9122,64.7532,48.3096
224.7989,41.3360,60.6870,47.1727
225.6074,40.4274,52.9552,47.6539
225.0682,38.7529,52.1642,48.4239
225.8027,38.1395,52.9416,48.8045
226.0145,36.5424,46.9810,50.5952
227.0915,31.5634,45.5374,53.5416
224.2821,31.8315,51.6491,56.1599
221.9634,31.7315,56.6714,54.1712
221.2051,30.3292,56.5603,55.3236
215.8760,34.6150,45.2699,56.4722
216.4019,31.9940,44.4546,56.7147
214.9622,32.0524,44.6940,54.3539
215.5435,29.0217,43.4324,62.5744
214.5876,27.3951,43.7618,62.0505
213.1637,26.0535,44.2522,61.6463
212.4230,24.1642,43.7763,61.1793
211.3527,21.6019,41.5267,61.1060
211.3896,24.0193,40.6069,56.1318
211.1437,21.6007,42.9728,56.0807
210.1271,17.8547,43.7570,58.8214
202.7254,15.6242,47.8047,58.8090
203.5410,14.0289,46.0659,58.8120
201.2077,14.0210,48.0982,56.3995
201.6309,14.7805,47.2978,54.9050
200.9306,15.3581,47.9571,54.6301
201.6488,13.8408,47.5254,54.5864
200.8408,12.5440,47.5922,54.0272
193.8710,11.7751,54.6859,53.4566
195.3658,9.2561,53.1449,54.0922
195.3560,9.7707,52.9865,51.7666
194.4903,7.9546,53.3805,58.1742
193.5013,6.9148,53.6196,54.3284
190.2277,5.6742,57.3062,54.5878
194.8052,3.9916,52.2309,48.9991
195.7141,2.8221,51.2098,48.3619
190.5356,2.3221,55.7072,46.2855
191.5307,1.0683,55.0077,49.4184
192.4605,0.9298,53.4420,46.9404
193.2637,0.4661,52.4891,47.4313
193.6043,0.7160,52.6204,45.7592
194.2627,0.9818,52.9304,45.9521
195.0173,0.4709,50.7110,45.3420
197.3360,2.2379,47.7797,45.5179
199.0904,1.6354,46.7616,45.6146
199.0332,1.8101,46.7274,47.9612
197.4557,1.5427,48.1306,51.5061
201.1168,1.0803,45.4446,52.2174
202.5290,0.6352,45.8347,51.1810
203.3728,0.5747,46.7526,55.9628
202.2213,0.6187,49.1825,56.7990
203.0813,0.4837,50.1694,56.0793
203.9071,0.9737,50.8194,56.3623
208.3712,1.0282,44.7576,58.4930
209.2724,1.0270,44.5287,55.3807
208.6575,1.1213,48.0639,58.4443
206.3374,1.9008,51.6964,58.7219
206.4332,1.1228,52.9131,58.8660
206.4863,1.0850,53.1387,61.4258
207.7830,1.1271,52.5832,60.7873
207.7000,1.8246,54.4450,59.8134
220.8691,1.0547,42.2582,59.4059
221.1501,1.1943,42.0380,61.7869
221.6930,0.6075,41.0449,61.4785
222.2448,0.5961,40.4119,59.8454
221.5804,0.7294,40.7464,59.8420
220.8940,1.5813,40.5476,57.1109
221.6043,0.8600,47.0212,56.6276
221.0842,0.9390,46.8939,55.4083
221.0974,0.5956,47.8018,55.3536
221.1299,0.4866,47.1848,54.5604
221.4324,0.4530,46.2502,59.9970
221.6733,0.8764,47.5827,59.2307
220.0867,1.2889,48.2070,59.4812
219.0343,2.0194,47.9029,57.6945
217.7894,1.2321,49.4600,58.8907
216.3964,2.4332,49.3717,58.3178
214.8540,2.7852,49.5481,58.7950
213.2974,4.5187,47.1836,57.8987
209.9091,6.2734,49.7095,56.0767
207.5684,2.9980,52.1715,55.5983
204.1420,3.2837,52.8000,54.9782
202.4915,2.9775,54.5257,55.2627
200.1853,3.3764,55.2625,55.4111
198.5635,1.6444,56.2177,57.0336
198.0901,1.8440,55.8194,57.5318
197.1514,3.5357,54.0432,56.0760
195.3101,3.7944,55.4344,56.6725
194.1876,4.8629,54.6062,56.7443
194.1849,4.7426,55.3577,56.7649
192.9184,4.1766,56.1405,57.6736
195.9161,4.9237,54.4933,56.8415
194.7652,5.2239,54.7414,56.5486
191.4081,6.5573,52.6186,56.0388
189.3622,3.6610,53.5504,60.3501
188.8993,4.5870,56.0291,59.9430
189.5013,5.8707,56.2111,60.0340
186.7095,6.8208,58.3827,60.8109
185.8712,8.7603,53.0912,60.2893
189.2968,8.6916,48.4514,61.7647
185.7661,11.7317,48.7767,60.1092
185.3202,13.4202,50.9119,60.0417
184.8135,15.0722,50.3541,60.1793
186.4043,15.8750,50.4212,60.3731
186.2176,17.0632,51.7973,59.8064
183.9920,18.7053,53.3364,58.7081
185.7271,19.6408,49.9847,59.1976
184.7241,18.8328,48.6578,60.9946
182.6617,18.7815,49.3344,60.8530
182.9848,19.0258,48.5566,59.0837
181.0943,15.7741,47.9493,61.5329
178.0783,16.1991,48.8962,62.0234
177.1651,17.2714,47.9297,61.0134
174.9612,15.9601,50.6285,63.0551
172.5296,15.9455,51.0452,63.2402
174.8689,16.5052,48.6519,62.2275
171.7746,16.7000,49.9417,62.7187
169.4458,17.4272,49.5770,63.0006
167.0813,16.1298,49.4040,64.6714
164.2651,16.8084,49.9265,65.7433
161.1371,17.8256,52.2798,68.9712
161.1796,20.4128,50.3983,68.5578
159.5974,23.1510,47.3411,67.7174
157.3561,23.7827,45.1804,67.4918
154.9127,27.1131,51.0680,65.4388
151.6725,28.1908,52.8249,63.8197
150.9157,29.7368,52.7238,65.6951
149.5940,31.0070,52.0632,65.3480
145.4245,31.6994,50.0736,65.3609
142.9193,33.3179,56.3494,65.2322
140.4838,37.1812,56.6512,61.5040
137.9047,37.1262,56.5918,61.6359
134.3904,36.6486,55.4968,62.0569
131.9094,40.0286,56.1713,59.1976
130.4849,39.7397,57.1391,59.3743
130.0001,41.7080,56.8912,57.4892
128.1376,44.6133,58.1756,54.3984
127.3201,45.2217,58.0955,54.2983
126.4356,45.4608,53.6500,56.6979
124.4604,48.5675,55.7718,53.9737
121.2805,54.9182,55.6941,49.8268
118.6055,57.5172,54.4270,49.9720
113.9349,57.9377,56.5152,49.7054
109.4937,59.3754,56.6640,49.5541
104.6328,62.9635,58.2928,48.0982
100.7936,63.5363,59.5851,48.6220
97.1297,62.8887,63.6688,51.5096
99.4681,65.0209,58.8756,48.5412
96.1320,63.7654,59.5772,51.2267
94.2899,62.2551,58.7775,50.1002
91.8012,60.7291,61.6164,51.4426
88.6633,61.0603,65.6207,53.8167
88.7347,59.7156,60.1398,54.1617
87.5690,59.2996,60.8909,55.0080
86.8886,60.0747,62.5575,58.1384
84.8583,61.8107,63.2425,56.2636
82.7657,58.8812,63.8006,58.9911
81.5616,57.7568,57.7011,58.2845
81.1473,58.5228,59.9897,56.8277
81.9802,56.3804,58.9910,58.0973
84.2985,57.2888,57.6124,56.2147
84.2142,56.6566,57.8505,56.3880
81.0772,57.2063,59.3013,55.9439
79.6384,57.8156,58.7346,55.7917
74.0449,57.0386,62.7143,57.5236
71.0019,56.2576,63.7420,56.7086
69.6001,55.6790,60.7464,57.2597
69.8225,56.3169,61.5128,58.1671
70.5632,56.7232,59.6298,57.9134
71.2548,56.2526,59.4238,59.5389
69.1348,57.5497,60.9924,59.5483
65.6360,59.6734,63.2338,59.0802
66.5947,58.8902,62.3518,58.0177
72.4954,59.4827,60.1468,57.4457
76.3997,62.6146,60.5663,56.0933
74.9279,63.9254,63.2824,57.6674
78.7662,65.6826,64.0416,57.5412
83.3044,68.8964,65.3430,55.5045
89.7410,67.9931,63.7348,57.6373
97.1768,66.4276,60.7413,59.8099
104.9172,66.5218,55.6042,59.8686
108.9399,66.3749,56.3218,52.5422
114.0998,66.6233,53.9423,51.7344
121.4111,67.6333,56.8609,51.3616
124.4538,69.7166,56.4379,51.9033
127.0233,71.3196,55.9383,49.5909
129.0410,71.3136,56.2206,55.4129
133.0697,72.3247,53.7806,55.7939
133.6326,71.6234,54.1767,56.4316
136.2996,71.6763,59.5418,53.2609
137.3804,73.0756,60.0239,51.3835
135.9966,72.5688,60.6501,53.8555
137.7988,72.5667,58.1289,52.4168
138.2513,71.9579,58.2863,52.4455
138.5045,69.2231,58.7300,54.7016
138.7879,68.7907,58.6945,53.0386
139.6107,66.5745,59.9995,54.1847
138.9890,65.7497,60.6589,53.9741
138.6911,64.6329,57.8149,54.7304
139.4647,64.3376,55.4697,55.4596
137.6646,64.4909,56.8061,53.4227
137.5282,65.0727,56.4892,52.2629
137.4591,66.8520,56.4773,52.0995
137.2807,64.7909,56.9521,54.2614
136.8355,64.7293,58.9707,53.9394
140.1335,65.0597,54.5234,53.7824
139.6757,64.2363,55.3948,46.0469
140.4908,65.0318,52.9233,45.1110
141.7894,66.6066,55.4730,43.8759
141.4711,68.8971,55.8653,41.5066
141.7946,65.7413,55.5754,45.8630
137.3572,64.9142,58.4356,52.0773
137.2187,65.1635,60.2828,51.8037
137.9195,67.6766,61.8392,48.6442
138.2091,67.8428,62.9562,45.2521
140.8541,67.0811,61.2329,51.0996
142.4662,68.5579,61.0140,50.6456
143.5073,69.0722,61.9195,51.0376
145.4115,71.6294,58.6656,47.9603
145.2565,72.0121,61.5040,48.3673
146.6638,72.5386,61.9696,48.5992
147.7815,72.5747,61.7924,48.4741
149.8068,72.2080,61.1546,48.5183
150.6204,71.0499,61.7624,55.1906
151.8804,69.5412,61.3748,55.5007
155.6116,69.5587,58.8807,54.8510
159.6936,68.2961,57.2918,48.6962
160.7124,67.3947,57.7255,48.3949
157.7888,66.7103,55.8788,48.4389
158.7111,66.8004,59.5403,55.3909
160.6175,66.9490,59.2009,56.2200
167.4579,67.1975,52.8759,56.4186
170.1166,68.6824,53.2673,57.6968
172.7736,67.6662,52.1449,58.8793
178.6512,68.5351,48.2333,59.9228
176.0807,69.4727,54.2958,51.1987
177.5066,68.9940,53.5453,51.4557
178.0205,68.8750,53.9281,52.3211
177.0995,69.5972,56.8541,52.9014
178.1203,69.9216,54.2777,52.4023
180.0372,70.2544,54.7597,51.5040
179.1649,71.2144,57.5983,52.3566
180.7160,71.9714,57.9378,55.3461
183.5733,70.4337,58.1442,56.2639
186.0424,69.6816,57.9207,55.9232
189.1976,68.3710,56.3235,49.4100
191.6317,66.6734,57.1988,56.3065
194.6732,68.9229,58.8196,48.4461
197.8211,66.0574,56.6608,49.7177
199.4539,64.3239,58.3404,50.3600
205.7211,61.4764,57.8492,50.9146
211.0132,58.9506,57.8115,50.3972
215.5428,56.7598,58.1398,51.0723
221.5814,55.7900,56.9325,51.2613
226.3428,54.2363,55.4704,51.5414
230.3443,53.5322,58.5738,52.0313
232.7164,53.6983,59.8801,50.6958
235.0251,51.0860,61.2259,53.0472
238.1553,49.0680,60.2107,52.7281
239.9642,48.8597,60.3361,54.6442
242.6049,49.7315,61.0012,53.4835
243.4007,49.9885,60.9900,54.8786
245.1546,51.2344,57.8920,54.2856
242.7105,51.5584,60.4279,50.2425
242.8874,51.9974,61.2584,50.1885
243.8010,52.6341,60.4277,50.6223
243.6931,55.0609,60.9957,48.0683
242.7129,54.1345,63.8938,50.2427
241.8845,55.3247,66.6441,51.0244
242.2073,56.4610,67.7750,50.6220
242.7290,57.3804,60.5452,49.8087
241.1539,59.4065,60.3521,50.1575
237.4240,60.9435,62.0648,55.3471
240.1444,61.5381,56.4096,56.3572
238.8538,64.7382,56.6210,55.6871
236.1296,66.3176,57.8804,49.0651
234.8202,66.4883,58.1269,50.3246
234.2696,67.9805,57.9427,48.9732
