62.495
0.57634
0.54219
0.54191
0.57291
0.55545
0.54439
0.53699
0.59575
0.54562
0.54084
0.52868
0.53682
0.53314
0.53627
0.56024
0.52669
0.53192
0.52734
0.57488
0.54294
0.52307
0.52909
0.53689
0.53275
0.56391
0.53787
0.52374
0.52069
0.53183
0.59224
0.5178
0.52088
0.51484
0.53329
0.54525
0.51742
0.53416
0.5365
0.52176
0.54339
0.64938
0.53512
0.52309
0.53328
0.56013
0.52189
0.52667
0.51301
0.54137
0.54794
0.52151
0.54879
0.53655
0.53227
0.57613
0.53086
0.53594
0.53957
0.52813
0.55026
0.52612
0.53378
0.53018
0.52796
0.53412
0.5285
0.53346
0.51515
0.51487
0.53995
0.53904
0.51535
0.52082
0.51345
0.5336
0.52551
0.51481
0.51504
0.51879
0.52404
0.51769
0.54552
0.52085
0.51991
0.52456
0.51723
0.5283
0.53166
0.51439
0.52842
0.51729
0.51758
0.51887
0.52582
0.54601
0.53646
0.54371
0.54627
0.54297
0.54533
0.54599
0.54941
0.54078
0.53747
0.54741
0.54854
0.54083
0.54493
0.53273
0.55256
0.55122
0.54409
0.54148
0.53544
0.53663
0.55683
0.54707
0.5427
0.53686
0.54937
0.53877
0.56072
0.54968
0.54253
0.55521
0.55462
0.55415
0.53288
0.53206
0.53532
0.5343
0.55046
0.54401
0.5437
0.54851
0.5426
0.54866
0.53329
0.53075
0.53148
0.53202
0.5299
0.52886
0.52701
0.53636
0.52505
0.54622
0.54635
0.55549
0.54674
0.5488
0.54034
0.52818
0.52703
0.55396
0.54708
0.54339
0.54693
0.53977
0.54838
0.54505
0.57177
0.54579
0.54869
0.55178
0.53815
0.53634
0.532
0.53845
0.53254
0.52798
0.53685
0.54465
0.55007
0.56482
0.53621
0.54104
0.54742
0.53747
0.55048
0.55869
0.53384
0.53728
0.54444
0.54268
0.53646
0.54332
0.53127
0.53852
0.5339
0.56507
0.53219
0.52696
0.51843
0.53597
0.54688
0.53412
0.53419
0.54846
0.56176
0.5404
0.54083
0.54173
0.52622
0.53146
0.54212
0.52725
0.52036
0.52609
0.5143
0.52008
0.54446
0.51602
0.54145
0.53712
0.5215
0.51581
0.53019
0.52384
0.52802
0.52434
0.52238
0.51387
0.526
0.53773
0.52851
0.52483
0.52499
0.53045
0.54051
0.52645
0.53717
0.54488
0.52496
0.51783
0.5289
0.52713
0.63196
0.53233
0.51739
0.52802
0.52088
0.51841
0.51303
0.52402
0.52364
0.5257
0.54781
0.52901
0.5497
0.51932
0.52002
0.51482
0.53101
0.5458
0.53403
0.53622
0.53223
0.56155
0.53747
0.53261
0.52692
0.5385
0.52014
0.52938
0.51886
0.51837
0.51709
0.5224
0.57771
0.52425
0.52541
0.5278
0.52015
0.52802
0.52431
0.52067
0.51459
0.51334
0.52714
0.53724
0.54006
0.53378
0.54091
0.55004
0.55031
0.54395
0.54273
0.53098
0.53142
0.56285
0.54833
0.53481
0.5344
0.53637
0.54538
0.5344
0.5252
0.51042
0.52267
0.51428
0.57281
0.52929
0.53479
0.53735
0.53536
0.52507
0.54118
0.51822
0.52563
0.52184
0.50999
0.53006
0.5205
0.51991
0.51662
0.53202
0.51731
0.52336
0.52536
0.53376
0.56975
0.54918
0.54232
0.52519
0.53707
0.51699
0.52222
0.5211
0.51885
0.52137
0.56032
0.54775
0.52973
0.53738
0.5244
0.52641
0.5224
0.52587
0.53426
0.52148
0.55226
0.53491
0.53803
0.53442
0.52912
0.53855
0.56468
0.53722
0.54139
0.53013
0.52569
0.5331
0.5413
0.53798
0.53187
0.53713
0.53472
0.52601
0.54861
0.53495
0.553
0.5511
0.54685
0.53912
