1
233.0000,158.0000,39.0000,74.0000
233.0000,162.0000,38.0000,72.0000
233.0000,162.0000,38.0000,72.0000
227.0000,159.0000,38.0000,72.0000
227.0000,159.0000,38.0000,72.0000
231.0000,172.0000,37.0000,71.0000
231.0000,172.0000,37.0000,71.0000
215.0000,185.0000,37.0000,71.0000
215.0000,185.0000,37.0000,71.0000
249.0000,228.0000,37.0000,71.0000
249.0000,228.0000,37.0000,71.0000
249.0000,228.0000,37.0000,71.0000
261.0000,281.0000,38.0000,72.0000
0
2
0
0
0
0
1
47.0000,267.0000,81.0000,72.0000
43.0000,262.0000,81.0000,72.0000
43.0000,262.0000,81.0000,72.0000
26.0000,259.0000,79.0000,70.0000
26.0000,259.0000,79.0000,70.0000
2
0
0
0
0
1
230.0000,260.0000,76.0000,63.0000
238.0000,264.0000,76.0000,63.0000
238.0000,264.0000,76.0000,63.0000
241.0000,267.0000,79.0000,65.0000
241.0000,267.0000,79.0000,65.0000
263.0000,276.0000,79.0000,65.0000
263.0000,276.0000,79.0000,65.0000
302.0000,284.0000,77.0000,64.0000
302.0000,284.0000,77.0000,64.0000
302.0000,284.0000,77.0000,64.0000
332.0000,297.0000,77.0000,64.0000
332.0000,297.0000,77.0000,64.0000
344.0000,310.0000,79.0000,65.0000
344.0000,310.0000,79.0000,65.0000
360.0000,321.0000,82.0000,68.0000
360.0000,321.0000,82.0000,68.0000
369.0000,321.0000,83.0000,69.0000
369.0000,321.0000,83.0000,69.0000
405.0000,329.0000,87.0000,72.0000
405.0000,329.0000,87.0000,72.0000
429.0000,348.0000,87.0000,72.0000
429.0000,348.0000,87.0000,72.0000
403.0000,343.0000,89.0000,73.0000
403.0000,343.0000,89.0000,73.0000
368.0000,302.0000,90.0000,75.0000
368.0000,302.0000,90.0000,75.0000
368.0000,302.0000,90.0000,75.0000
348.0000,273.0000,90.0000,75.0000
348.0000,273.0000,90.0000,75.0000
293.0000,258.0000,90.0000,75.0000
293.0000,258.0000,90.0000,75.0000
273.0000,243.0000,90.0000,75.0000
273.0000,243.0000,90.0000,75.0000
235.0000,220.0000,89.0000,73.0000
235.0000,220.0000,89.0000,73.0000
206.0000,200.0000,89.0000,73.0000
206.0000,200.0000,89.0000,73.0000
163.0000,181.0000,89.0000,73.0000
163.0000,181.0000,89.0000,73.0000
117.0000,155.0000,90.0000,75.0000
117.0000,155.0000,90.0000,75.0000
117.0000,155.0000,90.0000,75.0000
102.0000,140.0000,90.0000,75.0000
102.0000,140.0000,90.0000,75.0000
96.0000,159.0000,92.0000,76.0000
96.0000,159.0000,92.0000,76.0000
111.0000,185.0000,92.0000,76.0000
111.0000,185.0000,92.0000,76.0000
105.0000,168.0000,94.0000,78.0000
105.0000,168.0000,94.0000,78.0000
110.0000,204.0000,94.0000,78.0000
110.0000,204.0000,94.0000,78.0000
157.0000,225.0000,94.0000,78.0000
157.0000,225.0000,94.0000,78.0000
2
0
0
0
0
1
141.0000,62.0000,50.0000,81.0000
148.0000,66.0000,50.0000,81.0000
148.0000,66.0000,50.0000,81.0000
156.0000,65.0000,50.0000,82.0000
156.0000,65.0000,50.0000,82.0000
161.0000,69.0000,49.0000,80.0000
161.0000,69.0000,49.0000,80.0000
184.0000,73.0000,49.0000,80.0000
184.0000,73.0000,49.0000,80.0000
187.0000,63.0000,49.0000,79.0000
187.0000,63.0000,49.0000,79.0000
176.0000,60.0000,48.0000,77.0000
176.0000,60.0000,48.0000,77.0000
176.0000,60.0000,48.0000,77.0000
154.0000,64.0000,48.0000,77.0000
154.0000,64.0000,48.0000,77.0000
121.0000,82.0000,48.0000,77.0000
121.0000,82.0000,48.0000,77.0000
107.0000,108.0000,48.0000,77.0000
107.0000,108.0000,48.0000,77.0000
99.0000,108.0000,48.0000,77.0000
99.0000,108.0000,48.0000,77.0000
103.0000,130.0000,48.0000,77.0000
103.0000,130.0000,48.0000,77.0000
114.0000,130.0000,48.0000,77.0000
114.0000,130.0000,48.0000,77.0000
114.0000,115.0000,48.0000,77.0000
114.0000,115.0000,48.0000,77.0000
