0.41787
0.058884
0.017961
0.017542
0.016584
0.017366
0.01692
0.017183
0.017043
0.016999
0.016698
0.016547
0.016852
0.016943
0.016547
0.016612
0.015991
0.016632
0.016476
0.016953
0.016804
0.01666
0.01641
0.016639
0.016885
0.016371
0.016661
0.01676
0.031758
0.026169
0.018714
0.029254
0.016254
0.016476
0.015966
0.016328
0.016033
0.016416
0.016356
0.016244
0.015818
0.016179
0.016154
0.016233
0.016159
0.016315
0.01606
0.01607
0.016222
0.01625
0.016451
0.016181
0.0155
0.015881
0.015972
0.016183
0.016172
0.016131
0.016397
0.016121
0.016241
0.016397
0.016437
0.016064
0.015813
0.016462
0.016541
0.016354
0.016432
0.016508
0.016729
0.016193
0.016234
0.016171
0.016252
0.016049
0.015375
0.015677
0.015685
0.015636
0.015525
0.015256
0.01563
0.015523
0.015568
0.015611
0.015508
0.015429
0.014969
0.015487
0.016228
0.015483
0.015206
0.015498
0.015119
0.015302
0.015387
0.015138
0.015464
0.015144
0.01464
0.015377
0.015291
0.017169
0.015592
0.015305
0.015479
0.015198
0.015346
0.015127
0.015204
0.015645
0.014648
0.015226
0.014848
0.01572
0.015204
0.015351
0.015982
0.01603
0.015947
0.016014
0.015795
0.016092
0.015085
0.015843
0.015918
0.016222
0.015829
0.015957
0.015652
0.016092
0.015132
0.014918
0.015496
0.015374
0.014602
0.014685
0.015297
0.01561
0.015145
0.015562
0.015256
0.016116
0.01611
0.016209
0.015983
0.015728
0.015473
0.016776
0.015894
0.015915
0.01582
0.016006
0.015694
0.015986
0.01597
0.015591
0.016046
0.015917
0.01537
0.016157
0.015705
0.016165
0.015946
0.015933
0.015806
0.015853
0.015984
0.015989
0.015902
0.016067
0.015161
0.015863
0.016002
0.016054
0.015864
0.015977
0.015784
0.016366
0.015893
0.015924
0.015678
0.016139
0.015454
0.015616
0.015196
0.015398
0.015175
0.015108
0.015173
0.015264
0.015652
0.015089
0.015424
0.015505
0.014563
0.015264
0.015097
0.014989
0.015078
0.01492
0.015742
0.015282
0.015195
0.015471
0.015499
0.015295
0.015017
0.015174
0.015346
0.015139
0.015191
0.014876
0.015171
0.015218
0.015077
0.015264
0.015345
0.015084
0.014625
0.015475
0.015328
0.015516
0.015193
0.015145
0.015944
0.015918
0.019238
0.01634
0.016599
0.016654
0.015574
0.01646
0.016287
0.016592
0.017062
0.016322
0.016547
0.016667
0.016397
0.016854
0.016437
0.015346
0.014233
0.015183
0.015325
0.015448
0.015343
0.015353
0.015353
0.015153
0.015361
0.015003
0.015022
0.01523
0.014223
0.01519
0.015261
0.01768
0.015592
0.015435
0.015349
0.015339
0.015411
0.01518
0.015153
0.015303
0.014206
0.015377
0.015373
0.01506
0.015377
0.015448
0.015403
0.015274
0.015269
0.016016
0.015855
0.015802
0.015496
0.015959
0.016058
0.01626
0.016054
0.016085
0.015987
0.01571
0.016309
0.015753
0.015829
0.016064
0.01513
0.015774
0.01593
0.015895
0.015961
0.015844
0.016034
0.016235
0.015941
0.016002
0.016047
0.015727
0.015337
0.015588
0.015939
0.016055
0.015945
0.015817
0.015641
0.015683
0.015801
0.015893
0.015879
0.015645
0.015296
0.015954
0.01595
0.015488
0.01539
0.015579
0.015385
0.01546
0.015308
0.014951
0.015396
0.015308
0.015534
0.015355
0.015137
0.015381
0.015593
0.014912
0.01506
0.015573
0.015204
0.015128
0.015322
0.015186
0.014752
0.01519
0.015476
0.015044
0.015248
0.015033
0.015227
0.016189
0.015803
0.016242
0.015725
0.016044
0.015346
0.016159
0.016124
0.01615
0.015695
0.016046
0.016079
0.015972
0.016132
0.015831
0.016623
0.016118
0.015427
0.016037
0.015784
0.015897
0.016061
0.015878
0.016089
0.016179
0.015904
0.016146
0.016004
0.016127
0.015196
0.016039
0.016116
0.016358
0.015957
0.015936
0.015654
0.016985
0.016665
0.016509
0.016653
0.01669
0.016083
0.01651
0.016856
0.016437
0.016631
0.016896
0.016624
0.016784
0.016547
0.016514
0.016422
0.016524
0.015947
0.016432
0.016673
0.016489
0.016664
0.016824
0.016292
0.016807
0.016497
0.016725
0.016665
0.016809
0.015757
0.016576
0.016393
0.016766
0.016396
0.016713
0.016532
0.01661
0.016619
0.016726
0.016942
0.015641
0.014838
0.015374
0.014828
0.015298
0.015313
0.015411
0.015109
0.016151
0.015962
0.016012
0.015979
0.015995
0.01527
0.016111
0.015934
0.015865
0.016149
0.015856
0.015813
0.016335
0.016001
0.015997
0.015902
0.015929
0.015231
0.015899
0.015758
0.015923
0.015858
0.016043
0.0162
0.015939
0.015876
0.015752
0.016069
0.015693
0.015027
0.015169
0.016123
0.015614
0.015782
0.015992
0.015837
0.016118
0.015941
0.015982
0.015821
0.015881
0.015098
0.015918
0.016139
0.015863
0.015857
0.015768
0.015905
0.015622
0.015636
0.014792
0.015343
0.015374
0.014381
0.015413
0.014945
0.014979
0.015271
0.015082
0.015
0.015167
0.015053
0.015017
0.015212
0.014851
0.01435
0.014721
0.014769
0.014833
0.014829
0.015081
0.01476
0.015121
0.015273
0.015366
0.014853
0.015071
0.013925
0.015088
0.014784
0.014754
0.014398
0.01517
0.014811
0.015001
0.014876
0.014628
0.014853
0.015091
0.014099
0.015
0.014793
0.015024
0.014953
0.015046
0.015041
0.014813
0.015078
0.015043
0.015157
0.015006
0.014187
0.015002
0.015054
0.015038
0.014894
0.01486
0.014867
0.015219
0.014767
0.01494
0.015056
0.016203
0.015008
0.015779
0.015557
0.015384
0.015805
0.015609
0.015533
0.016382
0.01591
0.015509
0.015811
0.015847
0.015178
0.015623
0.015391
0.015886
0.015546
0.015638
0.015699
0.01591
0.015555
0.015723
0.015456
0.015826
0.014938
0.015814
0.015532
0.015937
0.015552
0.015695
0.015793
0.016002
0.01557
0.015994
0.015499
0.015479
0.015287
0.015524
0.015456
0.016032
0.015816
0.015481
0.015728
0.015727
0.015942
0.015673
0.015356
0.015932
0.014818
0.015865
0.015505
0.015961
0.015589
0.015727
0.016059
0.015856
0.015697
0.015755
0.015628
0.015768
0.015101
0.015905
0.015574
0.015559
0.015199
0.015662
0.014922
0.015053
0.01486
0.014691
0.015999
0.01586
0.014933
0.01562
0.015719
0.015677
0.015752
0.016006
0.01589
0.015491
0.015919
0.015827
0.015898
0.016088
0.014945
0.015706
0.016
0.015846
0.015627
0.015839
0.015303
0.016058
0.015707
0.015885
0.015958
0.015913
0.014988
0.015908
0.015717
0.015998
0.01561
0.015979
0.01563
0.015829
0.015605
0.015269
0.01511
0.015815
0.015716
0.015638
0.01559
0.015763
0.015767
0.01569
0.015475
0.015653
0.015726
0.015897
0.015093
0.015815
0.015621
0.015661
0.01559
0.015728
0.015778
0.015754
0.015826
0.015648
0.015734
0.015497
0.014816
0.015855
0.015494
0.01623
0.014947
0.015844
0.015362
0.015778
0.015456
0.015592
0.015148
0.015745
0.015567
0.015607
0.015548
0.015479
0.014765
0.015478
0.015816
0.015986
0.016087
0.015719
0.01465
0.015237
0.014963
0.01447
0.014117
0.014885
0.015009
0.015175
0.015024
0.015007
0.015855
0.014857
0.015073
0.015502
0.014998
0.014853
0.014223
0.014502
0.015312
0.015004
0.015172
0.014818
0.014871
0.015059
0.01519
0.015048
0.015355
0.015506
0.014168
