1
334.6934,112.8116,82.0564,16.8654
327.3255,113.7600,81.9681,17.8935
327.3255,113.7600,81.9681,17.8935
327.3255,113.7600,81.9681,17.8935
327.3255,113.7600,81.9681,17.8935
320.7789,114.7240,81.8857,17.4540
320.7789,114.7240,81.8857,17.4540
320.7789,114.7240,81.8857,17.4540
2
310.3553,119.4256,81.3260,16.6833
0
0
0
0
1
278.1231,48.9915,18.1409,71.9573
276.6970,49.7993,19.0601,71.0102
276.6970,49.7993,19.0601,71.0102
276.6970,49.7993,19.0601,71.0102
276.0823,45.8768,21.3154,72.0739
276.0823,45.8768,21.3154,72.0739
276.0823,45.8768,21.3154,72.0739
284.3224,39.9128,18.0776,68.8229
284.3224,39.9128,18.0776,68.8229
284.3224,39.9128,18.0776,68.8229
284.3224,39.9128,18.0776,68.8229
275.8230,39.2924,18.6137,68.4151
275.8230,39.2924,18.6137,68.4151
275.8230,39.2924,18.6137,68.4151
2
0
0
0
0
1
273.8217,15.8575,65.1258,72.3270
276.0482,20.5919,65.3977,72.4240
276.0482,20.5919,65.3977,72.4240
276.0482,20.5919,65.3977,72.4240
276.0482,20.5919,65.3977,72.4240
284.7782,21.7975,64.7272,72.0781
284.7782,21.7975,64.7272,72.0781
284.7782,21.7975,64.7272,72.0781
296.2868,22.5833,67.3871,74.5496
296.2868,22.5833,67.3871,74.5496
296.2868,22.5833,67.3871,74.5496
296.2868,22.5833,67.3871,74.5496
2
0
0
0
0
1
227.9162,87.7620,68.7291,76.1106
232.1283,87.6441,70.1355,77.2934
232.1283,87.6441,70.1355,77.2934
232.1283,87.6441,70.1355,77.2934
232.1283,87.6441,70.1355,77.2934
240.2970,87.0431,68.3194,75.2424
240.2970,87.0431,68.3194,75.2424
240.2970,87.0431,68.3194,75.2424
240.2970,87.0431,68.3194,75.2424
225.7975,82.4174,68.5398,75.8594
225.7975,82.4174,68.5398,75.8594
225.7975,82.4174,68.5398,75.8594
225.7975,82.4174,68.5398,75.8594
0
2
0
0
0
0
1
228.2383,200.1351,25.6256,86.5472
231.0482,208.1658,24.6123,87.9192
231.0482,208.1658,24.6123,87.9192
231.0482,208.1658,24.6123,87.9192
231.0482,208.1658,24.6123,87.9192
232.8147,217.5590,24.4532,86.4783
232.8147,217.5590,24.4532,86.4783
232.8147,217.5590,24.4532,86.4783
232.8147,217.5590,24.4532,86.4783
231.3178,217.0103,23.7476,85.5798
231.3178,217.0103,23.7476,85.5798
231.3178,217.0103,23.7476,85.5798
231.3178,217.0103,23.7476,85.5798
241.3941,223.3827,24.1060,85.8239
241.3941,223.3827,24.1060,85.8239
241.3941,223.3827,24.1060,85.8239
241.3941,223.3827,24.1060,85.8239
245.6772,218.6472,25.1953,85.4265
245.6772,218.6472,25.1953,85.4265
0
0
2
0
0
0
0
1
248.4270,366.1984,39.6389,83.1695
245.1240,371.3624,42.3557,84.4889
245.1240,371.3624,42.3557,84.4889
245.1240,371.3624,42.3557,84.4889
241.2627,376.2436,44.8451,85.8112
241.2627,376.2436,44.8451,85.8112
241.2627,376.2436,44.8451,85.8112
238.2981,385.5596,45.0017,85.9466
238.2981,385.5596,45.0017,85.9466
238.2981,385.5596,45.0017,85.9466
237.0546,386.9149,47.4728,86.5869
237.0546,386.9149,47.4728,86.5869
237.0546,386.9149,47.4728,86.5869
237.0546,386.9149,47.4728,86.5869
236.6778,394.9252,44.5275,85.7743
236.6778,394.9252,44.5275,85.7743
235.2519,402.6927,43.3924,85.4940
235.2519,402.6927,43.3924,85.4940
235.2519,402.6927,43.3924,85.4940
235.2519,402.6927,43.3924,85.4940
228.6670,398.2975,49.3018,87.0676
228.6670,398.2975,49.3018,87.0676
232.6667,410.3112,47.5713,88.1743
232.6667,410.3112,47.5713,88.1743
232.6667,410.3112,47.5713,88.1743
232.6667,410.3112,47.5713,88.1743
234.1779,419.0110,47.8469,88.0600
234.1779,419.0110,47.8469,88.0600
0
2
0
0
0
0
1
252.7495,531.6107,34.8411,88.8226
251.5457,536.3339,34.3109,88.2838
251.5457,536.3339,34.3109,88.2838
251.5457,536.3339,34.3109,88.2838
251.5457,536.3339,34.3109,88.2838
250.1246,526.3535,36.5553,88.1808
250.1246,526.3535,36.5553,88.1808
2
246.6144,542.1820,33.9363,86.2485
0
0
0
0
1
361.8059,515.6000,78.0028,56.4650
370.1989,508.3654,78.4769,56.8884
370.1989,508.3654,78.4769,56.8884
370.1989,508.3654,78.4769,56.8884
373.8926,505.8044,78.0337,56.3895
373.8926,505.8044,78.0337,56.3895
0
2
0
0
0
0
1
487.4410,509.7249,29.0090,73.1253
491.0710,506.8087,29.3956,71.8779
491.0710,506.8087,29.3956,71.8779
491.0710,506.8087,29.3956,71.8779
491.0710,506.8087,29.3956,71.8779
490.2994,505.4210,31.0929,72.0638
490.2994,505.4210,31.0929,72.0638
490.2994,505.4210,31.0929,72.0638
2
480.9789,505.7033,30.3627,72.5200
0
0
0
0
1
490.5734,652.2785,61.9170,27.0311
486.5669,659.0233,61.3916,26.6006
486.5669,659.0233,61.3916,26.6006
0
0
2
0
0
0
0
1
598.6793,506.3335,75.5014,66.4197
607.6980,512.7609,75.9214,66.9435
607.6980,512.7609,75.9214,66.9435
607.6980,512.7609,75.9214,66.9435
614.4484,517.2415,75.6439,66.8669
614.4484,517.2415,75.6439,66.8669
614.4484,517.2415,75.6439,66.8669
620.9719,521.9471,77.7838,68.8315
0
0
2
0
0
0
0
1
742.5676,635.9919,82.7654,43.0834
740.5807,636.5742,83.7914,44.8226
740.5807,636.5742,83.7914,44.8226
740.5807,636.5742,83.7914,44.8226
740.5807,636.5742,83.7914,44.8226
747.0792,632.1626,82.8393,45.1079
747.0792,632.1626,82.8393,45.1079
747.0792,632.1626,82.8393,45.1079
747.0792,632.1626,82.8393,45.1079
757.4259,624.6052,83.3420,44.6246
757.4259,624.6052,83.3420,44.6246
757.4259,624.6052,83.3420,44.6246
757.4259,624.6052,83.3420,44.6246
0
2
0
0
0
0
1
899.4108,611.0801,88.6962,35.1221
908.1375,608.4440,88.2723,35.8013
908.1375,608.4440,88.2723,35.8013
908.1375,608.4440,88.2723,35.8013
908.1375,608.4440,88.2723,35.8013
914.1922,605.8036,89.1811,37.0115
914.1922,605.8036,89.1811,37.0115
914.1922,605.8036,89.1811,37.0115
914.1922,605.8036,89.1811,37.0115
924.3984,605.3717,88.2176,35.0529
924.3984,605.3717,88.2176,35.0529
924.3984,605.3717,88.2176,35.0529
924.3984,605.3717,88.2176,35.0529
924.3984,605.3717,88.2176,35.0529
2
0
0
0
0
1
1044.1636,617.2819,81.3845,30.2965
1037.3215,620.4225,81.4024,30.4104
1037.3215,620.4225,81.4024,30.4104
1037.3215,620.4225,81.4024,30.4104
1037.6533,620.0150,82.3706,33.0373
1037.6533,620.0150,82.3706,33.0373
1037.6533,620.0150,82.3706,33.0373
1037.6533,620.0150,82.3706,33.0373
1051.2915,619.9771,81.9135,31.1846
0
0
2
0
0
0
0
1
1205.9143,683.3988,42.5637,86.1804
1201.1410,686.8674,41.3722,85.1360
1201.1410,686.8674,41.3722,85.1360
0
0
2
0
0
0
0
1
1452.8496,568.6685,68.4586,68.4193
1460.9332,559.6490,68.0724,68.1359
1460.9332,559.6490,68.0724,68.1359
1460.9332,559.6490,68.0724,68.1359
0
2
0
0
0
0
1
1463.8799,365.0836,56.8767,79.2096
1460.6338,359.3457,57.6742,80.0111
1460.6338,359.3457,57.6742,80.0111
1460.6338,359.3457,57.6742,80.0111
1455.0001,350.4982,57.8461,79.8770
1455.0001,350.4982,57.8461,79.8770
0
0
2
0
0
0
0
1
1130.1204,353.4230,80.7677,15.1128
1120.6766,352.4407,80.1851,15.4238
1120.6766,352.4407,80.1851,15.4238
1120.6766,352.4407,80.1851,15.4238
0
2
0
0
0
0
1
966.2616,333.2740,73.3197,35.1456
960.5747,321.9732,73.4377,36.1665
960.5747,321.9732,73.4377,36.1665
0
0
2
0
0
0
0
1
1024.4363,388.2047,62.7409,66.3312
1029.4991,391.7630,64.3527,67.8150
1029.4991,391.7630,64.3527,67.8150
0
2
0
0
0
0
1
803.3132,341.7614,84.6849,23.4102
796.7454,343.8490,84.1850,23.4263
796.7454,343.8490,84.1850,23.4263
796.7454,343.8490,84.1850,23.4263
0
2
0
0
0
0
1
625.2623,295.7270,85.0833,40.8201
618.6128,293.8865,85.0791,40.5693
618.6128,293.8865,85.0791,40.5693
618.6128,293.8865,85.0791,40.5693
618.6128,293.8865,85.0791,40.5693
607.7150,290.4301,85.8322,42.1020
607.7150,290.4301,85.8322,42.1020
607.7150,290.4301,85.8322,42.1020
607.7150,290.4301,85.8322,42.1020
598.0156,282.8307,85.0260,40.5181
598.0156,282.8307,85.0260,40.5181
0
0
2
0
0
0
0
1
346.0068,304.3885,82.0307,27.6396
347.4857,313.2813,81.2784,27.1966
347.4857,313.2813,81.2784,27.1966
0
0
2
0
0
0
0
1
255.4974,162.8387,43.7316,85.4784
251.3529,153.2902,44.2373,86.2200
251.3529,153.2902,44.2373,86.2200
251.3529,153.2902,44.2373,86.2200
251.3529,153.2902,44.2373,86.2200
248.6262,145.3092,44.8014,86.9820
248.6262,145.3092,44.8014,86.9820
248.6262,145.3092,44.8014,86.9820
248.6262,145.3092,44.8014,86.9820
2
0
0
0
0
1
329.0463,102.9935,86.5933,31.1166
334.2707,101.1163,86.6423,31.5498
334.2707,101.1163,86.6423,31.5498
334.2707,101.1163,86.6423,31.5498
334.2707,101.1163,86.6423,31.5498
328.8668,101.4827,85.8222,32.2551
328.8668,101.4827,85.8222,32.2551
328.8668,101.4827,85.8222,32.2551
328.8668,101.4827,85.8222,32.2551
342.5584,110.6863,85.6264,30.6984
342.5584,110.6863,85.6264,30.6984
342.5584,110.6863,85.6264,30.6984
342.5584,110.6863,85.6264,30.6984
351.0155,109.2848,86.8505,33.7681
