0.00040533,0.00041994,0.00038312,0,0,0,0,0,0,0,0,0,0,0,0
1.5499,1.5357,1.5551,0,0,0,0,0,0,0,0,0,0,0,0
0.9986,0.98291,0.99738,0,0,0,0,0,0,0,0,0,0,0,0
0.94092,0.92321,0.93325,0,0,0,0,0,0,0,0,0,0,0,0
0.9591,0.92025,0.95809,0,0,0,0,0,0,0,0,0,0,0,0
0.97882,0.96631,0.96326,0,0,0,0,0,0,0,0,0,0,0,0
0.91308,0.94246,0.91835,0,0,0,0,0,0,0,0,0,0,0,0
0.93635,0.92699,0.92812,0,0,0,0,0,0,0,0,0,0,0,0
0.92327,0.91833,0.9291,0,0,0,0,0,0,0,0,0,0,0,0
0.93331,0.91167,0.93217,0,0,0,0,0,0,0,0,0,0,0,0
0.93261,0.92926,0.93334,0,0,0,0,0,0,0,0,0,0,0,0
0.92586,0.91401,0.9188,0,0,0,0,0,0,0,0,0,0,0,0
0.9618,0.9508,0.93323,0,0,0,0,0,0,0,0,0,0,0,0
0.96999,0.93397,0.92967,0,0,0,0,0,0,0,0,0,0,0,0
0.95332,0.92282,0.94638,0,0,0,0,0,0,0,0,0,0,0,0
0.9204,0.93658,0.91259,0,0,0,0,0,0,0,0,0,0,0,0
0.91789,0.92895,0.92931,0,0,0,0,0,0,0,0,0,0,0,0
0.94403,0.94503,0.93372,0,0,0,0,0,0,0,0,0,0,0,0
0.94362,0.92001,0.93189,0,0,0,0,0,0,0,0,0,0,0,0
0.93313,0.92813,0.92916,0,0,0,0,0,0,0,0,0,0,0,0
0.91956,0.93837,0.95354,0,0,0,0,0,0,0,0,0,0,0,0
0.90714,0.9252,0.92739,0,0,0,0,0,0,0,0,0,0,0,0
0.91906,0.92655,0.93352,0,0,0,0,0,0,0,0,0,0,0,0
0.93574,0.94884,0.91933,0,0,0,0,0,0,0,0,0,0,0,0
0.9364,0.92342,0.91982,0,0,0,0,0,0,0,0,0,0,0,0
0.93102,0.95106,0.92825,0,0,0,0,0,0,0,0,0,0,0,0
0.9404,0.95606,0.94199,0,0,0,0,0,0,0,0,0,0,0,0
0.91934,0.92894,0.94753,0,0,0,0,0,0,0,0,0,0,0,0
0.93637,0.93057,0.91181,0,0,0,0,0,0,0,0,0,0,0,0
0.91346,0.90667,0.9283,0,0,0,0,0,0,0,0,0,0,0,0
0.93291,0.94355,0.93001,0,0,0,0,0,0,0,0,0,0,0,0
0.92487,0.93531,0.91532,0,0,0,0,0,0,0,0,0,0,0,0
0.93528,0.92678,0.92021,0,0,0,0,0,0,0,0,0,0,0,0
0.93639,0.94182,0.91637,0,0,0,0,0,0,0,0,0,0,0,0
0.93717,0.93101,0.92171,0,0,0,0,0,0,0,0,0,0,0,0
0.92701,0.93557,0.92187,0,0,0,0,0,0,0,0,0,0,0,0
0.93096,0.92064,0.93948,0,0,0,0,0,0,0,0,0,0,0,0
0.93798,0.9259,0.95332,0,0,0,0,0,0,0,0,0,0,0,0
0.93403,0.91862,0.93211,0,0,0,0,0,0,0,0,0,0,0,0
0.93894,0.93238,0.93929,0,0,0,0,0,0,0,0,0,0,0,0
0.93839,0.92358,0.92045,0,0,0,0,0,0,0,0,0,0,0,0
0.95101,0.92169,0.95475,0,0,0,0,0,0,0,0,0,0,0,0
0.92577,0.9363,0.91659,0,0,0,0,0,0,0,0,0,0,0,0
0.92344,0.91858,0.92888,0,0,0,0,0,0,0,0,0,0,0,0
0.94474,0.92073,0.93396,0,0,0,0,0,0,0,0,0,0,0,0
0.95493,0.95731,0.94269,0,0,0,0,0,0,0,0,0,0,0,0
0.92873,0.93716,0.95043,0,0,0,0,0,0,0,0,0,0,0,0
0.94858,0.94273,0.92151,0,0,0,0,0,0,0,0,0,0,0,0
0.94178,0.93615,0.93539,0,0,0,0,0,0,0,0,0,0,0,0
0.94491,0.93802,0.9296,0,0,0,0,0,0,0,0,0,0,0,0
0.94859,0.93855,0.92523,0,0,0,0,0,0,0,0,0,0,0,0
0.92937,0.9317,0.94655,0,0,0,0,0,0,0,0,0,0,0,0
0.9148,0.93815,0.93396,0,0,0,0,0,0,0,0,0,0,0,0
0.92326,0.92165,0.91311,0,0,0,0,0,0,0,0,0,0,0,0
0.93429,0.9177,0.93427,0,0,0,0,0,0,0,0,0,0,0,0
0.94014,0.92302,0.93157,0,0,0,0,0,0,0,0,0,0,0,0
0.92706,0.92397,0.91839,0,0,0,0,0,0,0,0,0,0,0,0
0.92751,0.94658,0.93099,0,0,0,0,0,0,0,0,0,0,0,0
0.93537,0.93121,0.91403,0,0,0,0,0,0,0,0,0,0,0,0
0.93473,0.9273,0.93823,0,0,0,0,0,0,0,0,0,0,0,0
0.94069,0.9502,0.92243,0,0,0,0,0,0,0,0,0,0,0,0
0.94633,0.92679,0.93174,0,0,0,0,0,0,0,0,0,0,0,0
0.91942,0.9192,0.91408,0,0,0,0,0,0,0,0,0,0,0,0
0.93103,0.95486,0.93588,0,0,0,0,0,0,0,0,0,0,0,0
0.92313,0.9425,0.9207,0,0,0,0,0,0,0,0,0,0,0,0
0.94619,0.91421,0.9374,0,0,0,0,0,0,0,0,0,0,0,0
0.93973,0.94983,0.92397,0,0,0,0,0,0,0,0,0,0,0,0
0.92488,0.92454,0.9359,0,0,0,0,0,0,0,0,0,0,0,0
0.93977,0.9408,0.94257,0,0,0,0,0,0,0,0,0,0,0,0
0.91817,0.92371,0.92835,0,0,0,0,0,0,0,0,0,0,0,0
0.94375,0.9269,0.93052,0,0,0,0,0,0,0,0,0,0,0,0
0.92796,0.94686,0.93804,0,0,0,0,0,0,0,0,0,0,0,0
0.93672,0.93272,0.93087,0,0,0,0,0,0,0,0,0,0,0,0
0.93021,0.93397,0.94595,0,0,0,0,0,0,0,0,0,0,0,0
0.92639,0.9243,0.95147,0,0,0,0,0,0,0,0,0,0,0,0
0.93414,0.93265,0.93103,0,0,0,0,0,0,0,0,0,0,0,0
0.96246,0.93179,0.92206,0,0,0,0,0,0,0,0,0,0,0,0
0.94272,0.94518,0.93711,0,0,0,0,0,0,0,0,0,0,0,0
0.94152,0.94803,0.92286,0,0,0,0,0,0,0,0,0,0,0,0
0.92427,0.93704,0.92237,0,0,0,0,0,0,0,0,0,0,0,0
0.93893,0.92992,0.94514,0,0,0,0,0,0,0,0,0,0,0,0
0.94597,0.91752,0.92199,0,0,0,0,0,0,0,0,0,0,0,0
0.92136,0.93802,0.90567,0,0,0,0,0,0,0,0,0,0,0,0
0.9352,0.92697,0.95297,0,0,0,0,0,0,0,0,0,0,0,0
0.94216,0.90856,0.93227,0,0,0,0,0,0,0,0,0,0,0,0
0.92833,0.92336,0.92785,0,0,0,0,0,0,0,0,0,0,0,0
0.92666,0.92768,0.93561,0,0,0,0,0,0,0,0,0,0,0,0
0.92157,0.9368,0.91341,0,0,0,0,0,0,0,0,0,0,0,0
0.93582,0.93557,0.93518,0,0,0,0,0,0,0,0,0,0,0,0
0.9422,0.92686,0.9578,0,0,0,0,0,0,0,0,0,0,0,0
0.92381,0.92807,0.93958,0,0,0,0,0,0,0,0,0,0,0,0
0.92822,0.93409,0.92376,0,0,0,0,0,0,0,0,0,0,0,0
0.93125,0.93141,0.93123,0,0,0,0,0,0,0,0,0,0,0,0
0.94284,0.92584,0.91982,0,0,0,0,0,0,0,0,0,0,0,0
0.92615,0.93103,0.94289,0,0,0,0,0,0,0,0,0,0,0,0
0.92133,0.92533,0.92098,0,0,0,0,0,0,0,0,0,0,0,0
0.93515,0.94002,0.93355,0,0,0,0,0,0,0,0,0,0,0,0
0.93445,0.93079,0.91997,0,0,0,0,0,0,0,0,0,0,0,0
0.94234,0.93212,0.92883,0,0,0,0,0,0,0,0,0,0,0,0
0.92888,0.9362,0.93875,0,0,0,0,0,0,0,0,0,0,0,0
0.93955,0.94823,0.93537,0,0,0,0,0,0,0,0,0,0,0,0
0.92909,0.96649,0.93759,0,0,0,0,0,0,0,0,0,0,0,0
0.94838,0.95497,0.94182,0,0,0,0,0,0,0,0,0,0,0,0
0.93294,0.92667,0.93183,0,0,0,0,0,0,0,0,0,0,0,0
0.92315,0.95197,0.93832,0,0,0,0,0,0,0,0,0,0,0,0
0.95845,0.93214,0.96109,0,0,0,0,0,0,0,0,0,0,0,0
0.93556,0.94453,0.93862,0,0,0,0,0,0,0,0,0,0,0,0
0.94903,0.93082,0.96105,0,0,0,0,0,0,0,0,0,0,0,0
0.93754,0.93868,0.92211,0,0,0,0,0,0,0,0,0,0,0,0
0.92236,0.92418,0.94085,0,0,0,0,0,0,0,0,0,0,0,0
0.9224,0.92472,0.93673,0,0,0,0,0,0,0,0,0,0,0,0
0.94582,0.95663,0.93474,0,0,0,0,0,0,0,0,0,0,0,0
0.94393,0.94164,0.94156,0,0,0,0,0,0,0,0,0,0,0,0
0.93786,0.93255,0.9257,0,0,0,0,0,0,0,0,0,0,0,0
0.92408,0.94002,0.94228,0,0,0,0,0,0,0,0,0,0,0,0
0.91975,0.92644,0.94278,0,0,0,0,0,0,0,0,0,0,0,0
0.94242,0.92387,0.92997,0,0,0,0,0,0,0,0,0,0,0,0
0.92809,0.91941,0.9333,0,0,0,0,0,0,0,0,0,0,0,0
0.95151,0.92841,0.9184,0,0,0,0,0,0,0,0,0,0,0,0
0.97258,0.92948,0.93416,0,0,0,0,0,0,0,0,0,0,0,0
0.93744,0.93211,0.92831,0,0,0,0,0,0,0,0,0,0,0,0
0.95207,0.93754,0.93079,0,0,0,0,0,0,0,0,0,0,0,0
0.94622,0.93382,0.94525,0,0,0,0,0,0,0,0,0,0,0,0
0.95846,0.94788,0.93768,0,0,0,0,0,0,0,0,0,0,0,0
0.92731,0.93833,0.93985,0,0,0,0,0,0,0,0,0,0,0,0
0.93145,0.93766,0.92651,0,0,0,0,0,0,0,0,0,0,0,0
0.95284,0.95675,0.94364,0,0,0,0,0,0,0,0,0,0,0,0
0.93509,0.93477,0.95697,0,0,0,0,0,0,0,0,0,0,0,0
0.92799,0.94321,0.93521,0,0,0,0,0,0,0,0,0,0,0,0
0.94985,0.95483,0.95049,0,0,0,0,0,0,0,0,0,0,0,0
0.92481,0.94428,0.92434,0,0,0,0,0,0,0,0,0,0,0,0
0.94342,0.94942,0.95372,0,0,0,0,0,0,0,0,0,0,0,0
0.96721,0.94649,0.94747,0,0,0,0,0,0,0,0,0,0,0,0
0.95346,0.95846,0.93924,0,0,0,0,0,0,0,0,0,0,0,0
0.95548,0.93598,0.93537,0,0,0,0,0,0,0,0,0,0,0,0
0.94832,0.93649,0.94771,0,0,0,0,0,0,0,0,0,0,0,0
0.95726,0.93607,0.94939,0,0,0,0,0,0,0,0,0,0,0,0
0.93351,0.92103,0.93127,0,0,0,0,0,0,0,0,0,0,0,0
0.94331,0.93969,0.94236,0,0,0,0,0,0,0,0,0,0,0,0
0.93508,0.9196,0.94267,0,0,0,0,0,0,0,0,0,0,0,0
0.92967,0.9492,0.94093,0,0,0,0,0,0,0,0,0,0,0,0
0.92549,0.92882,0.9192,0,0,0,0,0,0,0,0,0,0,0,0
0.93584,0.91578,0.91543,0,0,0,0,0,0,0,0,0,0,0,0
0.9197,0.92543,0.91454,0,0,0,0,0,0,0,0,0,0,0,0
0.95001,0.92005,0.90693,0,0,0,0,0,0,0,0,0,0,0,0
0.9282,0.94584,0.92673,0,0,0,0,0,0,0,0,0,0,0,0
0.92449,0.92458,0.90815,0,0,0,0,0,0,0,0,0,0,0,0
0.92288,0.92888,0.90999,0,0,0,0,0,0,0,0,0,0,0,0
0.90848,0.91971,0.90382,0,0,0,0,0,0,0,0,0,0,0,0
0.92974,0.91575,0.92266,0,0,0,0,0,0,0,0,0,0,0,0
0.92299,0.9254,0.92327,0,0,0,0,0,0,0,0,0,0,0,0
0.93424,0.92791,0.92753,0,0,0,0,0,0,0,0,0,0,0,0
0.92941,0.93038,0.92209,0,0,0,0,0,0,0,0,0,0,0,0
0.92726,0.92275,0.92062,0,0,0,0,0,0,0,0,0,0,0,0
0.93494,0.92772,0.94364,0,0,0,0,0,0,0,0,0,0,0,0
0.94751,0.91207,0.91118,0,0,0,0,0,0,0,0,0,0,0,0
0.92996,0.93432,0.92463,0,0,0,0,0,0,0,0,0,0,0,0
0.9217,0.92489,0.92491,0,0,0,0,0,0,0,0,0,0,0,0
0.9296,0.93991,0.94669,0,0,0,0,0,0,0,0,0,0,0,0
0.93302,0.91733,0.93498,0,0,0,0,0,0,0,0,0,0,0,0
0.93462,0.95225,0.93221,0,0,0,0,0,0,0,0,0,0,0,0
0.95304,0.93188,0.9275,0,0,0,0,0,0,0,0,0,0,0,0
0.96814,0.93101,0.93014,0,0,0,0,0,0,0,0,0,0,0,0
0.93607,0.95703,0.95505,0,0,0,0,0,0,0,0,0,0,0,0
0.92326,0.94976,0.92731,0,0,0,0,0,0,0,0,0,0,0,0
0.90834,0.90235,0.91538,0,0,0,0,0,0,0,0,0,0,0,0
0.91357,0.91716,0.93083,0,0,0,0,0,0,0,0,0,0,0,0
0.91499,0.9192,0.90106,0,0,0,0,0,0,0,0,0,0,0,0
0.9281,0.93013,0.92012,0,0,0,0,0,0,0,0,0,0,0,0
0.90833,0.90212,0.93822,0,0,0,0,0,0,0,0,0,0,0,0
0.92381,0.92572,0.92175,0,0,0,0,0,0,0,0,0,0,0,0
0.92993,0.90727,0.93427,0,0,0,0,0,0,0,0,0,0,0,0
0.91476,0.90266,0.91622,0,0,0,0,0,0,0,0,0,0,0,0
0.92065,0.91608,0.90892,0,0,0,0,0,0,0,0,0,0,0,0
0.93016,0.91474,0.92358,0,0,0,0,0,0,0,0,0,0,0,0
0.94779,0.92246,0.90756,0,0,0,0,0,0,0,0,0,0,0,0
0.92742,0.91976,0.91613,0,0,0,0,0,0,0,0,0,0,0,0
0.91478,0.91522,0.9339,0,0,0,0,0,0,0,0,0,0,0,0
0.93826,0.91491,0.9312,0,0,0,0,0,0,0,0,0,0,0,0
0.94589,0.91765,0.90934,0,0,0,0,0,0,0,0,0,0,0,0
0.92362,0.93435,0.92278,0,0,0,0,0,0,0,0,0,0,0,0
0.9348,0.92756,0.91478,0,0,0,0,0,0,0,0,0,0,0,0
0.94983,0.93099,0.92648,0,0,0,0,0,0,0,0,0,0,0,0
0.92899,0.94179,0.95721,0,0,0,0,0,0,0,0,0,0,0,0
0.95166,0.92609,0.91942,0,0,0,0,0,0,0,0,0,0,0,0
0.93074,0.93983,0.92715,0,0,0,0,0,0,0,0,0,0,0,0
0.92898,0.9344,0.93123,0,0,0,0,0,0,0,0,0,0,0,0
0.95032,0.95037,0.92992,0,0,0,0,0,0,0,0,0,0,0,0
0.95732,0.93426,0.93325,0,0,0,0,0,0,0,0,0,0,0,0
0.94179,0.92949,0.92934,0,0,0,0,0,0,0,0,0,0,0,0
0.94979,0.94044,0.92843,0,0,0,0,0,0,0,0,0,0,0,0
0.92414,0.91892,0.93145,0,0,0,0,0,0,0,0,0,0,0,0
0.92565,0.92943,0.93451,0,0,0,0,0,0,0,0,0,0,0,0
0.92858,0.94369,0.93019,0,0,0,0,0,0,0,0,0,0,0,0
0.92411,0.95113,0.94496,0,0,0,0,0,0,0,0,0,0,0,0
0.94532,0.93218,0.95639,0,0,0,0,0,0,0,0,0,0,0,0
0.94034,0.9236,0.91343,0,0,0,0,0,0,0,0,0,0,0,0
0.93893,0.93589,0.94227,0,0,0,0,0,0,0,0,0,0,0,0
0.93544,0.95349,0.91582,0,0,0,0,0,0,0,0,0,0,0,0
0.93148,0.9286,0.95605,0,0,0,0,0,0,0,0,0,0,0,0
0.94553,0.91527,0.92166,0,0,0,0,0,0,0,0,0,0,0,0
0.93627,0.92332,0.93649,0,0,0,0,0,0,0,0,0,0,0,0
0.9487,0.95827,0.95715,0,0,0,0,0,0,0,0,0,0,0,0
0.93647,0.92365,0.92059,0,0,0,0,0,0,0,0,0,0,0,0
0.93474,0.93237,0.94544,0,0,0,0,0,0,0,0,0,0,0,0
0.94468,0.91898,0.94386,0,0,0,0,0,0,0,0,0,0,0,0
0.93456,0.94857,0.92581,0,0,0,0,0,0,0,0,0,0,0,0
0.93511,0.92025,0.92237,0,0,0,0,0,0,0,0,0,0,0,0
0.94445,0.93663,0.94145,0,0,0,0,0,0,0,0,0,0,0,0
0.94588,0.93912,0.91404,0,0,0,0,0,0,0,0,0,0,0,0
0.93247,0.92505,0.92824,0,0,0,0,0,0,0,0,0,0,0,0
0.93638,0.93317,0.93344,0,0,0,0,0,0,0,0,0,0,0,0
0.92481,0.92141,0.93333,0,0,0,0,0,0,0,0,0,0,0,0
0.95154,0.92144,0.91778,0,0,0,0,0,0,0,0,0,0,0,0
0.91949,0.92039,0.93737,0,0,0,0,0,0,0,0,0,0,0,0
0.91896,0.93783,0.94282,0,0,0,0,0,0,0,0,0,0,0,0
0.92213,0.93805,0.91148,0,0,0,0,0,0,0,0,0,0,0,0
0.93899,0.92949,0.93027,0,0,0,0,0,0,0,0,0,0,0,0
0.93131,0.93302,0.91881,0,0,0,0,0,0,0,0,0,0,0,0
0.9226,0.92123,0.91937,0,0,0,0,0,0,0,0,0,0,0,0
0.93899,0.93579,0.91819,0,0,0,0,0,0,0,0,0,0,0,0
0.93978,0.92073,0.92209,0,0,0,0,0,0,0,0,0,0,0,0
0.93474,0.93698,0.95149,0,0,0,0,0,0,0,0,0,0,0,0
0.93788,0.94214,0.91271,0,0,0,0,0,0,0,0,0,0,0,0
0.93422,0.92245,0.92685,0,0,0,0,0,0,0,0,0,0,0,0
0.95018,0.92676,0.92644,0,0,0,0,0,0,0,0,0,0,0,0
0.93416,0.93722,0.92038,0,0,0,0,0,0,0,0,0,0,0,0
0.93914,0.95103,0.93892,0,0,0,0,0,0,0,0,0,0,0,0
0.94028,0.92911,0.94436,0,0,0,0,0,0,0,0,0,0,0,0
0.94186,0.93,0.94137,0,0,0,0,0,0,0,0,0,0,0,0
0.9475,0.93236,0.935,0,0,0,0,0,0,0,0,0,0,0,0
0.93515,0.92646,0.92546,0,0,0,0,0,0,0,0,0,0,0,0
0.92268,0.94181,0.91913,0,0,0,0,0,0,0,0,0,0,0,0
0.91819,0.9542,0.94835,0,0,0,0,0,0,0,0,0,0,0,0
0.94197,0.94506,0.92276,0,0,0,0,0,0,0,0,0,0,0,0
0.92905,0.9261,0.92621,0,0,0,0,0,0,0,0,0,0,0,0
0.93442,0.93681,0.92812,0,0,0,0,0,0,0,0,0,0,0,0
0.93788,0.9503,0.95085,0,0,0,0,0,0,0,0,0,0,0,0
0.93173,0.93009,0.92354,0,0,0,0,0,0,0,0,0,0,0,0
0.93941,0.91737,0.92024,0,0,0,0,0,0,0,0,0,0,0,0
0.92506,0.95289,0.92461,0,0,0,0,0,0,0,0,0,0,0,0
0.93781,0.93894,0.92139,0,0,0,0,0,0,0,0,0,0,0,0
0.92476,0.94474,0.9316,0,0,0,0,0,0,0,0,0,0,0,0
0.93788,0.93669,0.92384,0,0,0,0,0,0,0,0,0,0,0,0
0.93971,0.93455,0.93272,0,0,0,0,0,0,0,0,0,0,0,0
0.92503,0.92522,0.92797,0,0,0,0,0,0,0,0,0,0,0,0
0.93606,0.9305,0.94611,0,0,0,0,0,0,0,0,0,0,0,0
0.94504,0.9279,0.92426,0,0,0,0,0,0,0,0,0,0,0,0
0.93308,0.93756,0.92739,0,0,0,0,0,0,0,0,0,0,0,0
0.95533,0.93311,0.92272,0,0,0,0,0,0,0,0,0,0,0,0
0.93336,0.95218,0.94046,0,0,0,0,0,0,0,0,0,0,0,0
1.0203,0.9974,1.0621,0,0,0,0,0,0,0,0,0,0,0,0
0.96804,0.95084,0.94928,0,0,0,0,0,0,0,0,0,0,0,0
0.94336,0.93248,0.92098,0,0,0,0,0,0,0,0,0,0,0,0
0.93519,0.94239,0.93051,0,0,0,0,0,0,0,0,0,0,0,0
0.93188,0.9268,0.93657,0,0,0,0,0,0,0,0,0,0,0,0
0.93497,0.95093,0.9405,0,0,0,0,0,0,0,0,0,0,0,0
0.93301,0.94594,0.9403,0,0,0,0,0,0,0,0,0,0,0,0
0.94229,0.95794,0.92111,0,0,0,0,0,0,0,0,0,0,0,0
0.92239,0.9257,0.93125,0,0,0,0,0,0,0,0,0,0,0,0
0.92424,0.93368,0.93256,0,0,0,0,0,0,0,0,0,0,0,0
0.94123,0.92949,0.93605,0,0,0,0,0,0,0,0,0,0,0,0
0.955,0.93453,0.94276,0,0,0,0,0,0,0,0,0,0,0,0
0.92756,0.92734,0.93165,0,0,0,0,0,0,0,0,0,0,0,0
0.93187,0.93224,0.93902,0,0,0,0,0,0,0,0,0,0,0,0
0.92806,0.94115,0.92008,0,0,0,0,0,0,0,0,0,0,0,0
0.93238,0.9358,0.93165,0,0,0,0,0,0,0,0,0,0,0,0
0.95411,0.94891,0.92623,0,0,0,0,0,0,0,0,0,0,0,0
0.9299,0.94497,0.93778,0,0,0,0,0,0,0,0,0,0,0,0
0.93551,0.91112,0.95129,0,0,0,0,0,0,0,0,0,0,0,0
0.94461,0.9444,0.92558,0,0,0,0,0,0,0,0,0,0,0,0
0.92213,0.95625,0.93399,0,0,0,0,0,0,0,0,0,0,0,0
0.93332,0.93868,0.9219,0,0,0,0,0,0,0,0,0,0,0,0
0.93424,0.94023,0.925,0,0,0,0,0,0,0,0,0,0,0,0
0.95312,0.9317,0.94226,0,0,0,0,0,0,0,0,0,0,0,0
0.93215,0.946,0.92022,0,0,0,0,0,0,0,0,0,0,0,0
0.9265,0.92957,0.92942,0,0,0,0,0,0,0,0,0,0,0,0
0.94146,0.94245,0.93861,0,0,0,0,0,0,0,0,0,0,0,0
0.93062,0.92669,0.9203,0,0,0,0,0,0,0,0,0,0,0,0
0.94015,0.94135,0.93963,0,0,0,0,0,0,0,0,0,0,0,0
0.93286,0.92824,0.94496,0,0,0,0,0,0,0,0,0,0,0,0
0.9302,0.92981,0.92974,0,0,0,0,0,0,0,0,0,0,0,0
0.95044,0.9505,0.94698,0,0,0,0,0,0,0,0,0,0,0,0
0.97229,0.94431,0.94268,0,0,0,0,0,0,0,0,0,0,0,0
0.93956,0.94017,0.93008,0,0,0,0,0,0,0,0,0,0,0,0
0.9342,0.9396,0.92473,0,0,0,0,0,0,0,0,0,0,0,0
0.94681,0.95002,0.92977,0,0,0,0,0,0,0,0,0,0,0,0
0.95513,0.91545,0.91825,0,0,0,0,0,0,0,0,0,0,0,0
0.9257,0.926,0.94235,0,0,0,0,0,0,0,0,0,0,0,0
0.95178,0.92979,0.93691,0,0,0,0,0,0,0,0,0,0,0,0
0.94482,0.93188,0.92872,0,0,0,0,0,0,0,0,0,0,0,0
0.93268,0.94918,0.93201,0,0,0,0,0,0,0,0,0,0,0,0
0.94276,0.94239,0.92361,0,0,0,0,0,0,0,0,0,0,0,0
0.93339,0.92588,0.93951,0,0,0,0,0,0,0,0,0,0,0,0
0.92373,0.93262,0.92928,0,0,0,0,0,0,0,0,0,0,0,0
0.91986,0.93534,0.92415,0,0,0,0,0,0,0,0,0,0,0,0
0.94172,0.92046,0.92502,0,0,0,0,0,0,0,0,0,0,0,0
0.95108,0.92893,0.94745,0,0,0,0,0,0,0,0,0,0,0,0
0.93357,0.93716,0.92984,0,0,0,0,0,0,0,0,0,0,0,0
0.94613,0.9263,0.94574,0,0,0,0,0,0,0,0,0,0,0,0
0.95547,0.92508,0.95301,0,0,0,0,0,0,0,0,0,0,0,0
0.94389,0.93558,0.93368,0,0,0,0,0,0,0,0,0,0,0,0
0.92768,0.94712,0.92425,0,0,0,0,0,0,0,0,0,0,0,0
0.93425,0.93729,0.9455,0,0,0,0,0,0,0,0,0,0,0,0
0.93683,0.94557,0.94948,0,0,0,0,0,0,0,0,0,0,0,0
0.93224,0.9392,0.92075,0,0,0,0,0,0,0,0,0,0,0,0
0.95792,0.93932,0.93027,0,0,0,0,0,0,0,0,0,0,0,0
0.94442,0.94799,0.92616,0,0,0,0,0,0,0,0,0,0,0,0
0.95743,0.93933,0.93017,0,0,0,0,0,0,0,0,0,0,0,0
0.93453,0.95134,0.9151,0,0,0,0,0,0,0,0,0,0,0,0
0.93055,0.91718,0.9265,0,0,0,0,0,0,0,0,0,0,0,0
0.94506,0.9259,0.92855,0,0,0,0,0,0,0,0,0,0,0,0
0.92011,0.93271,0.93194,0,0,0,0,0,0,0,0,0,0,0,0
0.92476,0.93639,0.93461,0,0,0,0,0,0,0,0,0,0,0,0
0.95058,0.94848,0.93163,0,0,0,0,0,0,0,0,0,0,0,0
0.95054,0.94555,0.93257,0,0,0,0,0,0,0,0,0,0,0,0
0.95228,0.93296,0.932,0,0,0,0,0,0,0,0,0,0,0,0
0.9332,0.92078,0.92279,0,0,0,0,0,0,0,0,0,0,0,0
0.93919,0.9291,0.93257,0,0,0,0,0,0,0,0,0,0,0,0
0.92039,0.9354,0.92904,0,0,0,0,0,0,0,0,0,0,0,0
0.93022,0.95387,0.92421,0,0,0,0,0,0,0,0,0,0,0,0
0.9532,0.92528,0.94363,0,0,0,0,0,0,0,0,0,0,0,0
0.95227,0.94634,0.94325,0,0,0,0,0,0,0,0,0,0,0,0
0.92109,0.93073,0.94137,0,0,0,0,0,0,0,0,0,0,0,0
0.95297,0.93265,0.91749,0,0,0,0,0,0,0,0,0,0,0,0
0.93891,0.94424,0.94163,0,0,0,0,0,0,0,0,0,0,0,0
0.9509,0.95897,0.93103,0,0,0,0,0,0,0,0,0,0,0,0
0.93913,0.94167,0.93232,0,0,0,0,0,0,0,0,0,0,0,0
0.9499,0.93705,0.92119,0,0,0,0,0,0,0,0,0,0,0,0
0.92568,0.94416,0.94492,0,0,0,0,0,0,0,0,0,0,0,0
0.95693,0.95612,0.95205,0,0,0,0,0,0,0,0,0,0,0,0
0.93179,0.95063,0.92884,0,0,0,0,0,0,0,0,0,0,0,0
0.95286,0.93806,0.93186,0,0,0,0,0,0,0,0,0,0,0,0
0.94165,0.93731,0.93592,0,0,0,0,0,0,0,0,0,0,0,0
0.93357,0.95097,0.94455,0,0,0,0,0,0,0,0,0,0,0,0
0.94874,0.96668,0.96325,0,0,0,0,0,0,0,0,0,0,0,0
0.94653,0.95242,0.95158,0,0,0,0,0,0,0,0,0,0,0,0
0.95353,0.9282,0.93663,0,0,0,0,0,0,0,0,0,0,0,0
0.93699,0.93049,0.94856,0,0,0,0,0,0,0,0,0,0,0,0
0.95758,0.92984,0.95247,0,0,0,0,0,0,0,0,0,0,0,0
0.927,0.9414,0.928,0,0,0,0,0,0,0,0,0,0,0,0
0.93436,0.9328,0.95225,0,0,0,0,0,0,0,0,0,0,0,0
0.93362,0.95287,0.92996,0,0,0,0,0,0,0,0,0,0,0,0
0.93041,0.93243,0.95376,0,0,0,0,0,0,0,0,0,0,0,0
0.94563,0.94125,0.91941,0,0,0,0,0,0,0,0,0,0,0,0
0.92533,0.94473,0.95286,0,0,0,0,0,0,0,0,0,0,0,0
0.95624,0.93993,0.9252,0,0,0,0,0,0,0,0,0,0,0,0
0.93755,0.93762,0.95844,0,0,0,0,0,0,0,0,0,0,0,0
0.92316,0.96489,0.92839,0,0,0,0,0,0,0,0,0,0,0,0
0.94188,0.94015,0.95852,0,0,0,0,0,0,0,0,0,0,0,0
0.93195,0.9477,0.93302,0,0,0,0,0,0,0,0,0,0,0,0
0.95173,0.94195,0.91913,0,0,0,0,0,0,0,0,0,0,0,0
0.94906,0.95926,0.93454,0,0,0,0,0,0,0,0,0,0,0,0
0.93838,0.93519,0.92765,0,0,0,0,0,0,0,0,0,0,0,0
0.93324,0.93019,0.96261,0,0,0,0,0,0,0,0,0,0,0,0
0.93794,0.95038,0.94453,0,0,0,0,0,0,0,0,0,0,0,0
0.94719,0.94656,0.9314,0,0,0,0,0,0,0,0,0,0,0,0
0.94718,0.94121,0.94059,0,0,0,0,0,0,0,0,0,0,0,0
0.9425,0.92522,0.92607,0,0,0,0,0,0,0,0,0,0,0,0
0.92796,0.94596,0.92779,0,0,0,0,0,0,0,0,0,0,0,0
0.93265,0.94496,0.93011,0,0,0,0,0,0,0,0,0,0,0,0
0.92902,0.94935,0.91989,0,0,0,0,0,0,0,0,0,0,0,0
0.93683,0.93744,0.94237,0,0,0,0,0,0,0,0,0,0,0,0
0.95263,0.94325,0.93757,0,0,0,0,0,0,0,0,0,0,0,0
0.95785,0.94752,0.9435,0,0,0,0,0,0,0,0,0,0,0,0
0.94232,0.94747,0.95425,0,0,0,0,0,0,0,0,0,0,0,0
0.95908,0.94619,0.93227,0,0,0,0,0,0,0,0,0,0,0,0
0.95573,0.97005,0.96328,0,0,0,0,0,0,0,0,0,0,0,0
0.95856,0.95083,0.95378,0,0,0,0,0,0,0,0,0,0,0,0
0.9571,0.96033,0.95923,0,0,0,0,0,0,0,0,0,0,0,0
0.93704,0.93897,0.94694,0,0,0,0,0,0,0,0,0,0,0,0
0.95848,0.95488,0.96871,0,0,0,0,0,0,0,0,0,0,0,0
0.96484,0.94842,0.95196,0,0,0,0,0,0,0,0,0,0,0,0
0.9554,0.96075,0.95136,0,0,0,0,0,0,0,0,0,0,0,0
0.9479,0.95372,0.96098,0,0,0,0,0,0,0,0,0,0,0,0
0.94736,0.9473,0.93924,0,0,0,0,0,0,0,0,0,0,0,0
0.94415,0.96454,0.93542,0,0,0,0,0,0,0,0,0,0,0,0
0.9461,0.94813,0.93304,0,0,0,0,0,0,0,0,0,0,0,0
0.94761,0.92828,0.97996,0,0,0,0,0,0,0,0,0,0,0,0
0.94987,0.94055,0.97154,0,0,0,0,0,0,0,0,0,0,0,0
0.96179,0.93954,0.94553,0,0,0,0,0,0,0,0,0,0,0,0
0.95081,0.93653,0.94609,0,0,0,0,0,0,0,0,0,0,0,0
0.95476,0.96874,0.93834,0,0,0,0,0,0,0,0,0,0,0,0
0.96011,0.96111,0.94832,0,0,0,0,0,0,0,0,0,0,0,0
0.94386,0.94967,0.95114,0,0,0,0,0,0,0,0,0,0,0,0
0.96562,0.9613,0.93508,0,0,0,0,0,0,0,0,0,0,0,0
0.95938,0.95268,0.93029,0,0,0,0,0,0,0,0,0,0,0,0
0.96413,0.95615,0.94308,0,0,0,0,0,0,0,0,0,0,0,0
0.95347,0.94007,0.9589,0,0,0,0,0,0,0,0,0,0,0,0
0.95725,0.92976,0.94441,0,0,0,0,0,0,0,0,0,0,0,0
0.94756,0.94011,0.95045,0,0,0,0,0,0,0,0,0,0,0,0
0.94198,0.94461,0.94087,0,0,0,0,0,0,0,0,0,0,0,0
0.94233,0.94696,0.94038,0,0,0,0,0,0,0,0,0,0,0,0
0.95387,0.96884,0.9495,0,0,0,0,0,0,0,0,0,0,0,0
0.93872,0.99009,0.93463,0,0,0,0,0,0,0,0,0,0,0,0
0.95478,1.0015,0.96735,0,0,0,0,0,0,0,0,0,0,0,0
NaN,NaN,NaN,0,0,0,0,0,0,0,0,0,0,0,0
NaN,NaN,NaN,0,0,0,0,0,0,0,0,0,0,0,0
NaN,NaN,NaN,0,0,0,0,0,0,0,0,0,0,0,0
NaN,NaN,NaN,0,0,0,0,0,0,0,0,0,0,0,0
0.00039656,0.00038429,0.00057191,0,0,0,0,0,0,0,0,0,0,0,0
0.75445,1.1967,0.72848,0,0,0,0,0,0,0,0,0,0,0,0
0.18662,0.17909,0.17913,0,0,0,0,0,0,0,0,0,0,0,0
0.18671,0.12536,0.11439,0,0,0,0,0,0,0,0,0,0,0,0
0.11241,0.11007,0.10825,0,0,0,0,0,0,0,0,0,0,0,0
0.30449,0.14612,0.14152,0,0,0,0,0,0,0,0,0,0,0,0
0.097753,0.094734,0.089997,0,0,0,0,0,0,0,0,0,0,0,0
0.088165,0.089095,0.0857,0,0,0,0,0,0,0,0,0,0,0,0
0.093347,0.085584,0.08452,0,0,0,0,0,0,0,0,0,0,0,0
0.092365,0.082541,0.091199,0,0,0,0,0,0,0,0,0,0,0,0
0.089208,0.085332,0.085311,0,0,0,0,0,0,0,0,0,0,0,0
0.088248,0.083342,0.08511,0,0,0,0,0,0,0,0,0,0,0,0
0.091536,0.092104,0.091483,0,0,0,0,0,0,0,0,0,0,0,0
0.24186,0.092012,0.088329,0,0,0,0,0,0,0,0,0,0,0,0
0.089946,0.086512,0.086404,0,0,0,0,0,0,0,0,0,0,0,0
0.09532,0.08736,0.085202,0,0,0,0,0,0,0,0,0,0,0,0
0.093379,0.082486,0.084871,0,0,0,0,0,0,0,0,0,0,0,0
0.093468,0.083606,0.085929,0,0,0,0,0,0,0,0,0,0,0,0
0.087642,0.08786,0.091098,0,0,0,0,0,0,0,0,0,0,0,0
0.090322,0.08465,0.086934,0,0,0,0,0,0,0,0,0,0,0,0
0.086141,0.086173,0.084956,0,0,0,0,0,0,0,0,0,0,0,0
0.089066,0.085923,0.086404,0,0,0,0,0,0,0,0,0,0,0,0
0.083395,0.085609,0.084711,0,0,0,0,0,0,0,0,0,0,0,0
0.29893,0.084146,0.087947,0,0,0,0,0,0,0,0,0,0,0,0
0.09686,0.090379,0.086221,0,0,0,0,0,0,0,0,0,0,0,0
0.097944,0.086876,0.084617,0,0,0,0,0,0,0,0,0,0,0,0
0.08799,0.082326,0.084081,0,0,0,0,0,0,0,0,0,0,0,0
0.089048,0.083322,0.089585,0,0,0,0,0,0,0,0,0,0,0,0
0.09006,0.084877,0.084928,0,0,0,0,0,0,0,0,0,0,0,0
0.087071,0.096124,0.084647,0,0,0,0,0,0,0,0,0,0,0,0
0.088389,0.095347,0.085727,0,0,0,0,0,0,0,0,0,0,0,0
0.091241,0.090274,0.083708,0,0,0,0,0,0,0,0,0,0,0,0
0.089589,0.084024,0.083988,0,0,0,0,0,0,0,0,0,0,0,0
0.088718,0.08376,0.087074,0,0,0,0,0,0,0,0,0,0,0,0
0.086461,0.086603,0.083193,0,0,0,0,0,0,0,0,0,0,0,0
0.090753,0.082988,0.084293,0,0,0,0,0,0,0,0,0,0,0,0
0.089784,0.082599,0.085031,0,0,0,0,0,0,0,0,0,0,0,0
0.09137,0.085409,0.082626,0,0,0,0,0,0,0,0,0,0,0,0
0.086505,0.082908,0.081396,0,0,0,0,0,0,0,0,0,0,0,0
0.088305,0.082071,0.087298,0,0,0,0,0,0,0,0,0,0,0,0
0.17397,0.099502,0.097383,0,0,0,0,0,0,0,0,0,0,0,0
0.087328,0.081909,0.080109,0,0,0,0,0,0,0,0,0,0,0,0
0.086675,0.086305,0.088038,0,0,0,0,0,0,0,0,0,0,0,0
0.091216,0.084332,0.089053,0,0,0,0,0,0,0,0,0,0,0,0
0.088141,0.083928,0.084937,0,0,0,0,0,0,0,0,0,0,0,0
0.10004,0.10467,0.10209,0,0,0,0,0,0,0,0,0,0,0,0
0.10233,0.10948,0.10373,0,0,0,0,0,0,0,0,0,0,0,0
0.086923,0.086148,0.093925,0,0,0,0,0,0,0,0,0,0,0,0
0.088145,0.085437,0.096558,0,0,0,0,0,0,0,0,0,0,0,0
0.090271,0.08374,0.084492,0,0,0,0,0,0,0,0,0,0,0,0
0.085511,0.084225,0.083082,0,0,0,0,0,0,0,0,0,0,0,0
0.087841,0.082236,0.084203,0,0,0,0,0,0,0,0,0,0,0,0
0.087085,0.084947,0.085867,0,0,0,0,0,0,0,0,0,0,0,0
0.089044,0.081218,0.083912,0,0,0,0,0,0,0,0,0,0,0,0
0.087964,0.082854,0.088862,0,0,0,0,0,0,0,0,0,0,0,0
0.090289,0.080487,0.081338,0,0,0,0,0,0,0,0,0,0,0,0
0.090096,0.082783,0.083717,0,0,0,0,0,0,0,0,0,0,0,0
0.087285,0.084075,0.08436,0,0,0,0,0,0,0,0,0,0,0,0
0.089335,0.08153,0.084222,0,0,0,0,0,0,0,0,0,0,0,0
0.0877,0.081386,0.086817,0,0,0,0,0,0,0,0,0,0,0,0
0.093335,0.089381,0.089995,0,0,0,0,0,0,0,0,0,0,0,0
0.087044,0.091532,0.08775,0,0,0,0,0,0,0,0,0,0,0,0
0.088568,0.0833,0.084625,0,0,0,0,0,0,0,0,0,0,0,0
0.087726,0.082837,0.084451,0,0,0,0,0,0,0,0,0,0,0,0
0.090297,0.086046,0.093891,0,0,0,0,0,0,0,0,0,0,0,0
0.088952,0.082788,0.084456,0,0,0,0,0,0,0,0,0,0,0,0
0.084586,0.083501,0.08465,0,0,0,0,0,0,0,0,0,0,0,0
0.090825,0.083658,0.086769,0,0,0,0,0,0,0,0,0,0,0,0
0.086879,0.084213,0.085144,0,0,0,0,0,0,0,0,0,0,0,0
0.085142,0.08242,0.084742,0,0,0,0,0,0,0,0,0,0,0,0
0.086062,0.084103,0.085791,0,0,0,0,0,0,0,0,0,0,0,0
0.091734,0.082932,0.084946,0,0,0,0,0,0,0,0,0,0,0,0
0.087201,0.083904,0.087409,0,0,0,0,0,0,0,0,0,0,0,0
0.09027,0.085579,0.082431,0,0,0,0,0,0,0,0,0,0,0,0
0.087003,0.084872,0.080662,0,0,0,0,0,0,0,0,0,0,0,0
0.088749,0.084445,0.084229,0,0,0,0,0,0,0,0,0,0,0,0
0.08447,0.08208,0.084002,0,0,0,0,0,0,0,0,0,0,0,0
0.085407,0.081663,0.082419,0,0,0,0,0,0,0,0,0,0,0,0
0.089059,0.084601,0.086724,0,0,0,0,0,0,0,0,0,0,0,0
0.087343,0.084808,0.084161,0,0,0,0,0,0,0,0,0,0,0,0
0.082421,0.083356,0.083859,0,0,0,0,0,0,0,0,0,0,0,0
0.0868,0.082953,0.084625,0,0,0,0,0,0,0,0,0,0,0,0
0.084821,0.085732,0.087035,0,0,0,0,0,0,0,0,0,0,0,0
0.084393,0.086731,0.082205,0,0,0,0,0,0,0,0,0,0,0,0
0.084655,0.085313,0.088442,0,0,0,0,0,0,0,0,0,0,0,0
0.082454,0.085518,0.084662,0,0,0,0,0,0,0,0,0,0,0,0
0.084224,0.084643,0.083455,0,0,0,0,0,0,0,0,0,0,0,0
0.085486,0.081308,0.08196,0,0,0,0,0,0,0,0,0,0,0,0
0.086712,0.085463,0.082722,0,0,0,0,0,0,0,0,0,0,0,0
0.08477,0.086343,0.086318,0,0,0,0,0,0,0,0,0,0,0,0
0.085233,0.083556,0.081566,0,0,0,0,0,0,0,0,0,0,0,0
0.086156,0.081217,0.081267,0,0,0,0,0,0,0,0,0,0,0,0
0.087467,0.082919,0.089819,0,0,0,0,0,0,0,0,0,0,0,0
0.092863,0.082113,0.086249,0,0,0,0,0,0,0,0,0,0,0,0
0.086284,0.086084,0.085829,0,0,0,0,0,0,0,0,0,0,0,0
0.087423,0.082497,0.082741,0,0,0,0,0,0,0,0,0,0,0,0
0.085706,0.084334,0.089236,0,0,0,0,0,0,0,0,0,0,0,0
0.087406,0.086539,0.087411,0,0,0,0,0,0,0,0,0,0,0,0
0.08556,0.084364,0.085181,0,0,0,0,0,0,0,0,0,0,0,0
0.089555,0.083745,0.084527,0,0,0,0,0,0,0,0,0,0,0,0
0.083038,0.088384,0.084885,0,0,0,0,0,0,0,0,0,0,0,0
0.092544,0.087103,0.088561,0,0,0,0,0,0,0,0,0,0,0,0
0.094401,0.097014,0.094093,0,0,0,0,0,0,0,0,0,0,0,0
0.086324,0.090232,0.086098,0,0,0,0,0,0,0,0,0,0,0,0
0.089687,0.0849,0.082983,0,0,0,0,0,0,0,0,0,0,0,0
0.085618,0.086976,0.084029,0,0,0,0,0,0,0,0,0,0,0,0
0.085174,0.084895,0.085431,0,0,0,0,0,0,0,0,0,0,0,0
0.083827,0.086184,0.086739,0,0,0,0,0,0,0,0,0,0,0,0
0.087131,0.084164,0.085992,0,0,0,0,0,0,0,0,0,0,0,0
NaN,NaN,NaN,0,0,0,0,0,0,0,0,0,0,0,0
NaN,NaN,NaN,0,0,0,0,0,0,0,0,0,0,0,0
NaN,NaN,NaN,0,0,0,0,0,0,0,0,0,0,0,0
NaN,NaN,NaN,0,0,0,0,0,0,0,0,0,0,0,0
0.00039978,0.00040095,0.00042491,0,0,0,0,0,0,0,0,0,0,0,0
0.76785,0.78561,0.78118,0,0,0,0,0,0,0,0,0,0,0,0
0.21974,0.21309,0.21407,0,0,0,0,0,0,0,0,0,0,0,0
0.16962,0.16083,0.15709,0,0,0,0,0,0,0,0,0,0,0,0
0.1539,0.15633,0.14764,0,0,0,0,0,0,0,0,0,0,0,0
0.19379,0.19401,0.18627,0,0,0,0,0,0,0,0,0,0,0,0
0.13907,0.13534,0.1399,0,0,0,0,0,0,0,0,0,0,0,0
0.12748,0.13049,0.1308,0,0,0,0,0,0,0,0,0,0,0,0
0.13032,0.12571,0.12486,0,0,0,0,0,0,0,0,0,0,0,0
0.13537,0.13257,0.13251,0,0,0,0,0,0,0,0,0,0,0,0
0.12812,0.12599,0.1289,0,0,0,0,0,0,0,0,0,0,0,0
0.12736,0.13048,0.12862,0,0,0,0,0,0,0,0,0,0,0,0
0.13886,0.13428,0.13302,0,0,0,0,0,0,0,0,0,0,0,0
0.13418,0.13231,0.13161,0,0,0,0,0,0,0,0,0,0,0,0
0.12971,0.12954,0.12574,0,0,0,0,0,0,0,0,0,0,0,0
0.13073,0.12668,0.12991,0,0,0,0,0,0,0,0,0,0,0,0
0.13535,0.1351,0.13736,0,0,0,0,0,0,0,0,0,0,0,0
0.13371,0.1268,0.13473,0,0,0,0,0,0,0,0,0,0,0,0
0.13212,0.12512,0.13393,0,0,0,0,0,0,0,0,0,0,0,0
0.13443,0.13005,0.1453,0,0,0,0,0,0,0,0,0,0,0,0
0.13163,0.12873,0.13787,0,0,0,0,0,0,0,0,0,0,0,0
0.13415,0.13451,0.14475,0,0,0,0,0,0,0,0,0,0,0,0
0.13074,0.12859,0.13505,0,0,0,0,0,0,0,0,0,0,0,0
0.13127,0.13193,0.13294,0,0,0,0,0,0,0,0,0,0,0,0
0.13424,0.13085,0.13812,0,0,0,0,0,0,0,0,0,0,0,0
0.12679,0.12408,0.13515,0,0,0,0,0,0,0,0,0,0,0,0
0.12878,0.12495,0.12836,0,0,0,0,0,0,0,0,0,0,0,0
0.13233,0.12521,0.13059,0,0,0,0,0,0,0,0,0,0,0,0
0.12809,0.12876,0.12616,0,0,0,0,0,0,0,0,0,0,0,0
0.13437,0.12796,0.13186,0,0,0,0,0,0,0,0,0,0,0,0
0.13006,0.12931,0.1286,0,0,0,0,0,0,0,0,0,0,0,0
0.12798,0.12259,0.13139,0,0,0,0,0,0,0,0,0,0,0,0
0.13322,0.12301,0.12537,0,0,0,0,0,0,0,0,0,0,0,0
0.13708,0.13173,0.12911,0,0,0,0,0,0,0,0,0,0,0,0
0.12772,0.12561,0.12689,0,0,0,0,0,0,0,0,0,0,0,0
0.13131,0.13609,0.1306,0,0,0,0,0,0,0,0,0,0,0,0
0.12812,0.12427,0.12803,0,0,0,0,0,0,0,0,0,0,0,0
0.132,0.12784,0.13084,0,0,0,0,0,0,0,0,0,0,0,0
0.13138,0.13092,0.12746,0,0,0,0,0,0,0,0,0,0,0,0
0.13794,0.13779,0.13674,0,0,0,0,0,0,0,0,0,0,0,0
0.13038,0.1297,0.12672,0,0,0,0,0,0,0,0,0,0,0,0
0.13141,0.12712,0.12999,0,0,0,0,0,0,0,0,0,0,0,0
0.13085,0.12664,0.13436,0,0,0,0,0,0,0,0,0,0,0,0
0.12841,0.12746,0.13344,0,0,0,0,0,0,0,0,0,0,0,0
0.13035,0.12954,0.13951,0,0,0,0,0,0,0,0,0,0,0,0
0.14397,0.1524,0.16106,0,0,0,0,0,0,0,0,0,0,0,0
0.13745,0.14197,0.13035,0,0,0,0,0,0,0,0,0,0,0,0
0.13121,0.12991,0.13032,0,0,0,0,0,0,0,0,0,0,0,0
0.13435,0.12957,0.1276,0,0,0,0,0,0,0,0,0,0,0,0
0.13378,0.1299,0.13295,0,0,0,0,0,0,0,0,0,0,0,0
0.12879,0.13004,0.13423,0,0,0,0,0,0,0,0,0,0,0,0
0.13049,0.13098,0.12806,0,0,0,0,0,0,0,0,0,0,0,0
0.13107,0.13088,0.12928,0,0,0,0,0,0,0,0,0,0,0,0
0.13037,0.13252,0.1282,0,0,0,0,0,0,0,0,0,0,0,0
