0.000203
0.17463
0.11936
0.1229
0.46897
0.46002
0.52233
0.065437
0.61942
0.06474
0.62125
0.76484
0.76289
0.074721
0.077719
0.075362
0.76431
0.077774
0.078906
0.68278
0.066156
0.086454
0.79529
0.10156
0.070078
0.07789
0.082381
0.07135
0.10693
0.072483
0.083562
0.081673
0.77799
0.80491
0.14175
0.78939
0.082396
0.78613
0.23849
0.11591
0.14607
0.087449
0.087254
0.077928
0.091018
0.0812
0.098989
0.075069
0.083473
0.082522
0.078058
0.070016
0.15249
0.07541
0.088336
0.79579
0.086374
0.067942
0.77982
0.077548
0.80717
0.069768
0.077786
0.074567
0.79302
0.07447
0.081609
0.074299
0.086584
0.065268
0.075543
0.084861
0.079876
0.82251
0.78701
0.072836
0.071855
0.076867
0.069548
0.073016
0.074282
0.075921
0.074785
0.075294
0.091282
0.077023
0.084544
0.080753
0.082869
0.084997
0.086564
0.082751
0.085215
0.085649
0.071703
0.79489
0.078011
0.068998
0.095116
0.80092
0.79839
0.78556
0.083188
0.081311
0.78736
0.80446
0.075581
0.076697
0.072525
0.084872
0.086068
0.072877
0.092973
0.80499
0.07394
0.075372
0.091781
0.081744
0.070666
0.080213
0.070756
0.08427
0.076222
0.073266
0.069689
0.073085
0.79284
0.098571
0.79333
0.093003
0.08224
0.075221
0.079541
0.080004
0.072479
0.11288
0.079327
0.073397
0.085106
0.081013
0.076595
0.079457
0.080005
0.081819
0.78026
0.078591
0.082527
0.082977
0.088068
0.79224
0.79782
0.80487
0.095077
0.082068
0.083571
0.078622
0.11036
0.073786
0.077435
0.10387
0.78724
0.11738
0.085349
0.80149
0.095573
0.075464
0.095255
0.79708
0.091585
0.085106
0.069443
0.08836
0.083589
0.080088
0.79188
0.80902
0.086912
0.080142
0.10114
0.083525
0.79199
0.80398
0.11207
0.11101
0.79684
0.094403
0.071033
0.78551
0.097441
0.78633
0.07803
0.0918
0.78864
0.081431
0.79774
0.076984
0.075381
0.082577
0.083152
0.070813
0.083183
0.092148
0.80859
0.072527
0.075256
0.78876
0.93084
0.79375
0.080007
0.79924
0.78629
0.089025
0.80403
0.093823
0.18203
0.065938
0.7975
0.77844
0.087144
0.084199
0.085148
1.2149
1.1139
0.96346
0.81917
0.8151
0.086902
0.075027
0.07312
0.072172
0.068609
0.084231
0.077187
0.085465
0.079583
0.072034
0.065319
1.2137
0.12796
0.1059
0.096691
0.091938
0.79001
0.073158
0.070836
0.77034
0.065008
0.75021
0.061614
0.076622
1.0995
0.16804
0.057028
0.066019
0.059323
0.065902
0.73744
0.06491
0.068026
1.0042
0.10759
0.061416
0.060679
0.072169
0.062095
0.058465
0.062104
0.06086
0.058519
0.062789
0.058397
0.054677
0.061967
0.057875
0.057178
0.058608
0.056856
0.060832
0.061617
0.060373
0.05333
0.055009
0.053708
0.060423
0.76026
0.74282
0.74997
0.75957
0.093718
0.058234
0.06247
0.74945
0.060734
0.73487
0.052879
0.0497
0.052955
0.056897
0.049337
0.063477
0.056952
0.052826
0.048768
0.057541
0.056733
0.051985
0.056494
0.050625
0.053445
0.050745
