1
524.0000,57.0000,26.0000,26.0000
523.0000,64.0000,26.0000,26.0000
518.0000,79.0000,26.0000,26.0000
519.0000,89.0000,26.0000,26.0000
516.0000,105.5000,26.0000,26.0000
515.0000,115.0000,26.0000,26.0000
514.0000,124.0000,26.0000,26.0000
508.0000,139.0000,26.0000,26.0000
507.0000,152.0000,26.0000,26.0000
516.0000,162.0000,26.0000,27.0000
526.0000,169.0000,26.0000,27.0000
535.0000,173.0000,26.0000,27.0000
544.0000,184.0000,26.0000,27.0000
555.0000,189.0000,26.0000,27.0000
567.0000,200.0000,26.0000,27.0000
573.0000,207.0000,26.0000,27.0000
577.0000,219.0000,26.0000,27.0000
586.0000,229.0000,26.0000,27.0000
592.0000,236.0000,30.0000,31.0000
598.0000,250.0000,30.0000,31.0000
600.0000,259.0000,30.0000,31.0000
602.0000,264.0000,33.0000,28.0000
605.0000,260.0000,33.0000,28.0000
609.0000,260.0000,33.0000,28.0000
613.0000,261.0000,33.0000,28.0000
617.0000,261.0000,33.0000,28.0000
619.0000,262.0000,33.0000,28.0000
624.0000,266.0000,33.0000,28.0000
620.0000,268.0000,33.0000,28.0000
629.0000,267.0000,33.0000,28.0000
631.0000,265.0000,33.0000,28.0000
630.0000,262.0000,33.0000,28.0000
634.0000,263.0000,33.0000,28.0000
632.0000,263.0000,33.0000,28.0000
635.0000,267.0000,33.0000,28.0000
634.0000,269.0000,33.0000,28.0000
635.0000,273.0000,33.0000,28.0000
641.0000,272.0000,33.0000,28.0000
640.0000,273.0000,33.0000,28.0000
642.0000,271.0000,33.0000,28.0000
