1
262.5000,79.5000,34.5000,54.0000
258.0000,78.0000,34.5000,54.0000
253.5000,76.5000,34.5000,54.0000
249.0000,73.5000,34.5000,54.0000
243.0000,72.0000,34.5000,54.0000
235.5000,69.0000,34.5000,54.0000
2
0
0
0
0
1
256.5000,69.0000,31.5000,57.0000
255.0000,72.0000,31.5000,57.0000
250.5000,70.5000,31.5000,57.0000
244.5000,70.5000,31.5000,57.0000
240.0000,70.5000,31.5000,57.0000
234.0000,70.5000,31.5000,57.0000
229.5000,70.5000,31.5000,57.0000
229.5000,72.0000,31.5000,57.0000
229.5000,73.5000,31.5000,57.0000
232.5000,75.0000,31.5000,57.0000
231.0000,75.0000,31.5000,57.0000
234.0000,76.5000,31.5000,57.0000
267.0000,69.0000,31.5000,57.0000
238.5000,76.5000,31.5000,57.0000
240.0000,76.5000,31.5000,57.0000
241.5000,78.0000,31.5000,57.0000
241.5000,76.5000,31.5000,57.0000
238.5000,73.5000,31.5000,57.0000
235.5000,69.0000,31.5000,57.0000
234.0000,69.0000,31.5000,57.0000
231.0000,67.5000,31.5000,57.0000
228.0000,67.5000,31.5000,57.0000
222.0000,69.0000,31.5000,57.0000
2
0
0
0
0
1
226.5000,70.5000,28.5000,69.0000
226.5000,72.0000,28.5000,69.0000
226.5000,73.5000,28.5000,69.0000
226.5000,73.5000,28.5000,69.0000
226.5000,73.5000,28.5000,69.0000
228.0000,75.0000,28.5000,69.0000
229.5000,76.5000,28.5000,69.0000
232.5000,78.0000,28.5000,69.0000
235.5000,78.0000,28.5000,69.0000
238.5000,78.0000,28.5000,69.0000
244.5000,84.0000,28.5000,69.0000
241.5000,84.0000,28.5000,69.0000
232.5000,82.5000,28.5000,69.0000
226.5000,81.0000,28.5000,69.0000
220.5000,81.0000,28.5000,69.0000
217.5000,79.5000,28.5000,69.0000
214.5000,78.0000,28.5000,69.0000
213.0000,75.0000,28.5000,69.0000
211.5000,73.5000,28.5000,69.0000
213.0000,72.0000,28.5000,69.0000
214.5000,72.0000,28.5000,69.0000
217.5000,73.5000,28.5000,69.0000
220.5000,72.0000,28.5000,69.0000
229.5000,81.0000,28.5000,69.0000
231.0000,79.5000,28.5000,69.0000
234.0000,81.0000,28.5000,69.0000
228.0000,75.0000,28.5000,69.0000
226.5000,76.5000,28.5000,69.0000
225.0000,78.0000,28.5000,69.0000
225.0000,78.0000,28.5000,69.0000
225.0000,78.0000,28.5000,69.0000
225.0000,78.0000,28.5000,69.0000
226.5000,78.0000,28.5000,69.0000
228.0000,78.0000,28.5000,69.0000
232.5000,81.0000,28.5000,69.0000
237.0000,82.5000,28.5000,69.0000
247.5000,90.0000,28.5000,69.0000
249.0000,88.5000,28.5000,69.0000
252.0000,90.0000,28.5000,69.0000
249.0000,82.5000,28.5000,69.0000
247.5000,87.0000,28.5000,69.0000
247.5000,88.5000,28.5000,69.0000
246.0000,88.5000,28.5000,69.0000
244.5000,87.0000,28.5000,69.0000
241.5000,85.5000,28.5000,69.0000
237.0000,82.5000,28.5000,69.0000
234.0000,81.0000,28.5000,69.0000
229.5000,79.5000,28.5000,69.0000
229.5000,78.0000,28.5000,69.0000
235.5000,85.5000,28.5000,69.0000
237.0000,82.5000,28.5000,69.0000
238.5000,82.5000,28.5000,69.0000
241.5000,84.0000,28.5000,69.0000
238.5000,78.0000,28.5000,69.0000
240.0000,81.0000,28.5000,69.0000
243.0000,81.0000,28.5000,69.0000
244.5000,79.5000,28.5000,69.0000
246.0000,79.5000,28.5000,69.0000
249.0000,81.0000,28.5000,69.0000
250.5000,79.5000,28.5000,69.0000
253.5000,81.0000,28.5000,69.0000
255.0000,79.5000,28.5000,69.0000
253.5000,75.0000,28.5000,69.0000
253.5000,82.5000,28.5000,69.0000
244.5000,79.5000,28.5000,69.0000
237.0000,78.0000,28.5000,69.0000
222.0000,67.5000,28.5000,69.0000
213.0000,69.0000,28.5000,69.0000
208.5000,67.5000,28.5000,69.0000
207.0000,63.0000,28.5000,69.0000
207.0000,63.0000,28.5000,69.0000
208.5000,63.0000,28.5000,69.0000
211.5000,63.0000,28.5000,69.0000
213.0000,64.5000,28.5000,69.0000
219.0000,67.5000,28.5000,69.0000
226.5000,67.5000,28.5000,69.0000
238.5000,78.0000,28.5000,69.0000
243.0000,78.0000,28.5000,69.0000
247.5000,78.0000,28.5000,69.0000
249.0000,72.0000,28.5000,69.0000
255.0000,75.0000,28.5000,69.0000
259.5000,76.5000,28.5000,69.0000
264.0000,76.5000,28.5000,69.0000
268.5000,75.0000,28.5000,69.0000
273.0000,75.0000,28.5000,69.0000
279.0000,76.5000,28.5000,69.0000
282.0000,78.0000,28.5000,69.0000
286.5000,79.5000,28.5000,69.0000
292.5000,79.5000,28.5000,69.0000
295.5000,79.5000,28.5000,69.0000
307.5000,90.0000,28.5000,69.0000
307.5000,81.0000,28.5000,69.0000
309.0000,85.5000,28.5000,69.0000
309.0000,88.5000,28.5000,69.0000
309.0000,88.5000,28.5000,69.0000
306.0000,87.0000,28.5000,69.0000
303.0000,85.5000,28.5000,69.0000
300.0000,84.0000,28.5000,69.0000
295.5000,85.5000,28.5000,69.0000
291.0000,85.5000,28.5000,69.0000
288.0000,84.0000,28.5000,69.0000
285.0000,82.5000,28.5000,69.0000
288.0000,87.0000,28.5000,69.0000
286.5000,82.5000,28.5000,69.0000
283.5000,81.0000,28.5000,69.0000
279.0000,73.5000,28.5000,69.0000
277.5000,75.0000,28.5000,69.0000
276.0000,76.5000,28.5000,69.0000
274.5000,78.0000,28.5000,69.0000
276.0000,78.0000,28.5000,69.0000
274.5000,76.5000,28.5000,69.0000
277.5000,78.0000,28.5000,69.0000
280.5000,79.5000,28.5000,69.0000
285.0000,79.5000,28.5000,69.0000
288.0000,79.5000,28.5000,69.0000
291.0000,79.5000,28.5000,69.0000
300.0000,85.5000,28.5000,69.0000
301.5000,84.0000,28.5000,69.0000
301.5000,82.5000,28.5000,69.0000
300.0000,81.0000,28.5000,69.0000
300.0000,81.0000,28.5000,69.0000
300.0000,81.0000,28.5000,69.0000
300.0000,81.0000,28.5000,69.0000
301.5000,82.5000,28.5000,69.0000
301.5000,82.5000,28.5000,69.0000
300.0000,82.5000,28.5000,69.0000
298.5000,82.5000,28.5000,69.0000
300.0000,82.5000,28.5000,69.0000
300.0000,82.5000,28.5000,69.0000
307.5000,87.0000,28.5000,69.0000
309.0000,85.5000,28.5000,69.0000
309.0000,84.0000,28.5000,69.0000
309.0000,79.5000,28.5000,69.0000
309.0000,81.0000,28.5000,69.0000
310.5000,79.5000,28.5000,69.0000
310.5000,79.5000,28.5000,69.0000
312.0000,78.0000,28.5000,69.0000
313.5000,78.0000,28.5000,69.0000
315.0000,78.0000,28.5000,69.0000
316.5000,78.0000,28.5000,69.0000
319.5000,78.0000,28.5000,69.0000
322.5000,78.0000,28.5000,69.0000
325.5000,78.0000,28.5000,69.0000
333.0000,82.5000,28.5000,69.0000
333.0000,82.5000,28.5000,69.0000
331.5000,81.0000,28.5000,69.0000
328.5000,76.5000,28.5000,69.0000
330.0000,79.5000,28.5000,69.0000
331.5000,79.5000,28.5000,69.0000
333.0000,79.5000,28.5000,69.0000
331.5000,76.5000,28.5000,69.0000
331.5000,76.5000,28.5000,69.0000
333.0000,76.5000,28.5000,69.0000
336.0000,79.5000,28.5000,69.0000
339.0000,79.5000,28.5000,69.0000
342.0000,79.5000,28.5000,69.0000
345.0000,81.0000,28.5000,69.0000
355.5000,88.5000,28.5000,69.0000
358.5000,90.0000,28.5000,69.0000
357.0000,91.5000,28.5000,69.0000
354.0000,91.5000,28.5000,69.0000
354.0000,91.5000,28.5000,69.0000
351.0000,91.5000,28.5000,69.0000
346.5000,90.0000,28.5000,69.0000
342.0000,90.0000,28.5000,69.0000
337.5000,90.0000,28.5000,69.0000
333.0000,91.5000,28.5000,69.0000
330.0000,93.0000,28.5000,69.0000
328.5000,93.0000,28.5000,69.0000
327.0000,93.0000,28.5000,69.0000
325.5000,91.5000,28.5000,69.0000
333.0000,97.5000,28.5000,69.0000
330.0000,96.0000,28.5000,69.0000
328.5000,91.5000,28.5000,69.0000
328.5000,94.5000,28.5000,69.0000
331.5000,94.5000,28.5000,69.0000
333.0000,94.5000,28.5000,69.0000
334.5000,94.5000,28.5000,69.0000
336.0000,94.5000,28.5000,69.0000
337.5000,94.5000,28.5000,69.0000
340.5000,96.0000,28.5000,69.0000
342.0000,97.5000,28.5000,69.0000
343.5000,97.5000,28.5000,69.0000
345.0000,97.5000,28.5000,69.0000
345.0000,96.0000,28.5000,69.0000
354.0000,102.0000,28.5000,69.0000
351.0000,100.5000,28.5000,69.0000
352.5000,99.0000,28.5000,69.0000
352.5000,99.0000,28.5000,69.0000
351.0000,100.5000,28.5000,69.0000
349.5000,100.5000,28.5000,69.0000
345.0000,97.5000,28.5000,69.0000
348.0000,100.5000,28.5000,69.0000
345.0000,97.5000,28.5000,69.0000
346.5000,99.0000,28.5000,69.0000
351.0000,100.5000,28.5000,69.0000
351.0000,99.0000,28.5000,69.0000
352.5000,99.0000,28.5000,69.0000
352.5000,99.0000,28.5000,69.0000
355.5000,99.0000,28.5000,69.0000
360.0000,99.0000,28.5000,69.0000
363.0000,100.5000,28.5000,69.0000
367.5000,102.0000,28.5000,69.0000
369.0000,102.0000,28.5000,69.0000
370.5000,102.0000,28.5000,69.0000
367.5000,100.5000,28.5000,69.0000
369.0000,102.0000,28.5000,69.0000
364.5000,100.5000,28.5000,69.0000
364.5000,100.5000,28.5000,69.0000
366.0000,102.0000,28.5000,69.0000
364.5000,100.5000,28.5000,69.0000
364.5000,99.0000,28.5000,69.0000
361.5000,97.5000,28.5000,69.0000
361.5000,97.5000,28.5000,69.0000
363.0000,97.5000,28.5000,69.0000
366.0000,100.5000,28.5000,69.0000
364.5000,99.0000,28.5000,69.0000
361.5000,99.0000,28.5000,69.0000
357.0000,97.5000,28.5000,69.0000
352.5000,94.5000,28.5000,69.0000
351.0000,94.5000,28.5000,69.0000
348.0000,93.0000,28.5000,69.0000
348.0000,94.5000,28.5000,69.0000
346.5000,94.5000,28.5000,69.0000
346.5000,94.5000,28.5000,69.0000
343.5000,93.0000,28.5000,69.0000
343.5000,91.5000,28.5000,69.0000
343.5000,91.5000,28.5000,69.0000
343.5000,93.0000,28.5000,69.0000
345.0000,93.0000,28.5000,69.0000
346.5000,93.0000,28.5000,69.0000
348.0000,94.5000,28.5000,69.0000
349.5000,96.0000,28.5000,69.0000
351.0000,96.0000,28.5000,69.0000
352.5000,97.5000,28.5000,69.0000
354.0000,97.5000,28.5000,69.0000
355.5000,97.5000,28.5000,69.0000
357.0000,99.0000,28.5000,69.0000
358.5000,100.5000,28.5000,69.0000
360.0000,100.5000,28.5000,69.0000
360.0000,100.5000,28.5000,69.0000
360.0000,100.5000,28.5000,69.0000
360.0000,100.5000,28.5000,69.0000
361.5000,100.5000,28.5000,69.0000
363.0000,100.5000,28.5000,69.0000
364.5000,100.5000,28.5000,69.0000
367.5000,102.0000,28.5000,69.0000
372.0000,100.5000,28.5000,69.0000
378.0000,100.5000,28.5000,69.0000
384.0000,99.0000,28.5000,69.0000
388.5000,97.5000,28.5000,69.0000
