6.5e-05
0.13888
0.037171
0.036946
0.036922
0.037048
0.038769
0.039765
0.038973
0.036564
0.036329
0.039697
0.040066
0.036566
0.042079
0.043696
0.041805
0.038391
0.042291
0.041421
0.036458
0.043128
0.039039
0.038702
0.039251
0.046063
0.036245
0.046419
0.036125
0.035911
0.035925
0.036947
0.036317
0.035843
0.038133
0.037128
0.037195
0.038754
0.04026
0.040494
0.043113
0.039161
0.039084
0.039517
0.037339
0.043652
0.038678
0.036123
0.038126
0.035766
0.038545
0.036508
0.038591
0.038614
0.037579
0.040441
0.037862
0.039796
0.041158
0.036807
0.040478
0.038227
0.039218
0.040788
0.037099
0.042179
0.039191
0.040571
0.042507
0.038791
0.044232
0.042472
0.044731
0.037899
0.037886
0.037641
0.039243
0.041361
0.042476
0.043796
0.038071
0.038163
0.038236
0.038957
0.038421
0.040362
0.040604
0.042812
0.042381
0.044051
0.04944
0.045297
0.045434
0.046545
0.04307
0.041881
0.048937
0.040775
0.040664
0.041935
0.042123
0.041671
0.041625
0.049709
0.043384
0.0447
0.041758
0.04101
0.041171
0.048115
0.048516
0.046991
0.04133
0.042073
0.043275
0.041406
0.043414
0.041272
0.042482
0.042413
0.043083
0.047332
0.047045
0.043925
0.042944
0.043064
0.042288
0.043167
0.042424
0.041349
0.048867
