0.41262
0.055773
0.013431
0.013089
0.012478
0.012386
0.012167
0.012295
0.012363
0.011909
0.011917
0.012017
0.011861
0.011794
0.011916
0.011881
0.011909
0.011825
0.011696
0.011629
0.011766
0.011779
0.011635
0.011617
0.011813
0.01162
0.011738
0.011537
0.011643
0.011809
0.011974
0.011693
0.012206
0.011696
0.011558
0.011646
0.011747
0.011579
0.011554
0.01222
0.011533
0.011575
0.011586
0.011735
0.01197
0.011743
0.011517
0.01146
0.011826
0.011786
0.011667
0.011543
0.011821
0.011688
0.011766
0.011709
0.011678
0.011663
0.011646
0.011746
0.011478
0.011749
0.011675
0.011581
0.011792
0.011812
0.011565
0.01163
0.011699
0.01161
0.011674
0.011798
0.011588
0.011595
0.01163
0.011627
0.011594
0.011572
0.011886
0.011605
0.011529
0.011613
0.011703
0.011625
0.012253
0.011637
0.011556
0.011554
0.011636
0.011568
0.011487
0.01173
0.011698
0.011555
0.011553
0.011771
0.011694
0.011565
0.01168
0.011734
0.011631
0.011599
0.011526
0.011515
0.011704
0.011634
0.011521
0.011665
0.011593
0.011511
0.011482
0.011645
0.011836
0.011793
0.011897
0.011868
0.012378
0.011863
0.011626
0.011668
0.011662
0.011719
0.011556
0.011659
0.011612
0.011865
0.011645
0.011667
0.011726
0.011674
0.011705
0.011805
0.011686
0.011607
0.011761
0.01162
0.011849
0.011702
0.011702
0.011631
0.011713
0.011937
0.011946
0.0119
0.011735
0.011924
0.011723
0.012079
0.011704
0.011859
0.011765
0.011778
0.011806
0.011719
0.011727
0.011704
0.011669
0.011966
0.011758
0.011681
0.011748
0.011772
0.011654
0.011729
0.011664
0.011706
0.011755
0.011692
0.011846
0.011891
0.011926
0.011741
0.011802
0.011941
0.01195
0.011795
0.011761
0.011701
0.011981
0.011787
0.011877
0.011852
0.011778
0.012053
0.011835
0.011743
0.011841
0.011888
0.011906
0.011841
0.011893
0.011816
0.011697
0.011706
0.011753
0.011927
0.011664
0.011827
0.011738
0.011962
0.011942
0.011814
0.011841
0.012239
0.011826
0.011697
0.011769
0.011777
0.0118
0.011729
0.01185
0.01178
0.011849
0.011849
0.012
0.011806
0.01178
0.011821
0.011815
0.0119
0.011726
0.011793
0.011709
0.011826
0.011749
0.011854
0.011845
0.01196
0.011909
0.011874
0.011892
0.011905
0.011909
0.011977
0.0119
0.011834
0.011974
0.011986
0.011833
0.011844
0.012065
0.012024
0.011956
0.011865
0.011993
0.01192
0.011866
0.011892
0.012069
0.01193
0.011856
