1
592.0000,297.0000,192.0000,211.0000
595.0000,290.0000,194.0000,213.0000
595.0000,290.0000,194.0000,213.0000
595.0000,290.0000,194.0000,213.0000
595.0000,290.0000,194.0000,213.0000
595.0000,290.0000,194.0000,213.0000
595.0000,290.0000,194.0000,213.0000
595.0000,290.0000,194.0000,213.0000
595.0000,290.0000,194.0000,213.0000
595.0000,290.0000,194.0000,213.0000
595.0000,290.0000,194.0000,213.0000
595.0000,290.0000,194.0000,213.0000
595.0000,290.0000,194.0000,213.0000
595.0000,290.0000,194.0000,213.0000
595.0000,290.0000,194.0000,213.0000
595.0000,290.0000,194.0000,213.0000
551.0000,281.0000,192.0000,211.0000
551.0000,281.0000,192.0000,211.0000
551.0000,281.0000,192.0000,211.0000
551.0000,281.0000,192.0000,211.0000
551.0000,281.0000,192.0000,211.0000
551.0000,281.0000,192.0000,211.0000
551.0000,281.0000,192.0000,211.0000
551.0000,281.0000,192.0000,211.0000
551.0000,281.0000,192.0000,211.0000
551.0000,281.0000,192.0000,211.0000
551.0000,281.0000,192.0000,211.0000
551.0000,281.0000,192.0000,211.0000
551.0000,281.0000,192.0000,211.0000
551.0000,281.0000,192.0000,211.0000
551.0000,281.0000,192.0000,211.0000
551.0000,281.0000,192.0000,211.0000
680.0000,154.0000,194.0000,213.0000
680.0000,154.0000,194.0000,213.0000
680.0000,154.0000,194.0000,213.0000
680.0000,154.0000,194.0000,213.0000
680.0000,154.0000,194.0000,213.0000
680.0000,154.0000,194.0000,213.0000
680.0000,154.0000,194.0000,213.0000
680.0000,154.0000,194.0000,213.0000
680.0000,154.0000,194.0000,213.0000
680.0000,154.0000,194.0000,213.0000
680.0000,154.0000,194.0000,213.0000
680.0000,154.0000,194.0000,213.0000
680.0000,154.0000,194.0000,213.0000
680.0000,154.0000,194.0000,213.0000
680.0000,154.0000,194.0000,213.0000
666.0000,74.0000,189.0000,206.0000
666.0000,74.0000,189.0000,206.0000
666.0000,74.0000,189.0000,206.0000
2
0
0
0
0
0
0
0
0
0
