1
291.0000,156.0000,87.0000,194.0000
291.0000,155.0000,87.0000,196.0000
290.0000,154.0000,88.0000,196.0000
290.0000,154.0000,86.0000,193.0000
289.0000,153.0000,87.0000,192.0000
290.0000,152.0000,85.0000,190.0000
289.0000,151.0000,88.0000,193.0000
289.0000,152.0000,89.0000,190.0000
284.0000,151.0000,94.0000,195.0000
286.0000,155.0000,87.0000,194.0000
284.0000,159.0000,90.0000,186.0000
284.0000,161.0000,83.0000,184.0000
279.0000,157.0000,91.0000,193.0000
276.0000,153.0000,100.0000,201.0000
278.0000,156.0000,90.0000,190.0000
275.0000,155.0000,87.0000,191.0000
272.0000,153.0000,91.0000,199.0000
272.0000,153.0000,88.0000,197.0000
269.0000,151.0000,91.0000,201.0000
266.0000,148.0000,95.0000,210.0000
259.0000,147.0000,101.0000,212.0000
251.0000,147.0000,99.0000,214.0000
251.0000,145.0000,101.0000,209.0000
254.0000,152.0000,82.0000,184.0000
241.0000,137.0000,119.0000,223.0000
248.0000,150.0000,82.0000,181.0000
243.0000,143.0000,98.0000,204.0000
236.0000,133.0000,116.0000,222.0000
238.0000,140.0000,101.0000,208.0000
236.0000,134.0000,107.0000,224.0000
229.0000,136.0000,106.0000,217.0000
226.0000,132.0000,111.0000,225.0000
222.0000,131.0000,114.0000,226.0000
231.0000,134.0000,95.0000,211.0000
224.0000,134.0000,104.0000,210.0000
218.0000,130.0000,112.0000,214.0000
214.0000,130.0000,115.0000,214.0000
212.0000,129.0000,116.0000,215.0000
223.0000,134.0000,92.0000,197.0000
0
0
0
0
0
0
0
0
0
0
0
0
0
0
0
0
0
0
0
0
0
0
0
0
0
0
0
0
0
0
0
0
0
0
0
0
0
0
0
0
0
0
0
0
0
0
0
0
0
0
0
0
0
0
0
0
0
0
0
0
0
0
0
0
0
0
0
0
0
0
0
0
0
0
0
0
0
0
0
0
0
0
0
0
0
0
0
0
0
0
0
0
0
0
0
0
0
0
0
0
0
0
0
0
0
0
0
0
0
0
0
0
0
0
0
0
0
0
0
0
0
0
0
0
0
-199.0000,8.0000,661.0000,513.0000
0
0
0
0
0
0
0
0
168.0000,10.0000,365.0000,769.0000
0
0
0
0
0
0
0
0
0
0
0
0
0
0
0
0
0
0
0
0
0
0
0
0
0
0
0
0
0
0
0
0
0
0
0
0
0
-2.0000,98.0000,371.0000,612.0000
0
5.0000,99.0000,367.0000,608.0000
0
248.0000,143.0000,197.0000,227.0000
0
0
252.0000,150.0000,120.0000,210.0000
0
0
0
0
0
0
276.0000,167.0000,94.0000,190.0000
231.0000,181.0000,136.0000,161.0000
0
0
0
2
0
0
0
0
1
371.0000,108.0000,62.0000,213.0000
371.0000,108.0000,63.0000,215.0000
371.0000,109.0000,63.0000,212.0000
371.0000,109.0000,63.0000,213.0000
370.0000,109.0000,65.0000,214.0000
368.0000,109.0000,69.0000,215.0000
367.0000,110.0000,70.0000,214.0000
366.0000,110.0000,71.0000,214.0000
364.0000,111.0000,73.0000,214.0000
363.0000,111.0000,75.0000,214.0000
363.0000,111.0000,74.0000,215.0000
361.0000,111.0000,76.0000,215.0000
362.0000,112.0000,74.0000,213.0000
363.0000,113.0000,71.0000,213.0000
366.0000,113.0000,68.0000,213.0000
370.0000,120.0000,62.0000,204.0000
321.0000,129.0000,126.0000,206.0000
347.0000,121.0000,98.0000,212.0000
335.0000,114.0000,116.0000,225.0000
392.0000,147.0000,60.0000,179.0000
366.0000,89.0000,87.0000,244.0000
383.0000,107.0000,65.0000,222.0000
345.0000,112.0000,99.0000,216.0000
314.0000,155.0000,117.0000,174.0000
311.0000,156.0000,119.0000,173.0000
114.0000,145.0000,325.0000,192.0000
121.0000,150.0000,315.0000,186.0000
103.0000,-11.0000,372.0000,361.0000
112.0000,146.0000,323.0000,191.0000
309.0000,115.0000,128.0000,216.0000
124.0000,1.0000,344.0000,348.0000
302.0000,117.0000,132.0000,215.0000
299.0000,118.0000,134.0000,214.0000
295.0000,118.0000,136.0000,214.0000
0
0
0
0
-952.0000,-275.0000,5640.0000,4735.0000
0
0
0
0
0
0
287.0000,-673.0000,396.0000,1070.0000
0
0
0
0
0
0
0
0
-438.0000,-2443.0000,1119.0000,2850.0000
-228.0000,-3071.0000,1757.0000,3660.0000
-239.0000,-3098.0000,1781.0000,3691.0000
0
0
0
0
0
0
0
0
0
0
0
0
0
0
0
0
0
0
0
0
238.0000,27.0000,229.0000,255.0000
0
0
0
233.0000,23.0000,230.0000,257.0000
0
0
0
-188.0000,-74.0000,720.0000,345.0000
0
0
0
0
311.0000,58.0000,111.0000,206.0000
305.0000,61.0000,112.0000,203.0000
309.0000,66.0000,93.0000,203.0000
306.0000,67.0000,99.0000,204.0000
124.0000,218.0000,226.0000,95.0000
0
0
0
0
0
0
0
0
0
291.0000,64.0000,93.0000,48.0000
0
0
0
0
-534.0000,-1190.0000,2478.0000,4890.0000
0
0
0
2
0
0
0
0
1
287.0000,63.0000,127.0000,290.0000
288.0000,61.0000,129.0000,294.0000
289.0000,60.0000,130.0000,296.0000
288.0000,58.0000,134.0000,303.0000
291.0000,58.0000,134.0000,302.0000
293.0000,58.0000,135.0000,303.0000
318.0000,66.0000,135.0000,307.0000
332.0000,73.0000,128.0000,283.0000
338.0000,74.0000,127.0000,283.0000
343.0000,75.0000,129.0000,282.0000
