0.001835,0.000421,0.000405,0,0,0,0,0,0,0,0,0,0,0,0
1.3736,1.2868,0.66353,0,0,0,0,0,0,0,0,0,0,0,0
0.15203,0.10596,0.076213,0,0,0,0,0,0,0,0,0,0,0,0
0.085246,0.13815,0.074815,0,0,0,0,0,0,0,0,0,0,0,0
0.092357,0.079046,0.071913,0,0,0,0,0,0,0,0,0,0,0,0
0.10161,0.087315,0.072662,0,0,0,0,0,0,0,0,0,0,0,0
0.094895,0.10189,0.072837,0,0,0,0,0,0,0,0,0,0,0,0
0.17696,0.10118,0.074392,0,0,0,0,0,0,0,0,0,0,0,0
0.088237,0.14833,0.072356,0,0,0,0,0,0,0,0,0,0,0,0
0.087441,0.11579,0.071721,0,0,0,0,0,0,0,0,0,0,0,0
0.10776,0.15422,0.079079,0,0,0,0,0,0,0,0,0,0,0,0
0.094294,0.11396,0.071983,0,0,0,0,0,0,0,0,0,0,0,0
NaN,NaN,NaN,0,0,0,0,0,0,0,0,0,0,0,0
NaN,NaN,NaN,0,0,0,0,0,0,0,0,0,0,0,0
NaN,NaN,NaN,0,0,0,0,0,0,0,0,0,0,0,0
NaN,NaN,NaN,0,0,0,0,0,0,0,0,0,0,0,0
0.000799,0.000457,0.000406,0,0,0,0,0,0,0,0,0,0,0,0
1.147,1.1276,0.66594,0,0,0,0,0,0,0,0,0,0,0,0
0.084131,0.10083,0.074831,0,0,0,0,0,0,0,0,0,0,0,0
0.10268,0.098917,0.073104,0,0,0,0,0,0,0,0,0,0,0,0
0.1037,0.11079,0.072558,0,0,0,0,0,0,0,0,0,0,0,0
0.093982,0.081706,0.072354,0,0,0,0,0,0,0,0,0,0,0,0
0.096797,0.096445,0.073392,0,0,0,0,0,0,0,0,0,0,0,0
0.10872,0.091041,0.072619,0,0,0,0,0,0,0,0,0,0,0,0
0.099365,0.091606,0.071306,0,0,0,0,0,0,0,0,0,0,0,0
0.097781,0.093359,0.072294,0,0,0,0,0,0,0,0,0,0,0,0
0.093409,0.1038,0.07195,0,0,0,0,0,0,0,0,0,0,0,0
0.10313,0.091156,0.073546,0,0,0,0,0,0,0,0,0,0,0,0
0.081003,0.091423,0.071927,0,0,0,0,0,0,0,0,0,0,0,0
0.098108,0.10647,0.072372,0,0,0,0,0,0,0,0,0,0,0,0
0.10935,0.090281,0.071682,0,0,0,0,0,0,0,0,0,0,0,0
0.12614,0.085993,0.072377,0,0,0,0,0,0,0,0,0,0,0,0
NaN,NaN,NaN,0,0,0,0,0,0,0,0,0,0,0,0
NaN,NaN,NaN,0,0,0,0,0,0,0,0,0,0,0,0
NaN,NaN,NaN,0,0,0,0,0,0,0,0,0,0,0,0
NaN,NaN,NaN,0,0,0,0,0,0,0,0,0,0,0,0
0.000848,0.000412,0.000438,0,0,0,0,0,0,0,0,0,0,0,0
1.2305,1.0381,0.74528,0,0,0,0,0,0,0,0,0,0,0,0
0.21942,0.20975,0.14521,0,0,0,0,0,0,0,0,0,0,0,0
0.10769,0.15616,0.083731,0,0,0,0,0,0,0,0,0,0,0,0
0.10359,0.1395,0.088073,0,0,0,0,0,0,0,0,0,0,0,0
0.10425,0.1488,0.08745,0,0,0,0,0,0,0,0,0,0,0,0
0.1023,0.18156,0.087548,0,0,0,0,0,0,0,0,0,0,0,0
0.10651,0.10028,0.085498,0,0,0,0,0,0,0,0,0,0,0,0
0.094141,0.09778,0.084085,0,0,0,0,0,0,0,0,0,0,0,0
0.11156,0.097021,0.08362,0,0,0,0,0,0,0,0,0,0,0,0
0.12837,0.092972,0.084125,0,0,0,0,0,0,0,0,0,0,0,0
0.099278,0.11417,0.08461,0,0,0,0,0,0,0,0,0,0,0,0
0.095681,0.10923,0.080805,0,0,0,0,0,0,0,0,0,0,0,0
0.10749,0.10932,0.081815,0,0,0,0,0,0,0,0,0,0,0,0
0.10083,0.11158,0.086603,0,0,0,0,0,0,0,0,0,0,0,0
0.088382,0.098356,0.086474,0,0,0,0,0,0,0,0,0,0,0,0
0.10985,0.10205,0.086374,0,0,0,0,0,0,0,0,0,0,0,0
0.10884,0.083766,0.083313,0,0,0,0,0,0,0,0,0,0,0,0
NaN,NaN,NaN,0,0,0,0,0,0,0,0,0,0,0,0
NaN,NaN,NaN,0,0,0,0,0,0,0,0,0,0,0,0
NaN,NaN,NaN,0,0,0,0,0,0,0,0,0,0,0,0
NaN,NaN,NaN,0,0,0,0,0,0,0,0,0,0,0,0
0.000417,0.001036,0.000385,0,0,0,0,0,0,0,0,0,0,0,0
0.86469,1.4425,0.66792,0,0,0,0,0,0,0,0,0,0,0,0
0.086547,0.14722,0.080855,0,0,0,0,0,0,0,0,0,0,0,0
0.031656,0.033647,0.031324,0,0,0,0,0,0,0,0,0,0,0,0
0.084082,0.10533,0.082116,0,0,0,0,0,0,0,0,0,0,0,0
0.084557,0.10736,0.080968,0,0,0,0,0,0,0,0,0,0,0,0
0.088855,0.1015,0.080387,0,0,0,0,0,0,0,0,0,0,0,0
0.10637,0.15322,0.081324,0,0,0,0,0,0,0,0,0,0,0,0
0.12802,0.10345,0.081584,0,0,0,0,0,0,0,0,0,0,0,0
0.11435,0.10356,0.082219,0,0,0,0,0,0,0,0,0,0,0,0
0.088136,0.11376,0.078768,0,0,0,0,0,0,0,0,0,0,0,0
NaN,NaN,NaN,0,0,0,0,0,0,0,0,0,0,0,0
NaN,NaN,NaN,0,0,0,0,0,0,0,0,0,0,0,0
NaN,NaN,NaN,0,0,0,0,0,0,0,0,0,0,0,0
NaN,NaN,NaN,0,0,0,0,0,0,0,0,0,0,0,0
0.00042,0.000705,0.000416,0,0,0,0,0,0,0,0,0,0,0,0
0.70613,1.1022,0.6672,0,0,0,0,0,0,0,0,0,0,0,0
0.081512,0.099862,0.078673,0,0,0,0,0,0,0,0,0,0,0,0
0.079826,0.091859,0.07659,0,0,0,0,0,0,0,0,0,0,0,0
0.079104,0.17782,0.078413,0,0,0,0,0,0,0,0,0,0,0,0
0.07652,0.1463,0.075402,0,0,0,0,0,0,0,0,0,0,0,0
0.076162,0.14871,0.074513,0,0,0,0,0,0,0,0,0,0,0,0
0.078632,0.12016,0.076324,0,0,0,0,0,0,0,0,0,0,0,0
0.077628,0.085585,0.076389,0,0,0,0,0,0,0,0,0,0,0,0
0.077137,0.098691,0.075309,0,0,0,0,0,0,0,0,0,0,0,0
0.076468,0.092267,0.074826,0,0,0,0,0,0,0,0,0,0,0,0
0.076257,0.088616,0.073368,0,0,0,0,0,0,0,0,0,0,0,0
0.076695,0.15319,0.074123,0,0,0,0,0,0,0,0,0,0,0,0
0.077557,0.10083,0.075344,0,0,0,0,0,0,0,0,0,0,0,0
0.076416,0.099708,0.075079,0,0,0,0,0,0,0,0,0,0,0,0
0.076513,0.10956,0.074535,0,0,0,0,0,0,0,0,0,0,0,0
0.076124,0.095497,0.074678,0,0,0,0,0,0,0,0,0,0,0,0
0.076976,0.099192,0.078274,0,0,0,0,0,0,0,0,0,0,0,0
0.077216,0.081572,0.079382,0,0,0,0,0,0,0,0,0,0,0,0
0.077061,0.097028,0.078353,0,0,0,0,0,0,0,0,0,0,0,0
0.076979,0.10953,0.078187,0,0,0,0,0,0,0,0,0,0,0,0
0.078188,0.12409,0.078457,0,0,0,0,0,0,0,0,0,0,0,0
0.077472,0.13577,0.076977,0,0,0,0,0,0,0,0,0,0,0,0
0.076385,0.10772,0.07461,0,0,0,0,0,0,0,0,0,0,0,0
0.079138,0.099346,0.07548,0,0,0,0,0,0,0,0,0,0,0,0
0.076102,0.096354,0.076016,0,0,0,0,0,0,0,0,0,0,0,0
NaN,NaN,NaN,0,0,0,0,0,0,0,0,0,0,0,0
NaN,NaN,NaN,0,0,0,0,0,0,0,0,0,0,0,0
NaN,NaN,NaN,0,0,0,0,0,0,0,0,0,0,0,0
NaN,NaN,NaN,0,0,0,0,0,0,0,0,0,0,0,0
0.000558,0.000925,0.000397,0,0,0,0,0,0,0,0,0,0,0,0
0.78629,1.2431,0.67413,0,0,0,0,0,0,0,0,0,0,0,0
0.083055,0.11807,0.078888,0,0,0,0,0,0,0,0,0,0,0,0
0.080708,0.10565,0.076218,0,0,0,0,0,0,0,0,0,0,0,0
0.081936,0.11954,0.074784,0,0,0,0,0,0,0,0,0,0,0,0
0.07913,0.099276,0.073638,0,0,0,0,0,0,0,0,0,0,0,0
0.080957,0.10822,0.076047,0,0,0,0,0,0,0,0,0,0,0,0
0.081263,0.10954,0.077056,0,0,0,0,0,0,0,0,0,0,0,0
0.080262,0.10009,0.076576,0,0,0,0,0,0,0,0,0,0,0,0
0.079549,0.095516,0.076408,0,0,0,0,0,0,0,0,0,0,0,0
0.079036,0.09862,0.07582,0,0,0,0,0,0,0,0,0,0,0,0
0.079421,0.10339,0.076527,0,0,0,0,0,0,0,0,0,0,0,0
0.080252,0.098902,0.076697,0,0,0,0,0,0,0,0,0,0,0,0
0.07992,0.12738,0.077264,0,0,0,0,0,0,0,0,0,0,0,0
0.078043,0.10862,0.07561,0,0,0,0,0,0,0,0,0,0,0,0
0.080072,0.10932,0.075479,0,0,0,0,0,0,0,0,0,0,0,0
0.086733,0.11916,0.081646,0,0,0,0,0,0,0,0,0,0,0,0
0.08194,0.095278,0.073951,0,0,0,0,0,0,0,0,0,0,0,0
0.08084,0.1003,0.074297,0,0,0,0,0,0,0,0,0,0,0,0
0.08253,0.093496,0.075059,0,0,0,0,0,0,0,0,0,0,0,0
0.081314,0.093234,0.074104,0,0,0,0,0,0,0,0,0,0,0,0
0.082188,0.093908,0.075266,0,0,0,0,0,0,0,0,0,0,0,0
0.081379,0.095039,0.075818,0,0,0,0,0,0,0,0,0,0,0,0
0.081454,0.10615,0.076149,0,0,0,0,0,0,0,0,0,0,0,0
0.078069,0.096671,0.074658,0,0,0,0,0,0,0,0,0,0,0,0
0.078672,0.1091,0.076969,0,0,0,0,0,0,0,0,0,0,0,0
0.078659,0.11746,0.074619,0,0,0,0,0,0,0,0,0,0,0,0
0.079732,0.099582,0.076327,0,0,0,0,0,0,0,0,0,0,0,0
0.07891,0.09207,0.07455,0,0,0,0,0,0,0,0,0,0,0,0
0.07727,0.093328,0.073445,0,0,0,0,0,0,0,0,0,0,0,0
0.077952,0.093617,0.074179,0,0,0,0,0,0,0,0,0,0,0,0
0.07854,0.090365,0.074934,0,0,0,0,0,0,0,0,0,0,0,0
0.07825,0.094439,0.075383,0,0,0,0,0,0,0,0,0,0,0,0
0.07841,0.10908,0.074711,0,0,0,0,0,0,0,0,0,0,0,0
0.076849,0.098454,0.074162,0,0,0,0,0,0,0,0,0,0,0,0
0.077482,0.1021,0.074513,0,0,0,0,0,0,0,0,0,0,0,0
0.076722,0.12239,0.074155,0,0,0,0,0,0,0,0,0,0,0,0
0.078293,0.1051,0.076387,0,0,0,0,0,0,0,0,0,0,0,0
0.077892,0.087602,0.075791,0,0,0,0,0,0,0,0,0,0,0,0
0.082416,0.096796,0.07534,0,0,0,0,0,0,0,0,0,0,0,0
0.08232,0.10206,0.075461,0,0,0,0,0,0,0,0,0,0,0,0
0.081441,0.10231,0.073918,0,0,0,0,0,0,0,0,0,0,0,0
0.031283,0.04158,0.029672,0,0,0,0,0,0,0,0,0,0,0,0
NaN,NaN,NaN,0,0,0,0,0,0,0,0,0,0,0,0
NaN,NaN,NaN,0,0,0,0,0,0,0,0,0,0,0,0
NaN,NaN,NaN,0,0,0,0,0,0,0,0,0,0,0,0
NaN,NaN,NaN,0,0,0,0,0,0,0,0,0,0,0,0
0.000403,0.000958,0.000402,0,0,0,0,0,0,0,0,0,0,0,0
0.7177,1.2718,0.71441,0,0,0,0,0,0,0,0,0,0,0,0
0.082476,0.18463,0.083347,0,0,0,0,0,0,0,0,0,0,0,0
0.080727,0.16256,0.082435,0,0,0,0,0,0,0,0,0,0,0,0
0.078996,0.14155,0.082146,0,0,0,0,0,0,0,0,0,0,0,0
0.078975,0.1438,0.082961,0,0,0,0,0,0,0,0,0,0,0,0
0.07722,0.090189,0.080183,0,0,0,0,0,0,0,0,0,0,0,0
0.078353,0.096538,0.083276,0,0,0,0,0,0,0,0,0,0,0,0
NaN,NaN,NaN,0,0,0,0,0,0,0,0,0,0,0,0
NaN,NaN,NaN,0,0,0,0,0,0,0,0,0,0,0,0
NaN,NaN,NaN,0,0,0,0,0,0,0,0,0,0,0,0
NaN,NaN,NaN,0,0,0,0,0,0,0,0,0,0,0,0
0.000414,0.000739,0.000411,0,0,0,0,0,0,0,0,0,0,0,0
0.679,1.1488,0.69414,0,0,0,0,0,0,0,0,0,0,0,0
0.079782,0.099117,0.084286,0,0,0,0,0,0,0,0,0,0,0,0
0.078461,0.11113,0.081668,0,0,0,0,0,0,0,0,0,0,0,0
0.077168,0.1067,0.081298,0,0,0,0,0,0,0,0,0,0,0,0
0.077317,0.11117,0.080872,0,0,0,0,0,0,0,0,0,0,0,0
0.077893,0.1034,0.081137,0,0,0,0,0,0,0,0,0,0,0,0
0.077417,0.11011,0.082166,0,0,0,0,0,0,0,0,0,0,0,0
0.076482,0.11141,0.080589,0,0,0,0,0,0,0,0,0,0,0,0
NaN,NaN,NaN,0,0,0,0,0,0,0,0,0,0,0,0
NaN,NaN,NaN,0,0,0,0,0,0,0,0,0,0,0,0
NaN,NaN,NaN,0,0,0,0,0,0,0,0,0,0,0,0
NaN,NaN,NaN,0,0,0,0,0,0,0,0,0,0,0,0
0.000399,0.000754,0.00042,0,0,0,0,0,0,0,0,0,0,0,0
0.69109,1.1322,0.70643,0,0,0,0,0,0,0,0,0,0,0,0
0.08257,0.10016,0.082923,0,0,0,0,0,0,0,0,0,0,0,0
0.08116,0.093303,0.081286,0,0,0,0,0,0,0,0,0,0,0,0
0.081953,0.11475,0.081427,0,0,0,0,0,0,0,0,0,0,0,0
NaN,NaN,NaN,0,0,0,0,0,0,0,0,0,0,0,0
NaN,NaN,NaN,0,0,0,0,0,0,0,0,0,0,0,0
NaN,NaN,NaN,0,0,0,0,0,0,0,0,0,0,0,0
NaN,NaN,NaN,0,0,0,0,0,0,0,0,0,0,0,0
0.000401,0.000953,0.000388,0,0,0,0,0,0,0,0,0,0,0,0
0.71117,1.5421,0.72293,0,0,0,0,0,0,0,0,0,0,0,0
0.079606,0.16738,0.082243,0,0,0,0,0,0,0,0,0,0,0,0
0.079452,0.099022,0.081959,0,0,0,0,0,0,0,0,0,0,0,0
0.078245,0.11257,0.081314,0,0,0,0,0,0,0,0,0,0,0,0
0.079616,0.10198,0.081147,0,0,0,0,0,0,0,0,0,0,0,0
0.098704,0.2143,0.081251,0,0,0,0,0,0,0,0,0,0,0,0
NaN,NaN,NaN,0,0,0,0,0,0,0,0,0,0,0,0
NaN,NaN,NaN,0,0,0,0,0,0,0,0,0,0,0,0
NaN,NaN,NaN,0,0,0,0,0,0,0,0,0,0,0,0
NaN,NaN,NaN,0,0,0,0,0,0,0,0,0,0,0,0
0.000391,0.00045,0.000397,0,0,0,0,0,0,0,0,0,0,0,0
0.6719,1.1756,0.69711,0,0,0,0,0,0,0,0,0,0,0,0
0.080949,0.09785,0.080601,0,0,0,0,0,0,0,0,0,0,0,0
0.079944,0.1131,0.080423,0,0,0,0,0,0,0,0,0,0,0,0
0.080193,0.10902,0.080173,0,0,0,0,0,0,0,0,0,0,0,0
0.078941,0.096679,0.079449,0,0,0,0,0,0,0,0,0,0,0,0
0.08024,0.11927,0.079256,0,0,0,0,0,0,0,0,0,0,0,0
0.079693,0.10827,0.079276,0,0,0,0,0,0,0,0,0,0,0,0
0.079738,0.11367,0.079163,0,0,0,0,0,0,0,0,0,0,0,0
0.077184,0.14779,0.076739,0,0,0,0,0,0,0,0,0,0,0,0
0.078556,0.14013,0.078226,0,0,0,0,0,0,0,0,0,0,0,0
0.078329,0.10104,0.078095,0,0,0,0,0,0,0,0,0,0,0,0
0.078379,0.10571,0.077936,0,0,0,0,0,0,0,0,0,0,0,0
0.079211,0.11154,0.078427,0,0,0,0,0,0,0,0,0,0,0,0
NaN,NaN,NaN,0,0,0,0,0,0,0,0,0,0,0,0
NaN,NaN,NaN,0,0,0,0,0,0,0,0,0,0,0,0
NaN,NaN,NaN,0,0,0,0,0,0,0,0,0,0,0,0
NaN,NaN,NaN,0,0,0,0,0,0,0,0,0,0,0,0
0.000417,0.00091,0.000417,0,0,0,0,0,0,0,0,0,0,0,0
0.67329,1.1551,0.6953,0,0,0,0,0,0,0,0,0,0,0,0
0.073936,0.13621,0.074434,0,0,0,0,0,0,0,0,0,0,0,0
0.072968,0.11796,0.073563,0,0,0,0,0,0,0,0,0,0,0,0
0.071939,0.088877,0.07332,0,0,0,0,0,0,0,0,0,0,0,0
0.072723,0.092358,0.07386,0,0,0,0,0,0,0,0,0,0,0,0
0.073811,0.084624,0.074542,0,0,0,0,0,0,0,0,0,0,0,0
0.072466,0.10647,0.073457,0,0,0,0,0,0,0,0,0,0,0,0
0.072145,0.14607,0.072611,0,0,0,0,0,0,0,0,0,0,0,0
0.072066,0.13501,0.072933,0,0,0,0,0,0,0,0,0,0,0,0
0.072531,0.12574,0.073609,0,0,0,0,0,0,0,0,0,0,0,0
0.07236,0.09872,0.074862,0,0,0,0,0,0,0,0,0,0,0,0
0.071086,0.085427,0.073277,0,0,0,0,0,0,0,0,0,0,0,0
0.071678,0.088713,0.072758,0,0,0,0,0,0,0,0,0,0,0,0
0.072694,0.089656,0.072586,0,0,0,0,0,0,0,0,0,0,0,0
0.070838,0.084158,0.071929,0,0,0,0,0,0,0,0,0,0,0,0
0.071015,0.10185,0.071973,0,0,0,0,0,0,0,0,0,0,0,0
0.071429,0.11181,0.072454,0,0,0,0,0,0,0,0,0,0,0,0
0.070966,0.088523,0.072243,0,0,0,0,0,0,0,0,0,0,0,0
0.071486,0.098057,0.073194,0,0,0,0,0,0,0,0,0,0,0,0
0.071845,0.11362,0.072959,0,0,0,0,0,0,0,0,0,0,0,0
0.071718,0.087981,0.07305,0,0,0,0,0,0,0,0,0,0,0,0
0.070979,0.096438,0.072311,0,0,0,0,0,0,0,0,0,0,0,0
0.071373,0.081052,0.072626,0,0,0,0,0,0,0,0,0,0,0,0
0.071406,0.10174,0.072083,0,0,0,0,0,0,0,0,0,0,0,0
0.072445,0.10146,0.073743,0,0,0,0,0,0,0,0,0,0,0,0
0.071773,0.090471,0.072691,0,0,0,0,0,0,0,0,0,0,0,0
0.070422,0.10779,0.07155,0,0,0,0,0,0,0,0,0,0,0,0
0.072868,0.10203,0.073193,0,0,0,0,0,0,0,0,0,0,0,0
0.074922,0.10321,0.073773,0,0,0,0,0,0,0,0,0,0,0,0
0.075805,0.10329,0.074059,0,0,0,0,0,0,0,0,0,0,0,0
0.074753,0.094091,0.073733,0,0,0,0,0,0,0,0,0,0,0,0
0.073837,0.10215,0.072772,0,0,0,0,0,0,0,0,0,0,0,0
0.073226,0.075649,0.072417,0,0,0,0,0,0,0,0,0,0,0,0
0.072731,0.085459,0.071603,0,0,0,0,0,0,0,0,0,0,0,0
0.073393,0.088022,0.07345,0,0,0,0,0,0,0,0,0,0,0,0
0.074281,0.081749,0.071893,0,0,0,0,0,0,0,0,0,0,0,0
0.073111,0.096432,0.071985,0,0,0,0,0,0,0,0,0,0,0,0
0.072637,0.10772,0.071647,0,0,0,0,0,0,0,0,0,0,0,0
0.071828,0.088558,0.071975,0,0,0,0,0,0,0,0,0,0,0,0
0.029511,0.035976,0.03016,0,0,0,0,0,0,0,0,0,0,0,0
0.074173,0.093483,0.073488,0,0,0,0,0,0,0,0,0,0,0,0
0.073714,0.097081,0.072779,0,0,0,0,0,0,0,0,0,0,0,0
0.073684,0.079224,0.072479,0,0,0,0,0,0,0,0,0,0,0,0
0.07311,0.091803,0.072204,0,0,0,0,0,0,0,0,0,0,0,0
0.07496,0.081633,0.073621,0,0,0,0,0,0,0,0,0,0,0,0
0.074226,0.090077,0.073246,0,0,0,0,0,0,0,0,0,0,0,0
0.074714,0.090323,0.072441,0,0,0,0,0,0,0,0,0,0,0,0
NaN,NaN,NaN,0,0,0,0,0,0,0,0,0,0,0,0
NaN,NaN,NaN,0,0,0,0,0,0,0,0,0,0,0,0
NaN,NaN,NaN,0,0,0,0,0,0,0,0,0,0,0,0
NaN,NaN,NaN,0,0,0,0,0,0,0,0,0,0,0,0
0.000401,0.000668,0.000693,0,0,0,0,0,0,0,0,0,0,0,0
0.66255,1.2693,1.3684,0,0,0,0,0,0,0,0,0,0,0,0
0.075814,0.10194,0.1002,0,0,0,0,0,0,0,0,0,0,0,0
NaN,NaN,NaN,0,0,0,0,0,0,0,0,0,0,0,0
NaN,NaN,NaN,0,0,0,0,0,0,0,0,0,0,0,0
NaN,NaN,NaN,0,0,0,0,0,0,0,0,0,0,0,0
NaN,NaN,NaN,0,0,0,0,0,0,0,0,0,0,0,0
0.000391,0.000595,0.000388,0,0,0,0,0,0,0,0,0,0,0,0
0.68067,1.4289,0.6777,0,0,0,0,0,0,0,0,0,0,0,0
0.080687,0.17211,0.079179,0,0,0,0,0,0,0,0,0,0,0,0
0.079208,0.15722,0.077592,0,0,0,0,0,0,0,0,0,0,0,0
0.077986,0.14857,0.075857,0,0,0,0,0,0,0,0,0,0,0,0
0.078274,0.094149,0.075771,0,0,0,0,0,0,0,0,0,0,0,0
0.078788,0.11153,0.075984,0,0,0,0,0,0,0,0,0,0,0,0
0.078243,0.12305,0.075687,0,0,0,0,0,0,0,0,0,0,0,0
0.078249,0.19314,0.075781,0,0,0,0,0,0,0,0,0,0,0,0
0.079295,0.14958,0.075514,0,0,0,0,0,0,0,0,0,0,0,0
NaN,NaN,NaN,0,0,0,0,0,0,0,0,0,0,0,0
NaN,NaN,NaN,0,0,0,0,0,0,0,0,0,0,0,0
NaN,NaN,NaN,0,0,0,0,0,0,0,0,0,0,0,0
NaN,NaN,NaN,0,0,0,0,0,0,0,0,0,0,0,0
0.000552,0.001264,0.000383,0,0,0,0,0,0,0,0,0,0,0,0
0.98664,1.2803,0.68144,0,0,0,0,0,0,0,0,0,0,0,0
0.11087,0.10728,0.079804,0,0,0,0,0,0,0,0,0,0,0,0
0.1117,0.13937,0.080753,0,0,0,0,0,0,0,0,0,0,0,0
0.11187,0.11242,0.080046,0,0,0,0,0,0,0,0,0,0,0,0
0.11045,0.10226,0.079568,0,0,0,0,0,0,0,0,0,0,0,0
NaN,NaN,NaN,0,0,0,0,0,0,0,0,0,0,0,0
NaN,NaN,NaN,0,0,0,0,0,0,0,0,0,0,0,0
NaN,NaN,NaN,0,0,0,0,0,0,0,0,0,0,0,0
NaN,NaN,NaN,0,0,0,0,0,0,0,0,0,0,0,0
0.000385,0.001692,0.000399,0,0,0,0,0,0,0,0,0,0,0,0
0.71049,1.561,0.70759,0,0,0,0,0,0,0,0,0,0,0,0
0.079136,0.17182,0.079573,0,0,0,0,0,0,0,0,0,0,0,0
0.077506,0.15027,0.077847,0,0,0,0,0,0,0,0,0,0,0,0
0.075149,0.085152,0.075378,0,0,0,0,0,0,0,0,0,0,0,0
0.076008,0.10791,0.077816,0,0,0,0,0,0,0,0,0,0,0,0
0.077737,0.12401,0.07827,0,0,0,0,0,0,0,0,0,0,0,0
0.076081,0.16236,0.076474,0,0,0,0,0,0,0,0,0,0,0,0
0.075623,0.098611,0.07649,0,0,0,0,0,0,0,0,0,0,0,0
0.075859,0.12148,0.078324,0,0,0,0,0,0,0,0,0,0,0,0
0.075945,0.13724,0.07683,0,0,0,0,0,0,0,0,0,0,0,0
0.076418,0.1319,0.076738,0,0,0,0,0,0,0,0,0,0,0,0
0.076306,0.10715,0.076931,0,0,0,0,0,0,0,0,0,0,0,0
0.07512,0.10543,0.075483,0,0,0,0,0,0,0,0,0,0,0,0
0.075733,0.094064,0.07569,0,0,0,0,0,0,0,0,0,0,0,0
0.075796,0.18591,0.076423,0,0,0,0,0,0,0,0,0,0,0,0
0.073941,0.14393,0.073169,0,0,0,0,0,0,0,0,0,0,0,0
NaN,NaN,NaN,0,0,0,0,0,0,0,0,0,0,0,0
NaN,NaN,NaN,0,0,0,0,0,0,0,0,0,0,0,0
NaN,NaN,NaN,0,0,0,0,0,0,0,0,0,0,0,0
NaN,NaN,NaN,0,0,0,0,0,0,0,0,0,0,0,0
0.000415,0.000412,0.000386,0,0,0,0,0,0,0,0,0,0,0,0
0.70557,1.4397,0.67297,0,0,0,0,0,0,0,0,0,0,0,0
0.078957,0.15058,0.078086,0,0,0,0,0,0,0,0,0,0,0,0
0.076815,0.085944,0.077731,0,0,0,0,0,0,0,0,0,0,0,0
0.078196,0.096111,0.077623,0,0,0,0,0,0,0,0,0,0,0,0
0.077054,0.09387,0.077318,0,0,0,0,0,0,0,0,0,0,0,0
NaN,NaN,NaN,0,0,0,0,0,0,0,0,0,0,0,0
NaN,NaN,NaN,0,0,0,0,0,0,0,0,0,0,0,0
NaN,NaN,NaN,0,0,0,0,0,0,0,0,0,0,0,0
NaN,NaN,NaN,0,0,0,0,0,0,0,0,0,0,0,0
0.0004,0.000389,0.00039,0,0,0,0,0,0,0,0,0,0,0,0
0.71466,0.66532,0.68818,0,0,0,0,0,0,0,0,0,0,0,0
0.083643,0.077994,0.081707,0,0,0,0,0,0,0,0,0,0,0,0
0.083773,0.077188,0.081345,0,0,0,0,0,0,0,0,0,0,0,0
0.083165,0.077657,0.080871,0,0,0,0,0,0,0,0,0,0,0,0
NaN,NaN,NaN,0,0,0,0,0,0,0,0,0,0,0,0
NaN,NaN,NaN,0,0,0,0,0,0,0,0,0,0,0,0
NaN,NaN,NaN,0,0,0,0,0,0,0,0,0,0,0,0
NaN,NaN,NaN,0,0,0,0,0,0,0,0,0,0,0,0
0.001483,0.000399,0.000422,0,0,0,0,0,0,0,0,0,0,0,0
1.197,0.68396,0.6646,0,0,0,0,0,0,0,0,0,0,0,0
0.12664,0.079668,0.080415,0,0,0,0,0,0,0,0,0,0,0,0
0.10317,0.076997,0.077966,0,0,0,0,0,0,0,0,0,0,0,0
0.096841,0.076818,0.077085,0,0,0,0,0,0,0,0,0,0,0,0
0.10847,0.077613,0.078411,0,0,0,0,0,0,0,0,0,0,0,0
0.10635,0.077466,0.077397,0,0,0,0,0,0,0,0,0,0,0,0
0.10326,0.076524,0.076766,0,0,0,0,0,0,0,0,0,0,0,0
0.096979,0.076153,0.076074,0,0,0,0,0,0,0,0,0,0,0,0
0.10535,0.0767,0.076955,0,0,0,0,0,0,0,0,0,0,0,0
0.13586,0.077927,0.077039,0,0,0,0,0,0,0,0,0,0,0,0
0.12654,0.076543,0.076589,0,0,0,0,0,0,0,0,0,0,0,0
0.098897,0.0745,0.074805,0,0,0,0,0,0,0,0,0,0,0,0
0.10155,0.075124,0.076367,0,0,0,0,0,0,0,0,0,0,0,0
0.10712,0.075565,0.076479,0,0,0,0,0,0,0,0,0,0,0,0
0.1211,0.07673,0.077672,0,0,0,0,0,0,0,0,0,0,0,0
0.12069,0.076623,0.076877,0,0,0,0,0,0,0,0,0,0,0,0
0.099827,0.080476,0.077789,0,0,0,0,0,0,0,0,0,0,0,0
NaN,NaN,NaN,0,0,0,0,0,0,0,0,0,0,0,0
NaN,NaN,NaN,0,0,0,0,0,0,0,0,0,0,0,0
NaN,NaN,NaN,0,0,0,0,0,0,0,0,0,0,0,0
NaN,NaN,NaN,0,0,0,0,0,0,0,0,0,0,0,0
0.000586,0.000382,0.000398,0,0,0,0,0,0,0,0,0,0,0,0
1.2263,0.66638,0.68124,0,0,0,0,0,0,0,0,0,0,0,0
0.10687,0.076749,0.077923,0,0,0,0,0,0,0,0,0,0,0,0
0.037633,0.030257,0.030408,0,0,0,0,0,0,0,0,0,0,0,0
0.096842,0.075456,0.076185,0,0,0,0,0,0,0,0,0,0,0,0
NaN,NaN,NaN,0,0,0,0,0,0,0,0,0,0,0,0
NaN,NaN,NaN,0,0,0,0,0,0,0,0,0,0,0,0
NaN,NaN,NaN,0,0,0,0,0,0,0,0,0,0,0,0
NaN,NaN,NaN,0,0,0,0,0,0,0,0,0,0,0,0
0.000553,0.000472,0.000404,0,0,0,0,0,0,0,0,0,0,0,0
1.3486,0.79697,0.68761,0,0,0,0,0,0,0,0,0,0,0,0
0.15657,0.083856,0.082408,0,0,0,0,0,0,0,0,0,0,0,0
0.13814,0.080523,0.0793,0,0,0,0,0,0,0,0,0,0,0,0
0.14423,0.078892,0.082355,0,0,0,0,0,0,0,0,0,0,0,0
0.094025,0.078489,0.077764,0,0,0,0,0,0,0,0,0,0,0,0
0.091054,0.080021,0.07698,0,0,0,0,0,0,0,0,0,0,0,0
0.092131,0.080278,0.077238,0,0,0,0,0,0,0,0,0,0,0,0
0.11411,0.086373,0.084001,0,0,0,0,0,0,0,0,0,0,0,0
0.16395,0.079886,0.078008,0,0,0,0,0,0,0,0,0,0,0,0
0.13272,0.081485,0.07695,0,0,0,0,0,0,0,0,0,0,0,0
NaN,NaN,NaN,0,0,0,0,0,0,0,0,0,0,0,0
NaN,NaN,NaN,0,0,0,0,0,0,0,0,0,0,0,0
NaN,NaN,NaN,0,0,0,0,0,0,0,0,0,0,0,0
NaN,NaN,NaN,0,0,0,0,0,0,0,0,0,0,0,0
0.000673,0.000382,0.000443,0,0,0,0,0,0,0,0,0,0,0,0
1.3425,0.67217,0.74011,0,0,0,0,0,0,0,0,0,0,0,0
0.15063,0.080217,0.084042,0,0,0,0,0,0,0,0,0,0,0,0
0.12682,0.079375,0.083125,0,0,0,0,0,0,0,0,0,0,0,0
0.088445,0.080084,0.083379,0,0,0,0,0,0,0,0,0,0,0,0
0.10309,0.0776,0.08148,0,0,0,0,0,0,0,0,0,0,0,0
0.093509,0.078428,0.081823,0,0,0,0,0,0,0,0,0,0,0,0
0.097359,0.078223,0.083013,0,0,0,0,0,0,0,0,0,0,0,0
0.11943,0.082204,0.086508,0,0,0,0,0,0,0,0,0,0,0,0
0.11395,0.079174,0.08089,0,0,0,0,0,0,0,0,0,0,0,0
0.10465,0.076049,0.081273,0,0,0,0,0,0,0,0,0,0,0,0
NaN,NaN,NaN,0,0,0,0,0,0,0,0,0,0,0,0
NaN,NaN,NaN,0,0,0,0,0,0,0,0,0,0,0,0
NaN,NaN,NaN,0,0,0,0,0,0,0,0,0,0,0,0
NaN,NaN,NaN,0,0,0,0,0,0,0,0,0,0,0,0
0.001609,0.000384,0.000398,0,0,0,0,0,0,0,0,0,0,0,0
1.2437,0.68416,0.67688,0,0,0,0,0,0,0,0,0,0,0,0
0.11407,0.079753,0.080858,0,0,0,0,0,0,0,0,0,0,0,0
