1
125.7130,468.0211,37.0567,67.1564
133.0190,479.8472,38.6320,67.1746
2
0
0
0
0
1
153.9488,581.8003,41.4673,68.9664
155.1301,582.1635,43.4917,70.8571
155.6565,580.4713,43.0317,73.1250
155.0427,582.4822,44.5239,71.4576
156.5800,582.1692,50.2749,72.6540
155.9243,583.8503,46.9325,73.5415
156.0728,583.7307,46.8781,70.9248
156.7377,591.9643,43.6178,69.6943
157.2256,586.6181,41.0329,75.1701
158.8199,588.6136,34.8832,74.5225
160.0872,598.4407,33.4049,75.8884
154.8284,619.3564,36.1783,75.5833
158.7788,626.2180,36.0471,77.0704
164.3474,648.5124,34.6196,65.9857
169.8949,670.0860,38.7812,65.3510
181.7970,696.8939,46.3509,65.8937
200.0245,725.0394,53.4835,63.1857
227.9501,747.4054,52.0240,59.8007
264.2563,771.9603,48.9688,60.3647
308.4875,795.0074,52.7161,59.6414
347.2783,818.3271,58.4483,53.7150
374.0602,829.6217,63.7331,55.0865
407.7284,836.0184,48.6493,74.6684
424.6479,858.7121,33.5654,70.0355
430.5229,858.0558,50.6309,67.7402
425.8343,853.8447,43.3156,62.8985
432.5974,851.7077,44.3132,56.4116
436.7587,849.3368,49.3118,51.7960
458.5147,844.2484,53.5346,45.4695
480.3784,845.6087,54.3273,43.4990
518.4445,829.7851,58.5228,53.6848
557.4620,812.9843,39.0852,62.1732
578.5675,787.5593,41.6338,65.9292
584.6004,766.1775,39.7621,64.6839
584.9398,752.8865,37.6333,61.9142
566.0247,745.6298,50.2573,58.6352
560.1790,736.5661,46.4291,59.5198
555.0941,739.7676,45.9296,57.7351
555.5081,736.9074,46.5391,60.4731
554.8743,746.2234,45.4875,49.4602
554.8158,749.4737,43.3238,50.8227
552.7036,751.2206,43.6022,49.8258
555.9167,748.0784,41.3415,50.3846
557.0984,749.0259,38.8169,48.7999
556.9641,749.4339,39.4083,49.4195
560.2098,753.7404,40.2846,49.3494
559.9036,750.7007,41.3752,51.4940
561.1059,752.6401,42.2009,50.8106
556.6932,742.6185,39.4745,54.4909
555.0773,735.9760,39.2462,59.0289
554.0035,734.9488,40.3366,56.4274
553.2140,735.9244,42.8542,55.9771
551.9594,733.3253,43.7559,55.8559
549.4614,733.9682,42.9947,51.2664
547.8911,729.0073,44.7597,53.0062
547.6201,729.4700,44.0375,54.1345
546.7355,732.8403,44.8531,46.0487
547.1274,732.4547,45.3494,46.9717
547.4343,732.2162,43.9063,46.1689
547.1545,733.3308,42.8308,46.5854
545.6006,738.6010,46.1728,41.5413
545.4426,734.3437,49.4820,45.2158
545.4287,732.4918,50.5534,46.1421
552.2030,731.4449,42.8686,46.9235
551.7803,732.5858,40.9050,51.7268
545.6183,737.3273,46.8986,49.1307
546.3075,738.8284,44.3475,46.3510
544.5616,733.3009,43.0369,48.9275
544.1024,725.7454,42.7264,54.8354
539.0328,719.8378,44.3492,58.3647
530.0498,716.3802,49.5726,57.5524
528.6267,710.3082,48.2934,57.1910
529.0863,696.1742,44.5080,61.4146
528.9786,673.6141,40.1570,64.0464
534.3655,647.7825,39.3777,62.1741
545.7723,630.9286,36.2133,62.4510
548.8943,619.7625,44.5898,57.1480
571.7250,600.3864,49.2755,46.5125
598.6060,584.9451,52.2335,44.2708
617.8010,584.3245,55.9968,41.1330
626.6205,590.1627,62.8300,50.3983
661.3394,611.9472,60.0253,51.6137
696.1133,644.8879,54.0253,55.0238
711.1461,666.8750,43.5903,53.3960
722.1225,680.0773,51.6587,56.6158
726.7321,693.3475,45.1267,48.6356
723.7462,702.1592,45.0979,49.8787
723.3752,705.1979,44.2247,49.2573
721.4867,707.0469,44.2814,49.7193
722.7822,709.7872,43.6833,52.0336
720.3487,711.9996,44.5057,54.3891
717.1870,715.1818,44.3445,57.1056
706.8768,722.3572,51.3202,58.1363
694.6248,736.8815,49.9627,57.7310
683.1888,753.0800,50.2342,59.2693
664.6557,765.8288,46.3085,58.0683
642.1331,786.7565,55.8721,53.4539
628.2514,796.9037,62.2436,49.6928
623.1378,797.8048,47.9216,45.8202
621.9844,795.1313,47.5598,46.5313
614.6980,797.1895,45.5583,47.0851
612.6659,797.5124,49.6456,51.9304
592.1925,806.0211,50.5023,50.4426
579.1322,815.1089,51.0101,52.4902
556.5700,827.1528,53.0616,46.2186
525.7490,834.3090,56.7503,43.5399
496.0164,844.4185,56.3151,49.7409
490.0014,846.9265,50.2532,48.5077
489.0498,854.4384,46.5680,51.8145
481.4836,858.8621,48.7605,49.0745
479.8603,857.9470,51.9531,49.8336
479.0391,856.0002,50.7480,48.1750
472.7212,851.5781,57.1188,42.4344
465.8008,849.7777,60.1489,39.9883
449.5947,847.2285,67.1733,35.8694
430.4112,850.1829,68.8490,33.9927
412.1829,845.9645,70.5218,30.6603
397.4685,838.7414,70.7412,32.6630
376.9573,829.0807,63.9766,33.2075
351.3332,807.8822,63.3185,36.6470
351.1945,788.9658,54.1079,47.4194
340.2758,780.4637,52.6112,47.8036
330.8000,781.2898,59.2813,42.3242
317.1920,783.0483,62.4925,36.6792
312.2168,781.5875,60.9537,36.8594
313.4789,779.4202,54.6392,39.8184
326.3236,765.1311,43.4743,54.9018
334.0875,756.2092,40.7637,58.2873
350.4092,740.8992,26.7072,62.4227
356.9835,732.9121,41.3111,58.2314
384.0769,716.9633,45.9337,57.9426
403.4881,704.4128,52.5572,52.3919
419.5539,696.2898,58.2481,52.8672
432.9083,697.2965,58.6063,45.0923
448.1031,705.7493,65.6069,34.9718
465.1435,696.2815,56.0302,43.9305
471.2596,676.2336,42.7512,57.9275
475.2752,652.7532,35.7339,59.0646
469.1093,627.5492,35.4600,59.4851
458.3063,598.7345,35.4875,55.6540
442.2943,563.0259,42.5014,53.7385
416.1817,515.8554,50.6438,53.5813
387.2264,489.0152,44.5441,43.2764
342.0971,472.4642,56.7860,30.3234
302.5159,464.0788,50.8399,28.5631
286.9640,444.0975,40.3885,38.8801
264.3150,426.6951,40.8236,30.7061
278.3984,407.2571,36.9115,35.8396
264.5508,370.8307,40.7101,43.8720
267.9393,360.7028,39.7218,47.8385
260.2397,316.8274,41.7812,51.5699
245.2679,284.0891,51.0515,54.6466
240.3550,261.2278,45.7659,62.2497
245.9677,245.0235,44.2154,57.9049
264.1246,231.8199,44.6669,54.5019
284.4494,212.6209,50.6429,55.6148
310.6540,199.6010,54.9560,60.0502
321.2703,195.7655,56.1514,60.5086
335.5310,196.0226,55.8982,57.4698
332.6727,195.8174,54.5988,59.2301
316.0889,197.5836,45.0447,58.8830
310.3486,211.6381,39.9819,66.5821
312.8743,228.8976,38.8317,60.5141
295.4181,247.9316,56.9631,57.5720
283.7452,265.2556,57.5630,48.9110
261.7142,291.0179,57.1072,43.4701
236.2949,303.5198,49.6603,49.6284
224.5347,305.8123,51.1397,47.8214
211.2859,317.2086,59.6483,45.5545
214.0612,317.8778,76.0670,45.8604
222.4993,306.7747,62.4884,59.5549
232.3303,304.8858,45.4916,63.0649
237.4103,308.6649,51.7085,63.9741
239.9242,321.9728,55.6022,64.9391
244.4225,346.1637,52.2845,59.2787
248.8232,381.0467,53.1538,61.7790
251.6366,425.6040,53.8261,53.9816
246.5819,470.4865,50.2738,51.4990
231.5005,498.2141,44.8191,47.1561
201.9318,518.0100,54.4605,47.7830
173.6943,515.4048,59.2453,49.5465
155.1116,514.1193,58.8058,43.1366
162.9417,519.8492,56.7743,41.6312
162.1596,518.7431,56.1568,43.2764
161.1736,517.1324,55.1978,46.2290
161.8201,517.5179,54.4031,46.2052
158.1866,517.7286,58.1792,46.0924
158.7159,516.0132,58.2079,47.0917
158.7257,512.4122,52.3841,48.5340
159.9517,512.5970,53.5921,47.0779
158.9084,512.3322,57.0020,45.9241
156.8651,511.7177,59.9537,45.7816
156.7577,511.6671,57.5167,45.7801
151.0192,511.6676,57.3211,39.3833
151.3902,510.1558,54.7043,40.9202
154.0482,508.9197,51.7728,43.3575
150.5364,510.5330,57.5703,37.8075
147.0947,507.4028,60.3144,39.9460
148.7833,509.4373,58.3243,36.4840
145.9296,511.3173,59.6735,38.4648
137.7514,512.6415,66.0039,38.1893
136.9288,513.4542,64.3027,39.1064
135.1174,513.7399,65.2738,39.7817
134.1587,512.9474,66.9332,40.1329
141.7324,513.4129,58.9634,39.6936
143.0095,505.0217,60.5034,36.6847
158.1734,504.7809,49.3306,49.8649
167.1564,505.3150,35.7612,56.7246
166.1338,505.8306,37.8076,56.0655
164.5480,504.1152,40.9674,58.1221
161.7980,503.6234,44.0137,59.3794
161.5793,503.7223,42.3798,59.9740
160.6187,504.1805,43.2382,58.1987
159.2030,504.0434,43.3397,58.6667
160.3897,504.6196,42.1336,61.5510
161.6048,503.4850,41.9862,62.9531
157.0741,509.4451,49.1785,58.1094
160.9185,511.5233,50.3527,58.3444
164.7335,514.3559,49.2871,55.0219
168.1623,515.9944,50.1012,49.9028
170.0243,518.1345,50.7093,50.9676
177.2221,524.9783,51.5951,56.5017
184.7641,537.1183,44.5782,59.5096
188.9743,555.1385,43.8746,62.4448
190.0382,566.1593,50.2251,57.8325
190.1083,567.9766,53.4298,55.2650
190.1384,573.5779,45.1727,56.3174
188.8320,584.3250,38.6150,59.9329
183.6378,608.4113,33.5894,57.5143
172.1809,625.6772,35.6690,58.2109
169.0175,634.4179,36.9266,63.1612
163.4957,657.1647,33.9231,60.2180
160.8375,684.4844,53.4624,47.5562
161.1107,683.5793,52.5098,51.3768
158.7556,676.8112,52.0360,60.6028
158.9271,674.7766,49.7362,62.0810
157.8193,670.6310,49.2434,63.5858
155.1068,668.6563,48.8584,64.5935
149.8669,676.8634,48.4366,58.8329
150.6010,679.3673,44.7715,55.5280
145.2574,679.3239,47.3955,56.1968
147.2716,680.2900,46.2128,56.5856
149.0012,683.0261,43.8208,54.3164
150.1272,681.8935,41.7383,57.9214
151.7507,676.8573,39.7894,61.6458
152.3334,676.8544,38.2203,61.1718
151.2052,691.4755,39.0303,46.0962
154.0491,680.9129,36.1536,58.2736
154.7064,678.4454,34.6379,60.4621
154.1068,676.9438,38.8744,56.8365
153.2287,675.5836,33.5701,62.5419
154.2949,677.1978,35.0678,60.9993
158.2178,677.0181,34.3424,63.0141
167.6908,678.7211,32.1550,60.5508
162.2865,679.3086,28.0565,63.8507
161.7817,675.5919,30.8604,65.7168
167.0978,675.0437,33.0095,72.3150
166.6622,674.6868,37.1390,73.4248
160.1727,682.1136,47.5310,64.6703
157.2830,682.1270,56.8049,64.5075
159.1876,678.4333,49.9698,69.9281
2
0
0
0
0
1
176.5404,647.4096,62.4541,35.1336
189.6377,655.6452,68.8793,37.6443
193.5156,656.0182,68.5494,39.9737
204.2519,662.8822,67.4964,39.7061
217.0815,675.3973,63.9169,41.5193
221.0626,680.8405,67.5401,42.0214
250.4961,704.0374,58.2641,37.0944
285.1804,726.9316,51.4121,31.5503
321.8922,745.4978,55.7429,35.7431
351.1253,766.2183,61.2400,31.9878
369.1826,789.0763,59.4287,35.1121
376.9716,787.9894,52.0604,45.3299
386.5175,794.4777,47.8247,36.2508
393.0217,796.9299,51.2102,35.1987
405.1465,794.9778,34.1000,33.4662
405.5138,785.4993,37.8039,30.5191
405.7941,782.4792,38.4445,29.4798
399.1114,781.7452,51.0319,29.5859
396.0056,765.7999,54.9974,42.3644
394.2798,760.1287,57.4032,45.7821
393.6253,760.0863,59.3946,45.1783
394.1772,756.1276,47.9591,48.1081
394.7893,748.2386,49.4183,47.2170
409.3838,741.9445,50.5464,46.5484
429.1959,738.7486,49.5946,34.2710
450.0607,727.9598,49.3611,38.1701
467.4554,721.9231,51.5363,34.4439
489.0526,721.1659,51.4057,38.1448
519.7034,731.9141,51.7634,36.8777
557.0062,754.2521,52.1247,38.6607
582.1296,778.3671,45.8014,42.9558
594.2078,794.0643,44.0989,49.2073
587.3837,814.3614,43.4790,48.7087
570.8359,824.3260,52.5744,45.4538
548.9053,820.1542,61.2152,44.2806
530.7427,828.0776,64.3989,41.7161
515.5651,832.5955,65.4355,41.7249
515.9520,839.8408,52.8363,42.0280
485.1811,846.6009,62.4323,33.3058
461.2419,838.9745,55.9774,26.5397
429.4917,829.1395,57.9317,35.2626
391.6911,823.4012,58.1765,35.4712
353.1298,822.1111,62.2202,32.5977
314.4487,812.5309,56.9322,32.9771
307.2061,788.0811,38.2923,55.0511
295.6290,751.5790,38.5216,60.7919
280.6044,707.1246,38.2788,59.6504
257.5564,685.5384,41.7946,46.1051
224.9286,664.5955,45.4218,53.0144
