1
126.4043,467.4654,35.5657,67.6753
133.1682,483.1785,35.9450,69.0916
151.2158,501.5628,39.2943,75.4751
157.9785,545.3539,33.6334,73.4469
149.0350,577.7747,56.2195,65.7330
148.6965,597.0549,48.3294,62.1255
154.9264,608.8954,40.7469,65.1511
162.8166,611.2104,42.7459,51.3935
165.4341,608.9621,48.8322,45.2580
169.0539,607.8812,47.1951,48.7969
169.0938,609.7087,51.3067,50.3769
168.2886,607.5698,52.6075,50.2890
172.5069,605.0697,56.5174,46.6461
167.0716,605.4382,63.9524,46.5269
166.6089,602.9227,46.4019,49.5047
162.3508,602.9849,50.9301,58.8892
162.2665,603.2454,49.6164,62.5070
162.9105,602.0897,43.9814,62.5383
164.7657,609.5778,36.9487,71.0036
161.9435,627.6782,27.7665,66.9634
163.9569,635.5917,27.4994,66.3237
167.6036,655.4067,29.2758,64.8256
177.4689,675.9674,33.3168,62.5543
192.6087,705.6184,39.3396,59.5729
211.5968,731.8349,44.7536,55.8608
234.6369,755.9753,51.5691,51.1556
267.4095,778.7787,52.4346,51.1973
312.8211,798.7292,60.1841,46.3381
354.0002,820.5348,60.5457,39.3802
392.1672,835.8824,54.6005,38.0072
418.2151,856.3775,49.0683,47.0988
424.9514,866.3890,52.6345,36.5279
437.4439,870.9742,54.7548,33.4958
435.2596,866.8478,56.0596,26.2582
434.7816,859.9311,52.2039,31.0854
436.8007,856.4085,57.6292,31.3348
448.6855,848.2272,61.0164,31.2622
461.7719,844.0370,64.1357,34.8642
488.4429,839.5419,69.8230,36.5900
522.4739,836.3225,71.2855,28.9948
552.7684,812.6126,50.2462,45.7972
585.0051,779.5790,33.0767,58.1808
592.7259,744.0218,30.6334,61.6632
558.5668,746.3398,49.9829,31.4089
556.7801,737.5411,50.0817,28.9273
555.7531,740.5404,38.9396,27.1982
557.4377,743.1664,30.9599,28.9692
554.9474,745.5621,31.0081,33.4671
555.7719,745.2233,29.0706,32.0347
555.0346,745.5274,29.6452,37.5681
557.6396,743.4225,28.1743,37.0227
556.3995,741.8332,29.2952,37.2308
556.0940,741.3433,30.6666,35.0892
559.9687,749.1299,31.9513,36.2009
561.7194,749.3690,33.1703,38.8654
562.1974,750.4029,36.9468,35.9596
557.1641,736.3539,38.4642,37.8356
551.5407,728.8334,40.7442,40.7153
551.6268,727.5126,36.9934,40.9769
550.7978,728.7130,38.5908,39.2641
550.0217,727.7434,36.5072,36.3124
548.5438,724.3494,32.9724,44.4703
547.5832,723.0008,33.8338,45.3929
548.2530,725.7837,31.6199,44.6816
546.7279,726.4124,29.4503,47.5827
546.7517,726.8578,29.7596,47.1352
546.6951,726.8867,31.0588,47.7475
545.7095,728.7762,30.7060,49.4298
545.1061,729.2982,33.7557,49.1197
545.5559,728.0464,32.5163,52.2986
546.7064,727.1243,32.8812,52.0103
549.2172,728.8929,31.6420,48.5851
547.3356,731.3296,32.2553,47.1490
548.9944,734.0054,30.5596,45.9580
545.7659,734.7925,32.1462,45.4155
546.0714,731.5945,35.3501,49.4172
544.9352,722.3394,35.2130,55.0528
542.8484,716.2892,35.8299,53.3469
538.1548,713.0089,36.9322,51.7236
536.3252,706.3485,37.1339,50.8256
535.5212,693.4288,34.8991,52.6673
536.6002,670.7400,27.2991,54.5165
542.5328,643.8079,23.1453,55.9945
547.9211,629.8962,35.4296,53.1469
553.4344,619.8997,45.1638,49.9767
565.7349,610.4323,48.0923,44.6073
585.5342,597.3763,51.3500,40.8118
595.1683,597.6532,52.9936,29.3762
609.3249,591.1035,52.1705,39.9566
649.9551,591.8970,29.8436,48.4255
2
0
0
0
0
1
712.2889,695.3514,57.6489,65.0212
709.4257,694.7091,60.5348,73.0704
710.5340,701.4029,56.5708,67.3948
701.7689,703.5662,61.7881,68.9175
691.7505,711.2675,67.6771,73.0584
675.3162,725.7626,76.7269,73.2215
663.5545,743.0609,67.6583,71.3937
645.5070,759.5323,72.3331,66.0244
622.4363,768.5130,73.3509,73.6786
607.7851,779.0673,74.5033,69.3953
604.1758,780.5033,72.7299,64.8053
604.6907,778.8062,70.9165,65.7636
590.2955,774.7851,76.7357,72.9738
594.9525,778.0836,70.9299,74.1772
578.8771,786.9877,68.4973,72.4717
568.8187,797.2161,68.1056,73.1814
547.9658,808.9286,64.9887,66.9301
508.5741,820.4620,75.0311,60.6724
479.1998,829.4154,79.1029,60.9823
465.4827,844.2888,72.9730,59.1343
477.9898,849.9310,61.5345,55.8108
470.4532,852.6675,64.1351,55.8617
465.0859,849.7935,69.5719,57.4324
461.4026,848.9212,75.1070,56.4701
454.1128,845.6085,80.0050,61.0540
461.7827,836.2906,73.0243,63.9223
447.3907,832.0287,75.4209,62.8740
432.2889,827.9598,74.6001,72.1784
413.1632,822.3658,74.5207,68.6725
397.8899,817.1216,72.3384,65.2318
372.2671,807.7905,68.1449,70.5265
345.3713,790.0244,69.4089,64.1945
341.8992,778.6310,63.8536,59.0825
330.6928,770.8210,64.7546,65.0681
323.5776,764.3340,67.9072,70.7892
311.4457,764.7693,71.7892,69.4757
305.3350,764.4539,72.9183,62.7099
304.6182,762.5327,69.4207,64.7470
302.5659,762.6747,72.7713,64.3016
313.6558,750.8132,79.6867,66.4288
327.6764,740.3021,85.6734,69.7971
348.4953,732.0753,55.8214,60.9287
367.6919,720.7474,57.9235,53.9143
393.9528,706.5258,55.3128,50.7167
409.8664,695.5749,56.7604,60.7040
422.2328,688.1402,61.7082,74.6485
441.2572,686.3281,60.5208,92.1091
456.4222,685.3801,56.7938,105.2458
466.5465,678.9666,60.2942,90.2245
450.6649,645.5499,79.2762,61.8214
443.4340,620.5591,85.7675,56.7674
452.9797,573.9708,63.3583,54.6030
437.3209,534.0179,57.7093,53.9233
402.6750,484.2455,61.3291,51.1547
358.2784,452.8585,61.3027,50.5587
335.2942,452.7109,64.6851,53.9211
306.8040,452.9036,62.0684,53.3379
297.9232,439.1975,52.4960,55.4776
298.8270,430.3706,46.9701,64.2971
296.0197,413.5154,46.9497,70.4745
283.8200,377.6531,42.7021,78.6240
276.6819,346.6641,48.0361,69.1419
260.1554,299.5023,53.1909,53.7383
246.7000,252.6203,41.6297,63.9193
246.8007,238.4800,53.1393,52.5779
250.4772,246.3976,51.3994,58.6053
270.2209,233.6480,48.2328,54.9381
286.1954,216.6564,50.8394,54.6869
310.4802,203.5682,58.1342,54.8934
319.1189,199.8237,57.6130,52.9923
331.6474,200.3027,63.4305,51.4985
329.8142,194.3020,65.4490,64.5859
326.0258,207.0467,61.4228,55.6599
309.6933,208.9157,58.2190,67.2587
304.0135,223.9546,59.3270,67.2258
290.1084,237.2001,47.1818,61.8816
258.8350,253.6837,59.7245,68.5628
225.8529,278.9091,63.4956,71.3100
199.9859,295.7070,61.1987,64.2126
193.8381,301.2048,62.1201,63.1315
193.2076,300.9950,63.8448,63.6889
195.3104,301.6822,64.8536,59.7238
187.6268,305.6740,76.0759,58.1727
196.4911,316.1119,71.2428,58.2878
217.2433,321.0843,60.5636,60.4009
220.1438,336.3045,62.8908,55.3437
229.0285,358.9092,60.9377,60.9809
235.7222,384.5094,62.3713,64.0787
241.5325,420.2005,54.6309,70.4264
241.8163,454.4376,47.8822,74.7925
218.2824,479.6158,47.2137,73.5376
184.9134,501.3329,51.3434,62.3419
153.3108,504.2313,62.5350,55.9449
133.5041,500.1345,68.5202,52.6833
105.9659,492.1363,80.9891,53.1732
86.4846,473.7425,72.2264,59.7207
76.3419,469.6670,81.0682,60.4077
70.4186,472.2118,92.8092,62.9724
83.4505,477.0378,82.5679,62.4255
95.0456,486.5573,71.1785,62.3934
100.3983,494.6276,65.6697,62.7597
107.0711,500.8789,57.1749,58.9361
105.6308,504.7986,58.8064,56.7522
104.9437,511.8020,57.1538,54.2414
106.6901,512.9865,60.0581,63.9332
106.1684,512.7596,68.1556,64.0305
110.8022,507.9233,62.2973,72.4863
106.4345,506.5129,67.5710,70.1963
117.5628,506.9843,59.3853,81.4403
121.0378,504.0820,64.9127,94.0440
137.5866,505.8580,55.0077,92.8762
142.9755,504.9130,56.6611,72.9112
140.1328,505.7772,57.4728,69.7434
134.8956,504.5453,63.2539,68.1414
132.7827,504.8780,64.7479,67.8026
135.5220,505.9384,62.9085,59.1283
134.4546,514.8131,63.6432,48.8826
138.9425,499.9611,61.0944,51.3440
150.0768,486.1526,56.4437,59.8416
148.2347,487.0818,51.9104,59.2558
151.7399,494.6924,47.5752,59.7379
151.9640,496.2798,41.5042,60.8583
151.7642,494.0656,40.7699,64.9096
152.1305,494.2011,40.3232,64.5101
151.5747,492.2473,41.1263,66.4106
146.3164,491.7616,45.7976,63.9638
145.1321,490.8949,46.6479,65.7659
145.7379,487.9387,45.4773,66.1013
147.4057,513.2753,42.1164,65.6683
152.7529,518.4301,39.1813,62.8535
155.8582,519.6766,45.9752,61.9792
160.8962,518.9274,45.7390,58.2234
162.9575,517.8365,47.5568,63.1588
171.0946,524.9644,44.6883,69.8526
182.4241,536.5904,36.3237,68.2322
185.7711,555.1811,40.6203,68.7610
186.1040,555.9745,42.3309,67.2421
187.6606,556.6076,41.2682,69.3039
186.9085,560.3240,40.6193,69.2844
180.2553,579.0933,39.0762,66.4058
164.7938,609.8907,54.0477,65.6869
154.8954,621.4130,52.2981,66.3446
162.2170,619.7277,43.9777,75.1542
163.7736,618.7081,42.7133,76.0974
161.8270,618.9239,46.1416,74.2533
161.8745,618.8389,46.6228,73.9326
159.0313,618.2047,49.0754,72.5218
144.2086,619.0127,56.1990,65.4865
143.1648,614.9154,60.4519,55.8611
145.7896,615.0696,54.7045,58.8494
145.8848,616.9257,53.1580,63.5192
146.0300,619.5218,51.9936,69.4108
148.7085,621.0385,49.1250,75.2714
147.3628,619.7211,51.5876,75.9005
146.8333,618.0701,52.3746,77.1829
147.7205,637.7855,51.4821,57.7608
151.4751,633.2230,49.5027,63.4171
155.6740,633.5016,45.0005,64.4335
154.6930,634.0541,45.3864,68.0232
154.1313,635.7816,46.9543,66.6915
154.7134,634.9645,46.2740,67.1023
158.1801,633.8862,42.0553,66.7419
158.4078,634.3434,41.3130,66.3535
158.9996,636.8541,41.8513,65.7572
157.8176,638.2401,43.9732,68.1230
161.5270,638.6624,40.8069,67.0699
163.8279,635.0240,37.7067,69.5219
169.1801,629.5132,33.2481,72.4532
173.2580,628.2122,29.8686,72.9308
174.9993,628.8268,33.1792,70.9549
177.8528,630.9004,39.6738,65.7081
184.7896,630.9357,40.0175,66.9405
179.1224,635.0583,49.7563,60.0225
174.5224,644.7444,64.8601,42.6693
172.6318,646.8112,67.1985,42.0929
173.6766,646.9646,68.3507,35.1686
172.7954,647.3553,69.0176,32.7446
172.5565,648.1337,69.4329,32.4295
174.6023,647.5621,68.4108,33.6119
175.4900,647.4997,67.0255,34.8426
199.5012,654.6515,57.6038,50.6204
204.7457,656.4887,58.9352,52.3639
212.9286,662.7249,58.8842,53.2722
222.1220,674.9614,53.4775,57.3667
230.0330,680.1376,54.9805,56.7791
254.0035,702.2263,64.6477,43.6224
294.5598,716.0994,62.0238,48.3320
334.5400,744.9456,46.6735,39.4155
365.0810,758.0644,43.8704,38.8275
377.1678,766.6401,31.2820,46.5840
380.7703,772.2845,39.9269,38.9435
384.8864,775.3372,41.7871,41.3772
382.8820,778.9935,53.0679,41.0470
388.4283,779.4606,55.7782,37.8218
390.1453,779.1240,53.4534,34.0288
389.5770,780.8995,53.3230,30.9343
386.2728,779.9979,56.2277,30.7752
379.3687,757.7255,46.9649,42.3414
385.4774,758.9822,41.4194,44.0071
387.2422,755.7892,38.4388,49.3316
389.8810,749.2641,34.3017,54.0271
391.0203,740.3984,39.5418,49.4004
404.8159,734.0786,43.9040,47.6420
426.7433,728.6010,43.7499,42.4273
439.0273,722.4724,54.1970,39.4594
459.8669,714.4043,57.1032,36.8513
480.8250,716.8179,61.8416,31.8481
520.5784,726.9748,52.7403,26.1154
570.7361,753.3480,44.7534,29.4509
599.9933,776.2715,35.3933,40.4528
607.2314,789.7474,28.3442,45.0329
607.3410,800.4203,23.8556,47.0791
595.0756,812.2256,30.4735,42.1104
580.3014,822.9883,35.6951,36.4846
565.4749,826.2231,34.0439,39.9635
542.3273,830.9207,44.5216,39.3235
522.8431,837.2194,48.2819,39.6151
500.8015,838.1574,48.3148,40.4757
463.9039,835.4836,50.1194,33.7424
423.7979,830.9309,44.3202,33.6452
362.0114,828.9973,58.9716,31.8160
329.6581,822.6416,59.3219,33.3487
317.4872,816.4798,60.6100,33.3606
308.2867,791.8732,53.1250,46.1027
300.1698,760.1536,45.4579,54.6487
289.9499,721.4527,41.0922,51.9283
265.3434,700.8032,51.8907,44.5261
230.9395,683.9850,56.4858,37.1068
