1
181.1250,20.1250,51.7500,40.2500
181.1250,21.5625,51.7500,40.2500
181.1250,23.0000,51.7500,40.2500
179.6875,24.4375,51.7500,40.2500
179.6875,25.8750,51.7500,40.2500
179.6875,27.3125,51.7500,40.2500
178.2500,28.7500,51.7500,40.2500
178.2500,30.1875,51.7500,40.2500
178.2500,31.6250,51.7500,40.2500
176.8125,34.5000,51.7500,40.2500
175.3750,35.9375,51.7500,40.2500
176.8125,35.9375,51.7500,40.2500
176.8125,37.3750,51.7500,40.2500
176.8125,38.8125,51.7500,40.2500
176.8125,40.2500,51.7500,40.2500
176.8125,41.6875,51.7500,40.2500
175.3750,43.1250,51.7500,40.2500
175.3750,44.5625,51.7500,40.2500
175.3750,46.0000,51.7500,40.2500
175.3750,46.0000,51.7500,40.2500
175.3750,47.4375,51.7500,40.2500
175.3750,48.8750,51.7500,40.2500
175.3750,50.3125,51.7500,40.2500
175.3750,51.7500,51.7500,40.2500
173.9375,53.1875,51.7500,40.2500
173.9375,54.6250,51.7500,40.2500
173.9375,56.0625,51.7500,40.2500
172.5000,57.5000,51.7500,40.2500
173.9375,57.5000,51.7500,40.2500
173.9375,58.9375,51.7500,40.2500
173.9375,58.9375,51.7500,40.2500
173.9375,58.9375,51.7500,40.2500
173.9375,58.9375,51.7500,40.2500
173.9375,58.9375,51.7500,40.2500
173.9375,58.9375,51.7500,40.2500
175.3750,58.9375,51.7500,40.2500
175.3750,58.9375,51.7500,40.2500
176.8125,58.9375,51.7500,40.2500
176.8125,58.9375,51.7500,40.2500
178.2500,58.9375,51.7500,40.2500
178.2500,58.9375,51.7500,40.2500
178.2500,58.9375,51.7500,40.2500
178.2500,58.9375,51.7500,40.2500
178.2500,58.9375,51.7500,40.2500
179.6875,58.9375,51.7500,40.2500
179.6875,58.9375,51.7500,40.2500
181.1250,58.9375,51.7500,40.2500
181.1250,58.9375,51.7500,40.2500
182.5625,58.9375,51.7500,40.2500
182.5625,58.9375,51.7500,40.2500
184.0000,58.9375,51.7500,40.2500
185.4375,58.9375,51.7500,40.2500
186.8750,58.9375,51.7500,40.2500
186.8750,57.5000,51.7500,40.2500
188.3125,57.5000,51.7500,40.2500
189.7500,56.0625,51.7500,40.2500
191.1875,54.6250,51.7500,40.2500
192.6250,53.1875,51.7500,40.2500
194.0625,51.7500,51.7500,40.2500
195.5000,51.7500,51.7500,40.2500
196.9375,50.3125,51.7500,40.2500
196.9375,48.8750,51.7500,40.2500
198.3750,47.4375,51.7500,40.2500
199.8125,47.4375,51.7500,40.2500
199.8125,47.4375,51.7500,40.2500
199.8125,47.4375,51.7500,40.2500
202.6875,46.0000,51.7500,40.2500
202.6875,46.0000,51.7500,40.2500
202.6875,44.5625,51.7500,40.2500
204.1250,44.5625,51.7500,40.2500
204.1250,44.5625,51.7500,40.2500
205.5625,46.0000,51.7500,40.2500
205.5625,46.0000,51.7500,40.2500
207.0000,46.0000,51.7500,40.2500
207.0000,46.0000,51.7500,40.2500
208.4375,46.0000,51.7500,40.2500
208.4375,46.0000,51.7500,40.2500
208.4375,46.0000,51.7500,40.2500
208.4375,46.0000,51.7500,40.2500
211.3125,46.0000,51.7500,40.2500
211.3125,46.0000,51.7500,40.2500
212.7500,46.0000,51.7500,40.2500
214.1875,46.0000,51.7500,40.2500
215.6250,46.0000,51.7500,40.2500
217.0625,44.5625,51.7500,40.2500
217.0625,44.5625,51.7500,40.2500
218.5000,44.5625,51.7500,40.2500
219.9375,44.5625,51.7500,40.2500
219.9375,44.5625,51.7500,40.2500
219.9375,44.5625,51.7500,40.2500
219.9375,44.5625,51.7500,40.2500
221.3750,44.5625,51.7500,40.2500
221.3750,44.5625,51.7500,40.2500
221.3750,44.5625,51.7500,40.2500
221.3750,41.6875,51.7500,40.2500
221.3750,41.6875,51.7500,40.2500
221.3750,40.2500,51.7500,40.2500
221.3750,40.2500,51.7500,40.2500
221.3750,38.8125,51.7500,40.2500
219.9375,37.3750,51.7500,40.2500
218.5000,35.9375,51.7500,40.2500
217.0625,33.0625,51.7500,40.2500
217.0625,33.0625,51.7500,40.2500
215.6250,31.6250,51.7500,40.2500
211.3125,27.3125,51.7500,40.2500
211.3125,27.3125,51.7500,40.2500
209.8750,25.8750,51.7500,40.2500
211.3125,20.1250,51.7500,40.2500
209.8750,18.6875,51.7500,40.2500
208.4375,18.6875,51.7500,40.2500
208.4375,18.6875,51.7500,40.2500
208.4375,17.2500,51.7500,40.2500
208.4375,14.3750,51.7500,40.2500
208.4375,12.9375,51.7500,40.2500
209.8750,11.5000,51.7500,40.2500
209.8750,10.0625,51.7500,40.2500
209.8750,10.0625,51.7500,40.2500
209.8750,10.0625,51.7500,40.2500
211.3125,5.7500,51.7500,40.2500
211.3125,4.3125,51.7500,40.2500
211.3125,2.8750,51.7500,40.2500
212.7500,1.4375,51.7500,40.2500
212.7500,0.0000,51.7500,40.2500
212.7500,0.0000,51.7500,40.2500
214.1875,0.0000,51.7500,40.2500
214.1875,0.0000,51.7500,40.2500
215.6250,0.0000,51.7500,40.2500
217.0625,0.0000,51.7500,40.2500
218.5000,0.0000,51.7500,40.2500
218.5000,0.0000,51.7500,40.2500
219.9375,1.4375,51.7500,40.2500
221.3750,1.4375,51.7500,40.2500
222.8125,2.8750,51.7500,40.2500
224.2500,2.8750,51.7500,40.2500
225.6875,2.8750,51.7500,40.2500
227.1250,2.8750,51.7500,40.2500
228.5625,2.8750,51.7500,40.2500
230.0000,2.8750,51.7500,40.2500
230.0000,2.8750,51.7500,40.2500
231.4375,2.8750,51.7500,40.2500
234.3125,2.8750,51.7500,40.2500
235.7500,2.8750,51.7500,40.2500
237.1875,2.8750,51.7500,40.2500
238.6250,2.8750,51.7500,40.2500
240.0625,2.8750,51.7500,40.2500
241.5000,2.8750,51.7500,40.2500
241.5000,1.4375,51.7500,40.2500
2
0
0
0
0
1
244.3750,69.0000,17.2500,63.2500
242.9375,67.5625,17.2500,63.2500
241.5000,69.0000,17.2500,63.2500
241.5000,69.0000,17.2500,63.2500
241.5000,69.0000,17.2500,63.2500
240.0625,69.0000,17.2500,63.2500
240.0625,69.0000,17.2500,63.2500
238.6250,69.0000,17.2500,63.2500
237.1875,69.0000,17.2500,63.2500
235.7500,69.0000,17.2500,63.2500
234.3125,70.4375,17.2500,63.2500
232.8750,70.4375,17.2500,63.2500
231.4375,70.4375,17.2500,63.2500
230.0000,71.8750,17.2500,63.2500
228.5625,71.8750,17.2500,63.2500
227.1250,71.8750,17.2500,63.2500
225.6875,71.8750,17.2500,63.2500
224.2500,71.8750,17.2500,63.2500
222.8125,73.3125,17.2500,63.2500
0
2
0
0
0
0
1
209.8750,146.6250,46.0000,57.5000
208.4375,148.0625,46.0000,57.5000
208.4375,149.5000,46.0000,57.5000
207.0000,152.3750,46.0000,57.5000
205.5625,153.8125,46.0000,57.5000
204.1250,155.2500,46.0000,57.5000
202.6875,156.6875,46.0000,57.5000
201.2500,159.5625,46.0000,57.5000
199.8125,162.4375,46.0000,57.5000
196.9375,163.8750,46.0000,57.5000
194.0625,165.3125,46.0000,57.5000
189.7500,166.7500,46.0000,57.5000
192.6250,171.0625,46.0000,57.5000
192.6250,172.5000,46.0000,57.5000
191.1875,172.5000,46.0000,57.5000
191.1875,173.9375,46.0000,57.5000
189.7500,173.9375,46.0000,57.5000
188.3125,173.9375,46.0000,57.5000
185.4375,175.3750,46.0000,57.5000
184.0000,176.8125,46.0000,57.5000
181.1250,178.2500,46.0000,57.5000
178.2500,179.6875,46.0000,57.5000
178.2500,179.6875,46.0000,57.5000
175.3750,179.6875,46.0000,57.5000
168.1875,182.5625,46.0000,57.5000
165.3125,184.0000,46.0000,57.5000
162.4375,185.4375,46.0000,57.5000
158.1250,186.8750,46.0000,57.5000
155.2500,188.3125,46.0000,57.5000
155.2500,188.3125,46.0000,57.5000
152.3750,189.7500,46.0000,57.5000
149.5000,194.0625,46.0000,57.5000
146.6250,194.0625,46.0000,57.5000
145.1875,195.5000,46.0000,57.5000
145.1875,195.5000,46.0000,57.5000
143.7500,196.9375,46.0000,57.5000
139.4375,201.2500,46.0000,57.5000
136.5625,202.6875,46.0000,57.5000
133.6875,205.5625,46.0000,57.5000
133.6875,205.5625,46.0000,57.5000
130.8125,207.0000,46.0000,57.5000
127.9375,208.4375,46.0000,57.5000
126.5000,208.4375,46.0000,57.5000
126.5000,208.4375,46.0000,57.5000
126.5000,208.4375,46.0000,57.5000
125.0625,211.3125,46.0000,57.5000
125.0625,212.7500,46.0000,57.5000
123.6250,215.6250,46.0000,57.5000
123.6250,215.6250,46.0000,57.5000
122.1875,217.0625,46.0000,57.5000
116.4375,221.3750,46.0000,57.5000
113.5625,224.2500,46.0000,57.5000
113.5625,224.2500,46.0000,57.5000
110.6875,225.6875,46.0000,57.5000
104.9375,227.1250,46.0000,57.5000
103.5000,227.1250,46.0000,57.5000
102.0625,228.5625,46.0000,57.5000
102.0625,228.5625,46.0000,57.5000
102.0625,227.1250,46.0000,57.5000
99.1875,225.6875,46.0000,57.5000
97.7500,225.6875,46.0000,57.5000
97.7500,225.6875,46.0000,57.5000
96.3125,225.6875,46.0000,57.5000
94.8750,225.6875,46.0000,57.5000
93.4375,222.8125,46.0000,57.5000
93.4375,222.8125,46.0000,57.5000
93.4375,221.3750,46.0000,57.5000
93.4375,217.0625,46.0000,57.5000
92.0000,215.6250,46.0000,57.5000
90.5625,215.6250,46.0000,57.5000
87.6875,215.6250,46.0000,57.5000
83.3750,217.0625,46.0000,57.5000
83.3750,217.0625,46.0000,57.5000
80.5000,217.0625,46.0000,57.5000
76.1875,215.6250,46.0000,57.5000
74.7500,217.0625,46.0000,57.5000
73.3125,218.5000,46.0000,57.5000
71.8750,218.5000,46.0000,57.5000
71.8750,218.5000,46.0000,57.5000
70.4375,219.9375,46.0000,57.5000
70.4375,219.9375,46.0000,57.5000
74.7500,221.3750,46.0000,57.5000
77.6250,222.8125,46.0000,57.5000
79.0625,224.2500,46.0000,57.5000
79.0625,224.2500,46.0000,57.5000
81.9375,225.6875,46.0000,57.5000
92.0000,224.2500,46.0000,57.5000
97.7500,222.8125,46.0000,57.5000
102.0625,222.8125,46.0000,57.5000
102.0625,222.8125,46.0000,57.5000
104.9375,221.3750,46.0000,57.5000
115.0000,219.9375,46.0000,57.5000
119.3125,219.9375,46.0000,57.5000
119.3125,219.9375,46.0000,57.5000
122.1875,218.5000,46.0000,57.5000
125.0625,218.5000,46.0000,57.5000
125.0625,217.0625,46.0000,57.5000
125.0625,217.0625,46.0000,57.5000
126.5000,215.6250,46.0000,57.5000
122.1875,215.6250,46.0000,57.5000
122.1875,215.6250,46.0000,57.5000
120.7500,214.1875,46.0000,57.5000
120.7500,209.8750,46.0000,57.5000
119.3125,209.8750,46.0000,57.5000
119.3125,209.8750,46.0000,57.5000
119.3125,208.4375,46.0000,57.5000
143.7500,204.1250,46.0000,57.5000
143.7500,204.1250,46.0000,57.5000
142.3125,204.1250,46.0000,57.5000
138.0000,202.6875,46.0000,57.5000
138.0000,202.6875,46.0000,57.5000
138.0000,202.6875,46.0000,57.5000
136.5625,202.6875,46.0000,57.5000
133.6875,202.6875,46.0000,57.5000
133.6875,202.6875,46.0000,57.5000
132.2500,202.6875,46.0000,57.5000
130.8125,204.1250,46.0000,57.5000
130.8125,204.1250,46.0000,57.5000
130.8125,204.1250,46.0000,57.5000
2
0
0
0
0
1
178.2500,192.6250,74.7500,73.3125
179.6875,194.0625,74.7500,73.3125
181.1250,194.0625,74.7500,73.3125
182.5625,194.0625,74.7500,73.3125
184.0000,194.0625,74.7500,73.3125
185.4375,194.0625,74.7500,73.3125
186.8750,194.0625,74.7500,73.3125
186.8750,194.0625,74.7500,73.3125
188.3125,194.0625,74.7500,73.3125
189.7500,194.0625,74.7500,73.3125
191.1875,192.6250,74.7500,73.3125
192.6250,192.6250,74.7500,73.3125
192.6250,192.6250,74.7500,73.3125
194.0625,192.6250,74.7500,73.3125
195.5000,194.0625,74.7500,73.3125
196.9375,195.5000,74.7500,73.3125
199.8125,195.5000,74.7500,73.3125
201.2500,196.9375,74.7500,73.3125
202.6875,196.9375,74.7500,73.3125
204.1250,196.9375,74.7500,73.3125
204.1250,196.9375,74.7500,73.3125
204.1250,196.9375,74.7500,73.3125
205.5625,196.9375,74.7500,73.3125
207.0000,198.3750,74.7500,73.3125
207.0000,198.3750,74.7500,73.3125
208.4375,198.3750,74.7500,73.3125
212.7500,198.3750,74.7500,73.3125
214.1875,196.9375,74.7500,73.3125
214.1875,196.9375,74.7500,73.3125
217.0625,195.5000,74.7500,73.3125
217.0625,195.5000,74.7500,73.3125
221.3750,191.1875,74.7500,73.3125
230.0000,186.8750,74.7500,73.3125
230.0000,186.8750,74.7500,73.3125
234.3125,182.5625,74.7500,73.3125
242.9375,178.2500,74.7500,73.3125
242.9375,178.2500,74.7500,73.3125
247.2500,176.8125,74.7500,73.3125
247.2500,176.8125,74.7500,73.3125
255.8750,175.3750,74.7500,73.3125
260.1875,173.9375,74.7500,73.3125
0
2
0
0
0
0
1
345.0000,113.5625,100.6250,89.1250
345.0000,113.5625,100.6250,89.1250
345.0000,113.5625,100.6250,89.1250
345.0000,113.5625,100.6250,89.1250
345.0000,113.5625,100.6250,89.1250
345.0000,112.1250,100.6250,89.1250
343.5625,112.1250,100.6250,89.1250
342.1250,112.1250,100.6250,89.1250
340.6875,112.1250,100.6250,89.1250
340.6875,112.1250,100.6250,89.1250
339.2500,112.1250,100.6250,89.1250
337.8125,110.6875,100.6250,89.1250
337.8125,109.2500,100.6250,89.1250
