0.00039072
0.97634
0.30474
0.24784
0.24755
0.27812
0.23089
0.21888
0.22019
0.21391
0.21157
0.21199
0.21675
0.21741
0.20803
0.21236
0.21614
0.2224
0.218
0.22113
0.21606
0.21521
0.20907
0.20562
0.21008
0.21636
0.22035
0.20892
0.21152
0.20732
0.20867
0.21205
0.21837
0.20789
0.20636
0.20524
0.20288
0.20533
0.20097
0.21281
0.20066
0.20105
0.20588
0.20404
0.20367
0.23098
0.21704
0.2129
0.20512
0.20675
0.20744
0.20395
0.20482
0.20498
0.19927
0.20164
0.20388
0.20394
0.1997
0.20363
0.20917
0.20532
0.20344
0.21602
0.21018
0.203
0.19709
0.21299
0.21072
0.20747
0.21603
0.20035
0.20555
0.20015
0.20041
0.20564
0.20165
0.21278
0.20754
0.20473
0.20004
0.2012
0.20261
0.19838
0.20502
0.20252
0.20152
0.20238
0.20201
0.20724
0.20638
0.20319
0.20119
0.19922
0.20446
0.20269
0.20283
0.2095
0.20056
0.20777
0.19987
0.199
0.20643
0.20009
0.20686
0.20133
0.204
0.20681
0.20301
0.20303
0.20932
0.19843
0.20627
0.20394
0.19594
0.20088
0.20016
0.20386
0.2106
0.19652
0.20242
0.20202
0.21035
0.21491
0.20708
0.20706
0.23228
0.20296
0.20308
0.20158
0.20717
0.2108
0.20378
0.20746
0.21146
0.20813
0.21057
0.20367
0.20617
0.22382
0.21391
0.22261
0.20663
0.20979
0.20889
0.22073
0.20962
0.21936
0.21607
0.2253
0.21868
0.20715
0.20572
0.20681
0.20863
0.20669
0.20396
0.20885
0.20418
0.20646
0.20485
0.20924
0.21301
0.2103
0.20906
0.21501
0.20901
0.22275
0.21302
0.20683
0.20293
0.20688
0.20919
0.20867
0.21048
0.21047
0.20728
0.20532
0.20755
0.21172
0.21155
0.21044
0.20846
0.20662
0.20632
0.21601
0.21935
0.20584
0.21298
0.21121
0.21637
0.20801
0.20956
0.21414
0.2069
0.22573
0.22047
0.21113
0.2261
0.22764
0.21826
0.22018
0.23382
0.2099
0.20694
0.21029
0.21377
0.21573
0.217
0.21891
0.21792
0.21343
0.21117
0.21149
0.22234
0.21088
0.21349
0.20974
0.20753
0.20993
0.20959
0.20648
0.21037
0.21718
0.20989
0.21039
0.20607
0.22551
0.20844
0.20927
0.20421
0.20964
0.20811
0.22129
0.21568
0.21419
0.21067
0.21465
0.21087
0.20587
0.21381
0.21165
0.21045
0.20628
0.21407
0.2197
0.20743
0.20827
0.2067
0.2183
0.226
0.23204
0.24004
0.22155
0.22209
0.21583
0.20741
0.21574
0.21833
0.20678
0.20909
0.21561
0.22222
0.22769
0.2135
0.2098
0.20583
0.20895
0.21864
0.20834
0.20955
0.22383
0.22313
0.20808
0.20796
0.215
0.22288
0.2151
0.20693
0.20829
0.21208
0.20768
0.21334
0.21053
0.21148
0.20974
0.21308
0.21451
0.20912
0.21642
0.21565
0.21172
0.20876
0.20859
0.21257
0.21524
0.2081
0.21633
0.2129
0.21019
0.21276
0.21567
0.21195
0.20909
0.214
0.20864
0.2078
0.21782
0.2189
0.21384
0.21399
0.21159
0.21811
0.20897
0.22354
0.20925
0.20979
0.20946
0.20988
0.20976
0.20944
0.2103
0.2239
0.21218
0.22432
0.21111
0.2152
0.21048
0.21081
0.21619
0.22123
0.21787
0.20918
0.2149
0.22291
0.2215
0.22083
0.21114
0.20899
0.21689
0.21306
0.21304
0.21821
0.20744
0.21059
0.21346
0.21099
0.21068
0.22111
0.21568
0.21729
0.21037
0.21249
0.20776
0.21122
0.21719
0.21363
0.21001
0.20605
0.20991
0.22685
0.21066
0.2067
0.21417
0.2164
0.22337
0.21209
0.22022
0.22495
0.22159
0.22113
0.2255
0.21938
0.20856
0.21138
0.21568
0.21791
0.21936
0.20907
0.2112
0.21337
0.21182
0.22138
0.21227
0.21497
0.21985
0.21968
0.21818
0.2241
0.21896
0.21801
0.21619
0.2158
0.20666
0.21921
0.21134
0.21394
0.20672
0.21737
0.2123
0.20892
0.20862
0.21094
0.20842
0.20906
0.21288
0.20876
0.22271
0.22411
0.22961
0.2116
0.22618
0.2193
0.2255
0.22466
0.22576
0.21036
0.20786
0.20832
0.21169
0.21792
0.22099
0.20918
0.20846
0.21496
0.21725
0.2119
0.21056
0.22065
0.22132
0.21366
0.21793
0.21357
0.21437
0.21682
0.21346
0.21093
0.21717
0.21361
0.21365
0.20705
0.21347
0.21174
0.21343
0.20759
0.20581
0.21591
0.21435
0.21483
0.21362
0.22317
0.21297
0.21963
0.21335
0.21587
0.21902
0.21911
0.21518
0.21812
0.20758
0.20756
0.21109
0.20464
0.21195
0.21509
0.21203
0.212
0.21336
0.21824
0.21772
0.21283
0.21824
0.21586
0.2214
0.22314
0.21128
0.2128
0.21331
0.21236
0.2157
0.21163
0.21348
0.21625
0.2094
0.21597
0.21257
0.21528
0.21348
0.21495
0.21164
0.21218
0.21078
0.21309
0.21906
0.21892
0.21865
0.22694
0.20894
0.2192
0.22586
0.21786
0.22589
0.25066
0.24046
0.24231
0.23517
0.23625
0.23838
0.24279
0.24272
0.22346
0.21853
0.21115
0.21983
0.20994
0.21782
0.21247
0.2142
0.21554
0.21586
0.21159
0.22664
0.21489
0.22163
0.21558
0.21719
0.22851
0.22428
0.21765
0.21985
0.21449
0.22692
0.21401
0.2149
0.2099
0.22142
0.2221
0.21323
0.22536
0.21767
0.22132
0.22257
0.21225
0.21583
0.22802
0.21989
0.22076
0.2166
0.21617
0.22394
0.21407
0.21552
0.21075
0.21932
0.2249
0.22416
0.217
0.21932
0.2157
0.21496
0.21961
0.21323
0.21527
0.21828
0.21884
0.21694
0.21836
0.22026
0.21346
0.21621
0.23033
0.21355
0.21194
0.2132
0.21198
0.2116
0.21253
0.21961
0.22422
