103.29
1.5335
1.1991
1.1277
4.4554
4.4339
4.4615
1.6947
1.1346
5.8043
4.3973
4.4421
4.433
4.453
4.3926
4.9432
4.4535
4.4082
5.0812
5.9047
4.4918
4.5439
4.4956
4.5059
4.471
4.4681
4.4878
4.4969
4.5164
4.9703
4.5125
4.4411
4.5283
4.5616
4.5539
4.4629
4.443
4.5409
4.5358
5.9893
5.0319
4.4629
4.5095
4.5406
4.5515
4.5838
4.5317
4.5144
4.4765
5.7048
4.5148
4.4987
4.5604
4.522
4.5136
4.5513
4.4549
4.4653
5.1388
5.8604
4.4849
4.4694
4.5426
4.4576
4.5276
4.5165
4.5164
4.5337
4.5493
5.745
4.4805
4.4124
4.4756
4.55
4.4894
4.5158
4.4667
4.5062
4.5148
5.6867
4.5148
4.4794
4.4653
4.5205
4.4363
4.4994
4.4586
7.2808
4.5868
5.9518
4.4036
4.5096
4.4791
4.553
4.5284
4.3925
4.5511
4.5139
4.6478
5.765
4.4808
4.4288
4.5255
4.5693
4.4269
4.5348
4.4822
4.4565
4.4433
4.8669
4.489
4.5142
4.467
4.512
4.5377
4.4696
4.4529
4.4371
4.5063
5.7599
4.4955
4.4722
4.4818
4.4961
4.4382
4.4463
4.388
4.3763
4.4209
5.7246
5.1351
4.4734
4.4451
4.4387
4.4166
4.3931
4.4416
4.468
4.4181
5.8909
4.4846
4.4473
4.517
4.4559
4.4297
4.4326
4.4176
4.4299
4.3918
5.7263
4.3917
4.4293
4.5396
4.87
4.4493
4.5742
4.4629
4.4363
4.5
5.8583
4.4871
4.5378
4.5412
4.5227
4.4977
4.5061
4.4882
4.5229
4.4853
5.8702
4.4902
4.5455
4.5699
4.4814
4.4956
4.4298
4.5154
4.5628
4.4808
5.1196
4.4849
4.5462
4.5293
4.5289
4.54
4.5762
4.5227
4.5086
4.5297
5.8821
4.5346
4.5139
4.5644
4.5641
4.5577
4.4546
4.5258
4.5207
4.4472
5.9109
4.5327
4.5167
4.4389
4.5869
4.5445
4.4899
4.5898
4.5499
4.5257
5.9537
4.489
4.5304
4.5209
4.4732
4.5559
4.5663
4.5544
4.5542
4.5677
5.8415
4.5059
4.5363
4.5477
4.4628
4.5763
4.5464
4.5518
4.5941
4.6171
5.788
4.5621
4.5029
4.4826
4.5081
4.4322
4.4734
4.4993
4.4981
4.4689
6.0242
4.5243
4.4703
4.4845
4.4899
4.5319
4.5424
4.4524
4.5533
4.5431
5.8256
4.5293
4.4772
4.6164
4.4914
4.5234
4.5071
4.4858
4.4833
4.5098
5.9423
4.545
4.5647
4.4519
4.5194
4.4772
4.5467
4.4855
4.4921
4.5207
5.713
4.6414
4.5664
4.4626
4.4101
4.4426
4.5434
4.5492
4.4465
4.5346
5.6973
4.4555
4.5393
5.2992
4.5152
4.5034
4.4616
4.5108
4.5524
4.4972
5.8399
4.4457
4.449
4.5412
4.398
4.4783
4.4756
4.4258
4.5015
4.5108
5.9131
4.3825
4.3946
4.417
4.3566
4.4232
4.4218
4.3974
4.448
4.4216
5.6716
4.4352
4.3686
4.3192
4.4069
4.3558
4.3453
4.3503
4.3542
4.3723
4.9411
4.394
4.3733
4.3192
4.4674
4.3759
4.3515
4.3147
4.3253
4.3885
5.724
4.3504
4.3761
4.3114
4.2714
4.2952
4.276
4.2648
4.3177
4.3264
5.6543
4.2947
4.3775
4.3871
4.3837
4.3044
4.3679
4.3842
4.387
5.4479
5.8151
4.3985
4.4335
4.449
4.4432
4.4807
4.432
4.4949
4.4936
4.5204
5.6427
4.4335
4.5267
4.5138
4.5145
4.459
4.4269
