1.5239
0.044928
0.04365
0.040634
0.040433
0.038529
0.03818
0.039106
0.041225
0.039282
0.03907
0.03794
0.037968
0.038269
0.038898
0.039048
0.044281
0.038359
0.038576
0.038405
0.037908
0.037597
0.037858
0.038365
0.038952
0.039476
0.038416
0.039128
0.040378
0.03946
0.044554
0.042057
0.046059
0.045405
0.040396
0.038491
0.038609
0.03945
0.042031
0.038203
0.040346
0.038982
0.038742
0.038232
0.037833
0.038382
0.037849
0.041531
NaN
NaN
NaN
NaN
1.5082
0.045275
0.043854
0.041652
0.041708
0.04226
0.041034
0.041194
0.041084
0.041596
0.042853
0.041616
0.041788
0.055201
0.057975
0.043753
0.042454
0.041031
0.041864
0.042342
0.043593
0.051281
0.047239
0.044068
0.045127
0.046805
0.045962
0.043943
0.043166
0.047468
0.046884
0.043682
0.043411
0.03892
0.040412
0.039409
0.038978
0.039292
0.038944
0.039081
0.039984
0.042254
0.041765
0.039147
0.040666
0.040284
0.038787
0.039313
0.039605
0.047929
0.040785
0.049907
0.047024
0.045928
0.04611
0.031549
0.031985
0.033426
0.036536
0.034529
0.029327
0.027658
0.027589
0.02775
0.027967
0.027319
0.027139
0.027553
0.028683
0.029193
0.028013
0.027373
0.027842
0.027659
0.028715
0.028021
0.028461
0.030241
0.031764
0.032098
0.030039
0.028267
0.028341
0.030865
0.030187
0.029852
0.027925
0.027567
0.026884
0.027347
0.011883
0.028497
0.027483
0.027648
0.042015
0.012701
0.027173
0.027387
0.027373
0.027128
0.026543
0.029687
0.027814
0.027331
0.02693
0.027277
0.02753
0.028079
0.027394
0.03062
0.029721
0.027356
0.027996
0.029628
0.028935
0.027926
0.027999
0.028492
0.029054
0.029181
0.028526
0.029205
0.028337
0.028568
0.038476
0.028886
0.028266
0.029022
0.02872
0.02879
0.027746
0.028228
0.027441
0.027206
0.027331
0.028453
0.028714
0.0276
0.027241
0.028355
0.03191
0.027912
0.027149
0.027375
0.027193
0.028439
0.027606
0.028464
0.027986
0.027582
0.028326
0.02903
0.036899
0.030324
0.029384
0.028274
0.028261
0.02868
0.028789
0.028685
0.028243
0.027779
0.027606
0.02817
0.027608
0.028007
0.027945
0.027981
0.027895
0.029596
0.027657
0.028171
0.027537
0.027006
0.027337
0.027348
0.027134
0.027765
0.02767
0.027156
0.027759
0.027616
0.027471
0.027751
0.027262
0.027535
0.02811
0.027739
0.027625
0.028633
0.028241
0.028016
0.028146
0.029502
0.027649
0.028121
0.027866
0.028087
0.028411
0.029728
0.0281
0.028276
0.028287
0.030271
0.029214
0.028463
0.031792
0.028452
0.02797
0.028779
0.027817
0.027735
0.027999
0.028576
0.028304
0.028164
0.027862
0.028546
0.02787
0.028775
0.029946
0.029445
0.030979
0.031103
0.030115
0.029004
0.028961
0.029412
0.030495
0.029048
0.028915
0.028501
0.027318
0.028433
0.027463
0.02955
0.027857
0.028608
0.027234
0.028235
0.026998
0.028144
0.027439
0.028205
0.027276
0.028107
0.027962
0.028239
0.027212
0.027462
0.026857
0.028167
0.027477
0.028488
0.027926
0.028511
0.027606
0.027746
0.027375
0.030051
0.014966
0.030412
0.028044
0.028546
0.027096
0.028101
0.027086
0.028879
0.028093
0.028199
0.027182
0.029213
0.028632
0.030245
0.029209
0.028795
0.02837
0.027863
0.027686
0.027961
0.026997
0.027977
0.027295
0.027576
0.026769
0.028212
0.027332
