5.7975
0.76959
0.66499
0.67334
0.70847
0.66302
0.74368
0.65568
0.68807
0.68599
0.64339
0.6536
0.70548
0.63501
0.63251
0.63915
0.66536
0.64578
0.75531
0.66473
0.63832
0.67852
0.64399
0.70618
0.79108
0.71796
0.66882
0.63675
0.65617
0.65711
0.71054
0.64675
0.66389
0.64944
0.64121
0.64422
0.77046
0.67037
0.65919
0.64727
0.72323
0.71459
0.72136
0.65773
0.67523
0.73865
0.65288
0.6595
0.71715
0.65003
0.66021
0.72545
0.71386
0.7876
0.71024
0.64974
0.65357
0.67575
0.65038
0.67451
0.74601
0.6594
0.70005
0.73325
0.64704
0.65186
0.75751
0.73965
0.71669
0.73194
0.65748
0.68402
0.77908
0.7475
0.67134
0.74825
0.73282
0.68048
0.73628
0.70443
0.6855
0.73162
0.66538
0.67557
0.84451
0.68331
0.74883
0.66383
0.64106
0.64925
0.73074
0.69328
0.64744
0.68533
0.67956
0.65122
0.83492
0.67927
0.67012
0.69037
0.66352
0.7352
0.70935
0.66752
0.69905
0.65092
0.68087
0.6601
0.77568
0.66969
0.68986
0.64867
0.77481
0.71199
0.71275
0.70878
0.6555
0.68045
0.68746
0.67548
0.78167
0.64373
0.72695
0.69459
0.68684
0.64934
0.71293
0.66494
0.68478
0.66417
0.72979
0.64203
0.70727
0.70685
0.6508
0.67021
0.65712
0.70393
0.73437
0.64489
0.67524
0.87685
0.64824
0.69102
0.71157
0.71476
0.75511
0.67958
0.64445
0.70368
0.70041
0.64718
0.64336
0.66809
0.74226
0.64791
