1
45.0000,42.0000,16.0000,66.0000
32.0000,39.0000,16.0000,66.0000
32.0000,39.0000,16.0000,66.0000
32.0000,39.0000,16.0000,66.0000
32.0000,39.0000,16.0000,66.0000
29.0000,43.0000,15.0000,65.0000
29.0000,43.0000,15.0000,65.0000
29.0000,43.0000,15.0000,65.0000
29.0000,43.0000,15.0000,65.0000
29.0000,43.0000,15.0000,65.0000
34.0000,42.0000,16.0000,66.0000
0
0
0
2
0
0
0
0
1
75.0000,24.0000,26.0000,71.0000
74.0000,28.0000,27.0000,72.0000
74.0000,28.0000,27.0000,72.0000
74.0000,28.0000,27.0000,72.0000
74.0000,28.0000,27.0000,72.0000
83.0000,37.0000,28.0000,73.0000
83.0000,37.0000,28.0000,73.0000
83.0000,37.0000,28.0000,73.0000
2
69.0000,23.0000,28.0000,73.0000
0
0
0
0
1
112.0000,20.0000,20.0000,75.0000
108.0000,20.0000,20.0000,75.0000
108.0000,20.0000,20.0000,75.0000
2
0
128.0000,24.0000,20.0000,75.0000
0
0
0
0
1
100.0000,32.0000,27.0000,77.0000
95.0000,26.0000,28.0000,79.0000
95.0000,26.0000,28.0000,79.0000
95.0000,26.0000,28.0000,79.0000
95.0000,26.0000,28.0000,79.0000
96.0000,32.0000,27.0000,77.0000
96.0000,32.0000,27.0000,77.0000
96.0000,32.0000,27.0000,77.0000
96.0000,32.0000,27.0000,77.0000
110.0000,18.0000,27.0000,77.0000
110.0000,18.0000,27.0000,77.0000
110.0000,18.0000,27.0000,77.0000
110.0000,18.0000,27.0000,77.0000
106.0000,32.0000,27.0000,77.0000
2
0
0
0
129.0000,17.0000,28.0000,79.0000
0
0
0
0
1
120.0000,49.0000,26.0000,77.0000
106.0000,52.0000,27.0000,79.0000
106.0000,52.0000,27.0000,79.0000
106.0000,52.0000,27.0000,79.0000
106.0000,52.0000,27.0000,79.0000
97.0000,43.0000,27.0000,79.0000
97.0000,43.0000,27.0000,79.0000
2
0
0
119.0000,64.0000,28.0000,81.0000
0
0
0
0
1
166.0000,52.0000,33.0000,89.0000
171.0000,53.0000,32.0000,87.0000
171.0000,53.0000,32.0000,87.0000
0
0
2
0
0
0
0
1
144.0000,43.0000,32.0000,94.0000
134.0000,44.0000,31.0000,92.0000
134.0000,44.0000,31.0000,92.0000
134.0000,44.0000,31.0000,92.0000
134.0000,44.0000,31.0000,92.0000
134.0000,40.0000,30.0000,90.0000
2
0
0
0
165.0000,19.0000,31.0000,92.0000
0
0
0
0
1
133.0000,42.0000,27.0000,89.0000
125.0000,47.0000,26.0000,87.0000
125.0000,47.0000,26.0000,87.0000
125.0000,47.0000,26.0000,87.0000
125.0000,47.0000,26.0000,87.0000
125.0000,47.0000,26.0000,87.0000
126.0000,48.0000,25.0000,85.0000
2
0
0
0
155.0000,52.0000,25.0000,85.0000
0
0
0
0
1
169.0000,33.0000,26.0000,89.0000
170.0000,39.0000,25.0000,87.0000
170.0000,39.0000,25.0000,87.0000
2
160.0000,35.0000,24.0000,85.0000
0
0
0
0
