1
372.0000,462.0000,90.0000,84.0000
376.0000,458.0000,94.0000,82.0000
383.0000,452.0000,95.0000,83.0000
383.0000,447.0000,99.0000,86.0000
375.0000,449.0000,106.0000,83.0000
365.0000,452.0000,112.0000,86.0000
368.0000,460.0000,88.0000,93.0000
360.0000,459.0000,88.0000,93.0000
356.0000,488.0000,87.0000,92.0000
363.0000,499.0000,89.0000,94.0000
369.0000,503.0000,88.0000,93.0000
341.0000,519.0000,88.0000,93.0000
2
0
0
0
0
1
848.0000,395.0000,89.0000,52.0000
908.0000,381.0000,100.0000,53.0000
970.0000,374.0000,96.0000,51.0000
1030.0000,365.0000,94.0000,52.0000
1071.0000,360.0000,95.0000,51.0000
1143.0000,351.0000,86.0000,44.0000
1177.0000,345.0000,81.0000,44.0000
1215.0000,344.0000,81.0000,44.0000
1245.0000,343.0000,82.0000,44.0000
1282.0000,331.0000,82.0000,44.0000
2
0
0
0
0
1
1517.0000,297.0000,43.0000,32.0000
1509.0000,292.0000,55.0000,32.0000
1510.0000,300.0000,55.0000,32.0000
1528.0000,322.0000,55.0000,32.0000
1562.0000,324.0000,56.0000,32.0000
1579.0000,320.0000,56.0000,32.0000
1589.0000,315.0000,57.0000,33.0000
1596.0000,310.0000,57.0000,33.0000
1596.0000,306.0000,58.0000,33.0000
1595.0000,302.0000,58.0000,33.0000
1599.0000,294.0000,58.0000,33.0000
1600.0000,285.0000,58.0000,33.0000
1595.0000,284.0000,58.0000,33.0000
1596.0000,281.0000,45.0000,36.0000
1591.0000,275.0000,46.0000,32.0000
1586.0000,271.0000,48.0000,27.0000
1582.0000,259.0000,55.0000,32.0000
1581.0000,248.0000,54.0000,31.0000
1584.0000,241.0000,54.0000,31.0000
1589.0000,233.0000,54.0000,31.0000
1584.0000,225.0000,53.0000,31.0000
1594.0000,228.0000,53.0000,31.0000
1581.0000,226.0000,26.0000,15.0000
1576.0000,219.0000,26.0000,15.0000
1572.0000,214.0000,26.0000,15.0000
1569.0000,206.0000,27.0000,15.0000
1567.0000,207.0000,27.0000,15.0000
1568.0000,200.0000,27.0000,15.0000
1565.0000,201.0000,27.0000,15.0000
1562.0000,204.0000,27.0000,15.0000
1554.0000,207.0000,27.0000,15.0000
1546.0000,210.0000,28.0000,15.0000
1539.0000,214.0000,28.0000,15.0000
1526.0000,214.0000,29.0000,16.0000
1529.0000,211.0000,29.0000,16.0000
1507.0000,226.0000,29.0000,16.0000
2
0
0
0
0
1
1072.0000,275.0000,88.0000,66.0000
1023.0000,284.0000,89.0000,69.0000
976.0000,294.0000,90.0000,73.0000
928.0000,310.0000,88.0000,71.0000
881.0000,321.0000,90.0000,77.0000
833.0000,339.0000,92.0000,71.0000
787.0000,353.0000,89.0000,75.0000
738.0000,370.0000,94.0000,78.0000
691.0000,391.0000,93.0000,75.0000
645.0000,405.0000,92.0000,84.0000
2
0
0
0
0
1
423.0000,515.0000,75.0000,70.0000
420.0000,516.0000,70.0000,73.0000
416.0000,529.0000,72.0000,70.0000
412.0000,543.0000,70.0000,70.0000
399.0000,551.0000,84.0000,64.0000
399.0000,560.0000,83.0000,63.0000
393.0000,564.0000,81.0000,61.0000
386.0000,562.0000,80.0000,60.0000
380.0000,564.0000,81.0000,60.0000
357.0000,538.0000,81.0000,60.0000
341.0000,578.0000,81.0000,60.0000
341.0000,570.0000,81.0000,60.0000
384.0000,559.0000,79.0000,59.0000
399.0000,545.0000,79.0000,59.0000
404.0000,540.0000,79.0000,59.0000
412.0000,540.0000,79.0000,59.0000
407.0000,529.0000,78.0000,59.0000
410.0000,531.0000,76.0000,66.0000
409.0000,534.0000,76.0000,64.0000
409.0000,533.0000,77.0000,63.0000
405.0000,533.0000,79.0000,62.0000
401.0000,531.0000,79.0000,62.0000
399.0000,529.0000,79.0000,61.0000
400.0000,527.0000,78.0000,62.0000
402.0000,529.0000,80.0000,59.0000
397.0000,522.0000,82.0000,60.0000
405.0000,507.0000,81.0000,59.0000
427.0000,513.0000,81.0000,59.0000
429.0000,510.0000,82.0000,60.0000
422.0000,494.0000,82.0000,60.0000
365.0000,497.0000,81.0000,59.0000
355.0000,517.0000,80.0000,58.0000
2
0
0
0
0
1
522.0000,441.0000,99.0000,74.0000
2
0
0
0
0
1
1077.0000,359.0000,94.0000,48.0000
1144.0000,350.0000,98.0000,49.0000
1205.0000,342.0000,100.0000,50.0000
1240.0000,334.0000,101.0000,51.0000
1335.0000,323.0000,94.0000,47.0000
1387.0000,313.0000,93.0000,45.0000
1414.0000,308.0000,98.0000,49.0000
1451.0000,295.0000,99.0000,49.0000
1483.0000,281.0000,100.0000,50.0000
1542.0000,281.0000,99.0000,49.0000
1579.0000,275.0000,99.0000,49.0000
1612.0000,322.0000,99.0000,49.0000
1604.0000,283.0000,98.0000,49.0000
1603.0000,261.0000,98.0000,49.0000
2
0
0
0
0
1
1590.0000,273.0000,44.0000,14.0000
1585.0000,275.0000,44.0000,14.0000
1580.0000,280.0000,43.0000,14.0000
1581.0000,274.0000,42.0000,14.0000
2
0
0
0
0
1
1543.0000,205.0000,74.0000,78.0000
1541.0000,205.0000,72.0000,78.0000
1541.0000,210.0000,68.0000,75.0000
1539.0000,217.0000,73.0000,69.0000
1520.0000,219.0000,73.0000,69.0000
1515.0000,225.0000,73.0000,69.0000
1509.0000,233.0000,73.0000,69.0000
1500.0000,238.0000,74.0000,70.0000
1488.0000,252.0000,73.0000,69.0000
1464.0000,259.0000,72.0000,68.0000
1429.0000,265.0000,71.0000,67.0000
1364.0000,280.0000,71.0000,67.0000
1312.0000,294.0000,71.0000,67.0000
1260.0000,308.0000,72.0000,68.0000
1214.0000,319.0000,71.0000,67.0000
1166.0000,327.0000,72.0000,68.0000
1111.0000,335.0000,72.0000,68.0000
1074.0000,343.0000,73.0000,69.0000
1026.0000,357.0000,74.0000,65.0000
990.0000,365.0000,73.0000,69.0000
946.0000,375.0000,73.0000,69.0000
893.0000,386.0000,76.0000,66.0000
856.0000,397.0000,74.0000,70.0000
806.0000,406.0000,77.0000,69.0000
764.0000,416.0000,79.0000,66.0000
721.0000,428.0000,78.0000,67.0000
682.0000,436.0000,78.0000,66.0000
645.0000,443.0000,78.0000,63.0000
605.0000,450.0000,79.0000,67.0000
568.0000,459.0000,77.0000,65.0000
534.0000,469.0000,77.0000,64.0000
497.0000,479.0000,78.0000,65.0000
461.0000,486.0000,77.0000,64.0000
424.0000,491.0000,81.0000,66.0000
388.0000,496.0000,84.0000,63.0000
357.0000,494.0000,82.0000,66.0000
328.0000,497.0000,83.0000,66.0000
308.0000,489.0000,91.0000,77.0000
302.0000,483.0000,93.0000,82.0000
295.0000,481.0000,92.0000,81.0000
289.0000,482.0000,93.0000,79.0000
284.0000,485.0000,88.0000,77.0000
287.0000,485.0000,79.0000,80.0000
282.0000,483.0000,77.0000,86.0000
273.0000,494.0000,75.0000,71.0000
251.0000,479.0000,75.0000,71.0000
265.0000,498.0000,76.0000,72.0000
272.0000,498.0000,75.0000,71.0000
278.0000,498.0000,75.0000,71.0000
285.0000,505.0000,71.0000,81.0000
288.0000,539.0000,68.0000,85.0000
289.0000,541.0000,72.0000,89.0000
294.0000,550.0000,73.0000,80.0000
297.0000,563.0000,68.0000,70.0000
300.0000,571.0000,77.0000,73.0000
315.0000,581.0000,67.0000,68.0000
326.0000,575.0000,69.0000,68.0000
365.0000,560.0000,69.0000,63.0000
340.0000,573.0000,73.0000,68.0000
2
0
0
0
0
1
920.0000,499.0000,96.0000,49.0000
960.0000,497.0000,97.0000,48.0000
997.0000,491.0000,96.0000,47.0000
2
0
0
0
0
1
1462.0000,481.0000,82.0000,33.0000
1510.0000,477.0000,80.0000,33.0000
1517.0000,479.0000,83.0000,34.0000
1548.0000,478.0000,82.0000,34.0000
1572.0000,504.0000,82.0000,34.0000
2
