1
701.0269,242.7775,34.0000,71.0000
698.2814,242.7775,34.0000,71.0000
695.5358,240.0319,34.0000,71.0000
690.0446,240.0319,34.0000,71.0000
687.7990,238.2863,33.0000,69.0000
685.8093,238.2863,33.0000,69.0000
683.1562,238.2863,33.0000,69.0000
683.1562,235.6333,33.0000,69.0000
680.5032,235.6333,33.0000,69.0000
677.8501,238.2863,33.0000,69.0000
676.5236,243.5924,33.0000,69.0000
673.8705,243.5924,33.0000,69.0000
668.5645,246.2455,33.0000,69.0000
662.7584,244.5822,34.0000,71.0000
657.2672,244.5822,34.0000,71.0000
654.5216,244.5822,34.0000,71.0000
649.0305,244.5822,34.0000,71.0000
646.7849,245.5822,33.0000,69.0000
640.8155,244.9190,33.0000,69.0000
638.1625,244.9190,33.0000,69.0000
633.5197,244.9190,33.0000,69.0000
630.2033,244.9190,33.0000,69.0000
628.0503,243.2659,32.0000,67.0000
625.2818,244.2659,31.0000,65.0000
622.7596,244.2659,31.0000,65.0000
618.3457,244.2659,31.0000,65.0000
615.8234,244.2659,31.0000,65.0000
613.3012,244.2659,31.0000,65.0000
609.3873,245.2659,30.0000,63.0000
606.9576,245.2659,30.0000,63.0000
602.0982,245.2659,30.0000,63.0000
600.2759,245.2659,30.0000,63.0000
597.8463,242.8362,30.0000,63.0000
595.4165,242.8362,30.0000,63.0000
592.9868,242.8362,30.0000,63.0000
591.0571,243.8362,29.0000,61.0000
586.3828,243.8362,29.0000,61.0000
584.0457,244.3362,29.0000,60.0000
579.3936,246.1622,29.0000,61.0000
577.0565,244.3251,29.0000,60.0000
572.9045,245.3251,28.0000,58.0000
568.9375,246.3251,27.0000,56.0000
565.6935,247.5202,28.0000,58.0000
561.7850,245.8451,28.0000,58.0000
558.9348,246.8451,27.0000,56.0000
555.0444,247.3451,26.0000,55.0000
550.8168,247.3451,26.0000,55.0000
548.1745,247.3451,26.0000,55.0000
545.5322,247.3451,26.0000,55.0000
543.4184,247.3451,26.0000,55.0000
542.3615,247.3451,26.0000,55.0000
541.3046,247.3451,26.0000,55.0000
539.1908,247.3451,26.0000,55.0000
539.1908,247.3451,26.0000,55.0000
537.0770,247.3451,26.0000,55.0000
537.0770,247.3451,26.0000,55.0000
534.9632,247.3451,26.0000,55.0000
534.9632,247.3451,26.0000,55.0000
534.9632,247.3451,26.0000,55.0000
534.9632,247.3451,26.0000,55.0000
533.3778,247.3451,26.0000,55.0000
533.3778,245.2313,26.0000,55.0000
533.3778,245.2313,26.0000,55.0000
531.2640,245.2313,26.0000,55.0000
531.2640,245.2313,26.0000,55.0000
530.2071,245.2313,26.0000,55.0000
529.6786,245.2313,26.0000,55.0000
527.5648,245.2313,26.0000,55.0000
527.5648,244.7029,26.0000,55.0000
527.5648,243.1175,26.0000,55.0000
527.5648,243.1175,26.0000,55.0000
527.5648,243.1175,26.0000,55.0000
527.5648,243.1175,26.0000,55.0000
527.5648,243.1175,26.0000,55.0000
529.6786,241.5322,26.0000,55.0000
530.1786,242.5322,25.0000,53.0000
532.1999,242.5322,25.0000,53.0000
532.1999,244.0481,25.0000,53.0000
534.2212,244.0481,25.0000,53.0000
536.2424,244.0481,25.0000,53.0000
538.2637,243.5428,25.0000,53.0000
540.2850,243.5428,25.0000,53.0000
541.8009,244.0428,25.0000,52.0000
543.8110,244.0428,25.0000,52.0000
545.3187,244.0428,25.0000,52.0000
548.3339,244.0428,25.0000,52.0000
549.8414,244.5453,25.0000,52.0000
552.3541,244.5453,25.0000,52.0000
555.8693,245.5453,24.0000,50.0000
558.7457,245.5453,24.0000,50.0000
560.6633,246.9835,24.0000,50.0000
563.5397,245.5453,24.0000,50.0000
565.4573,245.5453,24.0000,50.0000
569.2925,245.5453,24.0000,50.0000
571.2101,245.5453,24.0000,50.0000
575.0453,245.5453,24.0000,50.0000
576.0041,245.5453,24.0000,50.0000
578.4011,245.5453,24.0000,50.0000
580.3187,245.5453,24.0000,50.0000
582.2363,245.5453,24.0000,50.0000
584.1539,245.5453,24.0000,50.0000
584.1539,245.5453,24.0000,50.0000
586.0715,246.9835,24.0000,50.0000
587.0096,246.9423,25.0000,52.0000
588.0147,246.9423,25.0000,52.0000
590.0248,247.9499,25.0000,53.0000
590.5302,247.9499,25.0000,53.0000
592.0461,247.9499,25.0000,53.0000
594.0674,247.9499,25.0000,53.0000
595.5833,247.9499,25.0000,53.0000
595.5833,246.4340,25.0000,53.0000
595.5833,246.4340,25.0000,53.0000
595.5833,245.9286,25.0000,53.0000
595.5833,245.4233,25.0000,53.0000
591.5408,243.9074,25.0000,53.0000
588.5089,244.9180,25.0000,53.0000
583.9611,242.8967,25.0000,53.0000
578.4026,242.8967,25.0000,53.0000
574.3600,243.4021,25.0000,53.0000
568.2962,241.3808,25.0000,53.0000
561.7271,240.8755,25.0000,53.0000
554.6527,239.3595,25.0000,53.0000
548.0836,239.3595,25.0000,53.0000
540.5038,239.3595,25.0000,53.0000
531.9135,237.3383,25.0000,53.0000
525.3444,237.3383,25.0000,53.0000
517.7646,237.3383,25.0000,53.0000
511.1955,237.3383,25.0000,53.0000
504.1210,236.8329,25.0000,53.0000
495.0253,237.8436,25.0000,53.0000
485.4243,239.3595,25.0000,53.0000
474.8127,240.3702,25.0000,53.0000
463.1904,242.3914,25.0000,53.0000
451.0628,245.4233,25.0000,53.0000
438.9352,245.9286,25.0000,53.0000
424.7863,247.9499,25.0000,53.0000
412.1534,247.9499,25.0000,53.0000
399.5205,247.9499,25.0000,53.0000
385.3717,247.9499,25.0000,53.0000
372.7388,247.9499,25.0000,53.0000
356.0633,249.9712,25.0000,53.0000
336.8613,249.9712,25.0000,53.0000
317.6593,251.9924,25.0000,53.0000
298.4572,250.9765,25.0000,52.0000
279.3610,254.4942,25.0000,52.0000
260.2648,254.4942,25.0000,52.0000
241.1685,254.4942,25.0000,52.0000
222.0723,256.5043,25.0000,52.0000
202.9761,256.0018,25.0000,52.0000
183.8799,256.0018,25.0000,52.0000
164.7836,256.0018,25.0000,52.0000
149.7077,256.0018,25.0000,52.0000
136.1393,257.0069,25.0000,52.0000
125.5861,259.0170,25.0000,52.0000
110.5101,260.0221,25.0000,52.0000
96.4392,260.0221,25.0000,52.0000
88.3987,262.0322,25.0000,52.0000
82.8709,262.5347,25.0000,52.0000
80.8607,263.5398,25.0000,52.0000
80.8607,264.0423,25.0000,52.0000
81.3633,264.0423,25.0000,52.0000
83.3734,264.0423,25.0000,52.0000
85.3835,264.0423,25.0000,52.0000
89.4038,266.0525,25.0000,52.0000
93.4240,268.0626,25.0000,52.0000
95.4342,271.5803,25.0000,52.0000
96.4392,273.0879,25.0000,52.0000
95.9367,274.0930,25.0000,52.0000
93.9266,274.0930,25.0000,52.0000
93.9266,273.0879,25.0000,52.0000
93.9266,272.0829,25.0000,52.0000
95.9367,272.0829,25.0000,52.0000
96.9418,274.0930,25.0000,52.0000
99.4544,274.5955,25.0000,52.0000
103.4747,275.6006,25.0000,52.0000
109.0025,275.6006,25.0000,52.0000
115.0329,275.6006,25.0000,52.0000
121.5658,275.6006,25.0000,52.0000
130.1089,273.5905,25.0000,52.0000
140.6621,272.0829,25.0000,52.0000
150.7127,272.0829,25.0000,52.0000
161.2659,271.5803,25.0000,52.0000
173.3267,269.5702,25.0000,52.0000
183.8799,268.0626,25.0000,52.0000
191.9204,268.5651,25.0000,52.0000
199.4584,269.5702,25.0000,52.0000
207.4989,271.0778,25.0000,52.0000
214.5343,272.0829,25.0000,52.0000
220.5647,272.0829,25.0000,52.0000
228.6052,272.0829,25.0000,52.0000
234.6356,272.5854,25.0000,52.0000
241.1685,272.5854,25.0000,52.0000
248.7065,271.5803,25.0000,52.0000
254.7369,269.5702,25.0000,52.0000
261.7724,268.0626,25.0000,52.0000
268.8078,267.5601,25.0000,52.0000
276.8484,265.5499,25.0000,52.0000
284.8889,267.5601,25.0000,52.0000
292.4268,267.5601,25.0000,52.0000
300.4674,267.5601,25.0000,52.0000
309.0104,267.5601,25.0000,52.0000
317.0509,267.5601,25.0000,52.0000
325.0915,267.5601,25.0000,52.0000
333.1320,267.5601,25.0000,52.0000
340.6700,265.5499,25.0000,52.0000
344.6902,263.5398,25.0000,52.0000
352.7307,263.5398,25.0000,52.0000
360.7712,263.5398,25.0000,52.0000
368.8118,262.0322,25.0000,52.0000
375.3447,262.5347,25.0000,52.0000
383.3852,262.5347,25.0000,52.0000
389.4156,263.5398,25.0000,52.0000
395.9485,263.5398,25.0000,52.0000
402.4814,263.5398,25.0000,52.0000
411.0245,263.5398,25.0000,52.0000
419.0650,263.0373,25.0000,52.0000
429.1156,263.0373,25.0000,52.0000
437.1562,262.0322,25.0000,52.0000
445.1967,261.5322,25.0000,53.0000
450.7605,260.5322,26.0000,55.0000
457.1019,260.5322,26.0000,55.0000
464.5002,262.6460,26.0000,55.0000
471.3701,262.6460,26.0000,55.0000
479.8254,263.7029,26.0000,55.0000
481.9392,263.7029,26.0000,55.0000
485.1099,265.8167,26.0000,55.0000
486.6953,266.8736,26.0000,55.0000
488.2806,266.8736,26.0000,55.0000
490.9229,264.7598,26.0000,55.0000
493.0367,260.5322,26.0000,55.0000
494.0936,258.9468,26.0000,55.0000
491.9798,258.9468,26.0000,55.0000
491.9798,258.9468,26.0000,55.0000
491.9798,260.5322,26.0000,55.0000
492.4798,261.5322,25.0000,53.0000
492.4798,263.5535,25.0000,53.0000
495.0064,265.5747,25.0000,53.0000
495.5117,266.0747,25.0000,52.0000
495.5117,266.0747,25.0000,52.0000
495.5117,266.0747,25.0000,52.0000
491.4914,266.0747,25.0000,52.0000
483.4509,266.0747,25.0000,52.0000
471.3901,264.0646,25.0000,52.0000
455.3091,262.0545,25.0000,52.0000
439.2281,261.5545,25.0000,53.0000
423.0580,260.0385,25.0000,53.0000
408.4038,260.0385,25.0000,53.0000
395.7709,261.0492,25.0000,53.0000
383.1379,262.0598,25.0000,53.0000
368.4838,264.0811,25.0000,53.0000
355.3456,264.0811,25.0000,53.0000
342.2073,266.1023,25.0000,53.0000
330.0797,266.1023,25.0000,53.0000
318.9628,268.1236,25.0000,53.0000
309.8671,270.1449,25.0000,53.0000
299.7607,270.6502,25.0000,53.0000
290.6650,271.6608,25.0000,53.0000
286.1172,273.1768,25.0000,53.0000
284.6012,275.1980,25.0000,53.0000
279.5481,277.2193,25.0000,53.0000
272.9789,279.2405,25.0000,53.0000
266.9152,281.7671,25.0000,53.0000
260.8513,284.7990,25.0000,53.0000
252.7663,287.8309,25.0000,53.0000
244.1759,290.3575,25.0000,53.0000
233.0590,294.4001,25.0000,53.0000
222.9526,296.4213,25.0000,53.0000
213.3516,297.9319,25.0000,52.0000
201.7934,299.9421,25.0000,52.0000
189.7326,299.9421,25.0000,52.0000
178.1743,300.9471,25.0000,52.0000
171.6414,302.9573,25.0000,52.0000
167.6212,299.4395,25.0000,52.0000
169.6313,300.9471,25.0000,52.0000
173.6516,299.9421,25.0000,52.0000
177.1693,301.9522,25.0000,52.0000
165.1085,318.5358,25.0000,52.0000
163.0984,318.5358,25.0000,52.0000
168.1212,326.0687,24.0000,50.0000
170.5388,328.0069,23.0000,49.0000
167.7031,329.8973,23.0000,49.0000
167.7031,328.0069,23.0000,49.0000
161.5591,316.1915,23.0000,49.0000
165.8126,319.9724,23.0000,49.0000
168.6483,321.8629,23.0000,49.0000
171.4566,322.3081,24.0000,50.0000
173.3742,324.2257,24.0000,50.0000
176.2506,323.7463,24.0000,50.0000
171.9360,325.6639,24.0000,50.0000
173.3742,325.6639,24.0000,50.0000
173.3742,325.6639,24.0000,50.0000
171.4566,325.6639,24.0000,50.0000
168.5802,327.5815,24.0000,50.0000
172.9154,330.4785,23.0000,49.0000
172.9154,333.7868,23.0000,49.0000
176.6963,333.3142,23.0000,49.0000
178.5868,335.2047,23.0000,49.0000
183.3130,336.1499,23.0000,49.0000
188.0391,338.0403,23.0000,49.0000
188.0391,341.3487,23.0000,49.0000
190.4022,343.7117,23.0000,49.0000
191.8200,343.2391,23.0000,49.0000
193.2379,343.2391,23.0000,49.0000
195.1283,344.6570,23.0000,49.0000
195.1283,345.1296,23.0000,49.0000
200.7997,346.0748,23.0000,49.0000
202.6902,348.4379,23.0000,49.0000
203.6354,351.7462,23.0000,49.0000
203.1628,355.9997,23.0000,49.0000
203.6354,357.8902,23.0000,49.0000
203.6354,359.7807,23.0000,49.0000
203.6354,359.7807,23.0000,49.0000
206.4437,359.2807,24.0000,50.0000
212.1965,359.2807,24.0000,50.0000
215.5317,358.2807,25.0000,52.0000
215.5317,358.2807,25.0000,52.0000
207.9937,360.2908,25.0000,52.0000
208.4963,360.2908,25.0000,52.0000
206.4861,374.3617,25.0000,52.0000
208.4963,384.4124,25.0000,52.0000
209.5013,382.4022,25.0000,52.0000
207.4912,384.4124,25.0000,52.0000
207.4912,386.4225,25.0000,52.0000
201.9633,390.4427,25.0000,52.0000
197.9431,394.4630,25.0000,52.0000
195.9330,394.4630,25.0000,52.0000
196.9380,394.4630,25.0000,52.0000
196.9380,391.9529,25.0000,53.0000
196.9380,390.9422,25.0000,53.0000
190.3742,391.9635,26.0000,55.0000
188.2604,391.9635,26.0000,55.0000
190.3742,390.9066,26.0000,55.0000
190.3742,391.9635,26.0000,55.0000
188.2604,391.9635,26.0000,55.0000
188.2604,391.9635,26.0000,55.0000
190.3742,391.9635,26.0000,55.0000
190.3742,390.9066,26.0000,55.0000
192.4880,390.9066,26.0000,55.0000
194.6018,390.9066,26.0000,55.0000
194.6018,390.9066,26.0000,55.0000
196.7157,393.0204,26.0000,55.0000
198.8295,393.0204,26.0000,55.0000
203.0571,393.0204,26.0000,55.0000
203.0571,397.2480,26.0000,55.0000
200.9433,399.3618,26.0000,55.0000
198.8295,400.4187,26.0000,55.0000
196.7157,402.5326,26.0000,55.0000
196.7157,400.4187,26.0000,55.0000
196.7157,400.4187,26.0000,55.0000
198.8295,400.4187,26.0000,55.0000
203.5855,401.4756,26.0000,55.0000
207.8132,397.7765,26.0000,55.0000
214.1546,394.6058,26.0000,55.0000
215.2400,392.5204,27.0000,56.0000
219.1303,390.4228,28.0000,58.0000
223.0389,392.6563,28.0000,58.0000
223.0389,392.6563,28.0000,58.0000
223.0973,391.0979,29.0000,60.0000
213.7932,389.9349,29.0000,60.0000
205.0707,388.1904,29.0000,60.0000
201.5817,388.1904,29.0000,60.0000
201.5817,388.1904,29.0000,60.0000
199.8372,388.1904,29.0000,60.0000
206.2337,393.4239,29.0000,60.0000
210.8857,392.8424,29.0000,60.0000
213.2117,390.5164,29.0000,60.0000
210.8857,389.9349,29.0000,60.0000
208.5597,392.2609,29.0000,60.0000
213.2117,392.2609,29.0000,60.0000
217.8638,392.2609,29.0000,60.0000
223.6788,394.0054,29.0000,60.0000
221.3528,391.6794,29.0000,60.0000
219.0268,391.6794,29.0000,60.0000
219.0268,387.6089,29.0000,60.0000
226.0048,387.6089,29.0000,60.0000
221.9343,381.2124,29.0000,60.0000
214.9563,381.2124,29.0000,60.0000
207.9782,377.1419,29.0000,60.0000
203.3262,375.3974,29.0000,60.0000
201.0002,375.9789,29.0000,60.0000
196.3482,373.6529,29.0000,60.0000
194.0222,375.3974,29.0000,60.0000
191.6962,376.5604,29.0000,60.0000
184.7182,378.8864,29.0000,60.0000
180.0662,378.8864,29.0000,60.0000
175.4142,380.0494,29.0000,60.0000
168.4362,380.0494,29.0000,60.0000
163.7841,380.0494,29.0000,60.0000
159.1321,377.7234,29.0000,60.0000
154.4801,377.7234,29.0000,60.0000
146.9206,378.8864,29.0000,60.0000
142.2686,378.8864,29.0000,60.0000
139.9426,378.8864,29.0000,60.0000
139.9426,378.8864,29.0000,60.0000
139.9426,378.8864,29.0000,60.0000
139.9426,378.8864,29.0000,60.0000
139.9426,378.8864,29.0000,60.0000
139.9426,378.8864,29.0000,60.0000
139.9426,378.8864,29.0000,60.0000
137.0351,380.0494,29.0000,60.0000
130.0571,380.0494,29.0000,60.0000
