7.9e-05
0.034091
0.019301
0.020126
0.019865
0.020832
0.020954
0.020879
0.020805
0.02093
0.019984
0.019536
0.019614
0.020392
0.020845
0.020621
0.020909
0.020572
0.020859
0.020688
0.02002
0.021567
0.020533
0.02057
0.021335
0.020548
0.02061
0.020529
0.020432
0.020082
0.020468
0.020893
0.02018
0.020138
0.020046
0.020382
0.020816
0.020393
0.020271
0.020382
0.020234
0.020015
0.020139
0.019689
0.020012
0.019916
0.020574
0.021356
0.021173
0.02004
0.020183
0.020075
0.019946
0.019855
0.019725
0.019679
0.019765
0.019545
0.019432
0.019589
0.019744
0.019711
0.019596
0.01961
0.019657
0.019653
0.019559
0.019745
0.019728
0.020082
0.019744
0.020974
0.01988
0.019952
0.019853
0.0197
0.019976
0.019763
0.02
0.019657
0.020229
0.020145
0.020847
0.019929
0.019867
0.02049
0.019843
0.019722
0.019813
0.019975
0.019587
0.019484
0.019734
0.019562
0.019647
0.019647
0.020184
0.020055
0.019916
0.019779
0.020151
0.019662
0.020349
0.020867
0.020615
0.021037
0.020777
0.020163
0.021642
0.020649
0.020356
0.021788
0.020558
0.020724
0.020793
0.021305
0.020716
0.020141
0.019935
0.020076
0.02058
0.021097
0.020571
0.020312
0.021301
0.020434
0.020422
0.020931
0.020647
0.021161
0.021226
0.020794
0.021558
0.021554
0.020904
0.020769
0.020207
0.020492
0.021285
0.020503
0.020346
0.020853
0.020456
0.020707
0.021069
0.020041
0.019955
0.020911
0.021501
0.020567
0.021967
0.021028
0.020863
0.020488
0.02089
0.020389
