1
759.2194,261.3333,127.6536,183.0288
759.7357,260.4439,130.7679,182.7049
759.5212,259.1532,135.6306,184.3662
753.7239,258.0147,146.8158,187.1535
747.8055,255.2484,162.9529,187.3233
740.8834,254.2900,177.6935,187.6738
735.2552,252.0918,192.4463,191.9006
728.0611,250.7096,200.0396,193.6313
717.8619,247.4868,219.1196,199.3622
707.9225,240.5508,245.9357,203.4157
699.1946,235.8915,271.7250,205.9045
684.8882,228.3568,296.9376,222.0901
682.0870,224.9528,307.1590,226.8902
679.5421,218.8299,318.7705,230.8155
655.8534,208.5152,346.6918,246.5922
644.3828,202.5420,367.6031,250.5956
632.8014,195.8931,395.7505,255.7633
619.0770,189.6852,401.6127,252.4899
609.2178,189.1077,416.4341,253.5135
604.8669,190.0054,438.4480,253.5107
648.4636,178.3039,411.6425,262.6056
642.3407,173.4452,418.4766,267.9832
644.5731,161.7310,418.4471,282.3821
608.8203,151.2554,448.8141,294.9066
617.9665,142.6580,454.9496,314.2843
623.5975,137.0547,453.2931,316.9756
615.9199,145.3929,453.2843,307.5807
607.5871,140.1371,462.2382,304.2650
592.7582,142.5026,477.3666,299.9748
546.1115,132.1243,518.9987,302.4224
574.5833,117.0055,521.5297,316.2106
617.3196,131.3885,503.9636,279.3090
612.0879,132.6517,497.2769,262.0011
626.2567,130.0065,475.2621,283.2060
584.7955,116.9911,480.6904,310.3475
583.6093,115.5348,480.7461,323.5318
552.2892,110.1012,498.8725,347.7413
547.7593,111.7431,511.5985,366.9406
519.3661,105.3110,521.4353,383.5335
522.5237,108.6506,523.7465,378.4201
511.6214,110.9260,525.4794,377.0540
507.6368,107.3432,525.1791,372.2303
483.3170,95.6966,534.9905,380.5283
486.0688,91.0809,539.2201,377.1763
483.8504,105.5535,541.0605,362.1330
511.4682,132.3945,522.6848,338.7045
531.1624,160.5125,498.4398,334.2678
530.3811,158.9199,475.1972,326.5831
546.4930,178.3667,445.2513,316.3035
544.0233,186.9133,409.1059,306.4427
551.7215,194.2760,384.2092,304.3927
553.2785,205.6461,359.6497,301.6779
570.8439,220.5586,341.4941,302.3900
563.8214,217.6397,337.1798,313.4370
558.6718,225.5346,321.5151,317.2392
560.7262,241.0134,305.0392,310.7858
558.2872,244.2090,294.9615,299.8044
540.6533,246.1597,288.5609,303.6685
553.8411,258.8517,268.4669,296.8352
543.0529,258.1797,257.4014,299.2397
547.7782,269.5270,236.1579,294.0843
543.5907,277.5617,225.6071,287.2668
540.4240,288.6536,216.6257,280.1043
541.2067,290.3833,206.8526,279.5695
536.0239,304.2632,195.3938,271.9979
529.3257,315.1229,191.4474,264.2734
525.5126,320.8089,190.7412,254.1924
522.3787,327.1846,193.4365,245.2929
513.3259,328.2457,196.7619,246.9886
512.5170,331.5185,194.3976,242.7340
510.0060,336.2579,190.3778,230.5376
499.4734,347.2598,192.5733,215.1996
498.8323,353.5347,190.0784,205.0854
494.5311,353.8115,198.8153,202.6206
487.3672,361.6448,200.2864,195.9720
