6.3227,6.4325,6.4512,0,0,0,0,0,0,0,0,0,0,0,0
0.79466,0.79612,0.77216,0,0,0,0,0,0,0,0,0,0,0,0
0.70639,0.67118,0.67844,0,0,0,0,0,0,0,0,0,0,0,0
0.68492,0.77614,0.63504,0,0,0,0,0,0,0,0,0,0,0,0
0.64779,0.76024,0.6422,0,0,0,0,0,0,0,0,0,0,0,0
0.73539,0.65845,0.68422,0,0,0,0,0,0,0,0,0,0,0,0
0.7779,0.82418,0.78402,0,0,0,0,0,0,0,0,0,0,0,0
0.67335,0.66354,0.66234,0,0,0,0,0,0,0,0,0,0,0,0
0.6719,0.741,0.62663,0,0,0,0,0,0,0,0,0,0,0,0
0.68612,0.73197,0.63366,0,0,0,0,0,0,0,0,0,0,0,0
0.6567,0.76529,0.65328,0,0,0,0,0,0,0,0,0,0,0,0
1.0253,0.65242,0.68326,0,0,0,0,0,0,0,0,0,0,0,0
0.81495,0.76991,0.72962,0,0,0,0,0,0,0,0,0,0,0,0
0.77618,0.64225,0.63807,0,0,0,0,0,0,0,0,0,0,0,0
0.67221,0.68231,0.72267,0,0,0,0,0,0,0,0,0,0,0,0
0.65503,0.65076,0.67676,0,0,0,0,0,0,0,0,0,0,0,0
0.68734,0.67004,0.63808,0,0,0,0,0,0,0,0,0,0,0,0
0.70207,0.64179,0.65332,0,0,0,0,0,0,0,0,0,0,0,0
0.7234,0.79497,0.85926,0,0,0,0,0,0,0,0,0,0,0,0
0.68964,0.74579,0.67018,0,0,0,0,0,0,0,0,0,0,0,0
0.66546,0.70075,0.7477,0,0,0,0,0,0,0,0,0,0,0,0
0.66573,0.6424,0.63818,0,0,0,0,0,0,0,0,0,0,0,0
0.73488,0.64265,0.7188,0,0,0,0,0,0,0,0,0,0,0,0
0.69623,0.63953,0.63759,0,0,0,0,0,0,0,0,0,0,0,0
0.78092,0.72601,0.78605,0,0,0,0,0,0,0,0,0,0,0,0
0.68224,0.73821,0.75165,0,0,0,0,0,0,0,0,0,0,0,0
0.66385,0.66112,0.64598,0,0,0,0,0,0,0,0,0,0,0,0
0.67614,0.73771,0.67632,0,0,0,0,0,0,0,0,0,0,0,0
0.7674,0.74348,0.64627,0,0,0,0,0,0,0,0,0,0,0,0
0.65191,0.6457,0.71287,0,0,0,0,0,0,0,0,0,0,0,0
0.79679,0.74897,0.74021,0,0,0,0,0,0,0,0,0,0,0,0
0.67523,0.7209,0.64501,0,0,0,0,0,0,0,0,0,0,0,0
0.67162,0.63871,0.67157,0,0,0,0,0,0,0,0,0,0,0,0
0.73233,0.64656,0.69035,0,0,0,0,0,0,0,0,0,0,0,0
0.65149,0.65971,0.8135,0,0,0,0,0,0,0,0,0,0,0,0
0.66879,0.67086,0.63932,0,0,0,0,0,0,0,0,0,0,0,0
0.7933,0.87242,0.71932,0,0,0,0,0,0,0,0,0,0,0,0
0.76973,0.67235,0.65552,0,0,0,0,0,0,0,0,0,0,0,0
0.83638,0.71318,0.77249,0,0,0,0,0,0,0,0,0,0,0,0
0.66688,0.68804,0.65541,0,0,0,0,0,0,0,0,0,0,0,0
0.82459,0.68292,0.69084,0,0,0,0,0,0,0,0,0,0,0,0
0.66599,0.69071,0.64904,0,0,0,0,0,0,0,0,0,0,0,0
0.85953,0.75543,0.72633,0,0,0,0,0,0,0,0,0,0,0,0
0.69661,0.78482,0.72576,0,0,0,0,0,0,0,0,0,0,0,0
0.72704,0.73493,0.66334,0,0,0,0,0,0,0,0,0,0,0,0
0.85294,0.64506,0.64685,0,0,0,0,0,0,0,0,0,0,0,0
0.70338,0.79955,0.71084,0,0,0,0,0,0,0,0,0,0,0,0
0.75017,0.67006,0.64072,0,0,0,0,0,0,0,0,0,0,0,0
0.83766,0.75022,0.8766,0,0,0,0,0,0,0,0,0,0,0,0
0.69098,0.67953,0.67871,0,0,0,0,0,0,0,0,0,0,0,0
0.68784,0.72831,0.65966,0,0,0,0,0,0,0,0,0,0,0,0
0.66656,0.70204,0.67223,0,0,0,0,0,0,0,0,0,0,0,0
0.67673,0.70651,0.71566,0,0,0,0,0,0,0,0,0,0,0,0
0.71143,0.8036,0.69571,0,0,0,0,0,0,0,0,0,0,0,0
0.80408,0.7755,0.76553,0,0,0,0,0,0,0,0,0,0,0,0
0.66217,0.65145,0.72525,0,0,0,0,0,0,0,0,0,0,0,0
0.65173,0.64224,0.69673,0,0,0,0,0,0,0,0,0,0,0,0
0.66418,0.69918,0.66691,0,0,0,0,0,0,0,0,0,0,0,0
0.68768,0.67494,0.6457,0,0,0,0,0,0,0,0,0,0,0,0
0.66716,0.71434,0.66483,0,0,0,0,0,0,0,0,0,0,0,0
0.79017,0.76422,0.75101,0,0,0,0,0,0,0,0,0,0,0,0
0.73886,0.72539,0.66676,0,0,0,0,0,0,0,0,0,0,0,0
0.68463,0.76182,0.64829,0,0,0,0,0,0,0,0,0,0,0,0
0.7479,0.64501,0.65726,0,0,0,0,0,0,0,0,0,0,0,0
0.75572,0.64593,0.70523,0,0,0,0,0,0,0,0,0,0,0,0
0.67137,0.66373,0.73745,0,0,0,0,0,0,0,0,0,0,0,0
0.86137,0.76661,0.75762,0,0,0,0,0,0,0,0,0,0,0,0
0.70637,0.76803,0.64956,0,0,0,0,0,0,0,0,0,0,0,0
0.68961,0.72857,0.6615,0,0,0,0,0,0,0,0,0,0,0,0
0.65438,0.67203,0.76767,0,0,0,0,0,0,0,0,0,0,0,0
0.67743,0.69923,0.66925,0,0,0,0,0,0,0,0,0,0,0,0
0.81288,0.64977,0.68768,0,0,0,0,0,0,0,0,0,0,0,0
0.74818,0.76344,0.8274,0,0,0,0,0,0,0,0,0,0,0,0
0.6924,0.7329,0.63916,0,0,0,0,0,0,0,0,0,0,0,0
0.7529,0.64624,0.6655,0,0,0,0,0,0,0,0,0,0,0,0
0.83326,0.71196,0.73891,0,0,0,0,0,0,0,0,0,0,0,0
0.79419,0.6719,0.86717,0,0,0,0,0,0,0,0,0,0,0,0
0.67479,0.63679,0.68309,0,0,0,0,0,0,0,0,0,0,0,0
0.77538,0.81964,0.73181,0,0,0,0,0,0,0,0,0,0,0,0
0.67447,0.6779,0.69458,0,0,0,0,0,0,0,0,0,0,0,0
0.67069,0.70224,0.73551,0,0,0,0,0,0,0,0,0,0,0,0
0.6566,0.7,0.64487,0,0,0,0,0,0,0,0,0,0,0,0
0.69923,0.66368,0.67375,0,0,0,0,0,0,0,0,0,0,0,0
0.66203,0.71233,0.77586,0,0,0,0,0,0,0,0,0,0,0,0
0.77148,0.72891,0.78178,0,0,0,0,0,0,0,0,0,0,0,0
0.73531,0.68544,0.75247,0,0,0,0,0,0,0,0,0,0,0,0
0.70309,0.81208,0.64471,0,0,0,0,0,0,0,0,0,0,0,0
0.66483,0.72411,0.67143,0,0,0,0,0,0,0,0,0,0,0,0
0.76918,0.68232,0.63705,0,0,0,0,0,0,0,0,0,0,0,0
0.67694,0.68678,0.64489,0,0,0,0,0,0,0,0,0,0,0,0
0.73959,0.75336,0.72365,0,0,0,0,0,0,0,0,0,0,0,0
0.69171,0.63753,0.64601,0,0,0,0,0,0,0,0,0,0,0,0
0.77916,0.75109,0.63989,0,0,0,0,0,0,0,0,0,0,0,0
0.67503,0.72119,0.64242,0,0,0,0,0,0,0,0,0,0,0,0
0.66725,0.76554,0.7157,0,0,0,0,0,0,0,0,0,0,0,0
0.97945,0.74369,0.73328,0,0,0,0,0,0,0,0,0,0,0,0
0.77037,0.79873,0.71154,0,0,0,0,0,0,0,0,0,0,0,0
0.67261,0.68573,0.63103,0,0,0,0,0,0,0,0,0,0,0,0
0.70895,0.64916,0.64037,0,0,0,0,0,0,0,0,0,0,0,0
0.77468,0.67174,0.64341,0,0,0,0,0,0,0,0,0,0,0,0
0.68581,0.67269,0.65088,0,0,0,0,0,0,0,0,0,0,0,0
0.81062,0.685,0.63563,0,0,0,0,0,0,0,0,0,0,0,0
0.754,0.73328,0.82424,0,0,0,0,0,0,0,0,0,0,0,0
0.65705,0.70882,0.69025,0,0,0,0,0,0,0,0,0,0,0,0
0.72464,0.64668,0.75227,0,0,0,0,0,0,0,0,0,0,0,0
0.67195,0.68586,0.64619,0,0,0,0,0,0,0,0,0,0,0,0
0.69608,0.78404,0.67258,0,0,0,0,0,0,0,0,0,0,0,0
0.66646,0.65178,0.70568,0,0,0,0,0,0,0,0,0,0,0,0
0.77222,0.86202,0.76166,0,0,0,0,0,0,0,0,0,0,0,0
0.76365,0.77907,0.75955,0,0,0,0,0,0,0,0,0,0,0,0
0.69065,0.66331,0.63993,0,0,0,0,0,0,0,0,0,0,0,0
0.74608,0.65704,0.697,0,0,0,0,0,0,0,0,0,0,0,0
0.69993,0.6562,0.99754,0,0,0,0,0,0,0,0,0,0,0,0
0.66973,0.72893,1.3018,0,0,0,0,0,0,0,0,0,0,0,0
0.76597,0.96382,1.0052,0,0,0,0,0,0,0,0,0,0,0,0
0.69135,0.7204,0.64384,0,0,0,0,0,0,0,0,0,0,0,0
0.66747,0.64024,0.63977,0,0,0,0,0,0,0,0,0,0,0,0
0.68385,0.72968,0.67367,0,0,0,0,0,0,0,0,0,0,0,0
0.65174,0.6549,0.66333,0,0,0,0,0,0,0,0,0,0,0,0
0.81931,0.67276,0.64385,0,0,0,0,0,0,0,0,0,0,0,0
0.89647,0.72143,0.72117,0,0,0,0,0,0,0,0,0,0,0,0
0.76567,0.66584,0.63898,0,0,0,0,0,0,0,0,0,0,0,0
0.781,0.64268,0.66206,0,0,0,0,0,0,0,0,0,0,0,0
0.6894,0.65982,0.66723,0,0,0,0,0,0,0,0,0,0,0,0
0.7122,0.66049,0.6404,0,0,0,0,0,0,0,0,0,0,0,0
0.65836,0.66593,0.63986,0,0,0,0,0,0,0,0,0,0,0,0
0.75017,0.76833,0.71486,0,0,0,0,0,0,0,0,0,0,0,0
0.9017,0.71545,0.7382,0,0,0,0,0,0,0,0,0,0,0,0
0.91054,0.6532,0.63811,0,0,0,0,0,0,0,0,0,0,0,0
0.93361,0.64618,0.64301,0,0,0,0,0,0,0,0,0,0,0,0
0.67313,0.71427,0.76128,0,0,0,0,0,0,0,0,0,0,0,0
0.66501,0.79699,0.69266,0,0,0,0,0,0,0,0,0,0,0,0
0.75714,0.70832,0.79574,0,0,0,0,0,0,0,0,0,0,0,0
0.68681,0.66665,0.73363,0,0,0,0,0,0,0,0,0,0,0,0
0.77901,0.74116,0.64462,0,0,0,0,0,0,0,0,0,0,0,0
0.91361,0.65558,0.64313,0,0,0,0,0,0,0,0,0,0,0,0
0.80133,0.71393,0.67229,0,0,0,0,0,0,0,0,0,0,0,0
0.65777,0.69999,0.67113,0,0,0,0,0,0,0,0,0,0,0,0
0.74506,0.8006,0.7576,0,0,0,0,0,0,0,0,0,0,0,0
0.67844,0.68302,0.63752,0,0,0,0,0,0,0,0,0,0,0,0
0.78472,0.64448,0.65085,0,0,0,0,0,0,0,0,0,0,0,0
0.91314,0.69999,0.66262,0,0,0,0,0,0,0,0,0,0,0,0
0.68816,0.7135,0.63698,0,0,0,0,0,0,0,0,0,0,0,0
0.68578,0.72096,0.66831,0,0,0,0,0,0,0,0,0,0,0,0
0.84866,0.79056,0.81306,0,0,0,0,0,0,0,0,0,0,0,0
0.6857,0.68229,0.66915,0,0,0,0,0,0,0,0,0,0,0,0
0.71159,0.74702,0.66272,0,0,0,0,0,0,0,0,0,0,0,0
0.67062,0.69144,0.71989,0,0,0,0,0,0,0,0,0,0,0,0
0.74407,0.77748,0.64588,0,0,0,0,0,0,0,0,0,0,0,0
0.81162,0.66798,0.65229,0,0,0,0,0,0,0,0,0,0,0,0
0.76738,0.74914,0.75986,0,0,0,0,0,0,0,0,0,0,0,0
0.67529,0.68881,0.65698,0,0,0,0,0,0,0,0,0,0,0,0
0.65095,0.72116,0.6422,0,0,0,0,0,0,0,0,0,0,0,0
0.64739,0.69705,0.68153,0,0,0,0,0,0,0,0,0,0,0,0
0.75328,0.75265,0.65337,0,0,0,0,0,0,0,0,0,0,0,0
0.64578,0.66564,0.64261,0,0,0,0,0,0,0,0,0,0,0,0
0.82126,0.79419,0.73812,0,0,0,0,0,0,0,0,0,0,0,0
0.92424,0.71784,0.6698,0,0,0,0,0,0,0,0,0,0,0,0
0.66331,0.63512,0.67785,0,0,0,0,0,0,0,0,0,0,0,0
0.68502,0.65088,0.6388,0,0,0,0,0,0,0,0,0,0,0,0
0.66681,0.84754,0.6479,0,0,0,0,0,0,0,0,0,0,0,0
0.65654,0.67074,0.71016,0,0,0,0,0,0,0,0,0,0,0,0
0.79601,0.72153,0.72806,0,0,0,0,0,0,0,0,0,0,0,0
0.71652,0.71312,0.98799,0,0,0,0,0,0,0,0,0,0,0,0
0.74293,0.76358,0.66368,0,0,0,0,0,0,0,0,0,0,0,0
0.68511,0.65569,0.6521,0,0,0,0,0,0,0,0,0,0,0,0
0.6891,0.64778,0.63329,0,0,0,0,0,0,0,0,0,0,0,0
0.73463,0.75031,0.68771,0,0,0,0,0,0,0,0,0,0,0,0
0.73029,0.72021,0.76169,0,0,0,0,0,0,0,0,0,0,0,0
0.72137,0.68048,0.63689,0,0,0,0,0,0,0,0,0,0,0,0
0.66873,0.7217,0.68773,0,0,0,0,0,0,0,0,0,0,0,0
0.72232,0.69972,0.63375,0,0,0,0,0,0,0,0,0,0,0,0
0.64401,0.63474,0.66099,0,0,0,0,0,0,0,0,0,0,0,0
0.65961,0.73563,0.70301,0,0,0,0,0,0,0,0,0,0,0,0
0.74773,0.73747,0.83333,0,0,0,0,0,0,0,0,0,0,0,0
0.65604,0.75235,0.65272,0,0,0,0,0,0,0,0,0,0,0,0
0.77911,0.64378,0.71201,0,0,0,0,0,0,0,0,0,0,0,0
0.66078,0.72479,0.65027,0,0,0,0,0,0,0,0,0,0,0,0
0.8765,0.80688,0.68609,0,0,0,0,0,0,0,0,0,0,0,0
0.75309,0.64111,0.63953,0,0,0,0,0,0,0,0,0,0,0,0
0.82705,0.80751,0.75051,0,0,0,0,0,0,0,0,0,0,0,0
0.65543,0.68832,0.72537,0,0,0,0,0,0,0,0,0,0,0,0
0.65898,0.77019,0.6354,0,0,0,0,0,0,0,0,0,0,0,0
0.66572,0.79077,0.65879,0,0,0,0,0,0,0,0,0,0,0,0
0.66955,0.8178,0.69199,0,0,0,0,0,0,0,0,0,0,0,0
0.67988,0.64232,0.64449,0,0,0,0,0,0,0,0,0,0,0,0
0.80444,0.9271,0.72016,0,0,0,0,0,0,0,0,0,0,0,0
0.74869,0.64492,0.6411,0,0,0,0,0,0,0,0,0,0,0,0
0.64459,0.70721,0.64121,0,0,0,0,0,0,0,0,0,0,0,0
0.73851,0.78284,0.63651,0,0,0,0,0,0,0,0,0,0,0,0
0.68403,0.63534,0.63763,0,0,0,0,0,0,0,0,0,0,0,0
0.66133,0.70061,0.69599,0,0,0,0,0,0,0,0,0,0,0,0
0.75915,0.83917,0.72566,0,0,0,0,0,0,0,0,0,0,0,0
0.64795,0.76613,0.66476,0,0,0,0,0,0,0,0,0,0,0,0
0.69975,0.73107,0.66279,0,0,0,0,0,0,0,0,0,0,0,0
0.6477,0.70208,0.64241,0,0,0,0,0,0,0,0,0,0,0,0
0.69272,0.662,0.64749,0,0,0,0,0,0,0,0,0,0,0,0
0.69255,0.66769,0.66475,0,0,0,0,0,0,0,0,0,0,0,0
0.78913,0.74659,0.72146,0,0,0,0,0,0,0,0,0,0,0,0
0.67813,0.75829,0.64224,0,0,0,0,0,0,0,0,0,0,0,0
0.64779,0.67387,0.70332,0,0,0,0,0,0,0,0,0,0,0,0
0.64779,0.7145,0.65105,0,0,0,0,0,0,0,0,0,0,0,0
0.72588,0.70186,0.63952,0,0,0,0,0,0,0,0,0,0,0,0
0.6498,0.68778,0.68846,0,0,0,0,0,0,0,0,0,0,0,0
0.72092,0.7623,0.76095,0,0,0,0,0,0,0,0,0,0,0,0
0.77585,0.70118,0.64427,0,0,0,0,0,0,0,0,0,0,0,0
0.67542,0.6493,0.64269,0,0,0,0,0,0,0,0,0,0,0,0
0.64926,0.67033,0.70008,0,0,0,0,0,0,0,0,0,0,0,0
0.64449,0.6538,0.64144,0,0,0,0,0,0,0,0,0,0,0,0
0.69959,0.7209,0.67369,0,0,0,0,0,0,0,0,0,0,0,0
0.71997,0.77051,0.85031,0,0,0,0,0,0,0,0,0,0,0,0
0.68067,0.68586,0.70476,0,0,0,0,0,0,0,0,0,0,0,0
0.78446,0.64602,0.63591,0,0,0,0,0,0,0,0,0,0,0,0
0.66455,0.69429,0.68143,0,0,0,0,0,0,0,0,0,0,0,0
0.67181,0.71302,0.64264,0,0,0,0,0,0,0,0,0,0,0,0
0.657,0.63889,0.66805,0,0,0,0,0,0,0,0,0,0,0,0
0.77254,0.82203,0.74903,0,0,0,0,0,0,0,0,0,0,0,0
0.66159,0.73668,0.65089,0,0,0,0,0,0,0,0,0,0,0,0
0.6573,0.74889,0.72876,0,0,0,0,0,0,0,0,0,0,0,0
0.70882,0.67297,0.64517,0,0,0,0,0,0,0,0,0,0,0,0
0.6662,0.66627,0.66467,0,0,0,0,0,0,0,0,0,0,0,0
0.75171,0.64175,0.64361,0,0,0,0,0,0,0,0,0,0,0,0
0.73481,0.73969,0.76771,0,0,0,0,0,0,0,0,0,0,0,0
0.66629,0.73958,0.67752,0,0,0,0,0,0,0,0,0,0,0,0
0.78952,0.75107,0.7039,0,0,0,0,0,0,0,0,0,0,0,0
0.68453,0.72659,0.71102,0,0,0,0,0,0,0,0,0,0,0,0
0.67186,0.72447,0.7139,0,0,0,0,0,0,0,0,0,0,0,0
0.71279,0.71025,0.67203,0,0,0,0,0,0,0,0,0,0,0,0
0.72888,0.79545,0.74879,0,0,0,0,0,0,0,0,0,0,0,0
0.7365,0.73881,0.63593,0,0,0,0,0,0,0,0,0,0,0,0
0.70921,0.7122,0.67082,0,0,0,0,0,0,0,0,0,0,0,0
0.71484,0.65688,0.68241,0,0,0,0,0,0,0,0,0,0,0,0
0.71389,0.73359,0.65785,0,0,0,0,0,0,0,0,0,0,0,0
0.69367,0.65152,0.66949,0,0,0,0,0,0,0,0,0,0,0,0
0.82017,0.77216,0.7621,0,0,0,0,0,0,0,0,0,0,0,0
0.65066,0.70488,0.64562,0,0,0,0,0,0,0,0,0,0,0,0
0.69223,0.64084,0.7245,0,0,0,0,0,0,0,0,0,0,0,0
0.90028,0.71652,0.63943,0,0,0,0,0,0,0,0,0,0,0,0
0.68477,0.64337,0.63738,0,0,0,0,0,0,0,0,0,0,0,0
0.71268,0.65007,0.6738,0,0,0,0,0,0,0,0,0,0,0,0
0.73886,0.71932,0.71701,0,0,0,0,0,0,0,0,0,0,0,0
0.66449,0.68586,0.64628,0,0,0,0,0,0,0,0,0,0,0,0
0.71555,0.67525,0.7003,0,0,0,0,0,0,0,0,0,0,0,0
0.63871,0.76129,0.67517,0,0,0,0,0,0,0,0,0,0,0,0
0.65702,0.66148,0.67842,0,0,0,0,0,0,0,0,0,0,0,0
0.66269,0.66483,0.6437,0,0,0,0,0,0,0,0,0,0,0,0
0.80232,0.86621,0.73693,0,0,0,0,0,0,0,0,0,0,0,0
0.7481,1.7313,0.66007,0,0,0,0,0,0,0,0,0,0,0,0
0.75344,0.73217,0.70973,0,0,0,0,0,0,0,0,0,0,0,0
0.67504,0.64448,0.66985,0,0,0,0,0,0,0,0,0,0,0,0
0.67588,0.6512,0.72488,0,0,0,0,0,0,0,0,0,0,0,0
0.67531,0.71779,0.6575,0,0,0,0,0,0,0,0,0,0,0,0
0.90439,0.7429,0.79154,0,0,0,0,0,0,0,0,0,0,0,0
0.64691,0.73435,0.66098,0,0,0,0,0,0,0,0,0,0,0,0
0.72525,0.66314,0.68668,0,0,0,0,0,0,0,0,0,0,0,0
0.68257,0.6665,0.70255,0,0,0,0,0,0,0,0,0,0,0,0
0.67983,0.65774,0.76599,0,0,0,0,0,0,0,0,0,0,0,0
0.64646,0.78028,0.666,0,0,0,0,0,0,0,0,0,0,0,0
0.72624,0.72446,0.78975,0,0,0,0,0,0,0,0,0,0,0,0
0.69854,0.64712,0.70833,0,0,0,0,0,0,0,0,0,0,0,0
0.68564,0.67009,0.64309,0,0,0,0,0,0,0,0,0,0,0,0
0.64458,0.66841,0.64257,0,0,0,0,0,0,0,0,0,0,0,0
0.67439,0.68339,0.66993,0,0,0,0,0,0,0,0,0,0,0,0
0.75204,0.68304,0.64216,0,0,0,0,0,0,0,0,0,0,0,0
0.82275,0.83093,0.71858,0,0,0,0,0,0,0,0,0,0,0,0
0.75891,0.63412,0.66794,0,0,0,0,0,0,0,0,0,0,0,0
0.64403,0.71771,0.63877,0,0,0,0,0,0,0,0,0,0,0,0
0.73818,0.70013,0.6721,0,0,0,0,0,0,0,0,0,0,0,0
0.66571,0.74355,0.66633,0,0,0,0,0,0,0,0,0,0,0,0
0.73061,0.63489,0.63888,0,0,0,0,0,0,0,0,0,0,0,0
0.73557,0.7069,0.77501,0,0,0,0,0,0,0,0,0,0,0,0
0.68054,0.70489,0.66412,0,0,0,0,0,0,0,0,0,0,0,0
0.65248,0.72098,0.65179,0,0,0,0,0,0,0,0,0,0,0,0
0.66244,0.71788,0.68429,0,0,0,0,0,0,0,0,0,0,0,0
0.69848,0.71561,0.70662,0,0,0,0,0,0,0,0,0,0,0,0
0.70075,0.76722,0.6703,0,0,0,0,0,0,0,0,0,0,0,0
0.72868,0.74614,0.76106,0,0,0,0,0,0,0,0,0,0,0,0
0.779,0.7563,0.71423,0,0,0,0,0,0,0,0,0,0,0,0
0.67029,0.69993,0.76451,0,0,0,0,0,0,0,0,0,0,0,0
0.68795,0.75847,0.64024,0,0,0,0,0,0,0,0,0,0,0,0
0.67135,0.72316,0.64262,0,0,0,0,0,0,0,0,0,0,0,0
0.6494,0.65382,0.66797,0,0,0,0,0,0,0,0,0,0,0,0
0.80128,0.81887,0.79255,0,0,0,0,0,0,0,0,0,0,0,0
0.67126,0.66286,0.68687,0,0,0,0,0,0,0,0,0,0,0,0
0.65479,0.78868,0.64127,0,0,0,0,0,0,0,0,0,0,0,0
0.73217,0.66955,0.68321,0,0,0,0,0,0,0,0,0,0,0,0
0.74879,0.66676,0.65243,0,0,0,0,0,0,0,0,0,0,0,0
0.66376,0.65631,0.63794,0,0,0,0,0,0,0,0,0,0,0,0
0.7228,0.77722,0.76281,0,0,0,0,0,0,0,0,0,0,0,0
0.68398,0.70257,0.67813,0,0,0,0,0,0,0,0,0,0,0,0
0.69545,0.63319,0.69588,0,0,0,0,0,0,0,0,0,0,0,0
0.64715,0.68618,0.6354,0,0,0,0,0,0,0,0,0,0,0,0
0.71661,0.68017,0.6456,0,0,0,0,0,0,0,0,0,0,0,0
0.75596,0.67479,0.71824,0,0,0,0,0,0,0,0,0,0,0,0
0.72248,0.8525,0.76155,0,0,0,0,0,0,0,0,0,0,0,0
0.6562,0.64598,0.64038,0,0,0,0,0,0,0,0,0,0,0,0
0.6742,0.67559,0.63534,0,0,0,0,0,0,0,0,0,0,0,0
0.69334,0.6557,0.69845,0,0,0,0,0,0,0,0,0,0,0,0
0.66668,0.6593,0.72526,0,0,0,0,0,0,0,0,0,0,0,0
0.83506,0.6809,0.69923,0,0,0,0,0,0,0,0,0,0,0,0
0.78338,0.7263,0.71896,0,0,0,0,0,0,0,0,0,0,0,0
0.65972,0.65382,0.66842,0,0,0,0,0,0,0,0,0,0,0,0
0.80147,0.63297,0.63289,0,0,0,0,0,0,0,0,0,0,0,0
0.76235,0.62589,0.64594,0,0,0,0,0,0,0,0,0,0,0,0
0.7274,0.67421,0.63844,0,0,0,0,0,0,0,0,0,0,0,0
0.64279,0.69214,0.63038,0,0,0,0,0,0,0,0,0,0,0,0
0.72057,0.71502,0.80289,0,0,0,0,0,0,0,0,0,0,0,0
0.68381,0.77643,0.66832,0,0,0,0,0,0,0,0,0,0,0,0
0.66986,0.78476,0.67186,0,0,0,0,0,0,0,0,0,0,0,0
0.69303,0.64882,0.67717,0,0,0,0,0,0,0,0,0,0,0,0
0.68468,0.72211,0.63497,0,0,0,0,0,0,0,0,0,0,0,0
0.72456,0.68276,0.71248,0,0,0,0,0,0,0,0,0,0,0,0
0.75792,0.83963,0.71516,0,0,0,0,0,0,0,0,0,0,0,0
0.80116,0.77936,0.64481,0,0,0,0,0,0,0,0,0,0,0,0
0.90801,0.66339,0.63673,0,0,0,0,0,0,0,0,0,0,0,0
0.66835,0.7024,0.68041,0,0,0,0,0,0,0,0,0,0,0,0
0.64304,0.63859,0.68624,0,0,0,0,0,0,0,0,0,0,0,0
0.69384,0.69203,0.65679,0,0,0,0,0,0,0,0,0,0,0,0
0.78355,0.79718,0.78198,0,0,0,0,0,0,0,0,0,0,0,0
0.68245,0.63634,0.66562,0,0,0,0,0,0,0,0,0,0,0,0
0.69787,0.63761,0.64241,0,0,0,0,0,0,0,0,0,0,0,0
0.70824,0.70194,0.66759,0,0,0,0,0,0,0,0,0,0,0,0
0.65931,0.72529,0.64882,0,0,0,0,0,0,0,0,0,0,0,0
0.64606,0.72829,0.72299,0,0,0,0,0,0,0,0,0,0,0,0
0.82904,0.81541,0.7749,0,0,0,0,0,0,0,0,0,0,0,0
0.64814,0.63611,0.68917,0,0,0,0,0,0,0,0,0,0,0,0
0.64011,0.68996,0.65288,0,0,0,0,0,0,0,0,0,0,0,0
0.65413,0.74051,0.64192,0,0,0,0,0,0,0,0,0,0,0,0
0.68536,0.7615,0.65211,0,0,0,0,0,0,0,0,0,0,0,0
0.68757,0.72635,0.64582,0,0,0,0,0,0,0,0,0,0,0,0
0.861,0.75952,0.77495,0,0,0,0,0,0,0,0,0,0,0,0
0.71978,0.64938,0.68186,0,0,0,0,0,0,0,0,0,0,0,0
0.71022,0.67774,0.68613,0,0,0,0,0,0,0,0,0,0,0,0
0.65505,0.66687,0.66307,0,0,0,0,0,0,0,0,0,0,0,0
0.64654,0.68547,0.689,0,0,0,0,0,0,0,0,0,0,0,0
0.64655,0.63918,0.63279,0,0,0,0,0,0,0,0,0,0,0,0
0.76613,0.81629,0.78102,0,0,0,0,0,0,0,0,0,0,0,0
0.7525,0.66649,0.68835,0,0,0,0,0,0,0,0,0,0,0,0
0.69621,0.65067,0.63618,0,0,0,0,0,0,0,0,0,0,0,0
0.69737,0.73541,0.63424,0,0,0,0,0,0,0,0,0,0,0,0
0.64545,0.64354,0.69379,0,0,0,0,0,0,0,0,0,0,0,0
0.77529,0.63309,0.64514,0,0,0,0,0,0,0,0,0,0,0,0
0.75497,0.74499,0.791,0,0,0,0,0,0,0,0,0,0,0,0
0.66937,0.70523,0.66916,0,0,0,0,0,0,0,0,0,0,0,0
0.64906,0.65541,0.68793,0,0,0,0,0,0,0,0,0,0,0,0
0.63876,0.66445,0.71057,0,0,0,0,0,0,0,0,0,0,0,0
0.65374,0.74298,0.72053,0,0,0,0,0,0,0,0,0,0,0,0
0.70594,0.68534,0.70891,0,0,0,0,0,0,0,0,0,0,0,0
0.79249,0.85353,0.74769,0,0,0,0,0,0,0,0,0,0,0,0
0.67807,0.78028,0.64117,0,0,0,0,0,0,0,0,0,0,0,0
0.64537,0.69933,0.7278,0,0,0,0,0,0,0,0,0,0,0,0
0.64423,0.68451,0.68962,0,0,0,0,0,0,0,0,0,0,0,0
0.64661,0.67134,0.68367,0,0,0,0,0,0,0,0,0,0,0,0
0.75728,0.69149,0.73308,0,0,0,0,0,0,0,0,0,0,0,0
0.81842,0.72983,0.76667,0,0,0,0,0,0,0,0,0,0,0,0
0.65594,0.66752,0.68597,0,0,0,0,0,0,0,0,0,0,0,0
0.66799,0.76923,0.7743,0,0,0,0,0,0,0,0,0,0,0,0
0.7437,0.69702,0.6445,0,0,0,0,0,0,0,0,0,0,0,0
0.69201,0.65684,0.67031,0,0,0,0,0,0,0,0,0,0,0,0
0.63883,0.66432,0.64247,0,0,0,0,0,0,0,0,0,0,0,0
0.76106,0.81595,0.71669,0,0,0,0,0,0,0,0,0,0,0,0
0.6575,0.66277,0.63625,0,0,0,0,0,0,0,0,0,0,0,0
0.69141,0.67676,0.66225,0,0,0,0,0,0,0,0,0,0,0,0
0.71488,0.6893,0.63973,0,0,0,0,0,0,0,0,0,0,0,0
0.72196,0.8102,0.63571,0,0,0,0,0,0,0,0,0,0,0,0
0.68467,0.67089,0.6431,0,0,0,0,0,0,0,0,0,0,0,0
0.76585,0.74604,0.71716,0,0,0,0,0,0,0,0,0,0,0,0
0.7089,0.74368,0.64158,0,0,0,0,0,0,0,0,0,0,0,0
0.67394,0.8147,0.63918,0,0,0,0,0,0,0,0,0,0,0,0
0.70473,0.72057,0.63734,0,0,0,0,0,0,0,0,0,0,0,0
0.71803,0.69652,0.64081,0,0,0,0,0,0,0,0,0,0,0,0
0.68623,0.71461,0.63976,0,0,0,0,0,0,0,0,0,0,0,0
0.73197,0.71813,0.76575,0,0,0,0,0,0,0,0,0,0,0,0
0.68738,0.68747,0.63824,0,0,0,0,0,0,0,0,0,0,0,0
0.75506,0.73336,0.63607,0,0,0,0,0,0,0,0,0,0,0,0
0.78396,0.65708,0.68067,0,0,0,0,0,0,0,0,0,0,0,0
0.65975,0.65092,0.71001,0,0,0,0,0,0,0,0,0,0,0,0
0.65215,0.69192,0.6732,0,0,0,0,0,0,0,0,0,0,0,0
0.73324,0.72111,0.71522,0,0,0,0,0,0,0,0,0,0,0,0
0.67914,0.69203,0.76882,0,0,0,0,0,0,0,0,0,0,0,0
0.66925,0.6749,0.74303,0,0,0,0,0,0,0,0,0,0,0,0
0.84852,0.68392,0.72345,0,0,0,0,0,0,0,0,0,0,0,0
0.73347,0.65564,0.63522,0,0,0,0,0,0,0,0,0,0,0,0
0.74706,0.65011,0.64499,0,0,0,0,0,0,0,0,0,0,0,0
0.82259,0.76037,0.73099,0,0,0,0,0,0,0,0,0,0,0,0
0.65167,0.66295,0.63534,0,0,0,0,0,0,0,0,0,0,0,0
0.66298,0.66984,0.65665,0,0,0,0,0,0,0,0,0,0,0,0
0.67929,0.66906,0.69472,0,0,0,0,0,0,0,0,0,0,0,0
0.65463,0.65095,0.63113,0,0,0,0,0,0,0,0,0,0,0,0
0.75182,0.63281,0.69538,0,0,0,0,0,0,0,0,0,0,0,0
0.73122,0.74895,0.74682,0,0,0,0,0,0,0,0,0,0,0,0
0.68753,0.69714,0.70239,0,0,0,0,0,0,0,0,0,0,0,0
