0.26838
0.1108
0.033952
0.035335
0.032035
0.046357
0.023903
0.023083
0.022719
0.022794
0.02282
0.022861
0.022707
0.022229
0.021786
0.021479
0.021634
0.021581
0.021624
0.021991
0.022229
0.021913
0.021647
0.021104
0.021345
0.021198
0.021085
0.021084
0.020757
0.020867
0.021189
0.021264
0.020856
0.020702
0.021083
0.020995
0.021158
0.021013
0.021019
0.020454
0.020523
0.02078
0.020462
0.020544
0.020834
0.020422
0.020159
0.0203
0.020024
0.020079
0.020115
0.020061
0.020384
0.019985
0.020155
0.020229
0.020367
0.020797
0.020359
0.020415
0.020394
0.020581
0.020674
0.020686
0.020531
0.020712
0.02043
0.020734
0.020205
0.020377
0.020629
0.020604
0.020247
0.020371
0.020663
0.020636
0.020284
0.020772
0.020645
0.020626
0.020407
0.020661
0.020561
0.021016
0.020531
0.0205
0.020866
0.020848
0.02077
0.020477
0.020434
0.020768
0.020352
0.020308
0.020395
0.02077
0.020492
0.020716
0.020683
0.020396
0.020469
0.02049
0.020453
0.020935
0.020893
0.020417
0.020757
0.02089
0.020675
0.020722
0.020698
0.020673
0.020688
0.02079
0.020689
0.020745
0.020646
0.020527
0.020629
0.020625
0.020655
0.020721
0.020658
0.020621
0.020733
0.020626
0.020683
0.020567
0.020542
0.020558
0.020624
0.020702
0.020651
0.020577
0.020561
0.020654
0.020683
0.02067
0.020673
0.020534
0.02054
0.020739
0.020528
0.020491
0.020694
0.020638
0.020518
0.021219
0.021157
0.021192
0.021221
0.021156
0.021175
0.021096
0.021133
0.021204
0.021125
0.020793
0.020825
0.020492
0.020547
0.020551
0.020591
0.020629
0.020215
0.020312
0.020304
0.020369
0.020536
0.020562
0.02047
0.020148
0.019831
0.019609
0.019524
0.019652
0.019473
0.019684
0.019518
0.018637
0.018816
0.018828
0.018838
0.018742
0.018726
0.018798
0.018542
0.018523
0.018522
0.018565
0.018568
0.018538
0.01821
0.018099
0.018016
0.018033
0.018065
0.018336
0.01919
0.019589
0.019797
0.020109
0.02008
0.020463
0.020381
0.02041
0.020372
0.02021
0.020064
0.020231
0.020377
0.020485
0.020512
0.020598
0.020723
0.020668
0.020662
0.020563
0.020606
0.020446
0.020358
0.020392
0.020315
0.020292
0.020353
0.020413
0.020386
0.020388
0.020325
0.020232
0.020761
0.020684
0.020633
0.02059
0.020674
0.020668
0.020351
0.020486
0.020029
0.020155
0.020181
0.020085
0.020133
0.01864
0.019595
0.019467
0.019358
0.018118
0.018232
0.018303
0.018651
0.019103
0.01882
0.018757
0.018693
0.018842
0.018815
0.018738
0.018749
0.018803
0.018665
0.018688
0.018683
0.018723
0.018822
0.018777
0.018715
0.018746
0.018589
0.018637
0.018663
0.018747
0.018664
0.018734
0.018771
0.018522
0.018119
0.018087
0.018023
0.018108
0.018211
0.018145
0.018107
0.018252
0.018282
0.018225
0.018234
0.018264
0.018557
0.01862
0.018567
0.018586
0.018487
0.018645
0.018757
0.018717
0.018656
0.01862
0.018582
0.018633
0.018504
0.018571
0.01846
0.01856
0.018607
0.018533
0.018624
0.018556
0.018563
0.018437
0.01862
0.018566
0.018506
0.018554
0.018564
0.018506
0.018581
0.018536
0.018692
0.018567
0.018489
0.018568
0.018529
0.018634
0.018544
0.018603
0.018573
0.018528
0.018608
0.018574
0.018547
0.018404
0.01826
0.018447
0.018752
0.019043
0.018954
0.019025
0.01864
0.018633
0.01865
0.018611
0.01862
0.018607
0.018611
0.018428
0.018642
0.018563
0.018431
0.018489
0.018659
0.018683
0.018624
0.018591
0.018629
0.018668
0.01858
0.018595
0.018623
0.018639
0.018583
0.018623
0.018637
0.018701
0.01865
0.01867
0.018576
0.018558
0.018587
0.018632
0.01857
0.018652
0.018542
0.018553
0.018602
0.018588
0.018582
0.018606
0.018601
0.018499
0.018609
0.018606
0.018563
0.018582
0.018626
0.018642
0.018606
0.018627
0.018741
0.018586
0.018638
0.018647
0.0186
0.018698
0.01867
0.018628
0.01866
0.018548
0.018071
0.018047
0.018062
0.018045
0.017871
0.018091
0.018223
0.018211
0.018143
0.018203
0.018152
0.018204
0.018208
0.018149
0.018089
0.01805
0.018191
0.01812
0.018018
0.018165
0.01826
0.018264
0.018245
0.018188
0.018187
0.018189
0.018279
0.018204
0.018246
0.018153
0.018276
0.018215
0.018284
0.018268
0.018198
0.018198
0.01815
0.018122
0.018239
0.018236
0.018104
0.018101
0.01814
0.018219
0.018169
0.018137
0.018201
0.018307
0.018287
0.018323
0.018334
0.018331
0.018374
0.018321
0.018318
0.018376
0.018306
0.018226
0.018147
0.018164
0.018131
0.018172
0.018295
0.01833
0.018359
0.018345
0.018395
0.018353
0.018322
0.01835
0.018423
0.018441
0.018348
0.01839
0.018339
0.018236
0.018367
0.018367
0.01832
0.018335
0.018339
0.018314
0.018362
0.01832
0.018329
0.018247
0.018174
0.018118
0.018174
0.018288
0.018362
0.018327
0.018333
0.018316
0.018355
0.018358
0.018294
0.018215
0.018275
0.018176
0.018169
0.01829
0.018285
0.018636
0.0192
0.018963
0.018947
0.018822
0.018811
0.01878
0.018885
0.018833
0.018576
0.018645
0.018583
0.018668
0.018584
0.018685
0.018092
0.01813
0.018134
0.018152
0.018146
0.017926
0.017869
0.018027
0.01795
0.01791
0.017978
0.017974
0.018101
0.018159
0.018183
0.018049
0.018042
0.018183
0.018087
0.018154
0.018142
0.018079
0.018096
0.018128
0.018111
0.01811
0.01803
0.018173
0.018139
0.018193
0.018099
0.018056
0.018111
0.018137
0.018062
0.018036
0.018107
0.018143
0.018161
0.018272
0.01819
0.018114
0.01806
0.018119
0.01811
0.017807
0.018008
0.018126
0.018098
0.018059
0.018098
0.018557
0.018406
0.018325
0.018443
0.018383
0.018509
0.018407
0.018479
0.018577
0.018583
0.018488
0.018584
0.018486
0.018404
0.01855
0.018537
0.018358
0.01855
0.018507
0.018527
0.018411
0.018545
0.018556
0.018454
0.018481
0.017865
0.017968
0.017965
0.017989
0.017963
0.017851
0.018041
0.017874
0.017943
0.017954
0.017984
0.018038
0.018029
0.017982
0.018002
0.01789
0.017967
0.018036
0.017996
0.017779
0.01797
0.017966
0.017845
0.017814
0.018002
0.018041
0.018025
0.018015
0.01794
0.017872
0.017804
0.018414
0.018423
0.018426
0.018435
0.018335
0.018511
0.018403
0.018415
0.018253
0.018079
0.018286
0.018407
0.018385
0.018418
0.018376
0.018424
0.018383
0.018487
0.018461
0.018418
0.018436
0.01843
0.018475
0.018457
0.018452
0.018432
0.018444
0.0185
0.01836
0.01837
0.018444
0.018426
0.018454
0.018217
0.018148
0.018317
0.018061
0.018203
0.018065
0.018272
0.018344
0.018419
0.018482
0.018454
0.018363
0.018477
0.018313
0.018376
0.01844
0.01842
0.018399
0.018434
0.018433
0.018402
0.018427
0.018332
0.018451
0.018381
0.018393
0.018386
0.018532
0.018321
0.018406
0.018329
0.018277
0.018255
0.018276
0.018417
0.018406
0.018457
0.018383
0.018452
0.018444
0.018476
0.018431
0.018454
0.018433
0.018351
0.018212
0.01839
0.018462
0.01838
0.018484
0.01849
0.018435
0.018384
0.018484
0.018387
0.018305
0.018383
0.018353
0.018387
0.01845
0.018381
0.018439
0.018483
0.018442
0.018204
0.01813
0.018257
0.018441
0.019331
0.0183
0.018315
0.018125
0.018331
0.018271
0.01823
0.018431
0.018358
0.018506
0.018406
0.018444
0.018364
0.018358
0.018355
0.018347
0.018252
0.018361
0.018235
0.018314
0.018392
0.018423
0.018372
0.018284
0.018405
0.018384
0.018234
0.018363
0.018428
0.018437
0.01842
0.018416
0.018424
0.018339
0.018339
0.018361
0.018426
0.018456
0.018387
0.018484
0.018419
0.0183
0.018463
0.018377
0.018334
0.018485
0.018429
0.018387
0.018417
0.018577
0.018501
0.018494
0.018537
0.018418
0.018351
0.018601
0.018588
0.018647
0.018659
0.018609
0.018611
0.018456
0.0186
0.018483
0.018176
0.018119
0.018285
0.018089
0.018108
0.018125
0.018205
0.018162
0.018127
0.01811
0.018171
0.018172
0.01813
0.018132
0.018063
0.018124
0.017979
0.018134
0.018118
0.01811
0.018096
0.018065
0.018155
0.018177
0.018115
0.018097
0.018115
0.018133
0.017968
0.018003
0.018146
0.018225
0.018158
0.018164
0.01813
0.018112
0.018125
0.018096
0.018139
0.018181
0.018125
0.01813
0.018084
0.018099
0.018044
0.017954
0.017819
0.017978
0.018044
0.018147
0.018148
0.018151
0.018133
0.018124
0.018108
0.018152
0.018242
0.018134
0.01815
0.018021
0.018156
0.018105
0.018119
0.018101
0.017938
0.018103
0.018543
0.018614
0.018581
0.018578
0.018587
0.018585
0.018571
0.018593
0.01851
0.018615
0.018611
0.018509
0.018573
0.018575
0.018636
0.018769
0.018844
0.018858
0.018551
0.018659
0.018587
0.018519
0.018519
0.018359
0.01861
0.018523
0.018443
0.018245
0.018423
0.018421
0.018384
0.0186
0.018482
0.018517
0.018485
0.018531
0.018548
0.018441
0.018423
0.018622
0.018585
0.018614
0.018566
0.018594
0.01855
0.018593
0.01858
0.018155
0.018201
0.018158
0.018132
0.018111
0.01808
0.0181
0.018158
0.018181
0.018168
0.018113
0.018182
0.018277
0.018199
0.01815
0.018107
0.018122
0.018108
0.018146
0.018157
0.018169
0.018012
0.018162
0.018203
0.018152
0.018134
0.018143
0.018168
0.018128
0.018112
0.018143
0.01815
0.018162
0.017941
0.018146
0.018231
0.018015
0.01814
0.018176
0.017944
0.018087
0.018112
0.018086
0.018216
0.018584
0.018523
0.01813
0.018185
0.018134
0.017991
0.018063
0.018017
0.017981
0.018009
0.018105
0.01809
0.018161
0.018292
0.018176
0.018095
0.017899
0.018109
0.01819
0.018154
0.017954
0.018127
0.018017
0.018064
0.019127
0.019044
0.018934
0.01911
0.019086
0.018983
0.018998
0.019034
0.018932
0.019135
0.019123
0.019124
0.01899
0.019017
0.019102
0.019121
0.01918
0.019155
0.019106
0.01918
0.019275
0.019162
0.019154
0.019201
0.019173
0.019014
0.019109
0.019365
0.019534
0.019527
