0.000419
3.0715
0.10243
0.10102
NaN
0.10118
NaN
0.10075
NaN
0.1001
NaN
0.10069
NaN
0.10024
NaN
0.099825
NaN
0.1004
NaN
0.10049
NaN
0.10074
NaN
0.10064
NaN
0.1001
NaN
0.099886
NaN
0.099753
NaN
0.099271
NaN
0.10025
NaN
0.10061
NaN
0.10081
NaN
0.1021
NaN
0.099376
NaN
0.099181
NaN
0.099386
NaN
0.099771
NaN
0.099808
NaN
0.099122
NaN
0.099487
NaN
0.099799
NaN
0.099518
NaN
0.098342
NaN
0.099513
NaN
0.099954
NaN
0.09949
NaN
0.098957
NaN
0.099096
NaN
0.099528
NaN
0.099416
NaN
0.099571
NaN
0.10026
NaN
0.099851
NaN
0.10048
NaN
0.099405
NaN
0.10096
NaN
0.10111
NaN
0.1011
NaN
0.1008
NaN
0.10136
NaN
0.10175
NaN
0.10252
NaN
0.1001
NaN
0.10037
NaN
0.10051
NaN
0.10121
NaN
0.10026
NaN
0.1004
NaN
0.10014
NaN
0.10024
NaN
0.10288
NaN
0.10102
NaN
0.099831
NaN
0.099988
NaN
0.10043
NaN
0.10142
NaN
0.099791
NaN
0.10046
NaN
0.09921
NaN
0.099981
NaN
0.10165
NaN
0.099913
NaN
0.10092
NaN
0.10201
NaN
0.10057
NaN
0.1006
NaN
0.10163
NaN
0.099931
NaN
0.10052
NaN
0.10037
NaN
0.10101
NaN
NaN
NaN
NaN
NaN
NaN
0.000384
3.4393
0.10284
0.10069
NaN
0.10098
NaN
0.10048
NaN
0.1003
NaN
0.10111
NaN
0.10074
NaN
0.10098
NaN
0.10845
NaN
0.10619
NaN
0.1053
NaN
NaN
0.10476
NaN
0.1056
NaN
0.10383
NaN
0.099315
NaN
0.09879
NaN
0.098967
NaN
0.098597
NaN
0.099764
NaN
0.0984
NaN
0.095486
NaN
0.094844
0.097304
NaN
0.097877
NaN
0.097644
NaN
0.097585
NaN
0.099645
NaN
0.099256
NaN
0.098117
NaN
0.098698
NaN
0.099818
NaN
0.10193
NaN
0.10283
NaN
0.10308
NaN
0.10364
NaN
0.1049
NaN
NaN
0.1034
NaN
0.10217
NaN
0.099155
NaN
0.098898
NaN
0.09937
NaN
0.10151
NaN
0.10171
NaN
0.10044
NaN
0.097051
NaN
0.099239
NaN
0.10006
NaN
0.098123
NaN
0.098696
NaN
0.10008
NaN
0.09883
0.09822
NaN
0.097325
NaN
0.097325
NaN
0.097721
NaN
0.097475
NaN
0.098949
NaN
0.098169
NaN
0.097083
NaN
0.097544
NaN
0.097954
NaN
0.097362
NaN
0.097846
NaN
0.096835
NaN
0.096003
NaN
0.096752
NaN
0.097393
NaN
0.099127
NaN
0.099445
NaN
NaN
NaN
NaN
NaN
0.000413
3.2462
0.10987
0.10824
NaN
0.10932
NaN
0.10801
NaN
NaN
0.1073
NaN
0.10693
NaN
0.10645
NaN
0.10786
NaN
0.10904
NaN
0.10665
NaN
0.10651
NaN
NaN
0.10547
NaN
NaN
NaN
NaN
NaN
0.000374
2.913
0.10037
