240.46,256.09,231.37,0,0,0,0,0,0,0,0,0,0,0,0
1.0386,1.0532,1.0915,0,0,0,0,0,0,0,0,0,0,0,0
0.94335,0.87005,1.0231,0,0,0,0,0,0,0,0,0,0,0,0
0.90558,0.92064,1.0043,0,0,0,0,0,0,0,0,0,0,0,0
1.0356,0.90673,0.99507,0,0,0,0,0,0,0,0,0,0,0,0
0.8968,0.93853,0.98767,0,0,0,0,0,0,0,0,0,0,0,0
0.84093,0.97814,0.9846,0,0,0,0,0,0,0,0,0,0,0,0
0.85236,0.91545,0.97387,0,0,0,0,0,0,0,0,0,0,0,0
0.87292,0.89397,0.99649,0,0,0,0,0,0,0,0,0,0,0,0
0.896,0.88492,0.98945,0,0,0,0,0,0,0,0,0,0,0,0
0.83062,0.88903,0.97078,0,0,0,0,0,0,0,0,0,0,0,0
0.84082,0.89017,0.87476,0,0,0,0,0,0,0,0,0,0,0,0
0.81428,0.88614,0.828,0,0,0,0,0,0,0,0,0,0,0,0
0.83478,0.89129,0.83946,0,0,0,0,0,0,0,0,0,0,0,0
0.88424,0.8895,0.87038,0,0,0,0,0,0,0,0,0,0,0,0
0.83944,0.89901,0.90586,0,0,0,0,0,0,0,0,0,0,0,0
0.89076,0.97306,0.822,0,0,0,0,0,0,0,0,0,0,0,0
0.89713,0.85505,0.86631,0,0,0,0,0,0,0,0,0,0,0,0
0.90331,0.84061,0.83335,0,0,0,0,0,0,0,0,0,0,0,0
0.94937,0.8223,0.8478,0,0,0,0,0,0,0,0,0,0,0,0
0.93253,0.88636,0.88615,0,0,0,0,0,0,0,0,0,0,0,0
0.94003,0.88946,0.82179,0,0,0,0,0,0,0,0,0,0,0,0
0.9171,0.84428,0.88955,0,0,0,0,0,0,0,0,0,0,0,0
0.89177,0.82702,0.93897,0,0,0,0,0,0,0,0,0,0,0,0
0.88161,0.81054,0.95549,0,0,0,0,0,0,0,0,0,0,0,0
0.90251,0.83255,0.96429,0,0,0,0,0,0,0,0,0,0,0,0
0.916,0.87935,0.92219,0,0,0,0,0,0,0,0,0,0,0,0
0.94142,0.82034,0.92376,0,0,0,0,0,0,0,0,0,0,0,0
0.97375,0.89895,0.91688,0,0,0,0,0,0,0,0,0,0,0,0
0.82225,0.92837,0.92057,0,0,0,0,0,0,0,0,0,0,0,0
0.8473,0.93859,0.92076,0,0,0,0,0,0,0,0,0,0,0,0
0.82441,0.95325,0.9215,0,0,0,0,0,0,0,0,0,0,0,0
0.88739,0.90178,0.93517,0,0,0,0,0,0,0,0,0,0,0,0
0.88733,0.93532,1.0142,0,0,0,0,0,0,0,0,0,0,0,0
0.8361,0.9231,1.0332,0,0,0,0,0,0,0,0,0,0,0,0
0.82613,0.93801,0.99377,0,0,0,0,0,0,0,0,0,0,0,0
0.81123,0.92546,0.97987,0,0,0,0,0,0,0,0,0,0,0,0
0.85841,0.9324,1.0059,0,0,0,0,0,0,0,0,0,0,0,0
0.90658,0.94011,0.93956,0,0,0,0,0,0,0,0,0,0,0,0
0.85749,0.98063,0.82012,0,0,0,0,0,0,0,0,0,0,0,0
0.88081,0.95454,0.88662,0,0,0,0,0,0,0,0,0,0,0,0
0.91322,0.82547,0.81837,0,0,0,0,0,0,0,0,0,0,0,0
0.95121,0.84775,0.87606,0,0,0,0,0,0,0,0,0,0,0,0
0.95716,0.82146,0.87192,0,0,0,0,0,0,0,0,0,0,0,0
0.93587,0.89446,0.81966,0,0,0,0,0,0,0,0,0,0,0,0
0.92046,0.87647,0.84934,0,0,0,0,0,0,0,0,0,0,0,0
0.91532,0.8315,0.82193,0,0,0,0,0,0,0,0,0,0,0,0
0.88005,0.82289,0.83915,0,0,0,0,0,0,0,0,0,0,0,0
0.87889,0.81756,0.91022,0,0,0,0,0,0,0,0,0,0,0,0
0.88446,0.84686,0.81843,0,0,0,0,0,0,0,0,0,0,0,0
0.89677,0.8896,0.9356,0,0,0,0,0,0,0,0,0,0,0,0
0.94115,0.86413,0.88773,0,0,0,0,0,0,0,0,0,0,0,0
1.0169,0.9283,0.89366,0,0,0,0,0,0,0,0,0,0,0,0
1.0173,0.90842,0.9623,0,0,0,0,0,0,0,0,0,0,0,0
1.0118,0.94164,0.94503,0,0,0,0,0,0,0,0,0,0,0,0
0.81966,0.95379,0.91863,0,0,0,0,0,0,0,0,0,0,0,0
0.81428,0.93841,0.92725,0,0,0,0,0,0,0,0,0,0,0,0
0.89655,0.92417,0.92955,0,0,0,0,0,0,0,0,0,0,0,0
0.81416,0.91555,0.92579,0,0,0,0,0,0,0,0,0,0,0,0
0.88512,0.91219,0.92261,0,0,0,0,0,0,0,0,0,0,0,0
0.83793,0.91763,0.90957,0,0,0,0,0,0,0,0,0,0,0,0
0.89058,0.91771,0.93028,0,0,0,0,0,0,0,0,0,0,0,0
0.85436,0.93118,0.96458,0,0,0,0,0,0,0,0,0,0,0,0
0.8592,0.96175,0.94134,0,0,0,0,0,0,0,0,0,0,0,0
0.82524,0.82256,0.83984,0,0,0,0,0,0,0,0,0,0,0,0
0.81234,0.86747,0.84234,0,0,0,0,0,0,0,0,0,0,0,0
0.84937,0.81591,0.86812,0,0,0,0,0,0,0,0,0,0,0,0
0.85579,0.8982,0.89844,0,0,0,0,0,0,0,0,0,0,0,0
0.93805,0.89522,0.87758,0,0,0,0,0,0,0,0,0,0,0,0
0.91905,0.85031,0.83507,0,0,0,0,0,0,0,0,0,0,0,0
0.9309,0.81722,0.8191,0,0,0,0,0,0,0,0,0,0,0,0
0.96744,0.82053,0.83935,0,0,0,0,0,0,0,0,0,0,0,0
0.9083,0.84921,0.88899,0,0,0,0,0,0,0,0,0,0,0,0
0.90154,0.86871,0.83422,0,0,0,0,0,0,0,0,0,0,0,0
0.9041,0.8534,0.92463,0,0,0,0,0,0,0,0,0,0,0,0
0.90069,0.91308,0.92624,0,0,0,0,0,0,0,0,0,0,0,0
0.89638,0.92326,0.9573,0,0,0,0,0,0,0,0,0,0,0,0
0.89637,0.93937,0.95699,0,0,0,0,0,0,0,0,0,0,0,0
0.90011,0.93847,0.93716,0,0,0,0,0,0,0,0,0,0,0,0
0.90384,0.92078,0.91375,0,0,0,0,0,0,0,0,0,0,0,0
0.95693,0.92668,0.91599,0,0,0,0,0,0,0,0,0,0,0,0
1.0131,0.92985,0.91651,0,0,0,0,0,0,0,0,0,0,0,0
1.0014,0.92363,0.918,0,0,0,0,0,0,0,0,0,0,0,0
1.0093,0.92885,0.92549,0,0,0,0,0,0,0,0,0,0,0,0
1.0004,0.94094,0.95031,0,0,0,0,0,0,0,0,0,0,0,0
1.007,0.9397,0.91542,0,0,0,0,0,0,0,0,0,0,0,0
0.95448,0.89764,0.81749,0,0,0,0,0,0,0,0,0,0,0,0
0.97578,0.81733,0.8836,0,0,0,0,0,0,0,0,0,0,0,0
1.031,0.8551,0.82174,0,0,0,0,0,0,0,0,0,0,0,0
0.99159,0.82215,0.90077,0,0,0,0,0,0,0,0,0,0,0,0
0.93549,0.90004,0.81569,0,0,0,0,0,0,0,0,0,0,0,0
0.81194,0.83717,0.87646,0,0,0,0,0,0,0,0,0,0,0,0
0.81474,0.85311,0.8634,0,0,0,0,0,0,0,0,0,0,0,0
0.9047,0.81978,0.81769,0,0,0,0,0,0,0,0,0,0,0,0
0.82619,0.8112,0.83482,0,0,0,0,0,0,0,0,0,0,0,0
0.85618,0.91288,0.82182,0,0,0,0,0,0,0,0,0,0,0,0
0.85288,0.82292,0.82476,0,0,0,0,0,0,0,0,0,0,0,0
0.9079,0.9088,0.90356,0,0,0,0,0,0,0,0,0,0,0,0
0.82305,0.91024,0.81897,0,0,0,0,0,0,0,0,0,0,0,0
0.84354,0.91256,0.92421,0,0,0,0,0,0,0,0,0,0,0,0
0.83288,0.99814,0.91911,0,0,0,0,0,0,0,0,0,0,0,0
0.81736,0.95197,0.91819,0,0,0,0,0,0,0,0,0,0,0,0
0.90362,0.90901,0.94872,0,0,0,0,0,0,0,0,0,0,0,0
0.83974,0.93783,0.91823,0,0,0,0,0,0,0,0,0,0,0,0
0.85761,0.91521,0.8927,0,0,0,0,0,0,0,0,0,0,0,0
0.91105,0.92116,0.89655,0,0,0,0,0,0,0,0,0,0,0,0
0.90698,0.92707,0.89226,0,0,0,0,0,0,0,0,0,0,0,0
0.92778,0.92382,0.92348,0,0,0,0,0,0,0,0,0,0,0,0
0.94134,0.99104,0.9224,0,0,0,0,0,0,0,0,0,0,0,0
0.9236,0.8616,0.92779,0,0,0,0,0,0,0,0,0,0,0,0
0.91192,0.84035,0.94381,0,0,0,0,0,0,0,0,0,0,0,0
0.88433,0.82572,0.99855,0,0,0,0,0,0,0,0,0,0,0,0
0.9168,0.8638,0.83027,0,0,0,0,0,0,0,0,0,0,0,0
0.90991,0.89408,0.86009,0,0,0,0,0,0,0,0,0,0,0,0
0.91632,0.82473,0.82341,0,0,0,0,0,0,0,0,0,0,0,0
0.91817,0.86841,0.86378,0,0,0,0,0,0,0,0,0,0,0,0
1.0084,0.82369,0.89938,0,0,0,0,0,0,0,0,0,0,0,0
0.93798,0.82443,0.84607,0,0,0,0,0,0,0,0,0,0,0,0
0.82613,0.90436,0.85771,0,0,0,0,0,0,0,0,0,0,0,0
0.84576,0.81361,0.83832,0,0,0,0,0,0,0,0,0,0,0,0
0.84352,0.87971,0.82181,0,0,0,0,0,0,0,0,0,0,0,0
0.88157,0.89427,0.92666,0,0,0,0,0,0,0,0,0,0,0,0
0.83129,0.91883,0.82258,0,0,0,0,0,0,0,0,0,0,0,0
0.8476,0.97335,0.92885,0,0,0,0,0,0,0,0,0,0,0,0
0.82486,0.91641,0.90814,0,0,0,0,0,0,0,0,0,0,0,0
0.81093,0.87969,0.91877,0,0,0,0,0,0,0,0,0,0,0,0
0.85933,0.91312,0.9713,0,0,0,0,0,0,0,0,0,0,0,0
0.85406,0.91853,0.92579,0,0,0,0,0,0,0,0,0,0,0,0
0.84729,0.92695,0.94487,0,0,0,0,0,0,0,0,0,0,0,0
0.89067,0.92412,0.92622,0,0,0,0,0,0,0,0,0,0,0,0
0.88869,0.92312,0.92572,0,0,0,0,0,0,0,0,0,0,0,0
0.89557,0.96549,0.91575,0,0,0,0,0,0,0,0,0,0,0,0
0.96164,0.98094,0.93647,0,0,0,0,0,0,0,0,0,0,0,0
0.94771,0.86728,0.92105,0,0,0,0,0,0,0,0,0,0,0,0
0.93036,0.83926,0.9753,0,0,0,0,0,0,0,0,0,0,0,0
0.9295,0.83713,0.83524,0,0,0,0,0,0,0,0,0,0,0,0
0.91759,0.85378,0.86541,0,0,0,0,0,0,0,0,0,0,0,0
0.91575,0.8885,0.82466,0,0,0,0,0,0,0,0,0,0,0,0
0.9208,0.8191,0.88596,0,0,0,0,0,0,0,0,0,0,0,0
0.90081,0.86736,0.87325,0,0,0,0,0,0,0,0,0,0,0,0
0.97794,0.82525,0.81955,0,0,0,0,0,0,0,0,0,0,0,0
0.85008,0.83509,0.8302,0,0,0,0,0,0,0,0,0,0,0,0
0.85171,0.90631,0.82022,0,0,0,0,0,0,0,0,0,0,0,0
0.83265,0.81724,0.82737,0,0,0,0,0,0,0,0,0,0,0,0
0.86872,0.89633,0.89437,0,0,0,0,0,0,0,0,0,0,0,0
0.90765,0.92132,0.83151,0,0,0,0,0,0,0,0,0,0,0,0
0.82217,0.88463,0.92268,0,0,0,0,0,0,0,0,0,0,0,0
0.83505,1.0144,0.91554,0,0,0,0,0,0,0,0,0,0,0,0
0.80919,0.95985,0.95879,0,0,0,0,0,0,0,0,0,0,0,0
0.82241,0.9105,0.95287,0,0,0,0,0,0,0,0,0,0,0,0
0.88816,0.91377,0.9296,0,0,0,0,0,0,0,0,0,0,0,0
0.81137,0.89145,0.92846,0,0,0,0,0,0,0,0,0,0,0,0
0.9051,0.88074,0.92618,0,0,0,0,0,0,0,0,0,0,0,0
0.91897,0.88728,0.93077,0,0,0,0,0,0,0,0,0,0,0,0
0.94527,0.88316,0.92462,0,0,0,0,0,0,0,0,0,0,0,0
0.96485,0.90065,0.93267,0,0,0,0,0,0,0,0,0,0,0,0
0.91225,0.96702,0.94856,0,0,0,0,0,0,0,0,0,0,0,0
0.89956,0.85118,0.9532,0,0,0,0,0,0,0,0,0,0,0,0
0.89456,0.85646,0.81507,0,0,0,0,0,0,0,0,0,0,0,0
0.89754,0.84703,0.87008,0,0,0,0,0,0,0,0,0,0,0,0
0.8918,0.87979,0.81427,0,0,0,0,0,0,0,0,0,0,0,0
0.89299,0.87401,0.88226,0,0,0,0,0,0,0,0,0,0,0,0
0.89876,0.8201,0.84732,0,0,0,0,0,0,0,0,0,0,0,0
0.89431,0.84276,0.8561,0,0,0,0,0,0,0,0,0,0,0,0
0.97885,0.83276,0.82272,0,0,0,0,0,0,0,0,0,0,0,0
0.94146,0.85378,0.81525,0,0,0,0,0,0,0,0,0,0,0,0
0.81115,0.89488,0.89737,0,0,0,0,0,0,0,0,0,0,0,0
0.86941,0.84384,0.84041,0,0,0,0,0,0,0,0,0,0,0,0
0.81478,0.90377,0.89329,0,0,0,0,0,0,0,0,0,0,0,0
0.91073,0.8924,0.88878,0,0,0,0,0,0,0,0,0,0,0,0
0.8239,0.89682,0.91453,0,0,0,0,0,0,0,0,0,0,0,0
0.85098,0.93434,0.97972,0,0,0,0,0,0,0,0,0,0,0,0
0.80754,0.93033,0.95653,0,0,0,0,0,0,0,0,0,0,0,0
0.81415,0.90674,0.93917,0,0,0,0,0,0,0,0,0,0,0,0
0.89959,0.90943,0.92298,0,0,0,0,0,0,0,0,0,0,0,0
0.82359,0.91086,0.93466,0,0,0,0,0,0,0,0,0,0,0,0
0.89419,0.88974,0.92326,0,0,0,0,0,0,0,0,0,0,0,0
0.86873,0.89551,0.9631,0,0,0,0,0,0,0,0,0,0,0,0
0.88348,0.90283,0.91451,0,0,0,0,0,0,0,0,0,0,0,0
0.96548,0.90066,1.0029,0,0,0,0,0,0,0,0,0,0,0,0
0.95356,0.98484,0.99609,0,0,0,0,0,0,0,0,0,0,0,0
0.93392,0.82527,0.82069,0,0,0,0,0,0,0,0,0,0,0,0
0.90032,0.91599,0.87871,0,0,0,0,0,0,0,0,0,0,0,0
0.90408,0.81044,0.82176,0,0,0,0,0,0,0,0,0,0,0,0
0.89843,0.9011,0.88134,0,0,0,0,0,0,0,0,0,0,0,0
0.89838,0.81312,0.85174,0,0,0,0,0,0,0,0,0,0,0,0
0.92399,0.87004,0.84939,0,0,0,0,0,0,0,0,0,0,0,0
0.92536,0.86146,0.81754,0,0,0,0,0,0,0,0,0,0,0,0
0.95825,0.82259,0.81827,0,0,0,0,0,0,0,0,0,0,0,0
0.98619,0.82292,0.85637,0,0,0,0,0,0,0,0,0,0,0,0
0.82221,0.81233,0.86933,0,0,0,0,0,0,0,0,0,0,0,0
0.87674,0.84012,0.85385,0,0,0,0,0,0,0,0,0,0,0,0
0.83203,0.88046,0.89616,0,0,0,0,0,0,0,0,0,0,0,0
0.92514,0.8242,0.89415,0,0,0,0,0,0,0,0,0,0,0,0
0.82949,0.93268,0.90786,0,0,0,0,0,0,0,0,0,0,0,0
0.86742,0.92856,0.96867,0,0,0,0,0,0,0,0,0,0,0,0
0.8207,0.94564,0.90853,0,0,0,0,0,0,0,0,0,0,0,0
0.82585,0.94163,0.9085,0,0,0,0,0,0,0,0,0,0,0,0
0.85194,0.93519,0.89533,0,0,0,0,0,0,0,0,0,0,0,0
0.87249,0.92168,0.91041,0,0,0,0,0,0,0,0,0,0,0,0
0.90354,0.96763,0.90742,0,0,0,0,0,0,0,0,0,0,0,0
0.91047,0.93328,0.92682,0,0,0,0,0,0,0,0,0,0,0,0
0.88603,0.92126,0.94872,0,0,0,0,0,0,0,0,0,0,0,0
0.92962,0.9288,0.94986,0,0,0,0,0,0,0,0,0,0,0,0
0.94398,0.93781,0.97341,0,0,0,0,0,0,0,0,0,0,0,0
0.90633,0.9989,0.82538,0,0,0,0,0,0,0,0,0,0,0,0
0.90638,1.0097,0.87934,0,0,0,0,0,0,0,0,0,0,0,0
0.91341,1.0284,0.83384,0,0,0,0,0,0,0,0,0,0,0,0
0.91548,0.96537,0.87958,0,0,0,0,0,0,0,0,0,0,0,0
0.90926,0.99858,0.83741,0,0,0,0,0,0,0,0,0,0,0,0
0.91348,1.008,0.84605,0,0,0,0,0,0,0,0,0,0,0,0
0.8902,0.99969,0.82076,0,0,0,0,0,0,0,0,0,0,0,0
0.901,0.94173,0.82284,0,0,0,0,0,0,0,0,0,0,0,0
1.0026,0.81636,0.86774,0,0,0,0,0,0,0,0,0,0,0,0
0.82943,0.82692,0.85957,0,0,0,0,0,0,0,0,0,0,0,0
0.87963,0.87385,0.85342,0,0,0,0,0,0,0,0,0,0,0,0
0.8215,0.83505,0.90563,0,0,0,0,0,0,0,0,0,0,0,0
0.8662,0.87506,0.91538,0,0,0,0,0,0,0,0,0,0,0,0
0.87504,0.87613,0.94816,0,0,0,0,0,0,0,0,0,0,0,0
0.8108,0.89421,0.95196,0,0,0,0,0,0,0,0,0,0,0,0
0.84659,0.81974,0.94073,0,0,0,0,0,0,0,0,0,0,0,0
0.8142,0.86088,0.91863,0,0,0,0,0,0,0,0,0,0,0,0
0.81618,0.81771,0.91944,0,0,0,0,0,0,0,0,0,0,0,0
0.91417,0.83712,0.922,0,0,0,0,0,0,0,0,0,0,0,0
0.81191,0.89749,0.91369,0,0,0,0,0,0,0,0,0,0,0,0
0.91056,0.82104,0.9116,0,0,0,0,0,0,0,0,0,0,0,0
0.88571,0.93861,0.9183,0,0,0,0,0,0,0,0,0,0,0,0
0.91074,0.91826,0.99115,0,0,0,0,0,0,0,0,0,0,0,0
0.96403,0.92399,1.054,0,0,0,0,0,0,0,0,0,0,0,0
0.96496,0.95452,1.0122,0,0,0,0,0,0,0,0,0,0,0,0
0.94006,0.92086,0.95343,0,0,0,0,0,0,0,0,0,0,0,0
0.92675,0.91986,0.81663,0,0,0,0,0,0,0,0,0,0,0,0
0.92086,0.9178,0.83175,0,0,0,0,0,0,0,0,0,0,0,0
0.92137,0.91072,0.86433,0,0,0,0,0,0,0,0,0,0,0,0
0.91652,0.93594,0.86038,0,0,0,0,0,0,0,0,0,0,0,0
0.88841,0.9422,0.83111,0,0,0,0,0,0,0,0,0,0,0,0
0.99673,0.95503,0.84837,0,0,0,0,0,0,0,0,0,0,0,0
0.84345,1.0288,0.88207,0,0,0,0,0,0,0,0,0,0,0,0
0.81028,1.0409,0.82333,0,0,0,0,0,0,0,0,0,0,0,0
0.871,1.0058,0.84691,0,0,0,0,0,0,0,0,0,0,0,0
0.82808,1.0322,0.82322,0,0,0,0,0,0,0,0,0,0,0,0
0.8865,1.0333,0.82011,0,0,0,0,0,0,0,0,0,0,0,0
0.82962,0.965,0.91067,0,0,0,0,0,0,0,0,0,0,0,0
0.92749,0.81843,0.82065,0,0,0,0,0,0,0,0,0,0,0,0
0.82446,0.85669,0.91824,0,0,0,0,0,0,0,0,0,0,0,0
0.85665,0.81416,0.90487,0,0,0,0,0,0,0,0,0,0,0,0
0.81711,0.85853,0.93122,0,0,0,0,0,0,0,0,0,0,0,0
0.81462,0.87869,0.98121,0,0,0,0,0,0,0,0,0,0,0,0
0.90715,0.82096,0.93599,0,0,0,0,0,0,0,0,0,0,0,0
0.8255,0.86864,0.92752,0,0,0,0,0,0,0,0,0,0,0,0
0.93315,0.8293,0.94389,0,0,0,0,0,0,0,0,0,0,0,0
0.9286,0.84712,0.91514,0,0,0,0,0,0,0,0,0,0,0,0
0.94164,0.89592,0.9101,0,0,0,0,0,0,0,0,0,0,0,0
0.97261,0.81902,0.91067,0,0,0,0,0,0,0,0,0,0,0,0
0.93159,0.92922,0.92287,0,0,0,0,0,0,0,0,0,0,0,0
0.89064,0.91846,0.97017,0,0,0,0,0,0,0,0,0,0,0,0
0.89271,0.92892,0.83034,0,0,0,0,0,0,0,0,0,0,0,0
0.9009,0.97457,0.85524,0,0,0,0,0,0,0,0,0,0,0,0
0.89375,0.91717,0.8261,0,0,0,0,0,0,0,0,0,0,0,0
0.89452,0.89184,0.86005,0,0,0,0,0,0,0,0,0,0,0,0
0.90426,0.89016,0.88879,0,0,0,0,0,0,0,0,0,0,0,0
0.9139,0.88297,0.82045,0,0,0,0,0,0,0,0,0,0,0,0
0.98177,0.8854,0.85191,0,0,0,0,0,0,0,0,0,0,0,0
0.87001,0.88533,0.8201,0,0,0,0,0,0,0,0,0,0,0,0
0.88466,0.88607,0.82118,0,0,0,0,0,0,0,0,0,0,0,0
0.81268,0.93061,0.87592,0,0,0,0,0,0,0,0,0,0,0,0
0.86574,1.0116,0.81848,0,0,0,0,0,0,0,0,0,0,0,0
0.86527,1.0138,0.89411,0,0,0,0,0,0,0,0,0,0,0,0
0.83186,0.9229,0.91588,0,0,0,0,0,0,0,0,0,0,0,0
0.8213,0.8735,0.92219,0,0,0,0,0,0,0,0,0,0,0,0
0.81166,0.83344,0.97558,0,0,0,0,0,0,0,0,0,0,0,0
0.83059,0.88131,0.9372,0,0,0,0,0,0,0,0,0,0,0,0
0.89166,0.87455,0.92612,0,0,0,0,0,0,0,0,0,0,0,0
0.83021,0.81601,0.92539,0,0,0,0,0,0,0,0,0,0,0,0
0.89099,0.8304,0.91455,0,0,0,0,0,0,0,0,0,0,0,0
0.91951,0.81224,0.90699,0,0,0,0,0,0,0,0,0,0,0,0
0.88873,0.82694,0.91079,0,0,0,0,0,0,0,0,0,0,0,0
0.94116,0.87468,0.91889,0,0,0,0,0,0,0,0,0,0,0,0
0.95219,0.80791,0.93075,0,0,0,0,0,0,0,0,0,0,0,0
0.9655,0.90536,0.94921,0,0,0,0,0,0,0,0,0,0,0,0
0.92731,0.91233,0.81954,0,0,0,0,0,0,0,0,0,0,0,0
0.91642,0.913,0.85774,0,0,0,0,0,0,0,0,0,0,0,0
0.88235,0.98413,0.81168,0,0,0,0,0,0,0,0,0,0,0,0
0.88502,0.94534,0.88568,0,0,0,0,0,0,0,0,0,0,0,0
0.93115,0.91523,0.87787,0,0,0,0,0,0,0,0,0,0,0,0
0.95256,0.91079,0.82644,0,0,0,0,0,0,0,0,0,0,0,0
0.9481,0.91749,0.82986,0,0,0,0,0,0,0,0,0,0,0,0
0.83442,0.93102,0.81168,0,0,0,0,0,0,0,0,0,0,0,0
0.84085,0.92976,0.84798,0,0,0,0,0,0,0,0,0,0,0,0
0.82905,0.92585,0.89249,0,0,0,0,0,0,0,0,0,0,0,0
0.90954,1.0424,0.82284,0,0,0,0,0,0,0,0,0,0,0,0
0.81947,1.0223,0.90706,0,0,0,0,0,0,0,0,0,0,0,0
0.84303,1.0199,0.90084,0,0,0,0,0,0,0,0,0,0,0,0
0.81452,1.0474,0.90309,0,0,0,0,0,0,0,0,0,0,0,0
0.81308,0.98884,0.95261,0,0,0,0,0,0,0,0,0,0,0,0
0.86118,0.99085,0.94664,0,0,0,0,0,0,0,0,0,0,0,0
0.87269,1.0293,0.94608,0,0,0,0,0,0,0,0,0,0,0,0
0.84788,1.0244,0.92917,0,0,0,0,0,0,0,0,0,0,0,0
0.88275,1.0338,0.93478,0,0,0,0,0,0,0,0,0,0,0,0
0.88444,1.0187,0.93241,0,0,0,0,0,0,0,0,0,0,0,0
0.8858,0.9921,0.90658,0,0,0,0,0,0,0,0,0,0,0,0
0.92293,1.0342,0.93098,0,0,0,0,0,0,0,0,0,0,0,0
0.9599,1.0168,0.95893,0,0,0,0,0,0,0,0,0,0,0,0
0.89151,1.0106,0.97305,0,0,0,0,0,0,0,0,0,0,0,0
0.92795,1.0195,0.81773,0,0,0,0,0,0,0,0,0,0,0,0
0.89935,1.0027,0.86164,0,0,0,0,0,0,0,0,0,0,0,0
0.89825,0.81883,0.82492,0,0,0,0,0,0,0,0,0,0,0,0
0.89458,0.86867,0.90985,0,0,0,0,0,0,0,0,0,0,0,0
0.89831,0.81282,0.86979,0,0,0,0,0,0,0,0,0,0,0,0
0.90028,0.87957,0.85637,0,0,0,0,0,0,0,0,0,0,0,0
0.92601,0.88675,0.82603,0,0,0,0,0,0,0,0,0,0,0,0
0.96385,0.82865,0.81624,0,0,0,0,0,0,0,0,0,0,0,0
0.84335,0.83583,0.89838,0,0,0,0,0,0,0,0,0,0,0,0
0.87982,0.82206,0.8489,0,0,0,0,0,0,0,0,0,0,0,0
0.81796,0.82645,0.87734,0,0,0,0,0,0,0,0,0,0,0,0
0.86782,0.88133,0.93088,0,0,0,0,0,0,0,0,0,0,0,0
0.87609,0.81811,0.90101,0,0,0,0,0,0,0,0,0,0,0,0
0.85134,0.89821,0.9897,0,0,0,0,0,0,0,0,0,0,0,0
0.85454,0.88668,0.95228,0,0,0,0,0,0,0,0,0,0,0,0
0.81532,0.90668,0.93382,0,0,0,0,0,0,0,0,0,0,0,0
0.82632,0.95881,0.91217,0,0,0,0,0,0,0,0,0,0,0,0
0.88418,0.9263,0.91844,0,0,0,0,0,0,0,0,0,0,0,0
0.81121,0.92287,0.92669,0,0,0,0,0,0,0,0,0,0,0,0
0.93159,0.9389,0.93322,0,0,0,0,0,0,0,0,0,0,0,0
0.91105,0.94036,0.92849,0,0,0,0,0,0,0,0,0,0,0,0
0.94426,0.93097,1.0178,0,0,0,0,0,0,0,0,0,0,0,0
0.94298,0.9294,0.93958,0,0,0,0,0,0,0,0,0,0,0,0
0.92275,0.9279,0.84512,0,0,0,0,0,0,0,0,0,0,0,0
0.93276,0.98946,0.84529,0,0,0,0,0,0,0,0,0,0,0,0
0.92407,0.99912,0.82646,0,0,0,0,0,0,0,0,0,0,0,0
0.92674,0.86905,0.8957,0,0,0,0,0,0,0,0,0,0,0,0
0.93556,0.83872,0.86567,0,0,0,0,0,0,0,0,0,0,0,0
0.9217,0.83176,0.82915,0,0,0,0,0,0,0,0,0,0,0,0
0.95372,0.86759,0.83547,0,0,0,0,0,0,0,0,0,0,0,0
0.98631,0.90805,0.83852,0,0,0,0,0,0,0,0,0,0,0,0
0.83756,0.82119,0.84493,0,0,0,0,0,0,0,0,0,0,0,0
0.86623,0.8397,0.88138,0,0,0,0,0,0,0,0,0,0,0,0
0.82771,0.81464,0.82686,0,0,0,0,0,0,0,0,0,0,0,0
0.8345,0.81097,0.90313,0,0,0,0,0,0,0,0,0,0,0,0
0.84394,0.90069,0.8909,0,0,0,0,0,0,0,0,0,0,0,0
0.91266,0.82343,0.90442,0,0,0,0,0,0,0,0,0,0,0,0
0.8199,0.89426,0.94979,0,0,0,0,0,0,0,0,0,0,0,0
0.84853,0.87427,0.94349,0,0,0,0,0,0,0,0,0,0,0,0
0.81488,0.91951,0.94654,0,0,0,0,0,0,0,0,0,0,0,0
0.81395,0.9413,0.93273,0,0,0,0,0,0,0,0,0,0,0,0
0.90829,0.954,0.9283,0,0,0,0,0,0,0,0,0,0,0,0
0.80845,0.91814,0.9272,0,0,0,0,0,0,0,0,0,0,0,0
0.92533,0.89667,0.92593,0,0,0,0,0,0,0,0,0,0,0,0
0.90477,0.88659,0.92497,0,0,0,0,0,0,0,0,0,0,0,0
0.89106,0.89041,0.98921,0,0,0,0,0,0,0,0,0,0,0,0
0.98606,0.88028,0.87789,0,0,0,0,0,0,0,0,0,0,0,0
0.93659,0.9103,0.84135,0,0,0,0,0,0,0,0,0,0,0,0
0.91696,0.92551,0.82696,0,0,0,0,0,0,0,0,0,0,0,0
0.9159,0.94165,0.87326,0,0,0,0,0,0,0,0,0,0,0,0
0.9188,0.94071,0.89859,0,0,0,0,0,0,0,0,0,0,0,0
0.91329,0.81633,0.81054,0,0,0,0,0,0,0,0,0,0,0,0
0.91622,0.85933,0.83127,0,0,0,0,0,0,0,0,0,0,0,0
0.92193,0.82018,0.81864,0,0,0,0,0,0,0,0,0,0,0,0
0.94952,0.89114,0.83176,0,0,0,0,0,0,0,0,0,0,0,0
0.98528,0.8422,0.88694,0,0,0,0,0,0,0,0,0,0,0,0
1.0175,0.84534,0.82012,0,0,0,0,0,0,0,0,0,0,0,0
0.96111,0.81452,0.93167,0,0,0,0,0,0,0,0,0,0,0,0
0.95035,0.81787,0.91251,0,0,0,0,0,0,0,0,0,0,0,0
0.97291,0.8645,0.92152,0,0,0,0,0,0,0,0,0,0,0,0
0.9861,0.88795,0.94434,0,0,0,0,0,0,0,0,0,0,0,0
