0.00017
0.047078
0.024598
0.024637
0.024523
0.024228
0.024483
0.025052
0.024663
0.024758
0.024831
0.024635
0.024836
0.024689
0.024892
0.024822
0.024863
0.024825
0.024829
0.02479
0.025373
0.024698
0.025389
0.024448
0.024334
0.024775
0.024744
0.025279
0.024925
0.024634
0.022661
0.023634
0.02516
0.02471
0.025456
0.025866
0.025966
0.025809
0.025396
0.025162
0.025408
0.025369
0.025838
0.025148
0.025055
0.025683
0.025594
0.024983
0.025038
0.025115
0.025505
0.024733
0.024844
0.02593
0.024988
0.025131
0.024977
0.025105
0.024917
0.025266
0.025186
0.024983
0.024871
0.02503
0.024574
0.024985
0.024842
0.025717
0.025361
0.02491
0.025033
0.025186
0.02513
0.024942
0.024874
0.025047
0.024843
0.024817
0.024956
0.025723
0.025509
0.026213
0.025265
0.024993
0.026548
0.027419
0.024989
0.0253
0.025063
0.02484
0.026966
0.024816
0.024801
0.02474
0.024686
0.025171
0.025491
0.024837
0.024858
0.024585
0.025459
0.024845
0.024976
0.024983
0.024915
0.024938
0.024858
0.025598
0.024703
0.024825
0.024774
0.025628
0.024842
0.025588
0.02495
0.025132
0.02482
0.026162
0.027489
0.024873
0.024543
0.024985
0.025009
0.024963
0.025401
0.026883
0.025207
0.025929
0.024645
0.02499
0.025371
0.027242
0.026093
0.025194
0.024858
0.025942
0.02489
0.024975
0.025019
0.025206
0.025079
0.025041
0.024941
0.02503
0.024823
0.025039
0.025367
0.024932
0.024914
0.024896
0.024882
0.025103
0.024851
0.0254
NaN
NaN
NaN
NaN
0.00017
0.052012
0.026689
0.02697
0.027927
0.027306
0.026932
0.02664
0.027668
0.026646
0.02647
0.026342
0.026688
0.026423
0.027406
0.026975
0.026603
0.026426
0.026985
0.026111
0.026113
0.02636
0.026964
0.026327
0.026301
0.026333
0.026247
0.026373
0.026226
0.026349
0.026587
0.026873
0.027546
0.026601
0.026974
0.02772
0.026615
0.027473
0.025355
0.025375
0.027355
0.027424
0.027288
0.02698
0.027004
0.026826
0.027205
0.02713
0.027075
0.027192
0.027223
0.026899
0.027199
0.027982
0.027207
0.026519
0.026615
0.028255
0.026851
0.026829
0.026485
0.027208
0.026366
0.026537
0.026244
0.026525
0.027005
0.026545
0.026421
0.026569
0.026578
0.026554
0.026543
0.026681
0.026528
0.02689
0.026519
0.027728
0.026549
0.026463
0.026413
0.026757
0.026597
0.026638
0.026708
0.026939
0.02638
0.026671
0.026485
0.026406
0.026519
0.026494
0.026365
0.026376
0.026465
0.026494
0.026303
0.027098
0.026419
0.026665
0.026998
0.026613
0.027114
0.026894
0.026484
0.026368
0.026442
0.026561
0.026486
0.02664
0.026624
0.026922
0.026753
0.026756
0.026644
0.026545
0.026565
0.026944
0.02683
0.026791
0.026631
0.027345
0.026656
0.026662
0.026741
0.027675
0.02672
0.026584
0.02685
0.02645
0.026522
0.026674
0.026505
0.026479
0.026579
0.026522
0.026431
0.026423
0.026585
0.026845
0.026589
0.026873
0.026746
0.026382
0.028364
0.028181
0.026983
0.026969
0.027118
0.027258
0.028205
0.027484
0.027546
0.027034
0.026991
0.026806
0.026864
0.027012
0.027714
0.027136
0.027125
0.027257
0.027242
0.027025
0.027106
0.027091
0.026762
0.027133
0.026743
0.026938
0.026896
0.02698
0.026905
0.02678
0.0268
0.026826
0.026691
0.028187
0.026829
0.027427
0.027116
0.026875
0.026869
0.026914
0.026867
0.026957
0.02764
0.026823
0.026902
0.026887
0.026785
0.026815
0.026619
0.027171
0.026687
0.026618
0.026612
0.026803
0.026432
0.026535
0.027396
0.026867
0.026501
0.026749
0.026712
0.026451
0.026774
0.027691
0.026591
0.02681
0.026631
0.027618
0.026851
0.026907
0.026983
0.027174
0.027195
0.026806
0.026784
0.027567
0.026558
0.026978
0.026629
0.026869
0.026875
0.026766
0.026868
0.026845
0.026632
0.02742
0.027286
0.026531
0.026644
0.026816
0.026679
0.027098
0.026848
0.026747
0.026637
0.026901
0.029717
0.026841
0.026761
0.026674
0.026664
0.026533
0.026657
0.026666
0.027372
0.026764
0.026974
0.027043
0.02682
0.027034
0.026544
0.026657
0.026622
0.026666
0.026626
0.026617
0.02661
0.026816
0.026851
0.026681
0.026808
0.026619
0.027132
0.02709
0.026877
0.026719
0.026578
0.027038
0.026802
0.028014
0.027047
0.026801
0.026693
0.027988
0.027303
0.027356
0.027037
0.028013
0.027626
0.027068
0.026882
0.026885
0.027032
0.027002
0.026949
0.027233
0.026771
0.026757
0.026852
0.027189
0.02702
0.02683
0.02655
0.026677
0.027155
0.027521
0.026831
0.027649
0.027872
0.02719
0.027071
0.027916
0.02778
0.02706
0.027093
0.02664
0.026939
0.02718
0.026724
0.02684
0.026774
0.026637
0.02688
0.026907
0.026931
0.026932
0.026909
0.026713
0.026839
0.026957
0.026947
0.027018
0.026967
0.026866
0.026944
0.026973
0.026983
0.026714
0.027316
0.026685
0.026871
0.026641
0.026604
0.026778
0.026846
0.026705
0.026557
0.026557
0.026758
0.026802
0.026842
0.027805
0.027737
0.027718
0.027631
0.028109
0.027194
0.027058
0.026684
0.026813
0.027736
0.027429
0.0272
0.027376
0.026797
0.027036
0.027211
0.02706
0.026868
0.027048
0.026844
0.026923
0.026973
0.027232
0.026712
0.027125
0.028297
0.027207
0.026844
0.027015
0.027093
0.027965
0.027028
0.027646
0.027693
NaN
NaN
NaN
NaN
9.3e-05
0.049197
0.026012
0.02568
0.026638
0.026308
0.026398
0.028208
0.026253
0.026953
0.026375
0.026126
0.026222
0.026673
0.027091
0.027993
0.027874
0.027396
0.027558
0.026437
0.028157
0.026592
0.027568
0.027096
0.027657
0.027236
0.027747
0.026779
0.027513
0.029046
0.026572
0.027663
0.027796
0.026635
0.026646
0.027373
0.026582
0.027033
