2.4951
12.064
11.386
11.46
11.435
11.491
11.395
11.471
11.436
11.474
11.43
11.488
11.463
11.532
11.423
11.593
11.421
11.534
11.504
11.547
11.461
11.614
11.549
11.531
11.542
11.577
11.58
11.561
11.523
11.63
11.576
11.611
11.53
11.573
11.553
11.561
11.533
11.523
11.556
11.581
11.623
11.566
11.55
11.57
11.559
11.538
11.553
11.578
11.581
11.611
11.546
11.691
11.637
12.051
11.736
11.923
11.674
11.634
11.685
11.631
11.594
11.673
11.558
11.672
11.642
11.688
11.674
11.683
11.623
11.736
11.604
11.691
11.677
11.654
11.649
11.65
