0.10411
0.16156
0.15329
0.15724
0.15607
0.14704
0.16298
0.17102
0.16557
0.15494
0.1564
0.15258
0.15368
0.17392
0.15027
0.15667
0.17692
0.15816
0.16126
0.15473
0.16756
0.1721
0.15563
0.17532
0.15908
0.15015
0.1685
0.15289
0.16242
0.14508
0.15355
0.16028
0.1365
0.16488
0.15658
0.15757
0.17456
0.17439
0.16152
0.1768
0.1554
0.1696
0.15224
0.14605
0.16996
0.16913
0.18735
0.16609
0.16013
0.15988
0.16632
0.16417
0.16538
0.15095
0.16325
0.17512
0.15811
0.15754
0.17101
0.17363
0.1684
0.18106
0.15689
0.16451
0.14933
0.15088
0.16609
0.15863
0.16459
0.17006
0.15793
0.15829
0.16471
0.16176
0.16483
0.14931
0.14074
0.1687
0.17527
0.17344
0.16265
0.14943
0.15033
0.16859
0.16443
0.14971
0.16992
0.14858
0.15787
0.1667
0.13424
0.14066
0.16293
0.15095
0.163
0.16841
0.14978
0.15318
0.17245
0.16075
0.16745
0.15202
0.17818
0.16574
0.16087
0.14711
0.16
0.17419
0.15513
0.13761
0.15729
0.16307
0.15267
0.16189
0.16626
0.15579
0.15881
0.14806
0.16336
0.17115
0.16409
0.1402
0.14807
0.16276
0.18024
0.1664
0.15982
0.16964
0.17024
0.17325
0.16559
0.17797
0.15109
0.14946
0.17294
0.16154
0.17665
0.15459
0.15575
0.14203
0.174
0.16333
0.16242
0.17635
0.16747
0.17822
0.15971
0.15967
0.16709
0.17174
0.17551
0.15729
0.15579
0.1604
0.14648
0.16957
0.15199
0.17736
0.17899
0.14375
0.16375
0.1579
0.1762
0.15961
0.15024
0.15073
0.16418
0.15971
0.15721
0.1452
0.15507
0.16284
0.15606
0.15635
0.15702
0.1572
0.16394
0.17256
0.1763
0.17311
0.15389
0.17242
0.14621
0.17208
0.15325
0.16585
0.15524
0.16821
0.15438
0.16279
0.16057
0.1772
0.16584
0.16388
0.17484
0.16945
0.14817
0.16912
0.16795
0.14655
0.17803
0.15343
0.1564
0.17586
0.16506
0.15577
0.17031
0.15993
0.16348
0.16176
0.15211
0.17671
0.15687
0.15453
0.17829
0.16383
0.15673
0.15461
0.15792
0.17673
0.16368
0.15769
0.15134
0.16595
0.17501
0.18504
0.17186
0.16437
0.17868
0.17135
0.16696
0.18165
0.16454
0.1737
0.15787
0.14561
0.16861
0.15964
0.16064
0.16358
0.15099
0.15382
0.15119
0.1665
0.16077
0.16081
0.16612
0.15434
0.16982
0.14721
0.18286
0.15401
0.15608
0.1468
0.15635
0.16171
0.16448
0.16795
0.15329
0.16935
0.15912
0.16872
0.15306
0.16527
0.16175
0.17035
0.16193
0.16234
0.14277
0.16297
0.15099
0.15547
0.15273
0.1645
0.14055
0.14714
0.15548
0.15767
0.16323
0.15883
0.14361
0.17734
0.16288
0.16532
0.15603
0.1463
0.16164
0.16909
0.14891
0.17052
0.16167
0.15186
0.16925
0.16061
0.1486
0.16465
0.17053
0.15043
0.15849
0.15643
0.13815
0.16542
0.17001
0.15737
0.15291
0.16073
0.16402
0.15288
0.15868
0.14988
0.16024
0.16476
0.1801
0.17942
0.16602
0.18117
0.16407
0.15493
0.16384
0.1609
0.17305
0.16953
0.1626
0.17952
0.16437
0.15277
0.1463
0.16308
0.15792
0.18212
0.16079
0.15845
0.16601
0.14316
0.16497
0.15873
0.15436
0.15904
0.1614
0.14512
0.16847
0.16841
0.15813
0.15599
0.15471
0.13805
0.15861
0.17137
0.16161
0.15453
0.16376
0.16844
0.15495
0.15139
0.15195
0.17003
0.17084
0.16687
0.15506
0.15896
0.15736
0.1553
0.15344
0.13992
0.16102
0.15588
0.16005
0.15617
0.1657
0.1753
0.17852
0.14649
0.15552
0.15237
0.13559
0.14401
0.14174
0.15343
0.15591
0.15902
0.16488
0.15905
0.16664
0.16926
0.14921
0.17043
0.15953
0.13519
0.15752
0.15735
0.14776
0.14975
