1
193.0000,24.0000,76.0000,80.0000
193.0000,24.0000,76.0000,81.0000
193.0000,24.0000,76.0000,81.0000
193.0000,24.0000,76.0000,81.0000
193.0000,24.0000,76.0000,81.0000
193.0000,24.0000,76.0000,81.0000
193.0000,24.0000,76.0000,81.0000
193.0000,24.0000,76.0000,81.0000
193.0000,24.0000,76.0000,81.0000
193.0000,24.0000,76.0000,81.0000
193.0000,24.0000,76.0000,81.0000
193.0000,24.0000,76.0000,81.0000
193.0000,24.0000,76.0000,81.0000
193.0000,24.0000,76.0000,81.0000
193.0000,24.0000,76.0000,81.0000
193.0000,24.0000,76.0000,81.0000
193.0000,24.0000,76.0000,81.0000
193.0000,24.0000,76.0000,80.0000
193.0000,24.0000,76.0000,80.0000
193.0000,24.0000,76.0000,80.0000
193.0000,24.0000,76.0000,80.0000
193.0000,24.0000,76.0000,80.0000
193.0000,24.0000,76.0000,80.0000
193.0000,24.0000,76.0000,80.0000
193.0000,24.0000,76.0000,80.0000
193.0000,24.0000,76.0000,80.0000
193.0000,24.0000,76.0000,80.0000
193.0000,24.0000,76.0000,80.0000
193.0000,24.0000,76.0000,80.0000
193.0000,24.0000,76.0000,80.0000
193.0000,24.0000,76.0000,80.0000
193.0000,24.0000,76.0000,80.0000
181.0000,40.0000,76.0000,80.0000
181.0000,40.0000,76.0000,80.0000
181.0000,40.0000,76.0000,80.0000
181.0000,40.0000,76.0000,80.0000
181.0000,40.0000,76.0000,80.0000
181.0000,40.0000,76.0000,80.0000
181.0000,40.0000,76.0000,80.0000
181.0000,40.0000,76.0000,80.0000
181.0000,40.0000,76.0000,80.0000
181.0000,40.0000,76.0000,80.0000
181.0000,40.0000,76.0000,80.0000
181.0000,40.0000,76.0000,80.0000
181.0000,40.0000,76.0000,80.0000
181.0000,40.0000,76.0000,80.0000
181.0000,40.0000,76.0000,80.0000
181.0000,40.0000,76.0000,80.0000
181.0000,40.0000,76.0000,80.0000
181.0000,40.0000,76.0000,80.0000
186.0000,48.0000,76.0000,81.0000
186.0000,48.0000,76.0000,81.0000
186.0000,48.0000,76.0000,81.0000
186.0000,48.0000,76.0000,81.0000
186.0000,48.0000,76.0000,81.0000
186.0000,48.0000,76.0000,81.0000
186.0000,48.0000,76.0000,81.0000
186.0000,48.0000,76.0000,81.0000
186.0000,48.0000,76.0000,81.0000
186.0000,48.0000,76.0000,81.0000
186.0000,48.0000,76.0000,81.0000
186.0000,48.0000,76.0000,81.0000
186.0000,48.0000,76.0000,81.0000
186.0000,48.0000,76.0000,81.0000
186.0000,48.0000,76.0000,81.0000
186.0000,48.0000,76.0000,81.0000
186.0000,48.0000,76.0000,81.0000
186.0000,48.0000,76.0000,81.0000
186.0000,48.0000,76.0000,81.0000
190.0000,32.0000,77.0000,80.0000
190.0000,32.0000,77.0000,80.0000
190.0000,32.0000,77.0000,80.0000
190.0000,32.0000,77.0000,80.0000
190.0000,32.0000,77.0000,80.0000
190.0000,32.0000,77.0000,80.0000
190.0000,32.0000,77.0000,80.0000
190.0000,32.0000,77.0000,80.0000
190.0000,32.0000,77.0000,80.0000
190.0000,32.0000,77.0000,80.0000
190.0000,32.0000,77.0000,80.0000
190.0000,32.0000,77.0000,80.0000
190.0000,32.0000,77.0000,80.0000
190.0000,32.0000,77.0000,80.0000
190.0000,32.0000,77.0000,80.0000
190.0000,32.0000,77.0000,80.0000
2
0
147.0000,59.0000,76.0000,81.0000
0
0
0
0
1
75.0000,98.0000,113.0000,70.0000
73.0000,100.0000,115.0000,72.0000
73.0000,100.0000,115.0000,72.0000
73.0000,100.0000,115.0000,72.0000
73.0000,100.0000,115.0000,72.0000
73.0000,100.0000,115.0000,72.0000
73.0000,100.0000,115.0000,72.0000
73.0000,100.0000,115.0000,72.0000
73.0000,100.0000,115.0000,72.0000
73.0000,100.0000,115.0000,72.0000
73.0000,100.0000,115.0000,72.0000
73.0000,100.0000,115.0000,72.0000
73.0000,100.0000,115.0000,72.0000
73.0000,100.0000,115.0000,72.0000
73.0000,100.0000,115.0000,72.0000
73.0000,100.0000,115.0000,72.0000
73.0000,100.0000,115.0000,72.0000
73.0000,100.0000,115.0000,72.0000
73.0000,100.0000,115.0000,72.0000
73.0000,100.0000,115.0000,72.0000
73.0000,100.0000,115.0000,72.0000
73.0000,100.0000,115.0000,72.0000
73.0000,100.0000,115.0000,72.0000
74.0000,101.0000,113.0000,73.0000
74.0000,101.0000,113.0000,73.0000
74.0000,101.0000,113.0000,73.0000
74.0000,101.0000,113.0000,73.0000
74.0000,101.0000,113.0000,73.0000
74.0000,101.0000,113.0000,73.0000
74.0000,101.0000,113.0000,73.0000
74.0000,101.0000,113.0000,73.0000
74.0000,101.0000,113.0000,73.0000
0
0
0
0
0
0
0
0
0
0
0
0
0
0
0
0
2
0
0
0
0
1
229.0000,87.0000,51.0000,79.0000
229.0000,88.0000,50.0000,78.0000
229.0000,88.0000,50.0000,78.0000
229.0000,88.0000,50.0000,78.0000
229.0000,88.0000,50.0000,78.0000
229.0000,88.0000,50.0000,78.0000
229.0000,88.0000,50.0000,78.0000
229.0000,88.0000,50.0000,78.0000
229.0000,88.0000,50.0000,78.0000
229.0000,88.0000,50.0000,78.0000
229.0000,88.0000,50.0000,78.0000
229.0000,88.0000,50.0000,78.0000
229.0000,88.0000,50.0000,78.0000
229.0000,88.0000,50.0000,78.0000
229.0000,88.0000,50.0000,78.0000
229.0000,88.0000,50.0000,78.0000
228.0000,90.0000,50.0000,78.0000
228.0000,90.0000,50.0000,78.0000
228.0000,90.0000,50.0000,78.0000
228.0000,90.0000,50.0000,78.0000
228.0000,90.0000,50.0000,78.0000
228.0000,90.0000,50.0000,78.0000
228.0000,90.0000,50.0000,78.0000
228.0000,90.0000,50.0000,78.0000
228.0000,90.0000,50.0000,78.0000
228.0000,90.0000,50.0000,78.0000
228.0000,90.0000,50.0000,78.0000
228.0000,90.0000,50.0000,78.0000
228.0000,90.0000,50.0000,78.0000
230.0000,88.0000,49.0000,78.0000
230.0000,88.0000,49.0000,78.0000
230.0000,88.0000,49.0000,78.0000
230.0000,88.0000,49.0000,78.0000
230.0000,88.0000,49.0000,78.0000
230.0000,88.0000,49.0000,78.0000
230.0000,88.0000,49.0000,78.0000
230.0000,88.0000,49.0000,78.0000
230.0000,88.0000,49.0000,78.0000
0
0
0
0
0
0
0
0
2
0
0
0
0
1
112.0000,63.0000,76.0000,97.0000
108.0000,63.0000,76.0000,96.0000
108.0000,63.0000,76.0000,96.0000
108.0000,63.0000,76.0000,96.0000
108.0000,63.0000,76.0000,96.0000
108.0000,63.0000,76.0000,96.0000
108.0000,63.0000,76.0000,96.0000
108.0000,63.0000,76.0000,96.0000
108.0000,63.0000,76.0000,96.0000
108.0000,63.0000,76.0000,96.0000
108.0000,63.0000,76.0000,96.0000
108.0000,63.0000,76.0000,96.0000
108.0000,63.0000,76.0000,96.0000
108.0000,63.0000,76.0000,96.0000
108.0000,63.0000,76.0000,96.0000
108.0000,63.0000,76.0000,96.0000
108.0000,63.0000,76.0000,96.0000
108.0000,63.0000,76.0000,96.0000
108.0000,63.0000,76.0000,96.0000
108.0000,63.0000,76.0000,96.0000
108.0000,63.0000,76.0000,96.0000
108.0000,63.0000,77.0000,97.0000
108.0000,63.0000,77.0000,97.0000
108.0000,63.0000,77.0000,97.0000
108.0000,63.0000,77.0000,97.0000
108.0000,63.0000,77.0000,97.0000
108.0000,63.0000,77.0000,97.0000
108.0000,63.0000,77.0000,97.0000
108.0000,63.0000,77.0000,97.0000
108.0000,63.0000,77.0000,97.0000
108.0000,63.0000,77.0000,97.0000
108.0000,63.0000,77.0000,97.0000
108.0000,63.0000,77.0000,97.0000
108.0000,63.0000,77.0000,97.0000
108.0000,63.0000,77.0000,97.0000
108.0000,63.0000,77.0000,97.0000
108.0000,63.0000,77.0000,97.0000
108.0000,63.0000,77.0000,97.0000
108.0000,63.0000,77.0000,97.0000
108.0000,63.0000,77.0000,97.0000
108.0000,63.0000,77.0000,97.0000
108.0000,63.0000,77.0000,97.0000
108.0000,63.0000,77.0000,97.0000
108.0000,63.0000,77.0000,97.0000
109.0000,64.0000,79.0000,97.0000
109.0000,64.0000,79.0000,97.0000
109.0000,64.0000,79.0000,97.0000
109.0000,64.0000,79.0000,97.0000
109.0000,64.0000,79.0000,97.0000
109.0000,64.0000,79.0000,97.0000
109.0000,64.0000,79.0000,97.0000
109.0000,64.0000,79.0000,97.0000
109.0000,64.0000,79.0000,97.0000
109.0000,64.0000,79.0000,97.0000
109.0000,64.0000,79.0000,97.0000
109.0000,64.0000,79.0000,97.0000
109.0000,64.0000,79.0000,97.0000
109.0000,64.0000,79.0000,97.0000
109.0000,64.0000,79.0000,97.0000
109.0000,64.0000,79.0000,97.0000
109.0000,64.0000,79.0000,97.0000
109.0000,64.0000,79.0000,97.0000
109.0000,64.0000,79.0000,97.0000
109.0000,64.0000,79.0000,97.0000
109.0000,64.0000,79.0000,97.0000
109.0000,64.0000,79.0000,97.0000
110.0000,63.0000,78.0000,97.0000
110.0000,63.0000,78.0000,97.0000
110.0000,63.0000,78.0000,97.0000
110.0000,63.0000,78.0000,97.0000
110.0000,63.0000,78.0000,97.0000
110.0000,63.0000,78.0000,97.0000
110.0000,63.0000,78.0000,97.0000
110.0000,63.0000,78.0000,97.0000
110.0000,63.0000,78.0000,97.0000
110.0000,63.0000,78.0000,97.0000
110.0000,63.0000,78.0000,97.0000
0
0
0
0
0
0
0
0
0
0
0
0
2
0
0
0
0
1
216.0000,53.0000,67.0000,79.0000
211.0000,52.0000,64.0000,78.0000
211.0000,52.0000,64.0000,78.0000
211.0000,52.0000,64.0000,78.0000
211.0000,52.0000,64.0000,78.0000
211.0000,52.0000,64.0000,78.0000
211.0000,52.0000,64.0000,78.0000
211.0000,52.0000,64.0000,78.0000
211.0000,52.0000,64.0000,78.0000
211.0000,52.0000,64.0000,78.0000
211.0000,52.0000,64.0000,78.0000
211.0000,52.0000,64.0000,78.0000
211.0000,52.0000,64.0000,78.0000
211.0000,52.0000,64.0000,78.0000
211.0000,52.0000,64.0000,78.0000
211.0000,52.0000,64.0000,78.0000
211.0000,52.0000,64.0000,78.0000
207.0000,51.0000,64.0000,78.0000
207.0000,51.0000,64.0000,78.0000
207.0000,51.0000,64.0000,78.0000
2
0
0
0
0
0
0
0
0
0
0
