0.00040299
0.86219
0.25925
0.20543
0.19743
0.2345
0.18798
0.18358
0.1798
0.17398
0.1718
0.18278
0.18857
0.17609
0.17476
0.18362
0.18436
0.17903
0.19259
0.1786
0.18362
0.18023
0.17214
0.17629
0.1914
0.19028
0.18317
0.19009
0.18847
0.19846
0.19249
0.19546
0.18677
0.19156
0.17609
0.17573
0.17714
0.17827
0.1773
0.18532
0.17931
0.17704
0.17061
0.17519
0.17964
0.19708
0.18623
0.17902
0.18317
0.17954
0.17944
0.17848
0.18097
0.17764
0.1729
0.17532
0.17943
0.17572
0.17758
0.17763
0.175
0.17954
0.1758
0.17943
0.17094
0.17408
0.17953
0.17234
0.1728
0.1772
0.16628
0.17184
0.17708
0.17469
0.1794
0.17163
0.17271
0.1684
0.17135
0.18078
0.16957
0.16821
0.18421
0.18089
0.17241
0.17574
0.17893
0.17414
0.18156
0.1724
0.17312
0.17502
0.17572
0.18252
0.17828
0.17562
0.16854
0.16721
0.17357
0.18692
0.17688
0.16868
0.18074
0.17566
0.17335
0.1789
0.17323
0.18512
0.17781
0.17659
0.17854
0.18965
0.17545
0.17985
0.18289
0.18469
0.17708
0.17329
0.17766
0.17086
0.17589
0.17384
0.17743
0.18355
0.17637
0.16804
0.17659
0.17507
0.17273
0.17727
0.17836
