1
334.6934,112.8116,82.0564,16.8654
327.3255,113.7600,81.9681,17.8935
320.7789,114.7240,81.8857,17.4540
315.1071,115.1116,82.4172,18.4001
312.1460,115.8442,82.4355,19.2026
306.0085,115.6484,82.4591,20.8011
302.3242,119.0011,82.1965,20.8717
306.7160,127.8603,81.9810,18.1842
306.2851,132.0896,81.9550,22.1094
307.5997,137.5725,81.5706,21.3181
302.8631,134.8281,83.2732,24.3708
2
0
0
0
0
1
275.6558,19.4761,27.1256,87.2652
276.5280,16.0436,27.5193,87.8837
276.5369,25.3646,27.3976,85.7322
277.1600,22.5712,29.5025,90.1444
278.4246,13.5888,29.1149,87.8771
276.2419,22.5575,27.2999,86.4151
270.7461,29.4020,28.0073,86.0995
266.5164,29.9956,29.5778,86.3559
262.7134,34.5257,29.8334,85.4767
260.4285,32.4624,30.8871,85.1731
258.9502,33.9112,29.6455,84.3224
253.0690,40.6498,31.6196,85.7073
270.5333,44.3292,28.3112,85.8655
2
0
0
0
0
1
276.6160,19.1781,65.7091,77.2685
286.4498,22.6325,64.1569,75.4406
295.5988,22.5456,65.4068,77.1316
304.9958,23.1569,66.1798,77.8700
309.7839,26.7199,66.0710,78.0895
2
0
0
0
0
1
239.1165,65.4283,56.4675,81.4567
235.8386,71.2351,56.4072,81.4515
231.7348,74.3051,58.9549,83.4085
228.2591,80.3136,58.9450,83.2936
230.8075,74.7951,60.0501,84.7986
235.6127,72.7478,58.6535,82.9515
243.8108,73.1612,55.7670,80.3667
251.0294,70.7007,56.0870,80.4494
255.4319,72.9422,56.4749,80.6416
263.9092,72.5213,56.9524,80.7317
264.8559,68.7586,60.4326,83.7170
250.6639,67.6927,60.2701,83.5513
247.7713,64.3316,59.2208,82.2458
244.6449,61.1295,58.2275,82.1771
2
0
0
0
0
1
216.3819,155.7962,42.4705,83.9295
219.8555,152.3212,43.1103,83.8030
221.2689,142.9529,43.9429,86.4720
216.7363,142.3482,44.7178,83.8555
216.6464,135.4480,44.4735,83.4416
215.4732,131.0965,46.0037,84.1758
219.0998,142.9720,44.9485,82.4463
221.7587,148.2022,46.2387,85.7750
224.1894,149.7347,46.2500,85.7470
227.7806,156.5883,44.3004,85.9341
228.2772,163.4503,43.8099,85.0481
229.3288,166.0616,42.1968,83.1498
226.4786,171.2916,43.0006,83.6192
223.6797,174.1071,43.3086,83.7250
227.0459,181.4760,42.5608,83.4341
231.1419,188.4203,42.0736,82.6545
2
0
0
0
0
1
259.1150,288.9199,28.4896,85.3483
260.7912,294.4875,28.3195,85.2879
260.9195,296.4680,28.9844,86.2847
262.4215,300.8058,29.1941,87.1079
263.7176,288.5578,28.2051,82.7591
265.8868,283.1448,28.7734,82.5198
269.0159,279.2837,27.8373,79.7677
262.8759,287.1860,32.0299,85.3470
260.8617,296.8811,30.3474,83.7732
260.0948,306.9350,29.3322,83.8495
262.6653,308.9960,30.9242,81.9148
256.4211,312.5822,33.6698,88.9956
254.8518,313.3004,35.2507,90.9126
252.9850,318.3923,34.2203,89.9088
247.3744,335.9616,30.4073,86.2623
245.6828,341.1210,29.0696,85.8625
245.1893,341.3964,29.2311,85.4841
241.8988,351.9682,29.0531,85.3407
242.3155,342.8151,29.3747,87.7200
240.5305,353.6385,29.1411,86.9256
241.7488,356.4188,27.3920,84.3015
240.9866,357.0394,27.4280,84.8976
240.6524,358.4242,27.7421,85.8281
240.3672,356.2755,28.5128,85.7317
239.0481,358.3386,29.3293,88.8404
236.2780,365.1342,31.4743,86.8719
240.7157,356.9678,29.5072,90.3147
232.2944,367.6576,29.8019,88.2720
230.5480,373.9721,26.1161,77.7416
223.4520,356.1962,34.5320,90.7395
2
0
0
0
0
1
249.1167,484.2665,37.7245,80.6355
249.9781,483.0174,40.2309,82.4491
251.3313,480.6952,39.0490,80.3156
252.9703,477.7853,38.1860,79.6445
253.8557,471.6086,37.9539,79.8577
253.4155,470.2296,42.7286,82.6562
251.7727,475.4626,43.2335,84.6382
253.5197,482.7965,40.2187,79.0405
250.9896,486.2568,41.9672,81.4531
249.7184,490.6503,43.7333,82.9657
248.1930,493.0161,45.1818,83.7807
248.2203,496.0558,44.6350,83.1650
242.9008,497.6097,46.6794,84.2706
235.8930,494.2836,46.5475,85.9429
234.5025,494.8354,42.8468,82.2230
238.5417,502.2616,41.4144,81.8471
2
0
0
0
0
1
335.8640,533.6730,77.3965,57.6888
344.2529,526.4388,77.8789,58.1117
352.4107,521.9034,78.1032,58.0417
357.4045,516.9632,78.5058,58.5465
366.3003,510.1038,78.2228,58.2813
369.4011,505.9650,79.2716,59.8556
366.7028,495.8199,79.5463,59.9916
366.0691,488.8660,79.3125,59.5332
363.4280,481.1832,79.0152,59.3050
2
0
0
0
0
1
487.4410,509.7249,29.0090,73.1253
491.0710,506.8087,29.3956,71.8779
490.2994,505.4210,31.0929,72.0638
487.4327,514.4799,29.6698,70.6112
485.4704,517.3193,29.9814,70.7046
483.1649,519.8200,30.8022,72.7938
479.6604,513.0840,29.6568,69.8927
474.2027,507.3213,28.2411,69.0001
472.0722,501.6604,28.1553,68.3566
478.6172,516.3742,29.3788,71.9836
483.7674,527.6634,29.7175,69.6193
486.6653,534.3719,32.4185,70.4814
487.3732,536.7299,27.5063,69.1905
2
0
0
0
0
1
545.7983,554.2878,33.5317,73.0002
547.1491,545.8922,33.8786,73.9455
550.5073,535.7888,35.1333,74.8361
548.6344,525.4664,36.0112,76.0440
543.7656,515.5289,35.0432,75.0457
540.6552,503.4691,35.5381,75.5516
2
0
0
0
0
1
669.7081,559.4166,74.9531,67.0200
678.9428,566.0799,74.9413,67.0721
684.9077,571.4125,75.1182,67.0428
690.3199,576.3151,75.5292,67.8918
698.9011,583.5062,75.8962,68.2146
702.6427,586.9911,77.1548,69.4994
709.6018,593.4490,76.8760,69.6118
710.5502,594.8508,75.0779,67.2228
706.1043,600.9724,74.7159,67.4897
697.7484,605.8655,74.5804,67.4126
692.6133,608.4763,80.4343,74.0364
695.7411,612.0447,78.5357,71.9184
694.5407,613.2440,81.8173,75.5081
708.9398,604.7808,82.1072,76.2200
694.4976,619.8043,78.4073,71.6878
2
0
0
0
0
1
809.8620,616.0051,81.6261,13.6637
818.3159,617.0192,81.6225,14.3699
828.2811,619.2355,81.8603,13.2531
836.1685,622.0295,81.7970,13.3235
847.0052,626.5179,81.5009,13.1735
846.5980,627.4376,81.7414,15.1280
845.0381,630.2275,81.8749,16.1126
855.5803,624.1607,81.8857,17.3772
864.3157,622.5713,82.2240,17.2569
874.9991,623.8820,82.0627,16.6484
871.3990,625.8236,82.2194,16.9804
882.5630,621.4302,81.6511,17.1769
890.6312,618.8705,81.9417,16.3228
896.2513,617.7284,81.6998,15.5573
908.4106,614.3538,81.9930,17.8495
911.9199,614.0748,82.1013,17.1561
920.1547,611.1992,82.5349,15.9359
924.5245,609.8757,82.0786,16.6096
931.1472,603.7411,81.2136,16.7308
930.3019,600.0191,82.3757,14.9282
934.4669,600.2527,81.4914,14.6555
943.2969,602.1984,82.2464,17.5552
949.1375,602.7540,82.3270,14.4706
947.1061,602.8783,80.2330,12.2706
951.0900,601.6091,80.1366,11.3410
957.1717,602.8019,80.1520,11.2573
964.0563,606.4422,80.7425,11.3292
967.5554,609.3526,80.8789,12.1712
974.5373,610.1085,81.0231,11.4364
969.2665,617.0309,82.6911,13.7112
973.6996,628.9855,80.2667,11.2196
2
0
0
0
0
1
1113.5404,592.8036,84.0808,37.7482
1123.8011,591.3380,83.8332,38.0987
1114.8462,588.7209,83.5679,37.2046
1104.9265,580.1451,83.2021,37.5734
1103.5627,592.0081,83.8583,39.0848
2
0
0
0
0
1
1200.5448,686.1572,43.1016,87.9285
1191.0394,688.9636,44.1108,89.5577
2
0
0
0
0
1
1406.0331,617.6428,67.2670,71.9804
1411.7603,608.2613,68.4354,73.0377
1416.2200,602.3781,67.4281,72.2930
1422.5117,593.8351,67.8778,72.1215
2
0
0
0
0
1
1498.2383,417.3576,67.9224,69.2552
1493.1118,409.8522,67.2544,68.7188
1485.6202,404.2785,68.5954,70.3540
1478.9194,397.2370,69.5940,71.6060
1474.6559,390.8839,70.3044,72.1615
1470.5184,384.6371,70.7992,72.6501
1473.2253,384.3421,67.9921,69.7477
1467.4269,374.8765,67.9727,69.7804
1467.2021,372.1149,69.6145,71.8240
2
0
0
0
0
1
1179.9172,354.3570,82.3740,13.1147
1169.9595,355.0034,82.7757,13.1475
1161.2781,354.4060,83.2213,13.6193
1148.7656,352.0514,83.3551,13.3098
1135.5264,352.2845,83.1795,13.8353
1126.4846,352.8925,82.8457,13.6185
1113.6415,353.6198,83.1245,13.7434
1104.4788,353.1832,83.0688,15.3287
2
0
0
0
0
1
973.0720,331.6992,34.1926,54.7185
965.4930,327.4324,33.2642,53.5664
975.0735,333.9573,34.0216,54.4572
976.7782,335.9705,34.3215,54.2162
985.6697,342.0810,34.3255,54.1592
989.9957,344.7980,35.0274,54.2781
1003.6944,345.7712,34.4577,53.3156
1008.6706,334.0478,35.6120,54.4860
2
0
0
0
0
1
936.9684,358.7254,82.6556,51.8348
932.5477,355.3689,84.7639,54.6982
923.0634,361.5913,82.5368,52.6789
910.6538,357.1621,83.2994,53.2001
900.7490,354.9556,83.0207,52.4672
886.4046,348.2074,83.1352,53.1296
2
0
0
0
0
1
725.2370,324.5507,83.5195,16.8283
715.5102,322.9826,83.3431,18.2994
708.1940,322.0648,83.6380,16.9042
695.4126,318.7160,83.7620,20.1250
682.3011,319.5179,83.3309,19.5128
673.8408,316.0086,83.1152,18.9443
663.4183,311.8129,83.1186,22.1215
654.6021,310.3967,83.2251,23.0072
645.9454,307.1160,82.7675,22.8592
643.1603,301.9869,81.8785,23.8933
640.8868,298.0418,82.8077,21.0024
2
0
0
0
0
1
501.8921,277.2087,74.6096,24.3605
493.6012,278.4727,74.7449,24.9444
485.1111,282.1684,75.6645,25.7565
472.5898,279.4355,75.8161,26.2035
2
0
0
0
0
1
298.8983,251.1092,45.9069,81.6237
292.3602,242.5377,44.6049,80.4039
286.3853,234.1861,46.7046,82.4059
280.0158,227.0932,46.1947,80.5908
275.1698,217.1478,45.1810,79.6082
270.9461,211.1040,45.8483,79.6909
266.5555,200.0876,45.7065,80.0383
262.6455,190.9360,45.4582,79.8748
260.4651,185.0672,45.4720,79.6473
257.8749,178.3608,45.4952,79.7844
255.4292,171.7168,45.0472,80.1895
247.3858,171.7114,45.8688,80.6068
237.4183,171.7479,46.0769,81.6934
2
0
0
0
0
1
300.4139,113.1308,82.9409,32.4123
306.5003,111.2763,83.2663,32.6220
317.6232,106.5349,84.3105,33.1820
324.1403,105.1594,84.6379,31.7961
331.6302,101.9758,85.4379,33.4149
337.5880,99.2701,84.7757,33.9713
326.5376,101.2548,83.8233,33.4372
318.2750,96.4988,84.3893,34.7909
316.5733,95.1295,82.9163,32.6942
313.6717,88.5140,84.0550,35.0225
310.0684,86.3028,84.5307,35.6122
321.2202,96.3309,84.5590,34.4833
326.2230,98.7844,84.9005,35.5477
331.1132,103.4470,82.9817,31.8685
332.6415,104.1563,82.8118,32.5567
338.8484,102.1250,85.6465,36.7818
2
0
