1
76.2886,140.4290,38.2874,35.0482
76.6378,137.1747,38.5126,36.9252
76.0578,135.0891,41.0633,37.2971
76.2933,132.9225,41.1773,38.2226
77.2752,130.9591,40.2064,39.0523
76.6491,130.3392,39.5473,37.7015
77.3534,126.6231,39.4499,42.6094
74.6919,125.9255,42.1021,41.9922
75.4337,124.2864,40.8858,42.0008
75.8206,123.7009,42.4415,43.1997
77.1414,121.7036,41.8615,43.3020
76.0324,120.2355,43.7568,41.3284
74.5932,118.0960,42.9313,42.0566
74.1779,115.5899,43.8668,42.8433
73.7033,114.1682,47.3081,43.1349
73.2304,111.6590,50.6082,42.6381
71.7433,109.9675,54.1550,41.5389
71.3777,108.0767,52.5573,40.8085
71.9419,103.5396,56.6384,42.1226
71.5799,100.8632,40.1088,41.6083
71.2890,97.6254,40.0313,42.9053
71.6081,94.0355,39.6066,43.2596
71.8830,90.6357,39.3105,44.1618
72.5135,86.4602,38.6281,45.8867
73.1822,83.3614,38.3754,46.3688
74.2611,79.3346,38.1028,47.7338
75.8585,75.1972,39.0244,48.3015
77.7879,72.3601,40.4393,47.6967
77.7612,73.3826,43.8020,43.0643
77.7607,68.5107,46.5586,44.9405
86.3986,79.8290,38.3552,32.0945
84.3164,74.7956,41.8301,34.4703
83.6263,74.3299,42.0626,32.0935
80.9638,72.0562,43.6086,32.0537
81.5827,67.6386,43.5562,33.4364
80.6428,64.6277,44.2082,34.0888
77.9524,63.2680,44.0836,32.3457
78.4408,61.0107,40.3224,32.7978
78.2483,59.2998,41.7987,33.0354
78.7443,57.9634,38.6812,33.1391
81.0956,55.5412,37.0959,33.7750
82.8260,53.8356,35.3572,35.0921
82.6929,54.0062,35.7695,36.5173
81.6781,53.4165,34.3123,35.1781
82.3684,51.7548,31.6940,39.0149
83.4631,52.6426,31.6013,39.4408
81.7785,54.5374,33.1429,37.5987
81.5156,56.3143,32.8886,37.7860
78.7832,57.0978,37.2700,40.0846
78.7636,60.0238,38.0315,39.1128
78.6527,60.0517,37.4989,39.1270
77.3108,58.8691,38.3055,37.9687
76.5204,60.1386,39.2797,38.2558
77.4342,63.6242,38.2783,38.7319
77.8041,66.1501,41.7211,41.2496
77.6718,69.2552,42.2139,44.5480
78.6258,73.2377,42.2465,37.0470
79.2585,74.0737,43.4705,37.8760
80.4375,75.9585,43.5838,39.4676
79.8102,76.7846,45.8060,40.1507
82.5929,78.7029,39.2704,38.1185
81.7168,78.5702,41.0660,37.7932
82.4298,78.4814,41.5716,37.2125
83.0522,78.4919,41.5196,37.8252
85.0764,82.9733,39.2944,33.1477
83.6962,81.8197,40.2708,35.1166
84.2078,78.9431,40.7089,38.9006
86.8985,79.3580,40.0057,38.9305
86.3644,80.2836,41.2343,39.7085
85.8762,79.7899,41.1901,39.7085
81.4355,80.0608,46.2105,40.1629
80.0661,79.7909,47.5758,40.4081
80.2053,79.4466,47.2262,40.6562
85.5226,79.4756,41.7379,40.6300
81.3523,79.7141,46.5685,40.7847
80.8802,78.9428,47.8005,40.8509
81.0820,79.1210,45.0804,40.8786
81.3755,79.1655,45.2042,39.7272
87.0003,78.7338,38.8631,40.1163
87.1106,78.7023,38.7816,39.5403
82.7412,78.3542,43.4008,39.7579
81.9022,77.9225,44.0561,39.7355
83.0433,77.3369,43.1889,40.6349
82.4592,76.8747,44.5582,40.0396
87.9871,75.9766,40.4877,40.6193
89.1123,75.2882,38.4519,40.4976
90.7081,75.3345,36.7886,40.4444
92.5091,74.6257,36.6124,41.4497
92.0098,73.8832,37.1440,41.8414
90.6709,73.9088,40.5821,42.1940
89.1260,74.5708,41.9038,39.5687
89.0242,74.3840,42.0179,39.5837
88.9736,74.7053,42.6293,39.6234
89.4820,74.5157,41.3137,38.4959
89.8616,75.0942,40.7614,37.9023
90.4596,74.1326,40.5651,38.5923
89.9596,73.8169,41.0792,39.1577
89.7514,73.8843,42.1926,38.8513
90.8392,74.1520,41.6768,38.7054
90.9874,72.0457,42.1515,39.6982
94.0247,71.5696,40.1222,38.7427
94.0844,70.5454,41.5667,38.4673
94.8874,70.5361,41.5729,38.1268
95.0903,69.8704,42.8781,39.1109
87.7273,70.5781,53.0389,36.6243
87.0004,70.6635,54.5224,35.5337
87.2559,71.9258,56.0415,36.7233
98.2106,71.4541,43.9924,37.2537
96.4081,71.7250,43.8351,37.5975
96.2310,71.7373,43.1822,35.4972
94.6737,71.7892,43.4326,35.9684
93.3779,71.2088,42.3402,36.1805
90.9886,71.8097,43.3204,37.0533
90.3257,72.0690,44.3139,36.4062
90.4011,70.7594,43.4034,38.5164
90.3975,69.6151,45.0180,40.1182
87.9071,71.0709,46.4711,39.5967
87.2787,72.4761,51.9853,39.7688
87.8362,70.9289,50.5512,40.4734
87.2917,74.0825,53.2984,37.4483
91.6638,75.2428,47.5960,37.4714
90.8933,74.9855,48.0110,36.2379
90.0223,75.1829,47.9265,36.4523
90.0142,75.6368,47.6820,36.0630
89.2851,76.8153,47.8696,31.8760
89.6224,77.9527,46.5047,32.1774
90.9051,78.5609,43.6653,31.4290
93.0978,80.4665,41.5024,29.9635
92.5836,80.7826,42.9088,30.6644
92.4576,81.7515,42.3577,31.7284
95.8370,82.0330,38.3253,33.7644
95.7692,81.7699,37.7526,39.6006
93.2733,84.3253,41.3291,41.5254
93.7851,87.8182,41.1844,39.5875
93.5595,87.2569,42.3577,39.2439
94.7289,88.1350,43.2110,38.2593
95.2603,89.0855,44.2057,40.6782
95.3590,90.2820,43.8836,43.8683
97.6358,91.3634,42.6958,43.1988
98.6743,90.0085,42.9187,29.4740
100.6645,88.6772,42.2753,30.5264
102.8187,86.1891,41.3635,33.3808
104.1273,86.2963,41.6770,32.2762
102.7008,84.8568,44.8120,31.3487
107.8327,83.6419,41.5279,30.4400
107.8639,83.2604,42.9750,28.9233
102.7744,82.3985,50.1961,31.3760
99.1016,81.5466,55.1796,31.9770
97.0370,80.8237,57.9793,33.0239
112.5120,79.0719,43.4606,30.7675
112.8265,80.0653,43.7798,29.3579
110.8220,80.6601,46.0809,29.4900
110.6538,80.9163,46.6413,27.7562
111.8782,81.1497,47.1462,26.5206
111.2337,80.3164,50.3198,27.1241
111.5914,80.3363,49.0851,26.5776
111.4967,79.4254,49.6269,26.7602
109.1584,77.7745,52.8453,29.3544
114.8694,76.8353,46.5414,27.7784
112.7092,75.3376,48.1005,29.0525
115.4148,74.0707,45.2067,28.0235
113.8502,72.2460,46.7133,29.5247
114.2816,72.4925,46.8903,28.9306
117.6111,70.9846,43.9411,31.3805
118.3489,71.5560,43.7103,30.8757
119.8446,69.0550,43.0739,33.2787
119.8113,68.3574,43.7187,31.3676
118.0570,68.1668,45.8023,31.2047
116.6104,67.2887,48.6945,32.4239
121.8852,67.1668,44.7592,31.1438
119.9291,66.5200,48.6110,31.1588
117.7026,64.5852,52.4591,31.7408
114.9008,62.6938,54.6871,33.4134
113.2587,63.4292,56.8485,29.5599
123.9842,64.0986,46.8272,30.6835
121.9270,62.6210,49.2915,31.4702
128.0646,65.6088,44.2149,27.2447
129.3011,65.4578,42.3337,27.9525
129.4443,65.9019,43.5502,29.4215
129.5058,67.7112,43.8266,27.8202
129.5422,71.2571,46.0516,24.4742
128.4055,72.7965,48.6706,23.2171
126.8706,71.1961,49.2121,26.1577
126.3499,72.3699,49.9466,25.8879
125.3785,72.7945,53.1681,25.0729
123.2279,72.2520,55.7793,27.6043
123.0503,71.5100,56.7893,28.9729
123.9273,71.5165,57.1989,30.3757
130.8338,77.5129,50.9790,25.0928
130.5775,77.9988,51.6868,24.4763
129.9673,80.2453,52.0991,21.9253
130.5672,82.6534,50.3215,19.6702
130.7215,82.4549,47.9846,19.3744
130.4545,85.5106,45.8596,17.2330
129.5466,82.8803,45.2631,19.0663
126.7417,78.7151,42.9669,24.9148
125.9832,79.1745,43.0188,25.8354
128.2988,79.3949,43.2303,26.7146
126.9854,79.3310,43.4990,25.1853
125.4272,79.7449,44.2225,24.8566
136.8568,79.5727,32.8176,24.7088
136.2542,79.9086,32.3465,24.4387
134.6608,80.6538,35.1787,22.1965
135.8092,79.4431,34.5651,22.9118
132.7279,79.3245,38.3654,22.7482
130.1040,78.6402,41.6137,27.6290
129.4483,78.5821,42.3022,28.0721
129.4228,79.1782,44.2295,26.7969
126.3937,78.0651,46.0024,30.4271
129.4658,79.7451,43.6459,32.6106
127.7804,81.7838,43.4561,34.5527
121.8489,80.0716,44.8844,35.0517
120.5185,79.2344,52.6437,37.5449
118.7572,81.0412,54.7625,38.2305
113.9570,84.4790,60.0733,36.3848
114.6224,87.6044,39.4669,33.6898
114.2772,88.9269,38.6786,31.3958
114.3627,88.0674,34.9847,31.0068
114.8721,86.4680,33.5508,31.6371
115.1644,86.8558,31.9907,30.8732
111.8987,87.4875,34.7173,30.7468
112.8215,87.1343,33.8488,31.3146
114.8223,87.9164,30.8846,32.9150
114.8905,87.7119,32.0122,34.8200
115.5331,86.8746,31.9028,36.3072
115.8061,87.6795,34.3087,35.0561
115.2301,89.2708,36.1249,30.7608
117.0082,88.7976,34.6817,30.0621
118.7466,88.4907,34.1653,29.8100
119.7256,88.1832,35.3381,30.7306
121.6382,87.5236,35.1627,30.5502
121.1759,85.4320,37.6061,34.7102
121.2623,84.4760,38.2710,36.5028
124.2853,85.2192,36.4774,34.8134
121.7790,86.0903,39.5950,32.4083
121.3119,85.2040,40.8388,33.1798
122.0989,84.3581,41.0970,32.6256
124.2010,83.5503,40.4566,32.1891
124.3935,83.4826,41.2682,31.5464
124.3761,82.2660,43.5500,31.0672
124.7582,80.8313,44.5485,32.0761
124.1691,79.8654,47.7111,31.7512
140.5221,78.6203,33.6206,31.3683
143.5183,77.3309,33.0106,30.9600
145.6762,77.1591,35.0983,33.2960
149.9241,75.6241,33.7212,35.5823
152.4803,74.6516,33.9429,36.1865
153.1175,73.2943,36.7861,37.9305
156.0742,71.5411,35.2930,38.4010
157.0891,69.5062,40.4091,39.1383
157.3239,68.4075,39.8852,37.6050
157.4729,67.9178,39.2974,36.9055
157.0710,67.0951,39.8336,37.1728
156.8004,66.8546,38.0438,34.4144
154.9860,66.3918,38.3783,37.8194
155.2537,65.0546,37.3610,39.5695
155.6411,63.5149,36.2801,41.8193
156.0400,61.6680,36.3824,34.3540
156.4355,60.2874,36.1533,33.9651
157.3295,58.8506,36.1802,33.1109
158.6413,57.3871,34.7526,32.6969
158.2150,56.2782,36.1831,33.1884
159.4563,54.1931,36.4421,33.9415
160.7279,52.6443,38.3216,34.7317
162.6901,51.5884,37.0702,33.7805
165.0779,49.7274,36.0449,32.5860
169.0982,48.1738,33.8926,32.8909
168.0967,46.4970,37.1028,32.5720
169.8946,45.2372,36.3439,33.5369
171.6308,43.8935,35.1884,34.3249
170.9010,43.5609,35.3277,32.8015
170.6194,43.2918,37.2295,32.2712
171.1177,43.1829,38.2685,32.4367
171.7562,42.8692,38.0037,32.1595
172.2012,42.0841,38.3612,33.5520
172.2402,42.4551,39.4799,33.2858
172.2188,43.5514,39.5122,32.0622
169.5416,43.7950,42.3503,30.9288
169.9692,44.2317,42.1371,31.4069
169.4273,43.2510,41.2781,32.8163
169.2496,44.3938,41.2132,31.5944
169.3925,45.3251,40.8185,31.2845
169.6991,45.1516,40.9310,32.0831
169.4295,46.1937,40.2181,32.1780
169.5095,46.0847,38.5771,32.0431
169.9326,45.8830,38.8393,31.6440
169.6648,45.9602,38.3549,32.8138
169.4544,44.1508,38.5859,34.5970
169.4613,45.5559,38.2635,34.7341
170.4203,46.9986,36.9425,33.8656
169.6655,47.2937,37.9088,33.9663
169.5061,46.0671,37.2571,35.1125
169.1765,45.1731,36.8759,36.3362
169.6844,43.5476,38.1346,38.1999
169.0520,42.3408,38.4227,39.8294
170.4341,40.4353,36.2289,41.7562
170.4983,40.4226,35.2098,42.4694
170.4376,40.0294,39.3419,42.5089
168.7580,40.6336,40.9785,42.2091
167.3781,40.9358,41.6428,40.9559
164.7259,41.1969,44.2188,41.2299
162.6464,41.8325,47.9691,40.3077
158.7622,42.2119,51.8892,40.1550
157.7837,48.2616,53.5002,33.9620
156.9208,47.3914,54.5264,35.3324
171.5726,47.8569,38.8825,34.2968
172.1503,46.2896,38.5612,35.3474
172.0953,45.6516,37.8574,35.4672
170.9771,45.7342,38.2559,36.0026
170.8820,46.0068,37.6811,33.9149
170.6822,45.7655,37.9320,34.3976
170.1883,45.8120,37.2132,34.5185
167.5366,46.1875,38.5737,33.8486
167.3671,45.9671,39.2684,34.2684
168.7252,45.4184,36.6867,35.6426
168.1377,45.9706,36.7067,34.7955
168.3191,46.1080,39.6379,34.9717
166.2441,45.4876,41.8266,35.2516
165.4598,46.2430,42.0207,34.4748
165.5119,46.4616,37.3192,34.2472
164.0782,47.2533,38.2392,34.1352
164.5954,47.7456,35.5412,35.2752
163.1390,47.9081,35.9533,36.1640
162.7670,46.7418,35.8656,38.4229
162.1940,50.1667,35.9232,35.9140
161.0397,50.9366,36.0373,35.6177
160.4035,51.8599,36.0260,36.2631
158.9104,52.9245,39.9116,35.8006
158.1991,52.8380,39.6523,35.4756
157.3657,52.9305,39.7443,35.9608
156.6321,53.0284,39.1672,36.1553
155.0418,53.4066,39.4651,36.9354
155.0646,54.2692,37.4156,37.6490
153.7313,55.1579,36.3509,36.7756
154.4111,56.5745,32.5930,36.4217
153.1458,58.8244,32.0748,35.5039
153.4142,59.3619,30.9560,34.9953
153.7351,60.0764,31.7099,33.0127
150.2055,61.3165,38.3166,32.0846
150.5901,60.9344,36.0086,32.9092
149.9722,62.2807,36.3816,32.5235
150.2689,62.3399,38.4728,33.5692
149.5284,62.6867,38.3481,33.5795
148.8280,62.3874,38.5129,33.9880
148.5826,56.7087,37.5870,38.7138
149.1105,55.1129,36.0948,39.0733
149.4588,54.4866,35.6186,38.3140
149.4594,54.7900,34.4396,39.4199
148.0954,56.9844,35.5821,35.9574
147.0676,56.7090,36.5788,35.9190
146.8969,56.9700,35.4751,34.5054
146.1041,56.8903,36.4879,35.8678
146.5299,55.6606,31.5506,35.9886
146.7796,55.6108,31.8522,36.4504
145.4515,55.9246,31.8376,35.8078
145.0119,55.2504,33.2583,35.7623
145.2671,55.1981,32.0418,36.1696
145.5549,55.4575,32.6044,35.2407
145.0788,55.3079,33.5479,36.3668
144.5814,55.8849,34.7758,37.6249
144.8953,55.6711,35.1791,40.1081
145.0537,54.5860,36.4081,42.6378
145.1302,55.1333,36.9422,42.9173
144.5641,54.1027,38.6456,45.4771
143.5903,74.6564,39.0065,25.9194
