0.000121
0.004617
0.002538
0.002276
0.002272
0.002261
0.002276
0.002256
0.002244
0.002247
0.002236
0.002234
0.002189
0.002194
0.002222
0.002227
0.00218
0.002209
0.002236
NaN
NaN
NaN
NaN
0.000125
0.004417
0.002546
0.002299
0.002294
NaN
NaN
NaN
NaN
0.000119
0.00458
0.002743
0.002431
0.002414
0.002372
0.002187
0.002171
0.00218
0.002173
0.002168
0.002172
0.002168
0.002168
0.002185
0.002157
0.002173
0.002155
0.002162
0.002154
0.00216
0.002147
0.002138
0.00217
0.00215
0.002149
0.002154
0.002159
0.00216
0.002174
0.00217
0.002162
0.002147
0.002182
0.002192
0.002175
0.002164
0.002183
0.002197
0.002182
0.002162
0.002177
0.002178
0.002172
0.00215
0.002144
0.00216
0.002174
0.002173
0.002179
0.002162
0.002144
0.002134
0.00214
NaN
NaN
NaN
NaN
0.000125
0.004144
0.002345
0.002125
0.002121
0.002125
0.002117
0.002106
0.002067
0.002066
0.002066
0.002081
0.001992
0.002005
0.001989
0.002071
0.002008
0.002098
NaN
NaN
NaN
NaN
0.00013
0.007002
0.004156
0.002399
0.002408
0.002369
0.002551
0.002378
