0.000436
3.0812
0.065854
0.064482
0.063167
0.064095
0.064289
0.063737
0.063462
0.06395
0.063781
0.063553
0.063892
0.062362
0.063576
0.061956
0.061012
0.060875
0.061462
0.061985
0.061873
0.062363
0.062683
0.063354
0.062568
0.06238
0.061498
0.061747
0.063192
0.064027
0.062208
0.061942
0.062749
0.063534
0.064703
0.064051
0.063747
0.064209
0.06398
0.062514
0.06239
0.064084
0.063389
0.065746
0.063044
0.062994
0.063411
0.064914
0.066091
0.064206
0.065397
0.06501
0.064709
0.063986
0.064697
0.063389
0.066105
0.064154
0.063445
0.06422
0.063486
0.066152
0.067778
0.067776
0.067412
0.0683
0.067534
0.065687
0.064936
0.065697
0.065796
0.065882
0.065784
0.066617
0.068741
0.068466
0.065842
0.066236
0.066438
0.067692
0.066898
0.068071
0.065106
0.06422
0.066566
0.066725
0.066866
0.067334
0.065424
0.065783
0.065512
0.064681
0.065454
0.065995
0.065928
0.065366
0.066618
0.066835
0.068035
0.068114
0.066598
0.06557
0.065946
0.066896
0.067721
0.066805
0.065993
0.06625
0.065617
0.065999
0.064977
0.066368
0.066417
0.065605
0.067925
0.067359
0.066066
0.066438
0.067103
0.067011
0.066833
0.065638
0.066142
0.066666
0.066078
0.068059
0.067611
0.068297
0.066795
0.066753
0.067794
0.067453
0.06693
0.068113
0.068216
0.068787
0.068929
0.070116
0.06989
0.069637
0.071606
0.076893
0.067997
0.067461
0.071102
0.069904
0.071796
0.073692
0.073398
0.072923
0.072986
0.072268
0.070015
0.069976
0.070694
0.07227
0.072469
0.07274
0.071623
0.071064
0.073005
0.072348
0.071581
0.070217
0.068902
0.068992
0.068721
0.069893
0.069589
0.069225
0.070607
0.069849
0.07009
0.070454
0.070896
0.070621
0.070145
0.070469
0.070393
0.071203
0.070328
0.071163
0.070595
0.069783
0.068786
0.06902
0.070014
0.070162
0.069634
0.069196
0.06909
0.069664
0.068059
0.068311
0.06837
0.068721
0.070559
0.069267
0.070305
0.070877
0.071861
0.070526
0.068499
0.070101
0.068466
0.068352
0.070287
0.069138
0.072325
0.070583
0.070625
0.069287
0.069769
0.068921
0.069116
0.070456
0.071495
0.070242
0.070563
0.070724
0.070762
0.069832
0.070612
0.070031
0.070196
0.069956
0.069151
0.069627
0.069159
0.069037
0.068684
0.069863
0.070863
0.071426
0.070808
0.07172
0.070875
0.071417
0.070059
0.069269
0.069224
0.071108
0.070711
0.069881
0.071541
0.073949
0.072832
0.071618
0.072715
0.07412
0.075332
