1
531.0000,196.0000,33.0000,32.0000
528.0000,204.0000,34.0000,33.0000
526.0000,211.0000,33.0000,32.0000
523.0000,217.0000,34.0000,33.0000
522.0000,224.0000,34.0000,33.0000
523.0000,233.0000,33.0000,32.0000
521.0000,239.0000,33.0000,32.0000
522.0000,242.0000,33.0000,32.0000
525.0000,248.0000,34.0000,33.0000
528.0000,250.0000,35.0000,34.0000
534.0000,253.0000,34.0000,33.0000
542.0000,254.0000,34.0000,33.0000
552.0000,257.0000,34.0000,33.0000
559.0000,260.0000,34.0000,33.0000
570.0000,262.0000,34.0000,33.0000
583.0000,264.0000,34.0000,33.0000
592.0000,264.0000,34.0000,33.0000
604.0000,267.0000,34.0000,33.0000
614.0000,269.0000,33.0000,32.0000
623.0000,270.0000,34.0000,33.0000
632.0000,275.0000,34.0000,33.0000
641.0000,276.0000,34.0000,33.0000
647.0000,278.0000,35.0000,34.0000
653.0000,279.0000,34.0000,33.0000
660.0000,281.0000,35.0000,34.0000
652.0000,272.0000,36.0000,35.0000
655.0000,273.0000,37.0000,36.0000
662.0000,293.0000,36.0000,35.0000
664.0000,294.0000,36.0000,35.0000
662.0000,299.0000,36.0000,35.0000
668.0000,295.0000,37.0000,36.0000
2
0
0
0
0
1
720.0000,265.0000,25.0000,16.0000
728.0000,261.0000,25.0000,16.0000
737.0000,256.0000,25.0000,16.0000
746.0000,252.0000,25.0000,16.0000
757.0000,247.0000,25.0000,16.0000
770.0000,242.0000,25.0000,16.0000
784.0000,238.0000,25.0000,16.0000
798.0000,233.0000,25.0000,16.0000
813.0000,228.0000,25.0000,16.0000
829.0000,224.0000,25.0000,16.0000
844.0000,220.0000,25.0000,16.0000
860.0000,217.0000,25.0000,16.0000
875.0000,214.0000,25.0000,16.0000
891.0000,210.0000,25.0000,16.0000
906.0000,206.0000,25.0000,16.0000
920.0000,202.0000,25.0000,16.0000
935.0000,196.0000,25.0000,16.0000
950.0000,190.0000,25.0000,16.0000
963.0000,183.0000,25.0000,16.0000
974.0000,176.0000,25.0000,16.0000
986.0000,171.0000,25.0000,16.0000
998.0000,166.0000,25.0000,16.0000
1009.0000,163.0000,25.0000,16.0000
1021.0000,161.0000,25.0000,16.0000
1031.0000,160.0000,25.0000,16.0000
1041.0000,161.0000,25.0000,16.0000
1051.0000,166.0000,24.0000,15.0000
1058.0000,173.0000,25.0000,16.0000
1064.0000,172.0000,25.0000,16.0000
1069.0000,167.0000,25.0000,16.0000
1072.0000,158.0000,25.0000,16.0000
1076.0000,150.0000,25.0000,16.0000
1078.0000,143.0000,25.0000,16.0000
1080.0000,137.0000,25.0000,16.0000
1083.0000,132.0000,25.0000,16.0000
1084.0000,127.0000,25.0000,16.0000
1086.0000,121.0000,25.0000,16.0000
1089.0000,119.0000,25.0000,16.0000
1090.0000,116.0000,25.0000,16.0000
1093.0000,114.0000,25.0000,16.0000
1095.0000,107.0000,25.0000,16.0000
1097.0000,95.0000,25.0000,16.0000
1098.0000,81.0000,25.0000,16.0000
1101.0000,75.0000,25.0000,16.0000
1105.0000,73.0000,25.0000,16.0000
1109.0000,68.0000,25.0000,16.0000
1113.0000,60.0000,25.0000,16.0000
1119.0000,55.0000,25.0000,16.0000
1125.0000,50.0000,25.0000,16.0000
1131.0000,49.0000,25.0000,16.0000
1136.0000,45.0000,25.0000,16.0000
1142.0000,41.0000,25.0000,16.0000
1148.0000,42.0000,25.0000,16.0000
1155.0000,41.0000,25.0000,16.0000
1160.0000,40.0000,25.0000,16.0000
1166.0000,38.0000,25.0000,16.0000
1170.0000,36.0000,25.0000,16.0000
1176.0000,38.0000,25.0000,16.0000
1183.0000,40.0000,25.0000,16.0000
1188.0000,44.0000,25.0000,16.0000
1195.0000,49.0000,25.0000,16.0000
1201.0000,56.0000,25.0000,16.0000
1207.0000,67.0000,25.0000,16.0000
1213.0000,82.0000,25.0000,16.0000
1219.0000,97.0000,25.0000,16.0000
1223.0000,110.0000,25.0000,16.0000
1227.0000,127.0000,25.0000,16.0000
1232.0000,142.0000,25.0000,16.0000
1236.0000,158.0000,25.0000,16.0000
1240.0000,172.0000,25.0000,16.0000
1244.0000,188.0000,25.0000,16.0000
1246.0000,205.0000,25.0000,16.0000
1252.0000,222.0000,25.0000,16.0000
1255.0000,241.0000,25.0000,16.0000
1256.0000,259.0000,25.0000,16.0000
1256.0000,275.0000,25.0000,16.0000
1256.0000,288.0000,25.0000,16.0000
1254.0000,296.0000,25.0000,16.0000
1253.0000,301.0000,25.0000,16.0000
1251.0000,305.0000,25.0000,16.0000
1247.0000,307.0000,25.0000,16.0000
1244.0000,310.0000,25.0000,16.0000
1239.0000,313.0000,25.0000,16.0000
1234.0000,318.0000,25.0000,16.0000
1227.0000,324.0000,25.0000,16.0000
1219.0000,332.0000,25.0000,16.0000
1210.0000,340.0000,25.0000,16.0000
1202.0000,349.0000,25.0000,16.0000
1193.0000,360.0000,25.0000,16.0000
1184.0000,368.0000,25.0000,16.0000
1176.0000,377.0000,25.0000,16.0000
1167.0000,387.0000,25.0000,16.0000
1158.0000,397.0000,25.0000,16.0000
1148.0000,409.0000,25.0000,16.0000
1139.0000,422.0000,25.0000,16.0000
1131.0000,432.0000,25.0000,16.0000
1125.0000,437.0000,25.0000,16.0000
1120.0000,442.0000,25.0000,16.0000
1114.0000,446.0000,25.0000,16.0000
1110.0000,452.0000,25.0000,16.0000
1105.0000,455.0000,25.0000,16.0000
1101.0000,459.0000,25.0000,16.0000
1096.0000,463.0000,25.0000,16.0000
1094.0000,463.0000,25.0000,16.0000
1093.0000,462.0000,25.0000,16.0000
1091.0000,459.0000,25.0000,16.0000
1090.0000,455.0000,25.0000,16.0000
1088.0000,452.0000,25.0000,16.0000
1087.0000,448.0000,25.0000,16.0000
1083.0000,446.0000,25.0000,16.0000
1079.0000,446.0000,25.0000,16.0000
1075.0000,444.0000,25.0000,16.0000
1070.0000,443.0000,25.0000,16.0000
1066.0000,441.0000,25.0000,16.0000
1059.0000,442.0000,25.0000,16.0000
1052.0000,442.0000,25.0000,16.0000
1047.0000,442.0000,25.0000,16.0000
1042.0000,441.0000,25.0000,16.0000
1036.0000,441.0000,25.0000,16.0000
1030.0000,439.0000,25.0000,16.0000
1025.0000,435.0000,25.0000,16.0000
1021.0000,431.0000,25.0000,16.0000
1017.0000,427.0000,25.0000,16.0000
1012.0000,424.0000,25.0000,16.0000
1007.0000,421.0000,25.0000,16.0000
1003.0000,419.0000,25.0000,16.0000
998.0000,416.0000,25.0000,16.0000
993.0000,415.0000,25.0000,16.0000
988.0000,414.0000,25.0000,16.0000
983.0000,415.0000,25.0000,16.0000
978.0000,415.0000,25.0000,16.0000
974.0000,415.0000,25.0000,16.0000
970.0000,416.0000,25.0000,16.0000
967.0000,415.0000,25.0000,16.0000
963.0000,413.0000,25.0000,16.0000
959.0000,410.0000,25.0000,16.0000
957.0000,405.0000,25.0000,16.0000
953.0000,403.0000,25.0000,16.0000
951.0000,398.0000,25.0000,16.0000
948.0000,394.0000,25.0000,16.0000
946.0000,389.0000,25.0000,16.0000
937.0000,387.0000,25.0000,16.0000
935.0000,376.0000,25.0000,16.0000
943.0000,372.0000,25.0000,16.0000
940.0000,363.0000,25.0000,16.0000
948.0000,363.0000,25.0000,16.0000
949.0000,358.0000,25.0000,16.0000
951.0000,354.0000,25.0000,16.0000
952.0000,351.0000,25.0000,16.0000
2
0
0
0
0
1
899.0000,331.0000,21.0000,11.0000
895.0000,329.0000,21.0000,11.0000
890.0000,327.0000,21.0000,11.0000
885.0000,326.0000,21.0000,11.0000
880.0000,325.0000,21.0000,11.0000
874.0000,326.0000,21.0000,11.0000
868.0000,328.0000,21.0000,11.0000
862.0000,330.0000,21.0000,11.0000
855.0000,331.0000,21.0000,11.0000
849.0000,331.0000,21.0000,11.0000
842.0000,331.0000,21.0000,11.0000
835.0000,330.0000,21.0000,11.0000
828.0000,328.0000,21.0000,11.0000
820.0000,328.0000,21.0000,11.0000
813.0000,331.0000,21.0000,11.0000
805.0000,334.0000,21.0000,11.0000
797.0000,337.0000,21.0000,11.0000
790.0000,340.0000,21.0000,11.0000
783.0000,340.0000,21.0000,11.0000
778.0000,340.0000,21.0000,11.0000
770.0000,339.0000,21.0000,11.0000
764.0000,338.0000,21.0000,11.0000
757.0000,334.0000,21.0000,11.0000
752.0000,328.0000,21.0000,11.0000
749.0000,323.0000,21.0000,11.0000
742.0000,318.0000,21.0000,11.0000
738.0000,311.0000,21.0000,11.0000
734.0000,304.0000,21.0000,11.0000
730.0000,297.0000,21.0000,11.0000
725.0000,289.0000,21.0000,11.0000
720.0000,282.0000,21.0000,11.0000
715.0000,276.0000,21.0000,11.0000
711.0000,271.0000,21.0000,11.0000
706.0000,266.0000,21.0000,11.0000
702.0000,261.0000,21.0000,11.0000
698.0000,257.0000,21.0000,11.0000
694.0000,253.0000,21.0000,11.0000
691.0000,250.0000,21.0000,11.0000
688.0000,246.0000,21.0000,11.0000
685.0000,244.0000,21.0000,11.0000
681.0000,242.0000,21.0000,11.0000
671.0000,233.0000,21.0000,11.0000
668.0000,231.0000,21.0000,11.0000
665.0000,229.0000,21.0000,11.0000
662.0000,227.0000,21.0000,11.0000
657.0000,225.0000,21.0000,11.0000
652.0000,223.0000,21.0000,11.0000
648.0000,221.0000,21.0000,11.0000
642.0000,218.0000,21.0000,11.0000
636.0000,217.0000,21.0000,11.0000
630.0000,216.0000,21.0000,11.0000
624.0000,215.0000,21.0000,11.0000
617.0000,216.0000,21.0000,11.0000
609.0000,216.0000,21.0000,11.0000
602.0000,216.0000,21.0000,11.0000
594.0000,215.0000,21.0000,11.0000
586.0000,214.0000,21.0000,11.0000
579.0000,213.0000,21.0000,11.0000
570.0000,212.0000,21.0000,11.0000
562.0000,212.0000,21.0000,11.0000
554.0000,211.0000,21.0000,11.0000
546.0000,210.0000,21.0000,11.0000
539.0000,210.0000,21.0000,11.0000
532.0000,209.0000,21.0000,11.0000
525.0000,210.0000,21.0000,11.0000
519.0000,211.0000,21.0000,11.0000
513.0000,212.0000,21.0000,11.0000
518.0000,213.0000,21.0000,11.0000
513.0000,213.0000,21.0000,11.0000
509.0000,213.0000,21.0000,11.0000
504.0000,213.0000,21.0000,11.0000
500.0000,214.0000,21.0000,11.0000
496.0000,215.0000,21.0000,11.0000
492.0000,216.0000,21.0000,11.0000
489.0000,217.0000,21.0000,11.0000
486.0000,219.0000,21.0000,11.0000
483.0000,221.0000,21.0000,11.0000
479.0000,223.0000,21.0000,11.0000
476.0000,226.0000,21.0000,11.0000
474.0000,229.0000,21.0000,11.0000
472.0000,233.0000,21.0000,11.0000
469.0000,236.0000,21.0000,11.0000
467.0000,240.0000,21.0000,11.0000
465.0000,243.0000,21.0000,11.0000
464.0000,248.0000,21.0000,11.0000
463.0000,252.0000,21.0000,11.0000
461.0000,256.0000,21.0000,11.0000
460.0000,259.0000,21.0000,11.0000
460.0000,260.0000,21.0000,11.0000
460.0000,262.0000,21.0000,11.0000
459.0000,264.0000,21.0000,11.0000
459.0000,268.0000,21.0000,11.0000
458.0000,272.0000,21.0000,11.0000
459.0000,275.0000,21.0000,11.0000
460.0000,279.0000,21.0000,11.0000
462.0000,284.0000,21.0000,11.0000
464.0000,286.0000,21.0000,11.0000
465.0000,289.0000,21.0000,11.0000
466.0000,291.0000,21.0000,11.0000
467.0000,293.0000,21.0000,11.0000
469.0000,296.0000,21.0000,11.0000
471.0000,299.0000,21.0000,11.0000
473.0000,301.0000,21.0000,11.0000
474.0000,303.0000,21.0000,11.0000
475.0000,304.0000,21.0000,11.0000
476.0000,306.0000,21.0000,11.0000
477.0000,309.0000,21.0000,11.0000
477.0000,313.0000,21.0000,11.0000
476.0000,317.0000,21.0000,11.0000
475.0000,320.0000,21.0000,11.0000
474.0000,321.0000,21.0000,11.0000
462.0000,326.0000,21.0000,11.0000
471.0000,322.0000,21.0000,11.0000
469.0000,322.0000,21.0000,11.0000
465.0000,322.0000,21.0000,11.0000
464.0000,321.0000,21.0000,11.0000
462.0000,321.0000,21.0000,11.0000
459.0000,322.0000,21.0000,11.0000
457.0000,322.0000,21.0000,11.0000
454.0000,323.0000,21.0000,11.0000
452.0000,325.0000,21.0000,11.0000
450.0000,327.0000,21.0000,11.0000
451.0000,325.0000,21.0000,11.0000
445.0000,328.0000,21.0000,11.0000
443.0000,329.0000,21.0000,11.0000
445.0000,328.0000,21.0000,11.0000
445.0000,328.0000,21.0000,11.0000
444.0000,329.0000,21.0000,11.0000
444.0000,329.0000,21.0000,11.0000
445.0000,329.0000,21.0000,11.0000
446.0000,330.0000,21.0000,11.0000
447.0000,330.0000,21.0000,11.0000
449.0000,330.0000,21.0000,11.0000
451.0000,331.0000,21.0000,11.0000
452.0000,332.0000,21.0000,11.0000
452.0000,333.0000,21.0000,11.0000
452.0000,332.0000,21.0000,11.0000
452.0000,333.0000,21.0000,11.0000
450.0000,336.0000,21.0000,11.0000
448.0000,337.0000,21.0000,11.0000
444.0000,337.0000,21.0000,11.0000
439.0000,337.0000,21.0000,11.0000
434.0000,337.0000,21.0000,11.0000
429.0000,338.0000,21.0000,11.0000
423.0000,336.0000,21.0000,11.0000
417.0000,335.0000,21.0000,11.0000
411.0000,334.0000,21.0000,11.0000
406.0000,331.0000,21.0000,11.0000
400.0000,327.0000,21.0000,11.0000
394.0000,324.0000,21.0000,11.0000
389.0000,320.0000,21.0000,11.0000
382.0000,317.0000,21.0000,11.0000
377.0000,314.0000,21.0000,11.0000
374.0000,310.0000,21.0000,11.0000
370.0000,306.0000,21.0000,11.0000
366.0000,304.0000,21.0000,11.0000
363.0000,301.0000,21.0000,11.0000
360.0000,298.0000,21.0000,11.0000
358.0000,296.0000,21.0000,11.0000
357.0000,294.0000,21.0000,11.0000
356.0000,291.0000,21.0000,11.0000
354.0000,289.0000,21.0000,11.0000
