0.00285
0.024185
0.031701
0.032967
0.032523
0.033045
0.036768
0.037695
0.038887
0.039769
0.044809
0.050121
0.050458
0.053227
0.058094
0.06529
NaN
0.067608
0.068007
0.062723
NaN
0.061751
0.065063
0.065104
0.05709
0.054337
NaN
0.057103
0.057749
0.055469
0.056833
0.056472
0.05916
0.060639
NaN
0.055196
0.058438
0.059308
0.06061
0.061712
NaN
0.065354
0.066969
0.078676
NaN
0.089767
NaN
0.090119
0.094748
NaN
0.088033
NaN
0.096057
NaN
0.089616
NaN
0.088732
NaN
0.079885
0.080645
NaN
0.083371
0.092245
NaN
0.085717
NaN
0.080786
NaN
0.085868
0.1018
NaN
0.084588
NaN
0.082564
NaN
0.083276
0.083197
NaN
0.087383
NaN
0.087792
0.086565
NaN
0.087851
NaN
0.084884
NaN
0.090788
0.088171
NaN
0.086211
NaN
0.081981
NaN
0.086877
0.088262
NaN
0.086096
NaN
0.086815
NaN
0.090862
0.089582
NaN
0.082472
NaN
0.080225
0.087554
NaN
0.089819
NaN
0.086264
NaN
0.084571
0.081949
NaN
0.082254
NaN
0.082983
0.084588
NaN
0.08377
NaN
0.077945
0.084005
NaN
0.082651
NaN
0.084779
0.087033
NaN
0.085846
NaN
0.084756
0.096549
NaN
0.096814
NaN
0.099793
NaN
0.098247
NaN
NaN
NaN
NaN
NaN
0.007008
0.035042
0.039429
0.037789
0.046649
0.041072
0.040422
0.044181
0.044087
0.043751
0.042163
0.045157
0.040319
0.045336
0.045041
0.044383
0.047729
0.046465
0.045567
0.042633
0.043266
0.040955
0.042689
0.041995
0.046472
0.048772
0.053562
0.050542
0.054014
0.053386
0.054074
0.056843
0.058293
NaN
0.060985
0.066404
0.053311
0.053195
0.05329
0.054131
0.054108
NaN
0.060607
0.060928
0.060308
0.06029
0.061982
NaN
0.075105
0.078676
NaN
0.080343
0.086948
NaN
0.088362
NaN
0.079232
0.082625
NaN
0.087306
NaN
0.074814
0.081618
NaN
0.098209
NaN
0.095234
NaN
0.098765
NaN
0.094241
NaN
0.079414
0.081941
NaN
0.086211
NaN
0.083169
0.089375
