1
168.0000,62.0000,90.0000,67.0000
133.0000,89.0000,97.0000,69.0000
103.0000,111.0000,97.0000,69.0000
79.0000,116.0000,97.0000,69.0000
64.0000,122.0000,97.0000,69.0000
62.0000,134.0000,97.0000,69.0000
64.0000,146.0000,97.0000,69.0000
67.0000,153.0000,101.0000,73.0000
108.0000,152.0000,88.0000,65.0000
139.0000,150.0000,87.0000,62.0000
163.0000,136.0000,87.0000,62.0000
201.0000,132.0000,87.0000,62.0000
239.0000,131.0000,86.0000,71.0000
258.0000,136.0000,86.0000,71.0000
285.0000,134.0000,93.0000,74.0000
299.0000,131.0000,102.0000,72.0000
294.0000,139.0000,100.0000,80.0000
302.0000,140.0000,100.0000,80.0000
321.0000,145.0000,100.0000,80.0000
352.0000,155.0000,100.0000,80.0000
364.0000,164.0000,100.0000,80.0000
366.0000,173.0000,100.0000,80.0000
368.0000,178.0000,100.0000,80.0000
370.0000,176.0000,100.0000,80.0000
361.0000,158.0000,100.0000,80.0000
339.0000,141.0000,100.0000,80.0000
315.0000,130.0000,100.0000,80.0000
283.0000,122.0000,100.0000,80.0000
262.0000,127.0000,100.0000,80.0000
264.0000,133.0000,81.0000,68.0000
259.0000,145.0000,81.0000,57.0000
242.0000,150.0000,83.0000,51.0000
223.0000,149.0000,80.0000,52.0000
207.0000,150.0000,77.0000,52.0000
193.0000,145.0000,75.0000,55.0000
180.0000,140.0000,75.0000,55.0000
169.0000,138.0000,70.0000,57.0000
167.0000,138.0000,67.0000,58.0000
173.0000,130.0000,67.0000,58.0000
180.0000,123.0000,67.0000,58.0000
186.0000,122.0000,67.0000,58.0000
190.0000,132.0000,67.0000,58.0000
201.0000,139.0000,63.0000,53.0000
219.0000,138.0000,63.0000,53.0000
237.0000,137.0000,63.0000,53.0000
255.0000,141.0000,63.0000,53.0000
276.0000,145.0000,63.0000,53.0000
289.0000,149.0000,63.0000,53.0000
300.0000,149.0000,63.0000,53.0000
302.0000,147.0000,63.0000,53.0000
302.0000,148.0000,63.0000,53.0000
311.0000,140.0000,63.0000,53.0000
311.0000,140.0000,63.0000,53.0000
319.0000,121.0000,63.0000,53.0000
2
0
0
0
0
1
328.0000,150.0000,52.0000,53.0000
328.0000,152.0000,52.0000,53.0000
325.0000,156.0000,52.0000,53.0000
330.0000,160.0000,52.0000,53.0000
330.0000,162.0000,52.0000,53.0000
329.0000,164.0000,52.0000,53.0000
329.0000,164.0000,52.0000,53.0000
327.0000,164.0000,52.0000,53.0000
326.5000,166.0000,52.0000,52.0000
325.0000,173.0000,52.0000,52.0000
320.5000,164.0000,52.0000,56.0000
323.0000,163.0000,52.0000,56.0000
325.0000,160.0000,52.0000,56.0000
325.0000,160.0000,52.0000,56.0000
326.0000,161.0000,52.0000,56.0000
326.0000,163.0000,52.0000,56.0000
329.0000,166.0000,52.0000,56.0000
317.0000,167.0000,52.0000,56.0000
302.0000,173.0000,52.0000,56.0000
285.0000,172.0000,52.0000,56.0000
264.0000,170.0000,52.0000,56.0000
242.0000,169.0000,52.0000,56.0000
228.0000,167.0000,52.0000,56.0000
224.0000,164.0000,52.0000,56.0000
226.0000,162.0000,52.0000,56.0000
237.0000,159.0000,52.0000,56.0000
255.0000,147.0000,52.0000,56.0000
263.0000,149.0000,52.0000,56.0000
295.0000,156.0000,52.0000,56.0000
307.0000,162.0000,52.0000,55.0000
315.0000,164.0000,52.0000,55.0000
331.0000,155.0000,52.0000,55.0000
346.0000,153.0000,52.0000,55.0000
349.0000,148.0000,52.0000,55.0000
344.0000,156.0000,52.0000,54.0000
361.0000,165.0000,52.0000,54.0000
372.0000,166.0000,52.0000,54.0000
390.0000,168.0000,52.0000,54.0000
400.0000,171.0000,52.0000,54.0000
381.0000,179.0000,52.0000,54.0000
373.0000,189.0000,52.0000,54.0000
348.0000,184.0000,52.0000,54.0000
333.0000,183.0000,52.0000,54.0000
2
0
0
0
0
1
165.0000,201.0000,44.0000,60.0000
168.0000,205.0000,44.0000,60.0000
180.0000,208.0000,44.0000,60.0000
199.0000,212.0000,44.0000,60.0000
222.0000,213.0000,44.0000,60.0000
242.0000,218.0000,44.0000,60.0000
255.0000,211.0000,44.0000,60.0000
290.0000,214.0000,44.0000,60.0000
312.0000,209.0000,44.0000,60.0000
313.0000,210.0000,44.0000,60.0000
311.0000,204.0000,44.0000,60.0000
300.0000,209.0000,44.0000,60.0000
308.0000,210.0000,44.0000,60.0000
318.0000,208.0000,44.0000,60.0000
328.0000,252.0000,44.0000,60.0000
336.0000,267.0000,44.0000,60.0000
2
0
0
0
0
1
317.0000,198.0000,32.0000,81.0000
312.0000,197.0000,32.0000,81.0000
303.0000,190.0000,32.0000,81.0000
291.0000,179.0000,32.0000,81.0000
293.0000,183.0000,32.0000,81.0000
293.0000,179.0000,32.0000,81.0000
291.0000,177.0000,32.0000,81.0000
287.0000,176.0000,32.0000,81.0000
286.0000,171.0000,32.0000,81.0000
274.0000,162.0000,32.0000,81.0000
268.0000,156.0000,32.0000,81.0000
266.0000,153.0000,32.0000,81.0000
268.0000,149.0000,32.0000,81.0000
288.0000,150.0000,32.0000,81.0000
301.0000,149.0000,32.0000,81.0000
291.0000,149.0000,32.0000,81.0000
287.0000,149.0000,32.0000,81.0000
284.0000,156.0000,32.0000,81.0000
278.0000,156.0000,32.0000,81.0000
269.0000,159.0000,32.0000,81.0000
243.0000,139.0000,32.0000,81.0000
243.0000,137.0000,32.0000,81.0000
2
0
0
0
0
1
384.0000,132.0000,62.0000,71.0000
391.0000,136.0000,62.0000,71.0000
397.0000,141.0000,62.0000,71.0000
395.0000,157.0000,62.0000,71.0000
390.0000,153.0000,62.0000,71.0000
395.0000,149.0000,62.0000,71.0000
395.0000,146.0000,62.0000,71.0000
391.0000,147.0000,62.0000,71.0000
394.0000,150.0000,62.0000,71.0000
403.0000,150.0000,62.0000,71.0000
409.0000,150.0000,62.0000,71.0000
404.0000,152.0000,62.0000,71.0000
405.0000,159.0000,64.0000,67.0000
421.0000,145.0000,64.0000,67.0000
430.0000,144.0000,64.0000,67.0000
