2.8811
2.3806
2.3355
2.3182
2.3255
2.3335
2.3073
2.3021
2.3288
2.3262
2.3016
2.3137
2.3194
2.3215
2.291
2.3152
2.3432
2.3273
2.3242
2.3474
2.2998
2.3117
2.3187
2.3388
2.3301
2.2984
2.3293
2.3183
2.3186
2.3129
2.3323
2.3478
2.3518
2.3187
2.3099
2.3571
2.3098
2.319
2.305
2.3335
2.3329
2.3162
2.3118
2.3119
2.3244
2.3234
2.3207
2.3189
2.3042
2.3786
2.3273
2.3273
2.3212
2.3387
2.3317
2.3131
2.3268
2.307
2.3113
2.3215
2.3283
2.3555
2.3391
2.353
2.3142
2.3232
2.4012
2.3287
2.3291
2.3177
2.3207
2.3358
2.307
2.3302
2.3361
2.3099
2.348
2.3294
2.3092
2.332
2.3272
2.4115
2.3475
2.3148
2.3217
2.3161
2.3769
2.3685
2.3464
2.373
2.3726
2.4656
2.3399
2.3532
2.3485
2.3624
2.3352
2.3032
2.305
2.3372
2.3409
2.3633
2.3545
2.3503
2.3152
2.3751
2.3012
2.3302
2.309
2.3324
2.3172
2.3524
2.3204
2.3135
2.307
2.3204
2.3113
2.3171
2.3221
2.3191
2.3637
2.4168
2.307
2.3354
2.3296
2.339
2.3584
2.3247
2.3199
2.3223
2.3266
2.3302
2.3172
2.3444
2.3095
2.3293
2.3902
2.3222
2.3344
2.3258
