2.0032
0.26182
0.11772
0.073634
0.060697
0.060448
0.068959
0.06325
0.059427
0.0342
0.031719
0.032152
0.031561
0.031663
0.058111
0.032343
0.031629
0.032315
0.033228
0.032457
0.059223
0.032236
0.027006
0.026999
0.026205
0.026807
0.051933
0.028208
0.030293
0.031377
0.049657
0.037151
0.05705
0.032014
0.030462
0.029733
0.037944
0.034053
0.0556
0.030188
0.031016
0.029995
0.031361
0.02918
0.053905
0.0286
0.026697
0.027989
0.02928
0.028281
0.056264
0.026478
0.02847
0.026166
0.027828
0.031612
0.052439
0.02516
0.025088
0.02475
0.024766
0.024621
0.052113
0.025548
0.025899
0.025767
0.026247
0.025861
0.052354
0.026486
0.027777
0.026072
0.027491
0.025158
0.051541
0.026781
0.026653
0.025675
0.025739
0.026299
0.052045
0.026764
0.025432
0.026605
0.025912
0.026084
0.053775
0.026619
0.025423
0.026036
0.026313
0.025749
0.052345
0.028863
0.024472
0.025365
0.027125
0.025271
0.051081
0.025483
0.025708
0.02422
0.026773
0.030429
0.055928
0.027876
0.028801
0.027947
0.028728
0.027847
0.085765
0.059863
0.058709
0.030435
0.029565
0.029528
0.060491
0.029802
0.029623
0.029072
