0.0005249
0.21043
0.013526
0.015071
0.026781
0.016009
0.010105
0.0099658
0.0095901
0.0094168
0.0098355
0.0094971
0.0099486
0.0087916
0.0093572
0.009133
0.0092339
0.010218
0.0088942
0.010185
0.0091108
0.0086947
0.0099281
0.0089425
0.010298
0.0094247
0.0089666
0.0101
0.0090189
0.0089841
0.009392
0.009263
0.009509
0.0087146
0.010058
0.0095107
0.0097826
0.010366
0.0091184
0.0090073
0.0095805
0.0088518
0.0091756
0.0089448
0.009219
0.0096298
0.009082
0.0097154
0.0092481
0.0089044
0.0096205
0.0093394
0.0097204
0.0093427
0.0091151
0.01052
0.0086507
0.0097581
0.0093757
0.009044
0.009511
0.0092841
0.0090576
0.0096559
0.0085535
0.0095391
0.009211
0.0093731
0.0094006
0.0089683
0.0090953
0.0093903
0.010722
0.0094469
0.0090724
0.0093516
0.0093294
0.0088518
0.0098249
0.0088594
0.0091025
0.00904
0.0093433
0.010916
0.0094895
0.010603
0.0098408
0.0092742
0.009944
0.0090367
0.0090354
0.0097783
0.0090394
0.0095107
0.0091644
0.0093615
0.0093645
0.0086028
0.0090992
0.0095391
0.0092471
0.0096529
0.008576
0.0097363
0.0092391
0.0089203
0.010192
0.0088839
0.0094217
0.0090394
0.0090582
0.0091489
0.0085767
0.0093619
0.0088002
0.0089752
0.0094822
0.0086752
0.0095196
0.0088489
0.0091611
0.009041
0.0084973
0.0093929
0.0085098
0.0088161
0.0090893
0.009689
0.0097783
0.0086765
0.0090976
0.0092755
0.0089319
0.0093192
0.0087523
0.009465
0.0098282
0.0094002
0.0096847
0.0088876
0.0089408
0.0094207
0.0088171
0.0089385
0.0089454
0.0086812
0.0091809
0.0086335
0.0094392
0.0088303
0.0087569
0.0090169
0.0089583
0.0094336
0.0093556
0.0094495
0.0089815
0.0098765
0.009085
0.0086679
0.0091766
0.008788
0.0091002
0.0092795
0.0086077
0.0092593
0.0087791
0.0096969
0.0099317
0.010484
0.011174
0.011691
0.011172
0.010752
0.010274
0.0099069
0.010277
0.0098768
0.010463
0.010004
0.011015
0.0094234
0.0099383
0.010954
0.0096671
0.0097664
0.0091551
0.010129
0.0099192
0.010279
0.0090943
0.010652
0.0094072
0.008958
0.0097012
0.0085446
0.0094832
0.0092802
0.0091909
0.0097105
0.0085366
0.0093996
0.0086676
0.010004
0.0094961
0.0092276
0.0092987
0.0089438
0.0088538
0.0094697
0.0085872
0.0094955
0.0089067
0.0088009
0.0089947
0.0088806
0.0098831
0.0093364
0.008959
0.0087887
0.010028
0.009297
0.0085866
0.0093202
0.0098772
0.0089246
0.0096317
0.0084371
0.0092904
0.008833
0.0086372
0.0095901
0.0084037
0.0093119
0.0093609
0.0090132
0.0096661
0.0087837
0.0091303
0.0088449
0.0090767
0.0093503
0.0089587
0.010081
0.0088776
0.0089057
0.0090913
0.0087893
0.0092719
0.0088227
0.0106
0.0098213
0.0098762
0.011532
0.010791
0.0092547
0.011497
0.0093526
0.0087744
0.009387
0.0083848
0.0099228
0.0091161
0.0097488
0.0095586
0.009342
0.0092157
0.0094158
0.0088859
0.0099188
0.0098305
0.008836
0.0091753
0.0086574
0.008962
0.0085591
0.0092398
0.0089491
0.0086428
0.0098484
0.0083885
0.0091713
0.0090447
0.0088866
0.0097607
0.0086111
0.0092451
0.00909
0.0094257
0.0098203
0.0089755
0.0096896
0.0089071
0.010541
0.009987
0.0093146
0.0099711
0.0099784
0.009554
0.0089253
0.0087463
0.0089358
0.0091065
0.0084639
0.0091532
0.0087212
0.0091651
0.0088641
0.0089315
0.0095649
0.0084738
0.0089577
0.0089524
0.0090695
0.0087973
0.0088009
0.0092742
0.0087794
0.0093324
0.009477
0.008789
0.0099354
0.0088102
0.0089435
0.0092722
0.0085518
0.0099268
0.0090387
0.0086154
0.0087695
0.0086071
0.0094204
0.0086729
0.0093169
0.0099436
0.0098087
0.010042
0.0086319
0.0095583
0.009383
0.0085552
0.0090556
0.0084996
0.0086114
0.0092944
0.0088078
0.0088138
0.0089702
0.0092699
0.0087721
0.0089342
0.0091492
0.0090129
0.010132
0.0088938
0.0090595
0.0088237
0.008996
0.0088694
0.0087109
0.0089722
0.0083326
0.0092765
0.0092593
0.0085426
0.0099486
0.0085141
0.009297
0.0090364
0.0089094
0.0097521
0.0087119
0.009261
0.011033
0.0087526
0.0093079
0.0093159
0.0089398
0.0086375
0.0098031
0.0095259
0.0089028
0.0095272
0.0096823
0.00938
0.0094098
0.0084083
0.0088965
0.0086154
0.008703
0.0098444
0.0082985
0.0092031
0.0089315
0.0088515
0.010382
0.0085178
0.0089954
0.0087
0.0090037
0.010069
0.0092137
0.010406
0.010228
0.0097253
0.011364
0.0093202
0.0086583
0.0094429
0.0084857
0.0092382
0.0085049
0.0093807
0.0089349
0.0089355
0.0094234
0.0087503
0.0095798
0.0088988
0.0091045
0.0095047
0.0086441
0.0092071
0.009513
0.0089633
0.0096308
0.0089315
0.0090189
0.0090989
0.0086451
0.0091836
0.0089805
0.0091899
0.0086395
0.0091429
0.0097816
0.0086696
0.0093867
0.0085978
0.0089607
0.009341
0.008785
0.0092864
0.0088912
0.0095342
0.0088723
0.0099185
0.0088002
0.0090394
0.010067
0.0094799
0.0086474
0.0097075
0.008655
0.0092372
0.008743
0.0087377
0.0088227
0.0085538
0.0093063
0.0085631
0.0097548
0.0091227
0.0086392
0.0094508
0.008702
0.0092563
0.0091684
0.0087863
0.0093691
0.0086064
0.010114
0.0088753
0.0091502
0.0091307
0.0088502
0.0096046
0.00986
0.0086064
0.0091115
0.0086197
0.0091532
0.0091522
0.0090212
0.0093943
0.0085555
0.0096585
0.0089454
0.009519
0.0089315
0.0089157
0.009468
0.0086117
0.0091991
0.0096298
0.0086663
0.009473
0.0086418
0.0099635
0.0095041
0.0095233
0.010415
0.0093195
0.0090337
0.0095629
0.0086114
0.0093592
0.010218
0.0093241
0.011128
0.0096225
0.010161
0.009983
0.0089193
0.0093301
0.0095279
0.0085221
0.0095514
0.0088747
0.0090936
0.0089944
0.008746
0.0090698
0.0092537
0.0090265
0.0090321
0.0089845
0.0097376
0.0087847
0.0091168
0.0089851
0.0089484
0.0093083
0.0091059
0.0093853
0.0089623
0.0087192
0.009048
0.008665
0.0091383
0.0083484
0.0099532
0.0088985
0.0090612
0.0092699
0.0088019
0.0096599
0.0091634
0.0087195
0.0092047
0.0086332
0.0090758
0.0088826
0.0091247
0.0093169
0.0088118
0.0091766
0.0087642
0.0089474
0.0092735
0.0089613
0.0093681
0.0088049
0.0093982
0.0093767
0.0087202
0.0098768
