1
99.0000,337.0000,114.0000,117.0000
101.0000,339.0000,111.0000,115.0000
102.0000,340.0000,110.0000,114.0000
102.0000,341.0000,111.0000,114.0000
103.0000,340.0000,110.0000,114.0000
105.0000,342.0000,108.0000,112.0000
107.0000,343.0000,106.0000,110.0000
108.0000,343.0000,105.0000,109.0000
108.0000,343.0000,105.0000,109.0000
108.0000,343.0000,106.0000,109.0000
108.0000,342.0000,107.0000,110.0000
109.0000,343.0000,106.0000,110.0000
109.0000,343.0000,106.0000,109.0000
2
0
0
0
0
1
147.0000,211.0000,104.0000,98.0000
154.0000,190.0000,102.0000,98.0000
157.0000,157.0000,101.0000,99.0000
144.0000,144.0000,102.0000,100.0000
137.0000,117.0000,112.0000,110.0000
0
0
0
0
0
0
0
0
0
0
0
0
0
151.0000,148.0000,63.0000,65.0000
0
0
184.0000,180.0000,87.0000,92.0000
219.0000,189.0000,72.0000,70.0000
210.0000,156.0000,100.0000,94.0000
215.0000,142.0000,100.0000,94.0000
216.0000,121.0000,107.0000,102.0000
230.0000,110.0000,90.0000,88.0000
0
0
0
0
0
0
0
0
0
0
0
0
0
0
0
0
0
0
0
0
0
0
0
0
0
70.0000,35.0000,580.0000,591.0000
0
0
0
71.0000,36.0000,578.0000,589.0000
0
0
0
0
0
0
0
0
0
0
0
0
0
0
32.0000,-251.0000,775.0000,804.0000
0
0
269.0000,18.0000,100.0000,94.0000
272.0000,27.0000,87.0000,81.0000
274.0000,20.0000,88.0000,82.0000
273.0000,6.0000,98.0000,91.0000
277.0000,4.0000,89.0000,83.0000
281.0000,1.0000,84.0000,79.0000
285.0000,-4.0000,80.0000,75.0000
291.0000,-7.0000,74.0000,68.0000
0
0
0
0
0
0
0
0
0
0
0
0
0
0
0
0
0
0
0
0
0
0
0
0
0
0
0
0
0
0
0
0
0
0
0
0
0
0
0
0
0
0
0
0
0
0
0
0
0
