0.014564,0.013788,0.016723,0,0,0
0.019933,0.020521,0.025203,0,0,0
0.017716,0.022673,0.017247,0,0,0
0.016989,0.016892,0.017904,0,0,0
0.016452,0.016317,0.017095,0,0,0
0.016544,0.016409,0.016824,0,0,0
0.016501,0.016644,0.016569,0,0,0
0.01658,0.016365,0.016341,0,0,0
0.016531,0.016543,0.017156,0,0,0
0.029913,0.01628,0.016247,0,0,0
0.017109,0.016279,0.017022,0,0,0
0.016179,0.016254,0.016393,0,0,0
0.016978,0.016909,0.016993,0,0,0
0.016472,0.016542,0.017036,0,0,0
0.016735,0.016973,0.016722,0,0,0
0.016552,0.016769,0.016637,0,0,0
0.016518,0.016675,0.016482,0,0,0
0.017467,0.01737,0.017302,0,0,0
0.018087,0.017138,0.017078,0,0,0
0.017434,0.016925,0.017097,0,0,0
0.017445,0.017343,0.016637,0,0,0
0.017276,0.016475,0.016566,0,0,0
0.016983,0.016545,0.016504,0,0,0
0.016638,0.016509,0.016555,0,0,0
0.017114,0.017068,0.017042,0,0,0
0.016519,0.016471,0.016651,0,0,0
0.016748,0.016738,0.016585,0,0,0
0.016524,0.016692,0.017045,0,0,0
0.016701,0.016795,0.017355,0,0,0
0.016452,0.016498,0.016544,0,0,0
0.016687,0.017322,0.016761,0,0,0
NaN,NaN,NaN,0,0,0
NaN,NaN,NaN,0,0,0
NaN,NaN,NaN,0,0,0
NaN,NaN,NaN,0,0,0
0.016527,0.015319,0.020498,0,0,0
0.02493,0.025563,0.025794,0,0,0
0.022008,0.021968,0.021783,0,0,0
0.021931,0.021945,0.022141,0,0,0
0.021291,0.021087,0.021548,0,0,0
0.02203,0.021717,0.022001,0,0,0
0.021634,0.0214,0.021753,0,0,0
0.021074,0.021171,0.021372,0,0,0
0.0212,0.021467,0.021563,0,0,0
0.021321,0.021269,0.021297,0,0,0
0.021551,0.021626,0.021163,0,0,0
0.021409,0.021394,0.02097,0,0,0
0.021679,0.020936,0.020931,0,0,0
0.022578,0.021375,0.021092,0,0,0
0.020985,0.021405,0.021072,0,0,0
0.021588,0.021799,0.021004,0,0,0
0.021642,0.022344,0.021131,0,0,0
0.022308,0.022511,0.022148,0,0,0
0.021803,0.021601,0.022127,0,0,0
0.021305,0.02104,0.02091,0,0,0
0.021018,0.021024,0.026198,0,0,0
0.02128,0.021319,0.03025,0,0,0
0.021166,0.021044,0.027951,0,0,0
0.021534,0.020893,0.02206,0,0,0
0.02094,0.021088,0.021887,0,0,0
0.020789,0.02085,0.021437,0,0,0
0.021087,0.021052,0.02152,0,0,0
0.020963,0.020979,0.021454,0,0,0
0.021305,0.020968,0.021388,0,0,0
0.021101,0.021205,0.021541,0,0,0
0.020935,0.020867,0.022314,0,0,0
0.021003,0.021076,0.021658,0,0,0
0.020885,0.021579,0.02172,0,0,0
0.021109,0.021122,0.021549,0,0,0
0.021144,0.021913,0.021529,0,0,0
0.020866,0.021472,0.021312,0,0,0
0.021088,0.021173,0.021603,0,0,0
0.021099,0.020839,0.022938,0,0,0
0.021761,0.022043,0.022803,0,0,0
0.021662,0.022373,0.022659,0,0,0
0.021587,0.021341,0.021591,0,0,0
0.0212,0.020932,0.023567,0,0,0
0.020986,0.020972,0.022511,0,0,0
0.021146,0.021161,0.022703,0,0,0
0.021565,0.020959,0.022354,0,0,0
0.021108,0.020964,0.022217,0,0,0
0.021016,0.021012,0.021487,0,0,0
0.020914,0.021203,0.021609,0,0,0
0.021387,0.020735,0.021875,0,0,0
0.02248,0.021476,0.021925,0,0,0
0.022088,0.021074,0.021511,0,0,0
0.021221,0.020832,0.021487,0,0,0
0.021171,0.020885,0.022311,0,0,0
0.020984,0.020851,0.021309,0,0,0
0.021609,0.021239,0.022231,0,0,0
0.021243,0.020997,0.021419,0,0,0
0.02103,0.021063,0.021576,0,0,0
0.021263,0.020925,0.022328,0,0,0
0.021519,0.021129,0.022757,0,0,0
0.064086,0.021894,0.021549,0,0,0
0.021145,0.021498,0.02136,0,0,0
0.021188,0.021583,0.021608,0,0,0
0.02088,0.021159,0.021819,0,0,0
0.020928,0.021086,0.022091,0,0,0
0.021671,0.020976,0.021481,0,0,0
0.021602,0.02105,0.021206,0,0,0
0.021479,0.021464,0.021254,0,0,0
0.02152,0.021778,0.021183,0,0,0
0.021712,0.021579,0.020835,0,0,0
0.021699,0.021982,0.021504,0,0,0
0.020949,0.021382,0.021518,0,0,0
0.021113,0.021428,0.020916,0,0,0
0.021035,0.021467,0.021009,0,0,0
0.021098,0.021073,0.021922,0,0,0
0.022709,0.021599,0.020741,0,0,0
0.021454,0.021396,0.02094,0,0,0
0.02127,0.021859,0.021537,0,0,0
0.021165,0.021439,0.0208,0,0,0
0.020972,0.021035,0.02105,0,0,0
0.021173,0.022807,0.021022,0,0,0
0.021529,0.021491,0.021199,0,0,0
0.022437,0.021103,0.021241,0,0,0
0.022933,0.021668,0.021642,0,0,0
0.021724,0.020889,0.022414,0,0,0
0.021222,0.021626,0.02163,0,0,0
0.021225,0.021476,0.021501,0,0,0
0.021162,0.02194,0.020931,0,0,0
0.021864,0.021602,0.021533,0,0,0
0.02144,0.02164,0.021407,0,0,0
0.022574,0.020987,0.021702,0,0,0
0.022452,0.021421,0.022244,0,0,0
0.022589,0.021866,0.021223,0,0,0
0.021793,0.021419,0.021101,0,0,0
0.021135,0.021342,0.02198,0,0,0
0.020941,0.021536,0.021665,0,0,0
NaN,NaN,NaN,0,0,0
NaN,NaN,NaN,0,0,0
NaN,NaN,NaN,0,0,0
NaN,NaN,NaN,0,0,0
0.01338,0.01187,0.012136,0,0,0
0.015957,0.0156,0.015938,0,0,0
0.013033,0.012789,0.012846,0,0,0
0.013607,0.012956,0.013021,0,0,0
0.012582,0.013142,0.012572,0,0,0
0.01233,0.012355,0.012818,0,0,0
0.012962,0.012511,0.013697,0,0,0
0.012494,0.013149,0.012716,0,0,0
0.012372,0.012504,0.012579,0,0,0
0.013341,0.012437,0.013124,0,0,0
0.14475,0.012581,0.012562,0,0,0
0.013372,0.012607,0.0126,0,0,0
0.012483,0.012439,0.012523,0,0,0
0.012461,0.012291,0.012565,0,0,0
0.012542,0.012212,0.012502,0,0,0
0.012752,0.01239,0.012528,0,0,0
0.012334,0.012278,0.012403,0,0,0
0.01224,0.012279,0.012403,0,0,0
0.012444,0.012439,0.012607,0,0,0
0.012284,0.012614,0.012564,0,0,0
0.012857,0.012263,0.012474,0,0,0
0.012272,0.012349,0.01324,0,0,0
0.012167,0.013075,0.012762,0,0,0
0.017253,0.012318,0.013291,0,0,0
0.012542,0.012555,0.012504,0,0,0
0.012401,0.012445,0.012434,0,0,0
0.012268,0.012433,0.012455,0,0,0
0.012363,0.0125,0.012595,0,0,0
0.012328,0.012282,0.012379,0,0,0
0.01331,0.012881,0.012285,0,0,0
0.012448,0.012314,0.012421,0,0,0
0.012379,0.012471,0.012382,0,0,0
0.01239,0.013113,0.012583,0,0,0
0.012447,0.013141,0.012308,0,0,0
NaN,NaN,NaN,0,0,0
NaN,NaN,NaN,0,0,0
NaN,NaN,NaN,0,0,0
NaN,NaN,NaN,0,0,0
0.013067,0.013227,0.016968,0,0,0
0.019394,0.019275,0.020933,0,0,0
0.01583,0.0159,0.015888,0,0,0
0.016178,0.016006,0.016267,0,0,0
0.015766,0.015795,0.015853,0,0,0
0.016167,0.016023,0.015878,0,0,0
0.016238,0.016251,0.017158,0,0,0
0.016177,0.016968,0.016499,0,0,0
0.016547,0.016689,0.016815,0,0,0
0.016025,0.016202,0.016191,0,0,0
0.016858,0.016526,0.016803,0,0,0
0.016549,0.016525,0.016874,0,0,0
0.016355,0.016045,0.016733,0,0,0
0.01592,0.015895,0.015841,0,0,0
0.01583,0.015927,0.015844,0,0,0
0.016457,0.016177,0.016251,0,0,0
0.016659,0.016147,0.016247,0,0,0
0.016085,0.016011,0.016118,0,0,0
0.016065,0.016007,0.016061,0,0,0
0.01659,0.016337,0.017361,0,0,0
0.016205,0.016225,0.016697,0,0,0
0.01593,0.015817,0.016481,0,0,0
0.016041,0.016147,0.015926,0,0,0
0.015813,0.01601,0.016379,0,0,0
0.016269,0.016046,0.016239,0,0,0
0.016051,0.016052,0.016324,0,0,0
0.01631,0.016267,0.016336,0,0,0
0.016358,0.016366,0.017127,0,0,0
0.01701,0.017138,0.017308,0,0,0
0.01664,0.016449,0.017039,0,0,0
0.016482,0.016335,0.017356,0,0,0
0.016456,0.016769,0.017292,0,0,0
0.016192,0.016226,0.017371,0,0,0
0.017147,0.016716,0.016398,0,0,0
0.016448,0.016246,0.016356,0,0,0
0.016954,0.016602,0.017226,0,0,0
0.016281,0.016636,0.01664,0,0,0
0.016787,0.016676,0.016359,0,0,0
0.017146,0.01699,0.01647,0,0,0
0.016538,0.017422,0.016494,0,0,0
0.016686,0.016355,0.016491,0,0,0
0.016437,0.016339,0.016808,0,0,0
0.016674,0.01622,0.017624,0,0,0
0.016425,0.016235,0.016449,0,0,0
0.016421,0.016576,0.017766,0,0,0
0.017077,0.016304,0.016922,0,0,0
0.017005,0.016406,0.016415,0,0,0
0.03088,0.016434,0.016357,0,0,0
0.016365,0.016786,0.017238,0,0,0
0.016589,0.016739,0.016693,0,0,0
0.017124,0.016895,0.016429,0,0,0
0.01745,0.016392,0.016303,0,0,0
0.017215,0.016927,0.017135,0,0,0
0.016375,0.016679,0.016886,0,0,0
0.016688,0.016423,0.016509,0,0,0
0.017269,0.016294,0.016839,0,0,0
0.016349,0.016205,0.017115,0,0,0
0.017023,0.016526,0.016702,0,0,0
0.016924,0.016637,0.016255,0,0,0
0.016548,0.016185,0.016252,0,0,0
0.016768,0.016361,0.016458,0,0,0
0.016867,0.017198,0.016698,0,0,0
0.01674,0.0171,0.016599,0,0,0
0.016538,0.017251,0.016731,0,0,0
0.016626,0.016522,0.016585,0,0,0
0.017126,0.016524,0.016673,0,0,0
0.017445,0.01708,0.016781,0,0,0
0.017439,0.016719,0.016672,0,0,0
0.01718,0.017115,0.016583,0,0,0
0.017556,0.017772,0.017351,0,0,0
0.016873,0.017771,0.017175,0,0,0
0.016718,0.01719,0.016835,0,0,0
0.017298,0.017201,0.017012,0,0,0
0.017188,0.017018,0.016982,0,0,0
0.017039,0.016979,0.017081,0,0,0
0.017021,0.017194,0.017883,0,0,0
0.016839,0.017013,0.017405,0,0,0
0.017491,0.017162,0.018562,0,0,0
0.018352,0.01707,0.017636,0,0,0
0.018386,0.016964,0.017033,0,0,0
0.017272,0.017585,0.017171,0,0,0
0.017745,0.017074,0.017088,0,0,0
0.017097,0.018346,0.017406,0,0,0
0.017284,0.017144,0.017205,0,0,0
0.01742,0.01751,0.01728,0,0,0
0.017093,0.017298,0.017154,0,0,0
0.017057,0.017009,0.017232,0,0,0
0.017779,0.017142,0.017811,0,0,0
0.017907,0.017286,0.01717,0,0,0
0.017634,0.016958,0.017655,0,0,0
0.018488,0.017761,0.017797,0,0,0
0.017309,0.017492,0.017679,0,0,0
0.017072,0.017001,0.017302,0,0,0
0.018322,0.017373,0.017219,0,0,0
0.017722,0.017877,0.017682,0,0,0
0.017377,0.017563,0.017538,0,0,0
0.01743,0.0181,0.017609,0,0,0
0.018192,0.017257,0.017436,0,0,0
0.017896,0.017548,0.017955,0,0,0
0.017442,0.017217,0.017767,0,0,0
0.017382,0.017317,0.017786,0,0,0
0.017429,0.017706,0.01745,0,0,0
0.017672,0.017942,0.017265,0,0,0
0.017369,0.017281,0.017475,0,0,0
0.017554,0.017527,0.01829,0,0,0
0.017933,0.017271,0.018543,0,0,0
0.01735,0.017304,0.017771,0,0,0
0.017679,0.018328,0.01866,0,0,0
0.01766,0.017351,0.017711,0,0,0
0.018301,0.017357,0.017825,0,0,0
0.01772,0.017276,0.017989,0,0,0
0.017664,0.018163,0.017717,0,0,0
0.017591,0.017466,0.018676,0,0,0
0.017402,0.017384,0.018056,0,0,0
0.017414,0.01722,0.0175,0,0,0
0.017305,0.017434,0.01775,0,0,0
0.017298,0.017333,0.017451,0,0,0
0.017374,0.017266,0.017456,0,0,0
0.01794,0.017871,0.017687,0,0,0
0.017971,0.01791,0.018444,0,0,0
0.017921,0.017837,0.018589,0,0,0
0.017635,0.017872,0.01881,0,0,0
0.017659,0.017619,0.017649,0,0,0
0.017608,0.017841,0.018342,0,0,0
0.017731,0.017695,0.018296,0,0,0
0.017749,0.017491,0.017844,0,0,0
0.017599,0.018496,0.017725,0,0,0
0.018677,0.017538,0.017654,0,0,0
0.017833,0.017856,0.01761,0,0,0
0.017488,0.017953,0.018304,0,0,0
0.0177,0.017472,0.017894,0,0,0
0.017825,0.017695,0.018211,0,0,0
0.017597,0.017662,0.01796,0,0,0
0.017735,0.017598,0.017845,0,0,0
0.017562,0.017707,0.017907,0,0,0
0.017565,0.017709,0.017807,0,0,0
0.018062,0.017886,0.01786,0,0,0
0.017671,0.017524,0.018071,0,0,0
0.017774,0.0176,0.017732,0,0,0
0.017744,0.017504,0.017768,0,0,0
0.017786,0.01835,0.01771,0,0,0
0.017902,0.017673,0.01782,0,0,0
0.017631,0.017617,0.018341,0,0,0
0.018011,0.017502,0.017794,0,0,0
0.01807,0.017515,0.017821,0,0,0
0.017915,0.018272,0.017667,0,0,0
0.017809,0.017965,0.017891,0,0,0
0.017787,0.017745,0.017753,0,0,0
0.018346,0.017627,0.018015,0,0,0
0.017838,0.017587,0.017738,0,0,0
0.017846,0.017688,0.018116,0,0,0
0.01787,0.017882,0.018129,0,0,0
0.017894,0.017754,0.017937,0,0,0
0.018713,0.018107,0.018008,0,0,0
0.01829,0.017695,0.01798,0,0,0
0.018092,0.018474,0.017939,0,0,0
0.032199,0.018394,0.01794,0,0,0
0.018366,0.018254,0.017945,0,0,0
0.017949,0.018856,0.018178,0,0,0
0.018023,0.018165,0.0179,0,0,0
0.018032,0.018397,0.018207,0,0,0
0.017682,0.017578,0.018023,0,0,0
0.017896,0.017842,0.01846,0,0,0
0.017931,0.018031,0.018917,0,0,0
0.018085,0.018028,0.018364,0,0,0
0.018252,0.018369,0.018369,0,0,0
0.017891,0.018429,0.018563,0,0,0
0.027152,0.018005,0.019987,0,0,0
0.018148,0.017835,0.018372,0,0,0
0.018079,0.017897,0.018247,0,0,0
0.01815,0.018086,0.018221,0,0,0
0.018198,0.018223,0.018329,0,0,0
0.018231,0.018155,0.017895,0,0,0
0.018408,0.018454,0.018025,0,0,0
0.01829,0.018247,0.018177,0,0,0
0.01803,0.017803,0.018091,0,0,0
0.018148,0.018323,0.017942,0,0,0
0.018746,0.018225,0.017876,0,0,0
0.017872,0.017951,0.018012,0,0,0
0.018457,0.018585,0.018173,0,0,0
0.018536,0.018796,0.017995,0,0,0
0.018029,0.018964,0.018159,0,0,0
0.018692,0.017861,0.017896,0,0,0
0.018461,0.018914,0.017906,0,0,0
0.017941,0.017948,0.018784,0,0,0
0.018455,0.017964,0.017929,0,0,0
0.018431,0.018168,0.017818,0,0,0
0.018108,0.018742,0.018115,0,0,0
0.018026,0.017935,0.017921,0,0,0
0.018078,0.01855,0.017879,0,0,0
0.017876,0.01792,0.018488,0,0,0
0.018084,0.018514,0.018198,0,0,0
0.018676,0.018146,0.018006,0,0,0
0.018972,0.01801,0.018228,0,0,0
0.019141,0.018291,0.017918,0,0,0
0.018132,0.018005,0.017889,0,0,0
0.018419,0.018079,0.018155,0,0,0
0.018343,0.017912,0.018093,0,0,0
0.017947,0.018076,0.018057,0,0,0
0.018732,0.018366,0.018085,0,0,0
0.01797,0.018203,0.018035,0,0,0
0.018105,0.017817,0.017928,0,0,0
0.018757,0.017939,0.018199,0,0,0
0.019221,0.017995,0.018051,0,0,0
0.018962,0.018104,0.01779,0,0,0
0.10215,0.017904,0.017893,0,0,0
0.01932,0.018161,0.018028,0,0,0
0.018882,0.018007,0.019088,0,0,0
0.017957,0.018716,0.018701,0,0,0
0.018495,0.018228,0.017989,0,0,0
0.017889,0.017982,0.018219,0,0,0
0.018115,0.018039,0.018604,0,0,0
0.018061,0.018176,0.019072,0,0,0
0.018127,0.018382,0.017972,0,0,0
0.017998,0.018328,0.018132,0,0,0
0.018093,0.018639,0.018127,0,0,0
0.018779,0.017939,0.018252,0,0,0
0.018883,0.01813,0.018502,0,0,0
0.018517,0.018489,0.018051,0,0,0
0.018159,0.018544,0.01793,0,0,0
0.018458,0.018545,0.018479,0,0,0
0.018406,0.018365,0.018501,0,0,0
0.018578,0.019128,0.018988,0,0,0
0.018492,0.019022,0.018559,0,0,0
0.018525,0.018692,0.019291,0,0,0
0.018444,0.018328,0.019244,0,0,0
0.018536,0.018503,0.01916,0,0,0
0.018797,0.018554,0.019262,0,0,0
0.018533,0.018299,0.018535,0,0,0
0.018612,0.018707,0.018444,0,0,0
0.018641,0.018682,0.018435,0,0,0
0.018921,0.018521,0.018611,0,0,0
0.018575,0.018431,0.018193,0,0,0
0.01914,0.019124,0.018513,0,0,0
0.019344,0.019187,0.018404,0,0,0
0.019112,0.018639,0.018447,0,0,0
0.018367,0.018503,0.018532,0,0,0
0.018805,0.019579,0.018717,0,0,0
0.018863,0.019298,0.018878,0,0,0
0.019312,0.01945,0.018889,0,0,0
0.018679,0.019624,0.018954,0,0,0
0.018718,0.019818,0.018734,0,0,0
0.01855,0.019731,0.018838,0,0,0
0.018672,0.019778,0.018623,0,0,0
0.018528,0.019476,0.018768,0,0,0
0.019011,0.018632,0.018623,0,0,0
0.019094,0.019098,0.018689,0,0,0
0.018217,0.018222,0.018022,0,0,0
0.028199,0.019001,0.019257,0,0,0
0.018676,0.019152,0.018591,0,0,0
0.018568,0.019269,0.019055,0,0,0
0.018477,0.019034,0.018887,0,0,0
0.018844,0.01871,0.018605,0,0,0
0.018752,0.018595,0.018772,0,0,0
0.018979,0.018657,0.01875,0,0,0
0.018169,0.018333,0.018029,0,0,0
0.018972,0.018932,0.01879,0,0,0
0.019484,0.018843,0.018792,0,0,0
0.019031,0.019388,0.019015,0,0,0
0.018943,0.019793,0.018898,0,0,0
0.019441,0.019775,0.019681,0,0,0
0.019673,0.02041,0.01966,0,0,0
0.02008,0.019724,0.019511,0,0,0
0.020393,0.020014,0.019902,0,0,0
0.020193,0.020695,0.020173,0,0,0
0.020458,0.020335,0.020661,0,0,0
0.021496,0.021258,0.020432,0,0,0
0.021571,0.021229,0.020507,0,0,0
0.026675,0.019852,0.020485,0,0,0
0.020561,0.020605,0.021179,0,0,0
0.020546,0.021155,0.020649,0,0,0
0.020561,0.020494,0.020678,0,0,0
0.020839,0.020537,0.0205,0,0,0
0.020827,0.020442,0.020667,0,0,0
0.020722,0.020614,0.020271,0,0,0
0.020478,0.020349,0.020549,0,0,0
0.020569,0.020836,0.020714,0,0,0
0.020457,0.020506,0.02037,0,0,0
0.020532,0.020809,0.02037,0,0,0
0.020576,0.021224,0.020181,0,0,0
0.020478,0.02232,0.021038,0,0,0
0.020591,0.021167,0.021811,0,0,0
0.020336,0.022303,0.020706,0,0,0
0.020708,0.021365,0.020114,0,0,0
0.0203,0.020798,0.020266,0,0,0
0.020521,0.020313,0.020331,0,0,0
0.020466,0.020285,0.0204,0,0,0
0.0214,0.020474,0.020591,0,0,0
0.021399,0.020428,0.020587,0,0,0
0.021228,0.021166,0.020479,0,0,0
0.021373,0.02078,0.020377,0,0,0
0.021186,0.020876,0.02099,0,0,0
0.022048,0.020885,0.021388,0,0,0
0.036421,0.02119,0.021241,0,0,0
0.021924,0.021529,0.021224,0,0,0
0.021771,0.022327,0.022429,0,0,0
0.021297,0.022144,0.021787,0,0,0
0.021342,0.021795,0.021991,0,0,0
0.021412,0.021328,0.022013,0,0,0
0.02147,0.021699,0.021662,0,0,0
0.022267,0.02171,0.021792,0,0,0
0.022322,0.021881,0.021904,0,0,0
0.023501,0.022114,0.022034,0,0,0
0.022039,0.022121,0.022265,0,0,0
0.021675,0.022112,0.022365,0,0,0
0.021973,0.021938,0.022075,0,0,0
0.021752,0.022049,0.021871,0,0,0
0.023059,0.02187,0.022242,0,0,0
0.022765,0.022364,0.021454,0,0,0
0.022321,0.02254,0.022295,0,0,0
0.023027,0.021969,0.022192,0,0,0
0.022578,0.021983,0.022307,0,0,0
0.022266,0.021856,0.022484,0,0,0
0.022229,0.022286,0.021914,0,0,0
0.021921,0.021783,0.02303,0,0,0
0.021903,0.022369,0.022585,0,0,0
0.021835,0.022683,0.02173,0,0,0
0.021602,0.021789,0.021487,0,0,0
0.021813,0.021727,0.021496,0,0,0
0.021787,0.022345,0.021723,0,0,0
0.022043,0.022261,0.022702,0,0,0
0.02194,0.02232,0.022096,0,0,0
0.022972,0.022163,0.02302,0,0,0
0.022977,0.021974,0.023241,0,0,0
0.022002,0.021974,0.023163,0,0,0
0.02214,0.022435,0.022446,0,0,0
0.022672,0.022526,0.022011,0,0,0
0.02254,0.022716,0.022568,0,0,0
0.022181,0.022699,0.023273,0,0,0
0.02277,0.022877,0.023625,0,0,0
0.022597,0.022331,0.023058,0,0,0
0.023195,0.022206,0.022194,0,0,0
0.022623,0.022355,0.022668,0,0,0
0.02231,0.02209,0.0228,0,0,0
0.022356,0.022173,0.023023,0,0,0
0.022214,0.022475,0.022385,0,0,0
0.022149,0.022814,0.023412,0,0,0
0.021663,0.022243,0.022414,0,0,0
0.021809,0.021513,0.022284,0,0,0
NaN,NaN,NaN,0,0,0
NaN,NaN,NaN,0,0,0
NaN,NaN,NaN,0,0,0
NaN,NaN,NaN,0,0,0
0.012884,0.0127,0.012973,0,0,0
0.01827,0.017749,0.017699,0,0,0
0.014796,0.014514,0.014622,0,0,0
0.014554,0.01506,0.014837,0,0,0
0.014603,0.014688,0.014913,0,0,0
0.038748,0.015506,0.015305,0,0,0
0.01494,0.015303,0.014832,0,0,0
0.014886,0.014737,0.014785,0,0,0
0.01541,0.014888,0.015985,0,0,0
0.024564,0.015198,0.015133,0,0,0
0.015618,0.016651,0.015538,0,0,0
0.015562,0.015307,0.015259,0,0,0
0.015044,0.01537,0.014658,0,0,0
0.015041,0.015834,0.015456,0,0,0
0.014763,0.01483,0.014871,0,0,0
0.015031,0.015509,0.014727,0,0,0
0.01499,0.015228,0.014543,0,0,0
0.014984,0.014899,0.014705,0,0,0
0.015034,0.014669,0.014471,0,0,0
0.01508,0.015026,0.014691,0,0,0
0.014845,0.014506,0.014394,0,0,0
0.014844,0.015465,0.014497,0,0,0
0.0156,0.014832,0.015885,0,0,0
0.015594,0.014753,0.015287,0,0,0
0.015177,0.015681,0.01499,0,0,0
0.014863,0.015196,0.014572,0,0,0
0.015297,0.01455,0.014748,0,0,0
0.014779,0.014894,0.01457,0,0,0
0.014871,0.014517,0.015171,0,0,0
0.015249,0.015705,0.015788,0,0,0
0.015377,0.014581,0.015196,0,0,0
0.014882,0.014807,0.014847,0,0,0
0.014809,0.014496,0.014509,0,0,0
0.014586,0.014923,0.015343,0,0,0
0.014691,0.0152,0.014727,0,0,0
0.015336,0.014857,0.015005,0,0,0
0.014864,0.014445,0.014746,0,0,0
0.015499,0.014546,0.015316,0,0,0
0.015345,0.014664,0.015158,0,0,0
0.014887,0.016176,0.014593,0,0,0
0.014863,0.014859,0.014618,0,0,0
0.014807,0.016711,0.015754,0,0,0
0.014723,0.014666,0.015419,0,0,0
0.014756,0.017634,0.015093,0,0,0
0.015292,0.015069,0.014613,0,0,0
0.014529,0.016144,0.014728,0,0,0
0.016194,0.014956,0.016854,0,0,0
0.015529,0.015715,0.015718,0,0,0
0.014664,0.015411,0.01456,0,0,0
0.014616,0.015072,0.015418,0,0,0
0.015387,0.016101,0.014571,0,0,0
0.015216,0.015341,0.015393,0,0,0
0.014632,0.016187,0.0156,0,0,0
0.015228,0.015576,0.014746,0,0,0
0.014823,0.014654,0.014728,0,0,0
0.014614,0.014866,0.014542,0,0,0
0.015472,0.015167,0.014455,0,0,0
0.014721,0.014794,0.014507,0,0,0
0.014933,0.014743,0.014925,0,0,0
0.014899,0.015597,0.014861,0,0,0
0.014859,0.014628,0.015942,0,0,0
0.014947,0.015343,0.015361,0,0,0
0.014792,0.01458,0.014607,0,0,0
0.014753,0.015416,0.014476,0,0,0
