7.9e-05
0.038854
0.02154
0.022285
0.023542
0.022407
0.02268
0.02463
0.024574
0.020539
0.019621
0.019603
0.024112
0.023424
0.01978
0.020103
0.020169
0.019918
0.023594
0.023104
0.023228
0.020424
0.023463
0.019848
0.024346
0.023836
0.024142
0.023616
0.024606
0.024199
0.024722
0.025031
0.025462
0.025701
0.025768
0.02628
0.023964
0.02424
0.023938
0.023204
0.024167
0.02409
0.023622
0.024678
0.023941
0.023379
0.024437
0.023185
0.023215
0.023909
0.023215
0.023367
0.022864
0.02376
0.02311
0.022938
0.022958
0.022242
0.022081
0.022246
0.023326
0.022397
0.022336
0.022486
0.021776
0.022001
0.022417
0.022229
0.022563
0.023303
0.023794
0.022452
0.022479
0.023031
0.022403
0.022749
0.022531
0.022293
0.022452
0.02247
0.022336
0.022109
0.0227
0.022323
0.022493
0.022451
0.022323
0.022124
0.023113
0.022393
0.022438
0.023056
0.022533
0.022122
0.023756
0.022163
0.022157
0.023039
0.022719
0.022256
0.023251
0.023243
0.022547
0.023713
0.022552
0.022519
0.023653
0.022681
0.022343
0.022937
0.022407
0.022305
0.022543
0.022564
0.022848
0.024685
0.022909
0.022725
0.024711
0.022842
0.022679
0.024058
0.022884
0.022647
0.02291
0.022784
0.022533
0.023224
0.023056
0.022783
0.023902
0.023382
0.022436
0.022119
0.021908
0.021761
0.021785
0.022831
0.021995
0.022208
0.022004
0.022641
0.022432
0.022089
0.022036
0.021984
0.022039
0.022521
0.021724
0.021809
0.021807
0.022002
0.022378
0.022265
0.02255
0.022764
0.02184
0.022717
0.022367
0.022005
0.021982
0.022666
0.021945
0.022396
0.022655
0.022247
0.022007
0.021737
0.021922
0.021927
0.021933
0.022204
0.021597
0.022249
0.022395
0.021896
0.022066
0.022162
0.021727
0.022082
0.022145
0.021877
0.021884
0.021974
0.021657
0.022601
0.022297
0.022306
0.022211
0.022098
0.021922
0.023008
0.022486
0.022472
0.022667
0.022707
0.021798
0.022357
0.022189
0.0222
0.022563
0.022328
0.022672
0.022182
0.022373
0.021918
0.022264
0.022216
0.022139
0.022793
0.022756
0.023016
0.022759
0.023083
0.023495
0.022947
0.023789
0.02284
0.023665
0.022511
0.022393
0.022498
0.023367
0.022833
0.023593
0.02261
0.022929
0.023043
0.022922
0.023343
0.023408
0.022971
0.02278
0.02296
0.022749
0.023055
0.022833
0.022651
0.023659
0.023068
0.022778
0.022849
0.022883
0.023395
0.024309
0.024401
0.023139
0.02336
0.023232
0.023732
0.024504
0.023715
0.023485
0.024294
0.023461
0.023467
0.024292
0.023299
0.024492
0.02465
0.02361
0.023179
0.024352
0.023281
0.023323
0.024453
0.024206
0.023745
0.024572
0.024433
0.024157
0.025124
0.024999
0.02421
0.025239
0.024184
0.024494
0.024305
0.024578
0.025095
0.024185
0.024621
0.025231
0.025042
0.02423
0.024628
0.023984
0.024253
0.023571
0.025721
0.025966
0.023627
0.024452
0.024236
0.025105
0.025337
0.024068
0.024477
0.024175
0.024144
0.024091
0.024134
0.023954
0.024262
0.024257
0.023802
0.024429
0.024809
0.025354
0.024328
0.02418
0.024889
0.023929
0.02475
0.023409
0.024053
0.023767
0.023553
0.023248
0.024467
0.023268
0.0231
0.025091
0.023216
0.022773
0.024091
0.023223
0.023363
0.022854
0.022658
0.024297
0.023465
0.022527
0.022669
0.022808
0.022606
0.02361
0.022779
0.022583
0.022557
0.022384
0.022443
0.022437
0.02361
0.022524
0.022825
0.023084
0.022622
0.02243
0.022841
0.022538
0.023176
0.022653
0.02259
0.022273
0.02292
0.022593
0.022459
0.023044
0.022675
0.022889
0.023799
0.023072
0.022881
0.024689
0.023614
0.023255
0.024034
0.023818
0.023643
0.023995
0.023252
0.022748
0.024219
0.02283
0.023475
0.022184
0.023262
0.02267
0.024511
0.023716
0.022625
0.023851
0.023016
0.02304
0.023509
0.023283
0.0232
0.022747
0.023465
0.022973
0.023937
0.02285
0.02258
0.02309
0.023978
0.02278
0.024529
0.023302
0.02292
0.023378
0.023375
0.023029
0.023414
0.023434
0.022436
0.023543
0.023078
0.022348
0.023342
0.023067
0.02272
0.022673
0.022708
0.023697
0.024176
0.023198
0.023522
0.023397
0.023109
0.022878
0.023491
0.023506
0.023379
0.023893
0.023061
0.022941
0.023551
0.02347
0.022856
0.023343
0.022905
0.022826
0.023534
0.023421
0.022752
0.023267
0.022434
0.023078
0.024498
0.022768
0.023688
0.024396
0.022633
0.022607
0.022372
0.022858
0.022551
0.022971
0.023696
0.024525
0.024717
0.023277
0.02272
0.023306
0.02291
0.023114
0.022318
0.024035
0.023377
0.022736
0.024533
0.023675
0.023488
0.023014
0.023181
0.022781
0.023391
0.02311
0.023475
0.022791
0.022657
0.024089
0.023229
0.022546
0.023175
0.022624
0.022775
0.023435
0.023429
0.022574
0.022806
0.022802
0.022489
0.023239
0.022977
0.022962
0.023224
0.022916
0.023796
0.024201
0.022748
0.022635
0.023144
0.022718
0.023135
0.022602
0.023042
0.022775
0.023418
0.022703
0.023807
0.02353
0.022907
0.023117
0.02338
0.023195
0.022643
0.022292
0.022911
0.023548
0.022562
0.023123
0.022318
0.023123
0.022565
0.022314
0.022185
0.022454
0.022369
0.022129
0.022085
0.021905
0.022432
0.022423
0.022171
0.022345
0.023179
0.022316
0.022071
0.022285
0.022698
0.022103
0.022214
0.023319
0.022419
0.022548
0.022389
0.02265
0.02333
0.023984
0.023038
0.023095
0.022168
0.022504
0.022616
0.022488
0.022639
0.023157
0.022794
0.023675
0.023319
0.022794
0.024042
0.023279
0.022665
0.02326
0.022829
0.023119
0.023283
0.022607
0.024
0.024178
0.023356
0.023231
0.02354
0.022998
0.022684
0.02316
0.023085
0.022619
0.023621
0.023612
0.023012
0.024882
0.024046
0.023444
0.024546
0.024132
0.023417
0.024135
0.024639
0.02316
0.024004
0.023661
0.022767
0.023661
0.023546
0.022793
0.023829
0.023723
0.023097
0.023544
0.023029
0.022599
0.023158
0.022563
0.022839
0.022295
0.022282
0.022623
0.023254
0.023107
0.022263
0.02271
0.022881
0.022435
0.022389
0.023106
0.022444
0.023149
0.02318
0.022864
0.022569
0.022582
0.02237
0.022264
0.02234
0.022465
0.022764
0.022154
0.022037
0.022373
0.022221
0.022368
0.022204
0.022639
0.02232
0.021985
0.022004
0.022456
0.022066
0.022169
0.022186
0.022456
0.022121
0.022088
0.022212
0.0221
0.022946
0.021816
0.022612
0.022752
0.022681
0.022489
0.023071
0.023433
0.02282
0.022737
0.021721
0.022145
0.022678
0.023698
0.022965
0.024219
0.023017
0.023667
NaN
NaN
NaN
NaN
0.000175
0.037696
0.021954
0.021875
0.021823
0.022235
0.021806
0.02249
0.021531
0.020894
0.021149
0.020816
0.020899
0.020698
0.022121
0.020527
0.019864
0.019982
0.020834
0.020232
0.02043
0.020697
0.020189
0.019947
0.020613
0.020029
0.020484
0.020139
0.020146
0.020004
0.020469
0.01991
0.019961
0.019823
0.019829
0.01971
0.019953
0.019703
0.018955
0.019228
0.019793
0.019613
0.019741
0.019582
0.02014
0.019532
0.019527
0.019646
0.019536
0.019771
0.01975
0.019252
0.019587
0.019649
0.019587
0.019568
0.019517
0.019684
0.019536
0.019744
0.020214
0.020042
0.020199
0.019682
