1.5301
0.24306
0.239
0.26648
0.23975
0.2549
0.25267
0.27811
0.2186
0.23859
0.22871
0.21903
0.24135
0.24253
0.24329
0.23244
0.24983
0.25614
0.25841
0.23408
0.28184
0.20084
0.2645
0.2674
0.26806
0.32263
0.2986
0.31444
0.27899
0.27442
0.14886
0.25478
0.27686
0.29762
0.25358
0.21826
0.26647
0.27984
0.29042
0.26801
0.28118
0.36272
0.28042
0.25039
0.2786
0.29981
0.28922
0.28917
0.12364
0.15629
0.15169
0.13615
0.13684
0.14225
0.14296
0.14944
0.15805
0.13146
0.14255
0.12842
0.14536
0.15358
0.15048
0.16317
0.15148
0.14945
0.12559
0.15013
0.14942
0.13725
0.14816
0.13021
0.14816
0.14713
0.14752
0.15077
0.15006
0.14769
0.1436
0.14332
0.14661
0.27909
0.2802
0.28612
0.30037
0.27673
0.27892
0.28105
0.28195
0.28775
0.34222
0.17536
0.18965
0.33479
0.33245
0.34978
0.35559
0.3292
0.2834
0.30624
0.29082
0.29257
0.28225
0.29889
0.28682
0.28853
0.30949
0.29935
0.29722
0.30595
0.2829
0.29781
0.29358
0.30594
0.30987
0.29053
0.31548
0.31831
0.31978
0.32165
0.32806
0.15771
0.16
0.15844
0.15224
0.17271
0.14057
0.13665
0.12757
0.12793
0.14619
0.15676
0.13005
0.27453
0.20304
0.23453
0.28251
0.26128
0.26863
0.14592
0.11388
0.13449
0.12787
0.10315
0.1327
0.14553
0.17087
0.12957
0.097261
0.093317
0.085226
0.078749
0.14277
0.18013
0.27195
0.23418
0.2566
0.19941
0.20009
0.19352
0.29969
0.30269
0.34957
0.2453
0.27146
0.2414
0.2217
0.21222
0.20674
0.1646
0.13696
0.16906
0.17824
0.23753
0.26672
0.16875
0.21242
0.19961
0.23909
0.2446
0.24853
0.21957
0.21422
0.21643
0.20931
0.2218
0.21345
0.21187
0.2585
0.20012
0.23053
0.12132
0.11822
0.12527
0.13677
0.15584
0.1481
0.15054
0.11901
0.1502
0.15239
0.1258
0.2792
0.29566
0.28944
0.17421
0.28295
0.2909
0.297
0.2721
0.3105
0.27809
0.29919
0.29782
0.31245
0.30861
0.29051
0.31808
0.1685
0.15735
0.14955
0.14561
0.12721
0.13922
0.14209
0.17663
0.19703
0.19004
0.36319
0.34642
0.33633
0.34357
0.30899
0.31718
0.16525
0.30769
0.29131
0.31604
0.22862
0.30576
0.31638
0.32785
0.17032
0.17106
0.14413
0.14581
0.15406
0.1447
