11.372,11.178,11.185,0,0,0,0,0,0,0,0,0,0,0,0
0.36987,0.36055,0.34427,0,0,0,0,0,0,0,0,0,0,0,0
0.26351,0.23392,0.25376,0,0,0,0,0,0,0,0,0,0,0,0
0.24357,0.25865,0.2544,0,0,0,0,0,0,0,0,0,0,0,0
0.20498,0.23879,0.21789,0,0,0,0,0,0,0,0,0,0,0,0
0.19836,0.21568,0.19518,0,0,0,0,0,0,0,0,0,0,0,0
0.76246,0.77198,0.75182,0,0,0,0,0,0,0,0,0,0,0,0
0.24329,0.25452,0.19174,0,0,0,0,0,0,0,0,0,0,0,0
0.22587,0.20538,0.20353,0,0,0,0,0,0,0,0,0,0,0,0
0.24273,0.22404,0.19915,0,0,0,0,0,0,0,0,0,0,0,0
0.19664,0.25772,0.21216,0,0,0,0,0,0,0,0,0,0,0,0
0.19673,0.21289,0.24862,0,0,0,0,0,0,0,0,0,0,0,0
0.75794,0.70082,0.73372,0,0,0,0,0,0,0,0,0,0,0,0
0.18446,0.23698,0.23466,0,0,0,0,0,0,0,0,0,0,0,0
0.19319,0.2206,0.2476,0,0,0,0,0,0,0,0,0,0,0,0
0.19212,0.20864,0.24632,0,0,0,0,0,0,0,0,0,0,0,0
0.1937,0.21621,0.21594,0,0,0,0,0,0,0,0,0,0,0,0
0.19531,0.23342,0.22501,0,0,0,0,0,0,0,0,0,0,0,0
0.61339,0.7442,0.7408,0,0,0,0,0,0,0,0,0,0,0,0
0.23674,0.22752,0.20355,0,0,0,0,0,0,0,0,0,0,0,0
0.23608,0.22038,0.21179,0,0,0,0,0,0,0,0,0,0,0,0
0.23744,0.25274,0.20297,0,0,0,0,0,0,0,0,0,0,0,0
0.19703,0.25568,0.18665,0,0,0,0,0,0,0,0,0,0,0,0
0.20561,0.21159,0.19318,0,0,0,0,0,0,0,0,0,0,0,0
0.64183,0.69791,0.63355,0,0,0,0,0,0,0,0,0,0,0,0
0.18404,0.25013,0.21341,0,0,0,0,0,0,0,0,0,0,0,0
0.22453,0.25013,0.18694,0,0,0,0,0,0,0,0,0,0,0,0
0.23541,0.22695,0.21733,0,0,0,0,0,0,0,0,0,0,0,0
0.23498,0.25451,0.27344,0,0,0,0,0,0,0,0,0,0,0,0
0.21785,0.28029,0.2832,0,0,0,0,0,0,0,0,0,0,0,0
0.71161,0.7293,0.73568,0,0,0,0,0,0,0,0,0,0,0,0
0.21252,0.26854,0.24508,0,0,0,0,0,0,0,0,0,0,0,0
0.21472,0.26523,0.2363,0,0,0,0,0,0,0,0,0,0,0,0
0.2366,0.24545,0.27354,0,0,0,0,0,0,0,0,0,0,0,0
0.2116,0.24126,0.2616,0,0,0,0,0,0,0,0,0,0,0,0
0.21381,0.2459,0.25478,0,0,0,0,0,0,0,0,0,0,0,0
0.6435,0.61789,0.79195,0,0,0,0,0,0,0,0,0,0,0,0
0.22484,0.26391,0.25347,0,0,0,0,0,0,0,0,0,0,0,0
0.24388,0.29043,0.24838,0,0,0,0,0,0,0,0,0,0,0,0
0.25112,0.26106,0.28887,0,0,0,0,0,0,0,0,0,0,0,0
0.24687,0.24647,0.27949,0,0,0,0,0,0,0,0,0,0,0,0
0.25617,0.26492,0.24722,0,0,0,0,0,0,0,0,0,0,0,0
0.72263,0.8238,0.76645,0,0,0,0,0,0,0,0,0,0,0,0
0.27726,0.25643,0.27115,0,0,0,0,0,0,0,0,0,0,0,0
0.3066,0.25919,0.31379,0,0,0,0,0,0,0,0,0,0,0,0
0.29205,0.27133,0.30235,0,0,0,0,0,0,0,0,0,0,0,0
0.29187,0.30386,0.2832,0,0,0,0,0,0,0,0,0,0,0,0
0.29924,0.27065,0.26913,0,0,0,0,0,0,0,0,0,0,0,0
0.77361,0.85953,0.85052,0,0,0,0,0,0,0,0,0,0,0,0
0.29485,0.27914,0.25789,0,0,0,0,0,0,0,0,0,0,0,0
0.29416,0.32781,0.25266,0,0,0,0,0,0,0,0,0,0,0,0
0.2799,0.28884,0.24969,0,0,0,0,0,0,0,0,0,0,0,0
0.29616,0.27954,0.23729,0,0,0,0,0,0,0,0,0,0,0,0
0.30869,0.30114,0.23559,0,0,0,0,0,0,0,0,0,0,0,0
0.74435,0.78637,0.60334,0,0,0,0,0,0,0,0,0,0,0,0
0.27437,0.30552,0.25873,0,0,0,0,0,0,0,0,0,0,0,0
0.29521,0.30447,0.2443,0,0,0,0,0,0,0,0,0,0,0,0
0.29421,0.29427,0.22886,0,0,0,0,0,0,0,0,0,0,0,0
0.28584,0.28738,0.26723,0,0,0,0,0,0,0,0,0,0,0,0
0.29374,0.30786,0.26147,0,0,0,0,0,0,0,0,0,0,0,0
0.80706,0.80825,0.62538,0,0,0,0,0,0,0,0,0,0,0,0
0.31109,0.28395,0.34228,0,0,0,0,0,0,0,0,0,0,0,0
0.30942,0.29311,0.31832,0,0,0,0,0,0,0,0,0,0,0,0
0.2734,0.33169,0.27671,0,0,0,0,0,0,0,0,0,0,0,0
0.28148,0.29948,0.28764,0,0,0,0,0,0,0,0,0,0,0,0
0.3289,0.3303,0.33529,0,0,0,0,0,0,0,0,0,0,0,0
0.74727,0.8154,0.69717,0,0,0,0,0,0,0,0,0,0,0,0
0.32848,0.32548,0.34398,0,0,0,0,0,0,0,0,0,0,0,0
0.29458,0.31008,0.29331,0,0,0,0,0,0,0,0,0,0,0,0
0.28904,0.29625,0.31394,0,0,0,0,0,0,0,0,0,0,0,0
0.34451,0.29886,0.28825,0,0,0,0,0,0,0,0,0,0,0,0
0.32717,0.30705,0.32267,0,0,0,0,0,0,0,0,0,0,0,0
0.74639,0.80937,0.78333,0,0,0,0,0,0,0,0,0,0,0,0
0.30614,0.28036,0.34473,0,0,0,0,0,0,0,0,0,0,0,0
0.34181,0.28073,0.33276,0,0,0,0,0,0,0,0,0,0,0,0
0.33109,0.28081,0.31624,0,0,0,0,0,0,0,0,0,0,0,0
0.29926,0.34194,0.3051,0,0,0,0,0,0,0,0,0,0,0,0
0.42927,0.38136,0.31634,0,0,0,0,0,0,0,0,0,0,0,0
0.82126,0.84952,0.68615,0,0,0,0,0,0,0,0,0,0,0,0
0.35672,0.30521,0.28372,0,0,0,0,0,0,0,0,0,0,0,0
0.35534,0.35134,0.32182,0,0,0,0,0,0,0,0,0,0,0,0
0.32729,0.32972,0.33913,0,0,0,0,0,0,0,0,0,0,0,0
0.32256,0.3589,0.32753,0,0,0,0,0,0,0,0,0,0,0,0
0.36042,0.33717,0.32834,0,0,0,0,0,0,0,0,0,0,0,0
0.82385,0.80295,0.8516,0,0,0,0,0,0,0,0,0,0,0,0
0.34327,0.35946,0.3382,0,0,0,0,0,0,0,0,0,0,0,0
0.33909,0.351,0.40629,0,0,0,0,0,0,0,0,0,0,0,0
0.32777,0.39166,0.35981,0,0,0,0,0,0,0,0,0,0,0,0
0.30854,0.33403,0.36404,0,0,0,0,0,0,0,0,0,0,0,0
0.28846,0.32848,0.33894,0,0,0,0,0,0,0,0,0,0,0,0
0.67973,0.9136,0.92198,0,0,0,0,0,0,0,0,0,0,0,0
0.43282,0.41056,0.36947,0,0,0,0,0,0,0,0,0,0,0,0
0.34376,0.4062,0.39919,0,0,0,0,0,0,0,0,0,0,0,0
0.37297,0.35291,0.36568,0,0,0,0,0,0,0,0,0,0,0,0
0.37156,0.35746,0.35856,0,0,0,0,0,0,0,0,0,0,0,0
0.36395,0.37121,0.42825,0,0,0,0,0,0,0,0,0,0,0,0
0.85651,0.88526,0.8412,0,0,0,0,0,0,0,0,0,0,0,0
0.41298,0.38519,0.44,0,0,0,0,0,0,0,0,0,0,0,0
0.40466,0.39725,0.38476,0,0,0,0,0,0,0,0,0,0,0,0
0.40699,0.38294,0.43959,0,0,0,0,0,0,0,0,0,0,0,0
0.39067,0.3624,0.38002,0,0,0,0,0,0,0,0,0,0,0,0
0.35268,0.35523,0.33307,0,0,0,0,0,0,0,0,0,0,0,0
0.90809,0.86226,0.82025,0,0,0,0,0,0,0,0,0,0,0,0
0.33094,0.3055,0.3078,0,0,0,0,0,0,0,0,0,0,0,0
0.29239,0.33171,0.27659,0,0,0,0,0,0,0,0,0,0,0,0
0.35851,0.35683,0.28551,0,0,0,0,0,0,0,0,0,0,0,0
0.34147,0.31778,0.28084,0,0,0,0,0,0,0,0,0,0,0,0
0.30941,0.34562,0.30911,0,0,0,0,0,0,0,0,0,0,0,0
0.85298,0.78887,0.80658,0,0,0,0,0,0,0,0,0,0,0,0
0.32991,0.32573,0.31482,0,0,0,0,0,0,0,0,0,0,0,0
0.39446,0.32426,0.33256,0,0,0,0,0,0,0,0,0,0,0,0
0.33889,0.35031,0.33822,0,0,0,0,0,0,0,0,0,0,0,0
0.3473,0.35702,0.31932,0,0,0,0,0,0,0,0,0,0,0,0
0.35021,0.33275,0.31382,0,0,0,0,0,0,0,0,0,0,0,0
0.83606,0.82924,0.84595,0,0,0,0,0,0,0,0,0,0,0,0
0.37956,0.30991,0.3374,0,0,0,0,0,0,0,0,0,0,0,0
0.31141,0.34349,0.36175,0,0,0,0,0,0,0,0,0,0,0,0
0.2871,0.33782,0.32692,0,0,0,0,0,0,0,0,0,0,0,0
0.3162,0.32799,0.33894,0,0,0,0,0,0,0,0,0,0,0,0
0.27018,0.34085,0.31449,0,0,0,0,0,0,0,0,0,0,0,0
0.71615,0.71327,0.75053,0,0,0,0,0,0,0,0,0,0,0,0
0.31938,0.28988,0.27179,0,0,0,0,0,0,0,0,0,0,0,0
0.32416,0.319,0.27704,0,0,0,0,0,0,0,0,0,0,0,0
0.33977,0.30821,0.2865,0,0,0,0,0,0,0,0,0,0,0,0
0.31017,0.31994,0.25749,0,0,0,0,0,0,0,0,0,0,0,0
0.31787,0.33204,0.26689,0,0,0,0,0,0,0,0,0,0,0,0
0.78386,0.77192,0.64964,0,0,0,0,0,0,0,0,0,0,0,0
0.3632,0.31273,0.26152,0,0,0,0,0,0,0,0,0,0,0,0
0.34265,0.33619,0.28632,0,0,0,0,0,0,0,0,0,0,0,0
