1
170.0000,63.0000,88.0000,64.0000
132.0000,84.0000,90.0000,65.0000
100.0000,84.0000,92.0000,66.0000
92.0000,106.0000,92.0000,66.0000
61.0000,113.0000,92.0000,66.0000
54.0000,128.0000,90.0000,65.0000
54.0000,135.0000,90.0000,65.0000
61.0000,134.0000,92.0000,66.0000
99.0000,149.0000,94.0000,67.0000
138.0000,149.0000,94.0000,67.0000
161.0000,125.0000,96.0000,68.0000
201.0000,132.0000,98.0000,69.0000
234.0000,132.0000,96.0000,68.0000
258.0000,124.0000,98.0000,69.0000
282.0000,132.0000,98.0000,69.0000
298.0000,140.0000,100.0000,70.0000
298.0000,124.0000,100.0000,70.0000
299.0000,139.0000,98.0000,69.0000
315.0000,146.0000,100.0000,70.0000
332.0000,154.0000,98.0000,69.0000
356.0000,162.0000,98.0000,69.0000
356.0000,170.0000,98.0000,69.0000
365.0000,178.0000,96.0000,68.0000
350.0000,178.0000,94.0000,67.0000
350.0000,163.0000,94.0000,67.0000
341.0000,147.0000,96.0000,68.0000
318.0000,133.0000,94.0000,67.0000
287.0000,126.0000,94.0000,67.0000
265.0000,119.0000,92.0000,66.0000
257.0000,134.0000,92.0000,66.0000
250.0000,148.0000,90.0000,65.0000
235.0000,148.0000,90.0000,65.0000
226.0000,148.0000,92.0000,66.0000
209.0000,141.0000,94.0000,67.0000
195.0000,135.0000,92.0000,66.0000
178.0000,134.0000,94.0000,67.0000
164.0000,134.0000,92.0000,66.0000
165.0000,134.0000,90.0000,65.0000
165.0000,127.0000,90.0000,65.0000
164.0000,104.0000,92.0000,66.0000
172.0000,133.0000,90.0000,65.0000
172.0000,140.0000,90.0000,65.0000
188.0000,140.0000,88.0000,64.0000
210.0000,119.0000,88.0000,64.0000
218.0000,141.0000,86.0000,63.0000
240.0000,142.0000,84.0000,62.0000
255.0000,142.0000,82.0000,61.0000
269.0000,149.0000,80.0000,60.0000
283.0000,157.0000,78.0000,59.0000
290.0000,152.0000,76.0000,58.0000
284.0000,152.0000,76.0000,58.0000
304.0000,139.0000,74.0000,57.0000
310.0000,140.0000,73.0000,56.0000
322.0000,165.0000,74.0000,57.0000
328.0000,170.0000,75.0000,58.0000
340.0000,170.0000,77.0000,59.0000
341.0000,176.0000,75.0000,58.0000
342.0000,176.0000,73.0000,57.0000
336.0000,176.0000,74.0000,58.0000
336.0000,176.0000,73.0000,57.0000
336.0000,176.0000,72.0000,56.0000
336.0000,176.0000,71.0000,55.0000
336.0000,176.0000,72.0000,56.0000
342.0000,176.0000,73.0000,57.0000
348.0000,176.0000,74.0000,58.0000
348.0000,182.0000,73.0000,57.0000
348.0000,182.0000,73.0000,57.0000
342.0000,182.0000,73.0000,57.0000
342.0000,176.0000,74.0000,58.0000
354.0000,176.0000,74.0000,58.0000
354.0000,176.0000,73.0000,57.0000
348.0000,182.0000,73.0000,57.0000
348.0000,176.0000,74.0000,58.0000
348.0000,176.0000,75.0000,59.0000
347.0000,176.0000,77.0000,60.0000
353.0000,176.0000,77.0000,60.0000
354.0000,176.0000,75.0000,59.0000
354.0000,176.0000,75.0000,59.0000
2
0
0
0
0
1
235.0000,162.0000,45.0000,56.0000
245.0000,157.0000,45.0000,56.0000
265.0000,147.0000,45.0000,56.0000
269.0000,151.0000,46.0000,57.0000
294.0000,155.0000,47.0000,58.0000
315.0000,160.0000,47.0000,58.0000
321.0000,165.0000,46.0000,57.0000
336.0000,155.0000,46.0000,57.0000
336.0000,149.0000,47.0000,58.0000
346.0000,149.0000,47.0000,58.0000
351.0000,150.0000,46.0000,57.0000
366.0000,161.0000,47.0000,58.0000
366.0000,176.0000,48.0000,59.0000
382.0000,176.0000,49.0000,60.0000
393.0000,181.0000,48.0000,59.0000
392.0000,180.0000,49.0000,60.0000
375.0000,180.0000,50.0000,61.0000
357.0000,174.0000,51.0000,62.0000
344.0000,174.0000,52.0000,63.0000
2
0
0
0
0
1
168.0000,198.0000,39.0000,59.0000
168.0000,203.0000,40.0000,60.0000
183.0000,207.0000,41.0000,61.0000
198.0000,211.0000,42.0000,62.0000
225.0000,215.0000,43.0000,63.0000
246.0000,219.0000,44.0000,64.0000
268.0000,218.0000,45.0000,65.0000
302.0000,212.0000,46.0000,66.0000
320.0000,206.0000,47.0000,67.0000
326.0000,206.0000,48.0000,68.0000
314.0000,206.0000,49.0000,69.0000
296.0000,206.0000,49.0000,69.0000
308.0000,206.0000,48.0000,68.0000
326.0000,200.0000,49.0000,69.0000
314.0000,188.0000,49.0000,69.0000
320.0000,182.0000,50.0000,70.0000
307.0000,188.0000,51.0000,71.0000
307.0000,194.0000,51.0000,71.0000
286.0000,206.0000,52.0000,72.0000
279.0000,206.0000,53.0000,73.0000
274.0000,188.0000,52.0000,72.0000
281.0000,194.0000,53.0000,73.0000
280.0000,200.0000,54.0000,74.0000
287.0000,200.0000,55.0000,75.0000
307.0000,193.0000,56.0000,77.0000
299.0000,185.0000,57.0000,79.0000
305.0000,184.0000,58.0000,81.0000
304.0000,183.0000,59.0000,83.0000
297.0000,176.0000,59.0000,83.0000
291.0000,177.0000,58.0000,81.0000
297.0000,176.0000,59.0000,83.0000
282.0000,162.0000,59.0000,83.0000
275.0000,156.0000,58.0000,81.0000
269.0000,157.0000,57.0000,79.0000
270.0000,152.0000,56.0000,77.0000
270.0000,147.0000,55.0000,75.0000
270.0000,148.0000,54.0000,73.0000
263.0000,148.0000,53.0000,72.0000
270.0000,142.0000,52.0000,71.0000
289.0000,154.0000,51.0000,70.0000
284.0000,154.0000,50.0000,69.0000
278.0000,154.0000,49.0000,68.0000
272.0000,148.0000,49.0000,68.0000
278.0000,148.0000,49.0000,68.0000
284.0000,142.0000,50.0000,69.0000
290.0000,130.0000,51.0000,70.0000
316.0000,118.0000,51.0000,70.0000
322.0000,124.0000,52.0000,71.0000
2
0
0
0
0
1
365.0000,178.0000,71.0000,56.0000
371.0000,172.0000,72.0000,57.0000
372.0000,172.0000,71.0000,56.0000
366.0000,172.0000,70.0000,55.0000
372.0000,172.0000,71.0000,56.0000
379.0000,172.0000,72.0000,57.0000
380.0000,172.0000,71.0000,56.0000
367.0000,172.0000,72.0000,57.0000
353.0000,172.0000,73.0000,58.0000
365.0000,185.0000,74.0000,59.0000
384.0000,197.0000,75.0000,60.0000
