1.0904,0.92686,0.94218,0.96116,0.9364,0.93999,0.90799,1.2395,0.9366,0.91793,0.91231,0.94042,0.94162,0.95061,1.2758
3.167,2.9083,2.8131,3.4713,2.9177,3.0082,3.2718,3.0013,2.8189,2.9581,2.9691,3.0624,2.9619,2.8779,2.836
0.52817,0.49513,0.47453,0.51836,0.49923,0.50417,0.48374,0.48576,0.51096,0.49854,0.5528,0.50127,0.49893,0.53424,0.47755
0.42928,0.41547,0.43178,0.44634,0.50436,0.43831,0.43576,0.52893,0.43401,0.43249,0.50877,0.4279,0.46982,0.47717,0.42069
0.42723,0.41825,0.42379,0.40127,0.42043,0.42442,0.43435,0.42151,0.42068,0.42598,0.51864,0.3971,0.42123,0.54637,0.4358
0.39449,0.47842,0.43517,0.4158,0.40418,0.42948,0.40411,0.41545,0.39981,0.39334,0.42747,0.39716,0.40592,0.45596,0.40147
0.43979,0.4876,0.47697,0.40044,0.38871,0.40047,0.40543,0.38519,0.36103,0.39188,0.40238,0.37728,0.40492,0.47718,0.40054
0.40161,0.40707,0.3851,0.43848,0.42149,0.46699,0.42016,0.39698,0.34445,0.39974,0.42558,0.37683,0.41081,0.40693,0.38805
0.53311,0.39061,0.40612,0.42289,0.38116,0.44069,0.38999,0.37787,0.35811,0.40888,0.38066,0.40619,0.41789,0.38355,0.43831
0.41024,0.38379,0.37812,0.38423,0.38876,0.48314,0.39941,0.38642,0.38158,0.38085,0.40265,0.37834,0.3804,0.37793,0.35054
0.42727,0.42029,0.40943,0.3773,0.36176,0.46756,0.39189,0.36449,0.36808,0.36223,0.37624,0.36393,0.419,0.37138,0.36461
0.43449,0.40938,0.44946,0.35683,0.42065,0.51094,0.40574,0.43195,0.37112,0.34323,0.44644,0.34329,0.40761,0.40767,0.36168
0.41501,0.41882,0.44061,0.33437,0.41223,0.40735,0.40336,0.41922,0.3709,0.38902,0.42927,0.37312,0.42642,0.37488,0.48163
0.43696,0.43023,0.47738,0.35428,0.35425,0.42819,0.41406,0.36564,0.34207,0.42286,0.38029,0.36636,0.41463,0.39397,0.35995
0.43412,0.41153,0.38122,0.36605,0.36696,0.40355,0.39988,0.36267,0.34655,0.42255,0.36345,0.3511,0.41805,0.38844,0.35933
0.39456,0.38657,0.3793,0.35541,0.35139,0.42447,0.3801,0.35071,0.34621,0.42967,0.38902,0.37559,0.51604,0.51278,0.34516
0.39569,0.401,0.40324,0.34105,0.34212,0.41775,0.38874,0.34836,0.35698,0.39864,0.39646,0.35525,0.37878,0.40122,0.36652
0.38659,0.42012,0.37626,0.34802,0.37219,0.50694,0.41316,0.37503,0.34738,0.34767,0.44171,0.34649,0.42321,0.40724,0.39778
0.39511,0.53502,0.3603,0.33035,0.35481,0.42743,0.34652,0.35168,0.4407,0.36208,0.35117,0.35921,0.39851,0.38604,0.33108
0.39776,0.36134,0.37249,0.35822,0.36525,0.43412,0.33595,0.36258,0.33138,0.42733,0.55558,0.40208,0.36012,0.35675,0.33041
0.35915,0.43114,0.35916,0.34221,0.35929,0.40949,0.34083,0.32102,0.34139,0.35083,0.36262,0.37454,0.39055,0.3627,0.45448
0.38376,0.38436,0.37421,0.37958,0.39159,0.40913,0.32887,0.39519,0.38392,0.35221,0.39985,0.38263,0.38393,0.37177,0.33422
0.36581,0.36255,0.36749,0.35116,0.35341,0.39924,0.3401,0.34261,0.40478,0.32748,0.38198,0.3635,0.41522,0.44444,0.31877
0.43341,0.37129,0.37756,0.36919,0.31557,0.40951,0.40818,0.31525,0.40615,0.35309,0.355,0.39324,0.36584,0.39135,0.3113
0.36054,0.33345,0.37248,0.40307,0.35332,0.38949,0.35319,0.34351,0.38702,0.35091,0.51022,0.36096,0.38356,0.3847,0.3357
0.49121,0.34506,0.3492,0.35538,0.43316,0.39436,0.35431,0.37309,0.34072,0.42856,0.36272,0.43964,0.40691,0.3786,0.33049
0.36153,0.34278,0.37036,0.43563,0.34342,0.4037,0.36092,0.34223,0.35268,0.40302,0.36213,0.39127,0.38544,0.46464,0.34458
0.32814,0.35948,0.34213,0.37529,0.353,0.49274,0.33101,0.36269,0.36552,0.34932,0.37609,0.36556,0.40905,0.34134,0.36829
0.37261,0.4108,0.35475,0.35867,0.39545,0.36513,0.35257,0.40446,0.37887,0.36389,0.37903,0.35649,0.40003,0.34321,0.56751
0.40012,0.379,0.37228,0.38549,0.34226,0.37215,0.33963,0.32978,0.40365,0.37224,0.41654,0.35848,0.36727,0.3384,0.39659
0.38799,0.36086,0.34045,0.38114,0.40043,0.37773,0.36425,0.39892,0.33867,0.35156,0.36531,0.35229,0.39093,0.33851,0.36513
0.41807,0.35918,0.3212,0.47313,0.36558,0.36188,0.42493,0.3469,0.3753,0.36252,0.38251,0.35287,0.37593,0.42071,0.41222
0.41485,0.34513,0.32396,0.43278,0.33391,0.35688,0.33872,0.34545,0.36776,0.34313,0.36207,0.32578,0.36216,0.31886,0.45019
0.35903,0.33798,0.43876,0.43278,0.34901,0.37789,0.35274,0.36188,0.39504,0.36072,0.3847,0.36308,0.41923,0.30563,0.33296
0.38943,0.37567,0.33666,0.45474,0.34431,0.37066,NaN,0.36041,NaN,0.35755,NaN,0.35376,0.36809,0.42387,NaN
0.39634,0.33788,0.33959,0.4233,0.32986,NaN,NaN,0.33504,NaN,0.36818,NaN,0.34888,NaN,NaN,NaN
0.31866,0.31702,0.39795,0.39483,0.32882,NaN,NaN,0.33734,NaN,0.32428,NaN,0.32845,NaN,NaN,NaN
0.28874,0.27757,0.30523,0.31684,0.3022,NaN,NaN,0.2888,NaN,0.28586,NaN,0.3014,NaN,NaN,NaN
0.29285,0.2914,NaN,NaN,NaN,NaN,0.94103,NaN,0.97433,NaN,0.92469,NaN,NaN,NaN,0.93994
NaN,0.23106,NaN,NaN,NaN,0.94525,2.8857,NaN,2.9096,NaN,2.902,NaN,0.95726,0.96215,2.8747
NaN,NaN,NaN,NaN,NaN,2.9072,0.54558,NaN,0.57668,NaN,0.58146,NaN,2.9235,2.9662,0.52421
NaN,NaN,NaN,NaN,NaN,0.53927,0.44271,NaN,0.44424,NaN,0.40402,NaN,0.51679,0.554,0.49133
NaN,NaN,0.95127,0.94598,0.92922,0.43635,0.419,0.95776,0.40998,0.93453,0.40186,0.94164,0.45727,0.43457,0.40204
0.9371,NaN,2.9623,2.9944,3.3395,0.39886,0.38285,2.9177,0.39204,2.8419,0.33361,3.3752,0.42787,0.40413,0.36996
2.9202,1.0844,0.55451,0.5481,0.53687,0.39428,0.3457,0.5834,0.37286,0.55089,0.37728,0.55761,0.38839,0.38884,0.39293
0.52885,2.8824,0.43405,0.49279,0.43559,0.42756,0.36406,0.45261,0.32397,0.4351,0.37824,0.42594,0.39114,0.41298,0.41014
0.47968,0.54859,0.4067,0.40273,0.42055,0.41995,0.36014,0.52572,0.35561,0.39843,0.34347,0.39991,0.36339,0.40076,0.43525
0.46997,0.43161,0.4389,0.44805,0.41905,0.41318,0.34529,0.48382,0.34572,0.42486,0.31695,0.41381,0.38725,0.38866,0.45259
0.40949,0.42618,0.41485,0.46378,0.42118,0.38682,0.33895,0.47557,0.34663,0.43412,0.32499,0.43562,0.40994,0.41332,0.3373
0.42801,0.3978,0.41787,0.44385,0.41224,0.39513,0.3327,0.48978,0.34783,0.44704,0.31968,0.44659,0.38816,0.38836,0.33353
0.41883,0.49203,0.41916,0.47955,0.41092,0.37699,0.35091,0.42123,0.36773,0.40676,0.38288,0.40178,0.38065,0.37211,0.31709
0.54339,0.39641,0.40276,0.37231,0.41209,0.42071,0.32454,0.3992,0.39035,0.42216,0.33129,0.40918,0.38286,0.37453,0.33113
0.43237,0.4332,0.42021,0.37104,0.43282,0.40542,0.31704,0.42168,0.36494,0.42828,0.30746,0.42343,0.38247,0.39148,0.32982
0.41956,0.39671,0.4715,0.38497,0.37632,0.40678,0.29737,0.39372,0.32664,0.43438,0.31923,0.43787,0.38243,0.3983,0.33589
0.54231,0.45184,0.45331,0.38804,0.41419,0.41363,0.31533,0.37054,0.32361,0.41626,0.29673,0.41528,0.3722,0.37324,0.35995
0.42596,0.42803,0.45572,0.39619,0.39067,0.45026,0.29529,0.38952,0.4531,0.40825,0.32417,0.40084,0.3729,0.40389,0.44936
0.4324,0.40774,0.44433,0.38026,0.39013,0.40515,0.28824,0.39017,0.36379,0.39934,0.34097,0.39969,0.35095,0.40825,0.38786
0.38421,0.42366,0.41671,0.44722,0.37942,0.40855,0.28825,0.38413,0.34055,0.38856,0.39073,0.3827,0.37682,0.39696,0.34808
0.43348,0.45351,0.42548,0.39238,0.42332,0.6148,0.30435,0.38307,0.45934,0.52588,0.38314,0.52275,0.37473,0.37399,0.34629
0.4129,0.40726,0.47868,0.40675,0.39669,0.56167,0.31043,0.39312,0.35858,0.48865,0.36649,0.51491,0.38634,0.37353,0.36057
0.42694,0.52916,0.42981,0.39243,0.40036,0.45263,0.30781,0.40323,0.35092,0.41073,0.31351,0.41651,0.37879,0.39309,0.38037
0.41608,0.40322,0.44579,0.41521,0.39975,0.42018,0.30019,0.40005,0.34552,0.43045,0.3167,0.43648,0.3846,0.40961,0.35111
0.4216,0.4077,0.42177,0.41166,0.41516,0.39551,0.34762,0.40803,0.38419,0.41906,0.35219,0.42222,0.40861,0.40615,0.36415
0.4293,0.42056,0.40975,0.53606,0.37956,0.38501,0.31033,0.42071,0.35621,0.40515,0.33375,0.44417,0.40387,0.39632,0.41705
0.47841,0.40824,0.43078,0.4158,0.38727,0.38927,0.30642,0.39208,0.38266,0.44559,0.34386,0.46264,0.38904,0.39155,0.38524
0.43646,0.4272,0.54151,0.41698,0.3713,0.39316,0.31966,0.41098,0.37002,0.42778,0.33204,0.42263,0.39412,0.41183,0.34475
0.41285,0.48257,0.47044,0.4065,0.41286,0.38566,0.31833,0.41178,0.343,0.47341,0.31704,0.41775,0.41206,0.41155,0.3703
0.38101,0.44786,0.42265,0.37868,0.39661,0.41125,0.31417,0.42694,0.38804,0.50393,0.32619,0.42878,0.41231,0.48792,0.33296
0.40708,0.4144,0.40175,0.38199,0.40453,0.38661,0.33374,0.37109,0.37111,0.47776,0.34865,0.39248,0.43238,0.4141,0.34472
0.42213,0.38083,0.39646,0.36187,0.36092,0.37279,0.3244,0.38517,0.34678,0.39504,0.39603,0.38098,0.3637,0.40655,0.41272
0.37827,0.42842,0.38897,0.37893,0.33969,0.37486,0.32203,0.39741,0.33927,0.39422,0.35735,0.3845,0.34943,0.40133,0.39186
0.36357,0.39577,0.36492,0.39155,0.32285,0.35929,0.31658,0.39864,0.31902,0.36882,0.35732,0.37484,0.34827,0.48248,0.36038
0.36679,0.33779,0.35353,0.38919,0.34386,0.37736,0.31274,0.32214,0.35968,0.40642,0.33552,0.41713,0.35205,0.37935,0.35935
0.37731,0.39583,0.36396,0.38374,0.34686,0.3656,0.32372,0.36864,0.36746,0.39933,0.36951,0.49292,0.32882,0.36273,0.31884
0.38403,0.36059,0.3374,0.38855,0.37246,0.38474,0.33642,0.3675,0.36053,0.44339,0.35507,0.45593,0.33278,0.3498,0.35143
0.34353,0.34072,0.32338,0.37626,0.4362,0.35273,0.39865,0.34493,0.34579,0.34954,0.3239,0.35058,0.33397,0.3333,0.33942
0.35924,0.34463,0.40295,0.48359,0.42312,0.32102,0.3167,0.31531,0.38139,0.35751,0.42337,0.36313,0.31781,0.32544,0.34084
0.32711,0.34171,0.33287,0.34477,0.39999,0.35448,0.30495,0.31528,0.41204,0.35274,0.34707,0.34394,0.3056,0.32743,0.33016
0.34433,0.35214,0.31231,0.36028,0.55839,0.30846,0.32923,0.32715,0.41106,0.32926,0.34831,0.32829,0.31779,0.32064,0.35338
0.32194,0.42925,0.32611,0.34676,0.39118,0.32452,0.32442,0.40347,0.37176,0.34335,0.32637,0.35191,0.30292,0.48662,0.38434
0.33718,0.37949,0.32711,0.34793,0.35252,0.32576,0.38129,0.34103,0.38276,0.36388,0.34134,0.36042,0.28665,0.35971,0.3814
0.35196,0.31601,0.32306,0.35348,0.36255,0.35228,0.34062,0.33931,0.34135,0.36395,0.33554,0.35582,0.3031,0.35037,0.38891
0.32589,0.32356,0.35078,0.31004,0.3484,0.33326,0.31339,0.34923,0.34897,0.36275,0.3835,0.35308,0.37849,0.40846,0.34774
0.37716,0.36425,0.3201,0.30897,0.34786,0.34105,0.43284,0.33377,0.35005,0.3045,0.37161,0.30353,0.25472,0.39107,0.33349
0.33985,0.32177,0.28368,0.29986,0.36513,0.33034,0.33838,0.3237,0.36113,0.30764,0.36735,0.3087,0.26044,0.33052,0.33598
0.3759,0.29028,0.31353,0.33315,0.31328,0.34305,0.33189,0.37777,0.34345,0.32532,0.33091,0.32981,0.40965,0.43764,0.33414
0.35987,0.33328,NaN,0.3218,0.33265,0.39721,0.3205,NaN,0.33764,0.33594,NaN,0.32737,0.25792,0.31142,0.33523
0.30857,0.29658,NaN,0.31248,0.31622,0.32324,0.28502,NaN,0.32994,0.34164,NaN,0.32975,0.27798,0.31143,0.33806
0.43286,0.32295,NaN,0.33407,0.33348,0.38222,0.30364,NaN,0.32769,0.40383,NaN,0.4086,0.30478,0.31598,0.35817
0.35848,0.2766,NaN,0.36419,0.30905,0.36129,0.35726,NaN,0.4871,0.33158,NaN,0.34486,0.31594,0.48219,0.3725
0.31546,0.31287,0.99951,0.32823,0.36978,0.32655,0.3134,0.92976,0.33714,0.33635,0.94895,0.34305,0.25415,0.31628,0.39149
0.29694,0.4665,3.0448,0.34871,0.31587,0.38008,0.29652,2.7519,0.31416,0.33566,2.8325,0.3276,0.28041,0.34694,0.34517
0.30403,0.2929,0.55365,0.28356,0.41467,0.32656,0.27108,0.45843,0.38366,0.3405,0.4391,0.34485,0.30129,0.2896,0.35987
0.35619,0.37319,0.43107,0.29477,0.3474,0.31901,0.27831,0.45793,0.38495,0.39977,0.36576,0.39078,0.31671,0.44891,0.35373
0.29736,0.32506,0.37757,0.29208,0.3324,0.33282,0.30017,0.35379,0.3759,0.32243,0.3734,0.32665,0.28123,0.32414,0.31532
0.36618,0.30109,0.37386,0.29297,0.3164,0.34645,0.26777,0.43168,0.40092,0.33885,0.34776,0.34492,0.30314,0.38873,0.45948
0.31377,0.31128,0.45465,0.42177,0.40784,0.34258,0.29343,0.34914,0.31415,0.31982,0.39365,0.32477,0.28497,0.3751,0.31779
0.30418,0.31079,0.38631,0.30776,0.45287,0.32857,0.32325,0.36369,0.38888,0.35778,0.34463,0.35718,0.3793,0.30922,0.31267
0.30374,0.3574,0.36671,0.35187,0.32422,0.31331,0.32767,0.36286,0.30356,0.32576,0.35012,0.33018,0.28752,0.29289,0.3515
0.33937,0.30984,0.34396,0.35541,0.41572,0.35018,0.31752,0.37268,0.3026,0.31835,0.4082,0.31949,0.2631,0.32594,0.3657
0.29626,0.3449,0.37843,0.36313,0.33019,0.33955,0.35487,0.42143,0.33368,0.30408,0.34661,0.30901,0.29147,0.2998,0.31811
0.33958,0.3132,0.37506,0.2886,0.39051,0.39791,0.35937,0.42458,0.31997,0.31128,0.39879,0.30731,0.34114,0.29058,0.4071
0.33913,0.29238,0.35528,0.30313,0.32993,0.42998,0.37787,0.43759,0.28185,0.41508,0.42731,0.41207,0.27824,0.30026,0.36527
0.31584,0.32528,0.48399,0.33427,0.33782,0.36405,0.2946,0.35755,0.29553,0.31447,0.32376,0.32093,0.318,0.33254,0.3218
0.4003,0.30403,0.35924,0.32872,0.3895,0.34608,0.32369,0.3658,0.34751,0.30385,0.31836,0.31011,0.34125,0.46417,0.36385
0.30411,0.30196,0.43898,0.30377,0.38754,0.32472,0.31643,0.35715,0.33778,0.34849,0.41147,0.35337,0.3567,0.46562,0.39713
0.29983,0.30812,0.36907,0.31503,0.30874,0.33114,0.35057,0.34252,0.30213,0.3172,0.3386,0.30053,0.29117,0.33451,0.32022
0.3971,0.33012,0.36945,0.39571,0.31654,0.32423,0.32362,0.36467,0.31548,0.36788,0.33569,0.32641,0.36095,0.26517,0.30041
0.28801,0.39105,0.40627,0.34888,0.31738,0.33025,0.3063,0.35,0.35845,0.39136,0.30634,0.32018,0.33973,0.30381,0.31062
0.32038,0.28493,0.36923,0.32927,0.36852,0.32943,0.31346,0.34417,0.31816,0.34852,0.30005,0.3005,0.30353,0.29878,0.42491
0.31084,0.29022,0.33776,0.37789,0.33153,0.37001,0.35428,0.32497,0.31985,0.43271,0.31471,0.3897,0.36244,0.30013,0.32295
0.29909,0.29414,0.33503,0.3684,0.33587,0.33374,0.4163,0.33662,0.37722,0.31332,0.33322,0.32068,0.32601,0.32765,0.36958
0.31593,0.30317,0.35624,0.31644,0.33708,0.33928,0.30458,0.30927,0.33941,0.3306,0.31407,0.34117,0.32522,0.29346,0.31348
0.31947,0.30732,0.29634,0.32314,0.34467,0.32807,0.30328,0.32695,0.43976,0.31849,0.29985,0.31878,0.29597,0.35473,0.33066
0.28836,0.29823,0.3106,0.32093,0.3268,0.32639,0.328,0.33227,0.31872,0.31345,0.29778,0.32849,0.34596,0.30614,0.3505
0.3027,0.38102,0.33768,0.30853,0.37548,0.45075,0.3409,0.29158,0.33207,0.28898,0.30103,0.30063,0.31061,0.30886,0.32345
0.31551,0.34142,0.34464,0.31099,0.40716,0.36181,0.37793,0.40047,0.35467,0.31434,0.32049,0.31891,0.34573,0.30434,0.3016
0.3219,0.37049,0.28441,0.32274,0.38853,0.32628,0.32139,0.30335,0.32631,0.31382,0.33074,0.3129,0.30058,0.30645,0.3216
0.31831,0.30109,0.2855,0.32907,0.44825,0.34564,0.36379,0.30717,0.3326,0.31475,0.27999,0.32257,0.29643,0.3403,0.32782
0.36949,0.31457,0.29536,0.37526,0.42855,0.3145,0.29264,0.31879,0.32015,0.31763,0.50111,0.31967,0.28334,0.30795,0.32005
0.40064,0.31314,0.3419,0.34539,0.38089,0.29666,0.33636,0.29452,0.33425,0.31231,0.51126,0.3613,0.31939,0.31262,0.31424
0.40362,0.30057,0.27093,0.3487,0.35933,0.3225,0.37221,NaN,0.32804,0.34923,0.29458,0.36678,0.29802,0.31794,0.35184
0.28346,0.31884,NaN,0.33726,0.36899,0.33593,0.32282,NaN,0.38863,0.3287,NaN,0.33937,0.3115,0.29692,0.31423
0.4181,0.31088,NaN,0.33686,0.41462,0.33298,0.35333,NaN,0.31522,0.33026,NaN,0.34975,0.4271,0.31367,0.30428
0.31413,0.31617,NaN,0.44188,0.32417,0.32214,0.35896,NaN,0.3378,0.32528,NaN,0.31107,0.31142,0.33052,0.34021
0.31005,0.31092,NaN,0.33887,0.33121,0.33422,0.32956,0.94399,0.34229,0.31111,NaN,0.31362,0.29522,0.37264,0.29884
0.39194,0.31919,0.93133,0.41301,0.34037,0.30602,0.31591,3.2499,0.32125,0.31087,0.99042,0.32528,0.28188,0.30737,0.30828
0.37942,0.4087,2.8391,0.35903,0.34629,0.31285,0.30445,0.50969,0.33789,0.3279,2.8456,0.33953,0.29081,0.31523,0.28649
0.35501,0.3098,0.5074,0.34374,0.3189,0.30003,0.30261,0.42547,0.32825,0.30848,0.49416,0.32325,0.29838,0.31806,0.50685
0.32597,0.32654,0.42054,0.3643,0.33992,0.2997,0.32177,0.42401,0.32903,0.32576,0.44979,0.33067,0.34187,0.35284,0.36645
0.39736,0.37022,0.45816,0.35617,0.35075,0.3143,0.33138,0.40717,0.30644,0.32329,0.50123,0.32827,0.33241,0.38894,0.37446
0.33657,0.28348,0.39984,0.33199,0.38829,0.36335,0.32673,0.42578,0.32493,0.3468,0.50155,0.34946,0.33223,0.26332,0.39917
0.34721,0.28938,0.41174,0.35247,0.39496,0.31612,0.31944,0.4333,0.42036,0.28846,0.50945,0.28966,0.3717,0.24894,0.36982
0.35384,0.2858,0.45461,0.34593,0.30163,0.28514,0.30576,0.39229,0.31294,0.35746,0.47114,0.3679,0.41158,0.30344,0.43902
0.30787,0.29886,0.551,0.32677,0.29788,0.36141,0.32062,0.38177,0.42075,0.29925,0.41135,0.29349,0.30786,0.26219,0.32093
0.29808,0.31499,0.58334,0.38107,0.28611,0.28664,0.28296,0.36072,0.32173,0.30011,0.36445,0.28674,0.39704,0.31724,0.3181
0.3019,0.27886,0.47579,0.28237,0.29975,0.29427,0.29077,0.3813,0.32061,0.27338,0.34166,0.26333,0.27322,0.25093,0.32293
0.31079,0.28869,0.35951,0.31833,0.3366,0.27343,0.36162,0.35101,0.33044,0.275,0.34631,0.2677,0.34877,0.37809,0.32626
0.31464,0.3196,0.35734,0.29531,0.29075,0.26937,0.28864,0.35748,0.34874,0.27123,0.2795,0.26719,0.38062,0.28027,0.31789
0.32405,0.27512,0.33103,0.30785,0.27367,0.33313,0.29347,0.32176,0.3748,0.27951,0.46678,0.2756,0.28257,0.32031,0.30234
0.37404,0.26648,0.32858,0.28263,0.27658,0.32372,0.30784,0.33686,0.31296,0.34439,0.28775,0.3308,0.33526,0.31137,0.33452
0.3107,0.41351,0.38472,0.35805,0.33405,0.28465,0.31083,0.41008,0.38763,0.43993,0.29684,0.4015,0.28341,0.43844,0.31493
0.31744,0.29638,0.38729,0.29529,0.27737,0.27076,0.29963,0.36358,0.49348,0.29573,0.2768,0.27733,0.28697,0.39715,0.30882
0.29555,0.34373,0.3332,0.28264,0.3917,0.27364,0.34188,0.34473,0.32576,0.39729,0.37368,0.39135,0.28827,0.39582,0.29707
0.31201,0.31395,0.38628,0.29675,0.39617,0.37767,0.33839,NaN,0.33562,0.41024,0.32534,0.39154,0.28789,0.45673,0.29473
0.30329,0.30659,0.34624,0.40616,0.29308,0.33786,0.32435,NaN,0.30229,0.29651,0.3367,0.29659,0.27516,0.40712,0.31319
0.30275,0.29356,0.35301,0.35881,0.31314,0.29865,0.38204,NaN,0.3199,0.30147,0.28534,0.29498,0.40251,0.29613,0.35514
0.36096,0.27444,0.40604,0.37697,0.31033,0.3457,0.46165,NaN,0.31102,0.31791,0.32445,0.31023,0.29798,0.35888,0.30496
0.29625,0.25966,NaN,0.35529,0.27952,0.30798,0.41209,0.9298,0.30479,0.34989,0.27573,0.35748,0.28205,0.30381,0.34497
0.2938,0.28196,NaN,0.36836,0.28061,0.31728,0.28746,2.8651,0.317,0.27961,0.27702,0.27763,0.28213,0.25393,0.26437
0.30206,0.28493,NaN,0.30175,0.33569,0.31097,0.28678,0.50541,0.40002,0.29946,0.32637,0.28166,0.31461,0.27137,0.28188
0.37571,0.2933,NaN,0.32063,0.28656,0.34677,0.35056,0.4211,0.28297,0.29434,0.25642,0.28737,0.32913,0.2666,0.40684
0.33963,0.28324,0.91997,0.29488,0.27052,0.42498,0.31745,0.46347,0.29328,0.34454,0.28541,0.35109,0.29926,0.37707,0.30971
0.31059,0.2847,3.4057,0.30333,0.38897,0.38287,0.41954,0.39707,0.29955,0.36785,0.2826,0.3496,0.30425,0.3751,0.31853
0.40533,0.37523,0.55363,0.29177,0.29434,0.3448,0.28978,0.43624,0.29874,0.32268,0.36425,0.31991,0.42929,0.26017,0.35519
0.35106,0.28038,0.41121,0.37275,0.38723,0.32301,0.35758,0.40362,0.28581,0.28954,0.28012,0.27809,0.3469,0.36157,0.28885
0.29945,0.2938,0.42551,0.30958,0.28209,0.40227,0.30098,0.40404,0.29385,0.41511,0.28915,0.35235,0.31945,0.42967,0.29838
0.29988,0.28839,0.38668,0.29089,0.3353,0.27339,0.40032,0.39433,0.29779,0.31262,0.27402,0.30069,0.36513,0.25457,0.36628
0.32123,0.29227,0.37362,0.46801,0.29852,0.30377,0.33675,0.42388,0.363,0.34865,0.26937,0.34656,0.33229,0.27601,0.32194
0.44556,0.29624,0.38466,0.27795,0.33704,0.32475,0.29133,0.41915,0.30001,0.33171,0.25537,0.29396,0.28035,0.27113,0.31097
0.30401,0.31281,0.40298,0.29531,0.39203,0.27896,0.37334,0.41204,0.29004,0.28414,0.38765,0.28335,0.28543,0.26758,0.37099
0.31072,0.29804,0.41741,0.31052,0.29463,0.3277,0.30526,0.37926,0.29034,0.40614,0.32916,0.42605,0.29809,0.28619,0.30641
0.43425,0.31246,0.40235,0.30317,0.45432,0.30382,0.36946,0.42044,0.28436,0.30192,0.28333,0.3443,0.35674,0.31911,0.34138
0.30607,0.36027,0.42279,0.30806,0.32184,0.2789,0.29971,0.40719,0.29994,0.31319,0.29381,0.34291,0.28544,0.33445,0.31702
