0.42984
0.057234
0.016212
0.015849
0.015544
0.015614
0.015267
0.015286
0.015195
0.015168
0.01484
0.014986
0.015103
0.015221
0.015055
0.014899
0.015075
0.015014
0.014934
0.015005
0.014825
0.014505
0.014924
0.015173
0.014943
0.015119
0.015128
0.015024
0.014973
0.015304
0.015229
0.015021
0.015182
0.015083
0.015138
0.015428
0.015169
0.015178
0.015187
0.015384
0.01528
0.015173
0.015241
0.015187
0.015171
0.015338
0.015338
0.015282
0.015254
0.015268
0.015271
0.015323
0.015403
0.015645
0.015597
0.015258
0.015417
0.015382
0.015228
0.015123
0.015107
0.01532
0.015246
0.015153
0.01527
0.015169
0.015391
0.01548
0.015271
0.015335
0.014947
0.015316
0.015513
0.015247
0.015313
0.015546
0.015408
0.015248
0.015251
0.015267
0.01531
0.015269
0.015177
0.014951
0.015524
0.015298
0.015225
0.015426
0.015392
0.015203
0.015495
0.015309
0.015162
0.015977
0.016142
0.01602
0.015982
0.016005
0.016013
0.016205
0.016004
0.01583
0.015737
0.014991
0.015121
0.034476
0.020987
0.02049
0.02427
0.016359
0.015167
0.01515
0.014726
0.015001
0.014922
0.015526
0.015219
0.01514
0.014869
0.017699
0.019194
0.015753
0.016053
0.01579
0.015758
0.01577
0.015972
0.015876
0.015875
0.015749
0.015636
0.015709
0.015696
0.015802
0.015911
0.015847
0.015979
0.015936
0.015787
0.015725
0.015839
0.015924
0.015622
0.015786
0.016117
0.015815
0.015561
0.015994
0.015816
0.015828
0.015945
0.015811
0.015797
0.015842
0.015683
0.015779
0.016026
0.015753
0.015808
0.015839
0.015714
0.015801
0.016048
0.015732
0.015573
0.015626
0.015546
0.015683
0.015832
0.01566
0.015684
0.015509
0.015716
0.015708
0.015797
0.01574
0.015649
0.015686
0.016088
0.015877
0.015683
0.015701
0.015461
0.015676
0.015779
0.015676
0.015804
0.015782
0.01578
0.015868
0.015813
0.015785
0.015875
0.015989
0.016038
0.015985
0.016003
0.016057
0.015942
0.015945
0.015984
0.016002
0.015803
0.016145
0.015899
0.015924
0.016096
0.016033
0.015978
0.016084
0.015972
0.01594
0.015988
0.015946
0.015952
0.015874
0.0161
0.016118
0.015993
0.016301
0.016205
0.016094
0.016058
0.016164
0.016257
0.016235
0.015959
0.016031
0.016199
0.016154
0.016198
0.01623
0.016125
0.016192
0.016241
0.016249
0.016141
0.016137
0.015972
0.016175
0.01653
0.016146
0.01629
0.016035
0.016119
0.016058
0.016179
0.016169
0.016112
0.016081
0.016042
0.016009
0.016022
0.016068
0.016026
0.016137
0.016104
0.01612
0.015968
0.015884
0.016034
0.016034
0.016042
0.016012
0.016074
0.016114
0.016066
0.016079
0.016193
0.016045
0.016098
0.016146
0.016028
0.01617
0.015995
0.01599
0.016184
0.016043
0.016016
0.016096
0.016057
0.016071
0.016093
0.016155
0.016009
0.016294
0.016048
0.015945
0.015977
0.016235
0.015989
0.016037
0.016249
0.016109
0.01621
0.016281
0.016179
0.016228
0.016026
0.018232
0.016282
0.016219
0.015069
0.015228
0.015194
0.015071
0.015053
0.015305
0.014994
0.01512
0.015149
0.015032
0.014992
0.015103
0.015112
0.015047
0.015191
0.015137
0.015053
0.015035
0.015156
0.015208
0.014869
0.015082
0.015015
0.015164
0.015088
0.015067
0.015136
0.015109
0.015106
0.015083
0.014944
0.015028
0.015531
0.014932
0.015158
0.015086
0.014975
0.015064
0.015203
0.014919
0.015065
0.015095
0.014993
0.015192
0.014924
0.014876
0.015444
0.015995
0.015922
0.015821
0.015991
0.015828
0.015778
0.016047
0.015785
0.015899
0.015781
0.015703
0.015688
0.01572
0.015634
0.015669
0.015713
0.015508
0.015165
0.015078
0.015691
0.015716
0.01583
0.015768
0.015682
0.015806
0.01583
0.015724
0.015831
0.015815
0.015719
0.015679
0.015694
0.015767
0.015489
0.015572
0.015491
0.015566
0.015286
0.014739
0.014678
0.014812
0.015682
0.015567
