0.00039954
0.22044
0.023072
0.025651
0.038878
0.027097
0.019597
0.020562
0.022012
0.021261
0.020034
0.020247
0.019504
0.02083
0.019424
0.019459
0.020628
0.02009
0.020449
0.020301
0.019784
0.021434
0.019891
0.021441
0.020973
0.020478
0.021992
0.019503
0.020802
0.023933
0.02227
0.021221
0.022311
0.022144
0.021679
0.020592
0.019253
0.018844
0.020718
0.019389
0.020721
0.01978
0.019617
0.01907
0.019922
0.020046
0.019425
0.019603
0.019586
0.019173
0.021331
NaN
NaN
NaN
NaN
0.00041145
0.22818
0.025394
0.026866
0.039871
0.03218
0.020936
0.022865
0.02124
0.022309
0.022261
0.021533
NaN
NaN
NaN
NaN
0.00044585
0.24366
0.027935
0.030027
0.046277
0.030851
0.024119
0.027144
0.028668
0.024949
0.024424
0.024312
0.025582
0.026423
0.023137
0.021685
0.024047
0.021689
0.020463
0.021436
0.023686
0.023944
0.022539
0.020602
0.020936
0.02159
0.020565
0.0243
0.021809
0.022801
0.0226
0.021723
0.021283
0.022013
