1
127.0000,467.0000,27.0000,73.0000
135.0000,506.0000,28.0000,71.0000
155.0000,530.0000,28.0000,71.0000
158.0000,572.0000,27.0000,70.0000
154.0000,580.0000,28.0000,71.0000
153.0000,581.0000,28.0000,71.0000
154.0000,584.0000,28.0000,71.0000
161.0000,583.0000,28.0000,71.0000
160.0000,582.0000,28.0000,71.0000
163.0000,581.0000,28.0000,71.0000
162.0000,581.0000,29.0000,74.0000
163.0000,582.0000,27.0000,69.0000
158.0000,587.0000,30.0000,60.0000
176.0000,589.0000,26.0000,67.0000
2
0
0
0
0
1
161.0000,633.0000,26.0000,68.0000
166.0000,654.0000,26.0000,67.0000
176.0000,669.0000,25.0000,70.0000
193.0000,695.0000,25.0000,70.0000
214.0000,720.0000,25.0000,69.0000
233.0000,739.0000,25.0000,69.0000
245.0000,743.0000,25.0000,69.0000
2
0
0
0
0
1
399.0000,841.0000,73.0000,57.0000
407.0000,844.0000,74.0000,55.0000
412.0000,846.0000,76.0000,52.0000
447.0000,839.0000,69.0000,58.0000
476.0000,849.0000,75.0000,51.0000
513.0000,841.0000,77.0000,51.0000
542.0000,817.0000,71.0000,59.0000
566.0000,811.0000,71.0000,59.0000
577.0000,798.0000,59.0000,64.0000
573.0000,782.0000,70.0000,59.0000
577.0000,772.0000,61.0000,64.0000
567.0000,762.0000,63.0000,61.0000
561.0000,763.0000,62.0000,60.0000
561.0000,764.0000,61.0000,59.0000
555.0000,760.0000,60.0000,59.0000
561.0000,767.0000,61.0000,59.0000
561.0000,763.0000,63.0000,61.0000
558.0000,753.0000,60.0000,59.0000
557.0000,752.0000,60.0000,60.0000
2
0
0
0
0
1
571.0000,728.0000,20.0000,65.0000
571.0000,730.0000,19.0000,64.0000
570.0000,728.0000,19.0000,64.0000
568.0000,725.0000,18.0000,63.0000
567.0000,723.0000,19.0000,62.0000
566.0000,721.0000,20.0000,66.0000
562.0000,725.0000,20.0000,66.0000
562.0000,725.0000,20.0000,66.0000
562.0000,725.0000,20.0000,66.0000
562.0000,727.0000,20.0000,66.0000
559.0000,727.0000,20.0000,66.0000
559.0000,727.0000,20.0000,66.0000
560.0000,727.0000,19.0000,64.0000
560.0000,728.0000,20.0000,66.0000
564.0000,732.0000,20.0000,57.0000
565.0000,733.0000,19.0000,56.0000
563.0000,740.0000,14.0000,46.0000
564.0000,736.0000,16.0000,47.0000
561.0000,729.0000,15.0000,49.0000
559.0000,726.0000,15.0000,49.0000
556.0000,721.0000,14.0000,48.0000
553.0000,714.0000,15.0000,49.0000
550.0000,702.0000,15.0000,52.0000
542.0000,670.0000,21.0000,67.0000
543.0000,644.0000,19.0000,66.0000
550.0000,628.0000,20.0000,64.0000
554.0000,617.0000,20.0000,62.0000
578.0000,613.0000,20.0000,68.0000
599.0000,600.0000,20.0000,68.0000
615.0000,576.0000,20.0000,68.0000
637.0000,573.0000,20.0000,68.0000
665.0000,591.0000,20.0000,67.0000
695.0000,624.0000,20.0000,67.0000
720.0000,655.0000,20.0000,67.0000
731.0000,673.0000,20.0000,66.0000
726.0000,672.0000,20.0000,65.0000
728.0000,686.0000,20.0000,65.0000
731.0000,687.0000,20.0000,64.0000
735.0000,699.0000,20.0000,64.0000
731.0000,692.0000,20.0000,64.0000
731.0000,696.0000,20.0000,65.0000
726.0000,709.0000,20.0000,65.0000
718.0000,718.0000,19.0000,65.0000
706.0000,736.0000,19.0000,65.0000
689.0000,748.0000,20.0000,65.0000
679.0000,739.0000,20.0000,64.0000
2
0
0
0
0
1
588.0000,803.0000,62.0000,61.0000
575.0000,813.0000,61.0000,61.0000
553.0000,824.0000,64.0000,55.0000
528.0000,828.0000,59.0000,63.0000
497.0000,842.0000,64.0000,51.0000
489.0000,843.0000,63.0000,56.0000
486.0000,850.0000,57.0000,60.0000
481.0000,853.0000,55.0000,58.0000
479.0000,852.0000,56.0000,58.0000
478.0000,850.0000,57.0000,58.0000
473.0000,848.0000,63.0000,56.0000
465.0000,844.0000,65.0000,54.0000
453.0000,835.0000,59.0000,65.0000
438.0000,836.0000,59.0000,65.0000
424.0000,833.0000,59.0000,65.0000
409.0000,833.0000,59.0000,65.0000
383.0000,824.0000,59.0000,65.0000
357.0000,806.0000,59.0000,65.0000
343.0000,791.0000,59.0000,65.0000
2
0
0
0
0
1
2
0
0
0
0
1
425.0000,702.0000,74.0000,41.0000
447.0000,707.0000,74.0000,37.0000
458.0000,700.0000,74.0000,42.0000
467.0000,681.0000,62.0000,49.0000
468.0000,663.0000,69.0000,41.0000
464.0000,629.0000,70.0000,41.0000
450.0000,605.0000,70.0000,41.0000
2
0
0
0
0
1
292.0000,434.0000,63.0000,64.0000
287.0000,401.0000,58.0000,74.0000
270.0000,378.0000,66.0000,60.0000
258.0000,340.0000,65.0000,59.0000
251.0000,308.0000,65.0000,59.0000
240.0000,265.0000,65.0000,59.0000
240.0000,249.0000,56.0000,69.0000
250.0000,245.0000,54.0000,68.0000
253.0000,246.0000,64.0000,58.0000
263.0000,228.0000,64.0000,58.0000
288.0000,213.0000,64.0000,58.0000
293.0000,206.0000,64.0000,58.0000
316.0000,211.0000,65.0000,59.0000
317.0000,206.0000,64.0000,58.0000
310.0000,210.0000,64.0000,58.0000
303.0000,218.0000,53.0000,68.0000
288.0000,234.0000,64.0000,61.0000
265.0000,251.0000,71.0000,52.0000
255.0000,256.0000,65.0000,59.0000
230.0000,279.0000,65.0000,59.0000
196.0000,296.0000,66.0000,59.0000
191.0000,303.0000,63.0000,51.0000
190.0000,303.0000,64.0000,51.0000
194.0000,301.0000,63.0000,52.0000
2
0
0
0
0
1
260.0000,444.0000,23.0000,66.0000
252.0000,472.0000,23.0000,70.0000
2
0
0
0
0
1
131.0000,510.0000,72.0000,40.0000
133.0000,510.0000,70.0000,40.0000
134.0000,510.0000,71.0000,39.0000
134.0000,509.0000,71.0000,40.0000
133.0000,510.0000,71.0000,39.0000
133.0000,510.0000,71.0000,39.0000
134.0000,510.0000,70.0000,38.0000
133.0000,510.0000,71.0000,38.0000
135.0000,511.0000,68.0000,38.0000
133.0000,511.0000,70.0000,37.0000
132.0000,508.0000,69.0000,39.0000
133.0000,507.0000,70.0000,38.0000
135.0000,507.0000,67.0000,38.0000
135.0000,507.0000,64.0000,39.0000
134.0000,508.0000,64.0000,40.0000
130.0000,509.0000,67.0000,40.0000
128.0000,512.0000,68.0000,38.0000
126.0000,514.0000,69.0000,37.0000
125.0000,514.0000,68.0000,37.0000
125.0000,514.0000,69.0000,38.0000
126.0000,514.0000,69.0000,37.0000
132.0000,498.0000,71.0000,40.0000
142.0000,500.0000,62.0000,38.0000
136.0000,505.0000,68.0000,39.0000
141.0000,508.0000,67.0000,38.0000
142.0000,509.0000,65.0000,37.0000
140.0000,510.0000,64.0000,37.0000
136.0000,507.0000,64.0000,37.0000
151.0000,493.0000,63.0000,36.0000
147.0000,500.0000,59.0000,39.0000
138.0000,512.0000,63.0000,36.0000
144.0000,510.0000,57.0000,39.0000
144.0000,516.0000,58.0000,37.0000
147.0000,519.0000,58.0000,36.0000
149.0000,521.0000,57.0000,36.0000
155.0000,521.0000,60.0000,39.0000
162.0000,525.0000,64.0000,39.0000
164.0000,530.0000,59.0000,38.0000
167.0000,543.0000,55.0000,37.0000
172.0000,558.0000,57.0000,41.0000
171.0000,558.0000,57.0000,40.0000
173.0000,559.0000,57.0000,40.0000
172.0000,565.0000,58.0000,41.0000
166.0000,582.0000,58.0000,43.0000
160.0000,613.0000,58.0000,40.0000
152.0000,634.0000,59.0000,39.0000
148.0000,630.0000,58.0000,40.0000
153.0000,630.0000,58.0000,41.0000
152.0000,629.0000,58.0000,39.0000
153.0000,630.0000,59.0000,39.0000
154.0000,628.0000,58.0000,39.0000
149.0000,628.0000,57.0000,40.0000
147.0000,624.0000,59.0000,39.0000
143.0000,625.0000,60.0000,39.0000
141.0000,629.0000,62.0000,38.0000
143.0000,631.0000,60.0000,39.0000
143.0000,634.0000,59.0000,40.0000
144.0000,635.0000,58.0000,38.0000
143.0000,633.0000,59.0000,39.0000
145.0000,634.0000,58.0000,38.0000
145.0000,635.0000,58.0000,37.0000
147.0000,636.0000,57.0000,37.0000
148.0000,637.0000,57.0000,37.0000
146.0000,636.0000,58.0000,39.0000
146.0000,635.0000,59.0000,40.0000
146.0000,634.0000,59.0000,41.0000
145.0000,635.0000,60.0000,40.0000
147.0000,638.0000,60.0000,40.0000
145.0000,637.0000,59.0000,40.0000
146.0000,640.0000,60.0000,39.0000
2
0
0
0
0
1
178.0000,634.0000,50.0000,65.0000
179.0000,633.0000,50.0000,70.0000
178.0000,633.0000,50.0000,71.0000
176.0000,635.0000,51.0000,72.0000
179.0000,644.0000,50.0000,56.0000
176.0000,639.0000,50.0000,71.0000
179.0000,644.0000,50.0000,56.0000
179.0000,643.0000,52.0000,56.0000
200.0000,649.0000,55.0000,62.0000
205.0000,651.0000,56.0000,63.0000
213.0000,657.0000,58.0000,65.0000
223.0000,669.0000,56.0000,66.0000
230.0000,676.0000,57.0000,64.0000
259.0000,694.0000,49.0000,70.0000
266.0000,715.0000,49.0000,69.0000
2
0
0
0
0
1
369.0000,771.0000,71.0000,48.0000
372.0000,773.0000,71.0000,45.0000
371.0000,776.0000,69.0000,43.0000
372.0000,778.0000,68.0000,42.0000
371.0000,762.0000,67.0000,53.0000
380.0000,768.0000,66.0000,52.0000
2
0
0
0
0
1
463.0000,710.0000,67.0000,42.0000
482.0000,708.0000,71.0000,49.0000
2
0
0
0
0
1
584.0000,830.0000,9.0000,17.0000
2
0
0
0
0
1
356.0000,836.0000,62.0000,18.0000
328.0000,829.0000,55.0000,19.0000
316.0000,823.0000,55.0000,18.0000
300.0000,809.0000,71.0000,19.0000
280.0000,789.0000,72.0000,19.0000
2
0
0
