1
127.0000,466.0000,27.0000,73.0000
133.0000,504.0000,28.0000,71.0000
155.0000,532.0000,28.0000,71.0000
154.0000,575.0000,31.0000,69.0000
154.0000,579.0000,27.0000,71.0000
153.0000,580.0000,28.0000,71.0000
153.0000,583.0000,29.0000,71.0000
157.0000,585.0000,28.0000,67.0000
157.0000,583.0000,28.0000,67.0000
159.0000,584.0000,27.0000,65.0000
159.0000,585.0000,27.0000,65.0000
159.0000,585.0000,28.0000,65.0000
174.0000,592.0000,26.0000,60.0000
2
0
0
0
0
1
162.0000,624.0000,25.0000,70.0000
163.0000,631.0000,24.0000,72.0000
168.0000,651.0000,25.0000,71.0000
178.0000,671.0000,27.0000,68.0000
196.0000,690.0000,26.0000,70.0000
212.0000,717.0000,26.0000,69.0000
237.0000,745.0000,26.0000,70.0000
261.0000,757.0000,26.0000,70.0000
2
0
0
0
0
1
399.0000,841.0000,73.0000,57.0000
406.0000,844.0000,74.0000,55.0000
412.0000,846.0000,75.0000,52.0000
440.0000,843.0000,69.0000,58.0000
476.0000,849.0000,74.0000,50.0000
509.0000,842.0000,69.0000,58.0000
549.0000,822.0000,68.0000,58.0000
571.0000,811.0000,67.0000,58.0000
570.0000,799.0000,68.0000,59.0000
569.0000,775.0000,67.0000,58.0000
569.0000,768.0000,68.0000,59.0000
568.0000,766.0000,67.0000,58.0000
544.0000,739.0000,66.0000,57.0000
548.0000,745.0000,66.0000,57.0000
551.0000,764.0000,65.0000,56.0000
552.0000,758.0000,65.0000,57.0000
555.0000,753.0000,65.0000,57.0000
550.0000,739.0000,58.0000,57.0000
551.0000,736.0000,57.0000,56.0000
553.0000,736.0000,55.0000,59.0000
559.0000,745.0000,55.0000,55.0000
563.0000,753.0000,56.0000,59.0000
558.0000,745.0000,55.0000,58.0000
554.0000,740.0000,55.0000,60.0000
2
0
0
0
0
1
559.0000,728.0000,33.0000,62.0000
559.0000,729.0000,32.0000,59.0000
559.0000,728.0000,33.0000,60.0000
560.0000,724.0000,33.0000,63.0000
558.0000,730.0000,35.0000,58.0000
556.0000,728.0000,35.0000,58.0000
556.0000,730.0000,34.0000,59.0000
555.0000,729.0000,36.0000,59.0000
559.0000,731.0000,36.0000,58.0000
559.0000,732.0000,33.0000,59.0000
558.0000,733.0000,34.0000,60.0000
556.0000,732.0000,34.0000,59.0000
554.0000,728.0000,31.0000,60.0000
553.0000,723.0000,33.0000,62.0000
551.0000,719.0000,32.0000,63.0000
547.0000,714.0000,32.0000,65.0000
544.0000,706.0000,31.0000,65.0000
540.0000,694.0000,32.0000,66.0000
535.0000,671.0000,33.0000,70.0000
535.0000,643.0000,36.0000,70.0000
544.0000,627.0000,35.0000,69.0000
544.0000,615.0000,35.0000,64.0000
568.0000,598.0000,34.0000,66.0000
590.0000,570.0000,35.0000,67.0000
605.0000,561.0000,40.0000,70.0000
622.0000,571.0000,36.0000,68.0000
656.0000,591.0000,36.0000,67.0000
685.0000,612.0000,36.0000,68.0000
699.0000,646.0000,36.0000,69.0000
707.0000,657.0000,42.0000,71.0000
703.0000,650.0000,42.0000,75.0000
710.0000,661.0000,38.0000,75.0000
718.0000,681.0000,36.0000,69.0000
729.0000,699.0000,34.0000,67.0000
730.0000,705.0000,32.0000,66.0000
724.0000,705.0000,35.0000,65.0000
720.0000,712.0000,36.0000,67.0000
710.0000,719.0000,35.0000,68.0000
698.0000,700.0000,36.0000,79.0000
684.0000,707.0000,36.0000,80.0000
672.0000,725.0000,36.0000,78.0000
651.0000,742.0000,37.0000,78.0000
640.0000,757.0000,37.0000,77.0000
637.0000,757.0000,37.0000,75.0000
637.0000,757.0000,36.0000,72.0000
624.0000,756.0000,40.0000,73.0000
621.0000,759.0000,38.0000,73.0000
609.0000,771.0000,39.0000,73.0000
595.0000,780.0000,39.0000,71.0000
575.0000,796.0000,40.0000,68.0000
546.0000,802.0000,44.0000,69.0000
517.0000,811.0000,42.0000,71.0000
509.0000,810.0000,40.0000,70.0000
502.0000,815.0000,38.0000,73.0000
497.0000,818.0000,38.0000,73.0000
494.0000,818.0000,40.0000,73.0000
495.0000,816.0000,40.0000,71.0000
493.0000,818.0000,41.0000,69.0000
489.0000,818.0000,43.0000,67.0000
477.0000,817.0000,40.0000,67.0000
456.0000,818.0000,44.0000,68.0000
439.0000,816.0000,45.0000,66.0000
424.0000,811.0000,44.0000,66.0000
394.0000,801.0000,44.0000,67.0000
369.0000,786.0000,43.0000,64.0000
362.0000,775.0000,38.0000,63.0000
351.0000,768.0000,38.0000,63.0000
348.0000,764.0000,42.0000,62.0000
337.0000,763.0000,42.0000,64.0000
331.0000,759.0000,43.0000,64.0000
329.0000,759.0000,41.0000,63.0000
329.0000,758.0000,38.0000,65.0000
333.0000,747.0000,39.0000,69.0000
343.0000,740.0000,38.0000,64.0000
351.0000,729.0000,36.0000,61.0000
379.0000,715.0000,38.0000,68.0000
396.0000,693.0000,39.0000,67.0000
408.0000,685.0000,41.0000,69.0000
420.0000,679.0000,43.0000,68.0000
439.0000,684.0000,43.0000,64.0000
454.0000,676.0000,41.0000,69.0000
467.0000,669.0000,35.0000,62.0000
473.0000,640.0000,38.0000,71.0000
470.0000,606.0000,38.0000,74.0000
460.0000,553.0000,35.0000,72.0000
441.0000,528.0000,34.0000,67.0000
414.0000,483.0000,27.0000,53.0000
390.0000,466.0000,27.0000,53.0000
358.0000,448.0000,34.0000,56.0000
332.0000,447.0000,34.0000,55.0000
319.0000,440.0000,34.0000,57.0000
313.0000,438.0000,33.0000,57.0000
313.0000,418.0000,27.0000,54.0000
291.0000,393.0000,27.0000,54.0000
2
0
0
0
0
1
291.0000,220.0000,41.0000,64.0000
2
0
0
0
0
1
307.0000,228.0000,35.0000,73.0000
293.0000,233.0000,35.0000,73.0000
276.0000,244.0000,35.0000,73.0000
247.0000,266.0000,35.0000,73.0000
217.0000,287.0000,35.0000,74.0000
205.0000,294.0000,36.0000,76.0000
214.0000,282.0000,36.0000,75.0000
214.0000,282.0000,36.0000,74.0000
213.0000,291.0000,36.0000,74.0000
220.0000,290.0000,36.0000,75.0000
231.0000,298.0000,37.0000,76.0000
239.0000,316.0000,37.0000,75.0000
245.0000,316.0000,36.0000,74.0000
250.0000,363.0000,35.0000,73.0000
255.0000,404.0000,34.0000,72.0000
241.0000,451.0000,35.0000,74.0000
217.0000,478.0000,35.0000,74.0000
200.0000,490.0000,35.0000,75.0000
170.0000,486.0000,36.0000,77.0000
2
0
0
0
0
1
131.0000,508.0000,76.0000,43.0000
129.0000,509.0000,76.0000,42.0000
129.0000,509.0000,76.0000,41.0000
130.0000,508.0000,77.0000,42.0000
129.0000,509.0000,76.0000,42.0000
130.0000,509.0000,76.0000,41.0000
128.0000,509.0000,77.0000,41.0000
127.0000,507.0000,74.0000,40.0000
129.0000,505.0000,75.0000,42.0000
130.0000,506.0000,75.0000,41.0000
130.0000,506.0000,71.0000,40.0000
128.0000,504.0000,73.0000,43.0000
126.0000,508.0000,74.0000,42.0000
124.0000,509.0000,74.0000,41.0000
123.0000,511.0000,74.0000,40.0000
121.0000,510.0000,75.0000,41.0000
121.0000,511.0000,75.0000,41.0000
122.0000,510.0000,74.0000,42.0000
126.0000,493.0000,78.0000,45.0000
129.0000,496.0000,77.0000,45.0000
133.0000,503.0000,77.0000,45.0000
137.0000,504.0000,78.0000,45.0000
148.0000,523.0000,77.0000,45.0000
145.0000,526.0000,77.0000,45.0000
147.0000,508.0000,76.0000,44.0000
163.0000,464.0000,72.0000,43.0000
2
0
0
0
0
1
169.0000,512.0000,49.0000,66.0000
172.0000,514.0000,48.0000,65.0000
181.0000,523.0000,44.0000,71.0000
184.0000,537.0000,42.0000,71.0000
190.0000,552.0000,41.0000,75.0000
191.0000,553.0000,42.0000,74.0000
191.0000,554.0000,43.0000,75.0000
191.0000,561.0000,40.0000,72.0000
184.0000,575.0000,44.0000,69.0000
180.0000,609.0000,45.0000,70.0000
169.0000,619.0000,45.0000,71.0000
169.0000,626.0000,41.0000,70.0000
170.0000,625.0000,41.0000,69.0000
168.0000,617.0000,44.0000,70.0000
171.0000,623.0000,42.0000,69.0000
173.0000,622.0000,43.0000,68.0000
167.0000,621.0000,45.0000,71.0000
165.0000,613.0000,44.0000,70.0000
164.0000,614.0000,44.0000,70.0000
165.0000,624.0000,43.0000,66.0000
166.0000,628.0000,42.0000,66.0000
164.0000,631.0000,43.0000,68.0000
167.0000,630.0000,41.0000,68.0000
165.0000,629.0000,41.0000,68.0000
167.0000,630.0000,42.0000,67.0000
166.0000,630.0000,41.0000,70.0000
167.0000,630.0000,42.0000,69.0000
167.0000,632.0000,41.0000,67.0000
167.0000,633.0000,41.0000,66.0000
167.0000,632.0000,40.0000,67.0000
168.0000,631.0000,41.0000,66.0000
168.0000,633.0000,39.0000,64.0000
168.0000,634.0000,39.0000,67.0000
168.0000,636.0000,39.0000,65.0000
169.0000,636.0000,40.0000,67.0000
169.0000,632.0000,38.0000,70.0000
170.0000,626.0000,38.0000,71.0000
170.0000,624.0000,39.0000,73.0000
169.0000,623.0000,45.0000,73.0000
174.0000,625.0000,46.0000,68.0000
181.0000,625.0000,46.0000,70.0000
180.0000,633.0000,44.0000,61.0000
175.0000,640.0000,47.0000,56.0000
175.0000,642.0000,46.0000,57.0000
177.0000,642.0000,45.0000,57.0000
178.0000,643.0000,45.0000,56.0000
178.0000,644.0000,45.0000,55.0000
179.0000,644.0000,45.0000,55.0000
179.0000,643.0000,45.0000,56.0000
200.0000,650.0000,47.0000,59.0000
205.0000,652.0000,47.0000,59.0000
215.0000,658.0000,46.0000,60.0000
223.0000,670.0000,49.0000,62.0000
230.0000,676.0000,50.0000,62.0000
253.0000,691.0000,44.0000,70.0000
2
0
0
0
0
1
362.0000,766.0000,67.0000,61.0000
369.0000,771.0000,67.0000,51.0000
371.0000,773.0000,67.0000,49.0000
372.0000,774.0000,65.0000,48.0000
373.0000,775.0000,64.0000,47.0000
377.0000,759.0000,62.0000,60.0000
377.0000,755.0000,62.0000,60.0000
383.0000,761.0000,62.0000,60.0000
384.0000,760.0000,63.0000,61.0000
386.0000,741.0000,63.0000,61.0000
397.0000,730.0000,64.0000,62.0000
422.0000,732.0000,60.0000,48.0000
439.0000,713.0000,62.0000,60.0000
461.0000,717.0000,61.0000,46.0000
479.0000,713.0000,73.0000,50.0000
518.0000,710.0000,63.0000,61.0000
565.0000,746.0000,70.0000,58.0000
594.0000,773.0000,52.0000,67.0000
599.0000,790.0000,48.0000,63.0000
587.0000,786.0000,66.0000,64.0000
585.0000,796.0000,65.0000,63.0000
572.0000,799.0000,65.0000,63.0000
559.0000,809.0000,64.0000,62.0000
532.0000,817.0000,65.0000,63.0000
517.0000,820.0000,64.0000,62.0000
493.0000,826.0000,63.0000,61.0000
456.0000,828.0000,63.0000,61.0000
418.0000,819.0000,63.0000,61.0000
355.0000,818.0000,64.0000,62.0000
315.0000,812.0000,72.0000,53.0000
307.0000,807.0000,66.0000,51.0000
300.0000,781.0000,58.0000,58.0000
286.0000,752.0000,63.0000,61.0000
283.0000,719.0000,54.0000,64.0000
255.0000,695.0000,64.0000,62.0000
247.0000,687.0000,63.0000,57.0000
