0.000167
0.047059
0.024822
0.024555
0.024491
0.024589
0.024658
0.024508
0.024833
0.024436
0.024368
0.024238
0.02409
0.024977
0.024389
0.024377
0.024383
0.023946
0.024066
0.02412
0.024738
0.024319
0.024108
0.023902
0.023953
0.023895
0.023989
0.023918
0.025026
0.023868
0.023884
0.023854
0.023948
0.024193
0.023921
0.024512
0.02405
0.024021
0.024061
0.024396
0.023929
0.023876
0.023925
0.024932
0.024003
0.023858
0.024037
0.023914
0.024033
0.024018
0.024074
0.023995
0.023937
0.023955
0.024933
0.024281
0.024091
0.02409
0.024093
0.024435
0.02419
0.024134
0.024472
0.024552
0.024928
0.025016
0.024644
0.024516
0.025107
0.024454
0.024171
0.024374
0.024158
0.024155
0.024139
0.024162
0.024275
0.024969
0.024167
0.024485
0.024362
0.024099
0.024151
0.024119
0.024533
0.024197
0.024321
0.024571
0.025151
0.024981
0.02464
0.025154
0.024627
0.025289
0.024488
0.025542
0.024767
0.024851
0.02483
0.024886
0.024357
0.024255
0.024789
0.025014
0.02479
