1
315.0000,542.0000,13.0000,50.0000
310.0000,525.0000,12.0000,45.0000
306.0000,532.0000,14.0000,56.0000
316.0000,532.0000,13.0000,49.0000
316.0000,515.0000,17.0000,47.0000
302.0000,498.0000,13.0000,48.0000
2
0
0
0
0
1
340.0000,433.0000,16.0000,47.0000
345.0000,422.0000,17.0000,46.0000
358.0000,426.0000,17.0000,47.0000
376.0000,437.0000,19.0000,43.0000
394.0000,433.0000,17.0000,47.0000
392.0000,412.0000,17.0000,48.0000
374.0000,401.0000,17.0000,50.0000
374.0000,389.0000,15.0000,49.0000
374.0000,391.0000,15.0000,46.0000
374.0000,380.0000,15.0000,51.0000
365.0000,377.0000,16.0000,44.0000
351.0000,370.0000,17.0000,48.0000
345.0000,357.0000,16.0000,47.0000
347.0000,347.0000,17.0000,49.0000
345.0000,322.0000,18.0000,51.0000
345.0000,314.0000,17.0000,49.0000
366.0000,301.0000,17.0000,48.0000
372.0000,283.0000,17.0000,48.0000
373.0000,262.0000,17.0000,48.0000
389.0000,236.0000,17.0000,48.0000
401.0000,234.0000,17.0000,48.0000
414.0000,258.0000,16.0000,51.0000
432.0000,267.0000,17.0000,48.0000
449.0000,281.0000,16.0000,53.0000
456.0000,292.0000,17.0000,45.0000
462.0000,295.0000,17.0000,47.0000
441.0000,312.0000,18.0000,48.0000
437.0000,302.0000,19.0000,56.0000
428.0000,321.0000,17.0000,49.0000
408.0000,322.0000,17.0000,50.0000
384.0000,320.0000,17.0000,50.0000
365.0000,305.0000,17.0000,50.0000
2
0
0
0
0
1
244.0000,248.0000,25.0000,64.0000
268.0000,265.0000,22.0000,67.0000
295.0000,283.0000,22.0000,67.0000
310.0000,296.0000,22.0000,67.0000
339.0000,302.0000,22.0000,67.0000
334.0000,317.0000,18.0000,60.0000
338.0000,313.0000,22.0000,58.0000
348.0000,331.0000,22.0000,68.0000
354.0000,350.0000,22.0000,68.0000
352.0000,376.0000,21.0000,66.0000
347.0000,386.0000,20.0000,60.0000
327.0000,378.0000,21.0000,66.0000
305.0000,367.0000,21.0000,66.0000
296.0000,340.0000,16.0000,64.0000
295.0000,341.0000,16.0000,59.0000
303.0000,339.0000,16.0000,59.0000
297.0000,348.0000,16.0000,64.0000
298.0000,340.0000,16.0000,69.0000
302.0000,341.0000,14.0000,61.0000
299.0000,330.0000,16.0000,63.0000
287.0000,335.0000,17.0000,71.0000
292.0000,344.0000,24.0000,62.0000
316.0000,347.0000,15.0000,62.0000
303.0000,346.0000,23.0000,62.0000
285.0000,331.0000,23.0000,68.0000
290.0000,328.0000,15.0000,65.0000
298.0000,340.0000,17.0000,60.0000
308.0000,341.0000,16.0000,60.0000
305.0000,348.0000,16.0000,68.0000
310.0000,350.0000,20.0000,59.0000
324.0000,354.0000,15.0000,68.0000
327.0000,369.0000,18.0000,62.0000
341.0000,365.0000,17.0000,60.0000
346.0000,362.0000,16.0000,63.0000
344.0000,345.0000,17.0000,71.0000
347.0000,336.0000,25.0000,62.0000
373.0000,333.0000,24.0000,71.0000
401.0000,332.0000,18.0000,65.0000
402.0000,321.0000,17.0000,63.0000
393.0000,319.0000,16.0000,67.0000
397.0000,315.0000,20.0000,69.0000
414.0000,301.0000,17.0000,64.0000
419.0000,311.0000,18.0000,66.0000
440.0000,301.0000,24.0000,74.0000
464.0000,313.0000,18.0000,71.0000
474.0000,323.0000,18.0000,65.0000
481.0000,318.0000,16.0000,67.0000
483.0000,308.0000,15.0000,65.0000
487.0000,308.0000,15.0000,63.0000
495.0000,298.0000,24.0000,71.0000
514.0000,284.0000,21.0000,61.0000
530.0000,282.0000,21.0000,62.0000
548.0000,269.0000,20.0000,67.0000
563.0000,260.0000,18.0000,62.0000
571.0000,250.0000,17.0000,66.0000
581.0000,231.0000,19.0000,73.0000
588.0000,216.0000,16.0000,68.0000
594.0000,211.0000,19.0000,61.0000
607.0000,212.0000,19.0000,61.0000
615.0000,212.0000,15.0000,61.0000
600.0000,204.0000,23.0000,62.0000
582.0000,196.0000,18.0000,61.0000
580.0000,203.0000,15.0000,61.0000
566.0000,193.0000,22.0000,66.0000
558.0000,193.0000,23.0000,72.0000
2
0
0
0
0
1
472.0000,167.0000,29.0000,83.0000
488.0000,182.0000,41.0000,80.0000
500.0000,189.0000,27.0000,76.0000
498.0000,180.0000,31.0000,76.0000
513.0000,168.0000,28.0000,80.0000
527.0000,161.0000,31.0000,74.0000
548.0000,154.0000,28.0000,80.0000
