16.293
0.31226
0.22862
0.12716
0.12817
0.11944
0.39789
0.10228
0.10251
0.10552
0.10105
0.10429
0.21865
0.10435
0.10143
0.102
0.10406
0.10429
0.20977
0.10463
0.10113
0.10322
0.10076
0.10316
0.21083
0.10421
0.099976
0.10441
0.1055
0.099632
0.21608
0.10306
0.10444
0.10005
0.10455
0.099274
0.21443
0.10025
0.10462
0.10182
0.1034
0.10166
0.212
0.099693
0.10399
0.099669
0.10489
0.10063
0.21206
0.098888
0.16894
0.10554
0.10389
0.10467
0.21809
0.10638
0.10507
0.10487
0.10098
0.10656
0.2263
0.12653
0.11967
0.12582
0.12136
0.1194
0.2115
0.10724
0.10428
0.13052
0.12625
0.12961
0.23657
0.1251
0.10635
0.10659
0.11374
0.11828
0.25549
0.13033
0.11974
0.11302
0.10664
0.10987
0.21743
0.11251
0.12328
0.12434
0.12067
0.12617
0.23665
0.10883
0.10429
0.10701
0.102
0.10845
0.21256
0.10737
0.10347
0.10905
0.10303
0.10604
0.21398
0.109
0.10243
0.10868
0.10616
0.10839
0.21119
0.1078
0.10436
0.10782
0.1064
0.10829
0.21537
0.10357
0.10166
0.11756
0.12551
0.12417
0.2386
0.10739
0.1035
0.10738
0.1033
0.10682
0.21119
0.10795
0.1049
0.10835
0.10419
0.11076
0.21948
0.1063
0.10377
0.10838
0.1034
0.10807
0.22185
0.13536
0.12315
0.12645
0.12331
0.12889
0.23852
0.11001
0.10845
0.114
0.11011
0.11261
0.21979
0.11369
0.11034
0.11385
0.11384
0.12414
0.27707
0.13006
0.11098
0.11408
0.11064
0.11471
0.21893
0.11558
0.11199
0.12743
0.1239
0.12514
0.26396
0.12629
0.10822
0.11008
0.10573
0.11045
0.21404
0.10884
0.10588
0.10838
0.10595
0.10885
0.21371
0.10923
0.10583
0.10875
0.10661
0.10987
0.21402
0.1086
0.10607
0.10954
0.1054
0.11129
0.21192
0.10852
0.10686
0.10829
0.10628
0.10931
0.21227
0.10863
0.10502
0.10962
0.10542
0.10956
0.2144
0.10938
0.1068
0.10939
0.1064
0.10999
0.2139
0.10921
0.10539
0.10923
0.10694
0.10891
0.21937
0.11033
0.10702
0.10951
0.10741
0.11188
0.24946
0.11971
0.1255
0.12699
0.1233
0.12779
0.24864
0.11134
0.10775
0.11197
0.10907
0.11185
0.21479
0.1112
0.10721
0.11235
0.10634
0.11175
0.21448
0.1108
0.10788
0.11216
0.10818
0.11083
0.21475
0.11111
0.1078
0.1117
0.10751
