1
445.4600,340.1350,39.0000,37.0000
442.9313,339.6350,40.0000,38.0000
443.4313,338.0797,39.0000,37.0000
442.9313,337.5797,40.0000,38.0000
440.8760,337.5797,40.0000,38.0000
440.8760,337.5797,40.0000,38.0000
440.8760,337.5797,40.0000,38.0000
440.8760,337.5797,40.0000,38.0000
440.3760,336.5658,41.0000,39.0000
438.2405,336.5658,41.0000,39.0000
436.1051,334.4304,41.0000,39.0000
436.1051,336.5658,41.0000,39.0000
433.9358,334.9304,40.0000,38.0000
430.8666,334.4304,41.0000,39.0000
428.7312,334.4304,41.0000,39.0000
426.0619,332.2949,41.0000,39.0000
426.0280,332.7949,40.0000,38.0000
426.0280,332.7949,40.0000,38.0000
407.0160,345.1270,40.0000,38.0000
426.0280,329.7119,40.0000,38.0000
420.9034,329.2119,41.0000,39.0000
417.7680,328.7119,43.0000,40.0000
415.5393,325.9260,43.0000,40.0000
415.5393,325.9260,43.0000,40.0000
415.0393,324.9260,44.0000,42.0000
415.0393,322.6571,44.0000,42.0000
417.8755,320.3882,44.0000,42.0000
421.9133,319.8882,45.0000,43.0000
424.2624,317.5392,45.0000,43.0000
424.2624,317.5392,45.0000,43.0000
429.5477,317.5392,45.0000,43.0000
431.8967,315.1901,45.0000,43.0000
436.6820,314.6901,46.0000,44.0000
439.0577,314.6901,46.0000,44.0000
441.0273,311.8144,48.0000,45.0000
441.0273,311.8144,48.0000,45.0000
444.1136,311.8144,48.0000,45.0000
447.1998,311.8144,48.0000,45.0000
424.3618,318.6041,48.0000,45.0000
401.0237,340.4421,49.0000,47.0000
2
0
0
0
0
1
467.1764,293.8920,51.0000,42.0000
467.1764,293.8920,51.0000,42.0000
470.2593,290.8091,51.0000,42.0000
472.7257,285.8763,51.0000,42.0000
472.7257,282.7933,51.0000,42.0000
475.1921,277.2440,51.0000,42.0000
475.1921,274.1610,51.0000,42.0000
475.1921,274.1610,51.0000,42.0000
475.1921,268.6117,51.0000,42.0000
472.2257,262.5623,52.0000,43.0000
469.6792,256.8326,52.0000,43.0000
467.1326,253.6494,52.0000,43.0000
466.1326,247.4196,54.0000,44.0000
466.1326,250.0056,54.0000,44.0000
466.1326,244.1871,54.0000,44.0000
466.1326,239.0152,54.0000,44.0000
465.1326,234.7827,56.0000,46.0000
467.8255,231.4165,56.0000,46.0000
467.8255,228.0504,56.0000,46.0000
467.8255,228.0504,56.0000,46.0000
465.1326,222.6646,56.0000,46.0000
462.4397,219.9717,56.0000,46.0000
459.7468,217.2788,56.0000,46.0000
457.0539,214.5859,56.0000,46.0000
453.8610,211.3930,57.0000,47.0000
453.8610,211.3930,57.0000,47.0000
453.8610,211.3930,57.0000,47.0000
453.8610,211.3930,57.0000,47.0000
456.6341,208.6199,57.0000,47.0000
460.1004,208.6199,57.0000,47.0000
469.1130,208.6199,57.0000,47.0000
469.1130,208.6199,57.0000,47.0000
481.5919,211.3930,57.0000,47.0000
493.3775,214.1661,57.0000,47.0000
507.6294,215.9391,59.0000,49.0000
523.4694,219.5391,59.0000,49.0000
539.3093,223.1391,59.0000,49.0000
536.4293,223.1391,59.0000,49.0000
549.3892,229.6191,59.0000,49.0000
558.7492,233.9391,59.0000,49.0000
562.3492,240.4190,59.0000,49.0000
565.2291,246.8990,59.0000,49.0000
568.1091,253.3790,59.0000,49.0000
568.1091,253.3790,59.0000,49.0000
574.5891,259.8589,59.0000,49.0000
583.9490,269.2189,59.0000,49.0000
593.3090,275.6989,59.0000,49.0000
599.7890,281.4588,59.0000,49.0000
603.3890,287.9388,59.0000,49.0000
603.3890,287.9388,59.0000,49.0000
609.8689,291.5388,59.0000,49.0000
613.4689,295.8587,59.0000,49.0000
619.9489,299.4587,59.0000,49.0000
622.8289,303.0587,59.0000,49.0000
626.4288,305.9387,59.0000,49.0000
628.5888,305.9387,59.0000,49.0000
609.1489,279.2988,59.0000,49.0000
603.6689,306.9387,57.0000,47.0000
629.3200,310.4051,57.0000,47.0000
634.1729,313.8714,57.0000,47.0000
634.1729,313.8714,57.0000,47.0000
634.1729,313.8714,57.0000,47.0000
634.1729,316.6445,57.0000,47.0000
634.1729,316.6445,57.0000,47.0000
635.9460,315.6445,59.0000,49.0000
635.9460,315.6445,59.0000,49.0000
638.8260,315.6445,59.0000,49.0000
638.8260,315.6445,59.0000,49.0000
640.9860,315.6445,59.0000,49.0000
640.9860,314.2045,59.0000,49.0000
640.9860,314.2045,59.0000,49.0000
638.1060,312.0445,59.0000,49.0000
635.2260,312.0445,59.0000,49.0000
635.2260,312.0445,59.0000,49.0000
631.6260,309.1645,59.0000,49.0000
628.7460,309.1645,59.0000,49.0000
628.7460,309.1645,59.0000,49.0000
625.8660,310.6045,59.0000,49.0000
625.8660,310.6045,59.0000,49.0000
625.8660,310.6045,59.0000,49.0000
616.5061,283.9647,59.0000,49.0000
589.8662,274.6047,59.0000,49.0000
612.1861,291.1646,59.0000,49.0000
615.7861,310.6045,59.0000,49.0000
615.7861,310.6045,59.0000,49.0000
615.7861,310.6045,59.0000,49.0000
615.7861,310.6045,59.0000,49.0000
615.7861,310.6045,59.0000,49.0000
612.9061,313.4845,59.0000,49.0000
610.0261,313.4845,59.0000,49.0000
607.1461,313.4845,59.0000,49.0000
607.1461,313.4845,59.0000,49.0000
603.5461,313.4845,59.0000,49.0000
597.0662,313.4845,59.0000,49.0000
594.1862,312.0445,59.0000,49.0000
587.7062,312.0445,59.0000,49.0000
584.1063,312.0445,59.0000,49.0000
584.1063,312.0445,59.0000,49.0000
581.2263,312.0445,59.0000,49.0000
577.6263,312.0445,59.0000,49.0000
571.8663,312.0445,59.0000,49.0000
568.9863,312.0445,59.0000,49.0000
566.1063,312.0445,59.0000,49.0000
566.1063,312.0445,59.0000,49.0000
563.2264,312.0445,59.0000,49.0000
563.2264,310.6045,59.0000,49.0000
560.3464,310.6045,59.0000,49.0000
557.4664,310.6045,59.0000,49.0000
554.5864,310.6045,59.0000,49.0000
554.5864,310.6045,59.0000,49.0000
550.9864,310.6045,59.0000,49.0000
548.1064,307.7245,59.0000,49.0000
542.3464,307.7245,59.0000,49.0000
539.4665,307.7245,59.0000,49.0000
536.5865,304.8445,59.0000,49.0000
536.5865,304.8445,59.0000,49.0000
532.9865,304.8445,59.0000,49.0000
529.3865,304.8445,59.0000,49.0000
525.7866,301.9646,59.0000,49.0000
519.3066,301.9646,59.0000,49.0000
516.4266,298.3646,59.0000,49.0000
516.4266,298.3646,59.0000,49.0000
509.9466,295.4846,59.0000,49.0000
503.4666,292.6046,59.0000,49.0000
496.9867,289.0046,59.0000,49.0000
490.5067,285.4046,59.0000,49.0000
481.1468,282.5247,59.0000,49.0000
481.1468,282.5247,59.0000,49.0000
474.6668,278.2047,59.0000,49.0000
468.1868,274.6047,59.0000,49.0000
461.7069,271.0047,59.0000,49.0000
452.3469,267.4047,59.0000,49.0000
445.8669,263.8047,59.0000,49.0000
445.8669,263.8047,59.0000,49.0000
436.5070,260.2048,59.0000,49.0000
427.1470,256.6048,59.0000,49.0000
420.6671,250.8448,59.0000,49.0000
411.3071,247.9648,59.0000,49.0000
401.9472,245.0849,59.0000,49.0000
401.9472,245.0849,59.0000,49.0000
392.5872,245.0849,59.0000,49.0000
384.6672,242.2049,59.0000,49.0000
378.1873,242.2049,59.0000,49.0000
371.7073,242.2049,59.0000,49.0000
365.2274,243.6449,59.0000,49.0000
358.7474,243.6449,59.0000,49.0000
358.7474,243.6449,59.0000,49.0000
352.2674,243.6449,59.0000,49.0000
346.7874,248.2448,57.0000,47.0000
343.3211,251.0179,57.0000,47.0000
340.5480,255.8708,57.0000,47.0000
337.7749,261.4170,57.0000,47.0000
337.7749,261.4170,57.0000,47.0000
337.7749,267.6564,57.0000,47.0000
336.3884,273.8959,57.0000,47.0000
336.3884,282.9084,57.0000,47.0000
336.3884,289.1479,57.0000,47.0000
339.1615,295.3873,57.0000,47.0000
337.7749,295.3873,57.0000,47.0000
337.7749,304.3998,57.0000,47.0000
340.5480,308.5594,57.0000,47.0000
340.5480,314.7989,57.0000,47.0000
343.8211,321.5383,56.0000,46.0000
347.1872,324.9045,56.0000,46.0000
347.1872,324.9045,56.0000,46.0000
350.5533,330.9635,56.0000,46.0000
353.2462,334.3297,56.0000,46.0000
356.6124,337.6958,56.0000,46.0000
359.3053,337.6958,56.0000,46.0000
359.3053,340.3887,56.0000,46.0000
359.3053,340.3887,56.0000,46.0000
361.9982,340.3887,56.0000,46.0000
364.6911,340.3887,56.0000,46.0000
364.6911,340.3887,56.0000,46.0000
364.6911,340.3887,56.0000,46.0000
367.3840,340.3887,56.0000,46.0000
367.3840,340.3887,56.0000,46.0000
367.3840,340.3887,56.0000,46.0000
369.4037,337.6958,56.0000,46.0000
369.4037,337.6958,56.0000,46.0000
372.0966,335.0029,56.0000,46.0000
372.0966,335.0029,56.0000,46.0000
372.0966,335.0029,56.0000,46.0000
372.0966,332.3100,56.0000,46.0000
374.7895,332.3100,56.0000,46.0000
375.7895,333.3100,54.0000,44.0000
375.7895,330.0775,54.0000,44.0000
375.7895,327.4915,54.0000,44.0000
375.7895,327.4915,54.0000,44.0000
373.8500,327.4915,54.0000,44.0000
373.8500,324.9055,54.0000,44.0000
373.2035,322.3195,54.0000,44.0000
370.6175,321.0265,54.0000,44.0000
368.0315,318.4405,54.0000,44.0000
370.6175,318.4405,54.0000,44.0000
368.0315,318.4405,54.0000,44.0000
365.4456,315.8546,54.0000,44.0000
362.8596,313.2686,54.0000,44.0000
360.6271,313.1221,52.0000,43.0000
355.5340,310.5755,52.0000,43.0000
355.5340,310.5755,52.0000,43.0000
352.9874,308.0290,52.0000,43.0000
350.4409,307.3923,52.0000,43.0000
347.2577,305.4824,52.0000,43.0000
344.0745,304.8458,52.0000,43.0000
340.8913,302.2992,52.0000,43.0000
340.8913,302.2992,52.0000,43.0000
338.3447,302.2992,52.0000,43.0000
338.3447,302.2992,52.0000,43.0000
338.3447,302.9358,52.0000,43.0000
335.7982,302.9358,52.0000,43.0000
335.7982,302.9358,52.0000,43.0000
335.7982,302.9358,52.0000,43.0000
333.2516,302.9358,52.0000,43.0000
333.2516,302.9358,52.0000,43.0000
330.7050,302.9358,52.0000,43.0000
328.1585,302.9358,52.0000,43.0000
328.1585,302.9358,52.0000,43.0000
328.1585,302.9358,52.0000,43.0000
328.1585,304.2091,52.0000,43.0000
327.5219,304.2091,52.0000,43.0000
326.2486,306.7557,52.0000,43.0000
326.2486,306.7557,52.0000,43.0000
323.7020,306.7557,52.0000,43.0000
323.7020,306.7557,52.0000,43.0000
323.7020,306.7557,52.0000,43.0000
321.7921,306.7557,52.0000,43.0000
321.7921,306.7557,52.0000,43.0000
321.7921,306.7557,52.0000,43.0000
322.2921,307.2557,51.0000,42.0000
322.2921,307.2557,51.0000,42.0000
324.7585,307.2557,51.0000,42.0000
322.2921,307.2557,51.0000,42.0000
324.7585,307.2557,51.0000,42.0000
324.7585,307.2557,51.0000,42.0000
324.7585,307.2557,51.0000,42.0000
324.7585,307.2557,51.0000,42.0000
327.2249,307.2557,51.0000,42.0000
327.2249,307.2557,51.0000,42.0000
327.2249,304.7893,51.0000,42.0000
327.2249,304.7893,51.0000,42.0000
329.6912,304.7893,51.0000,42.0000
329.6912,304.7893,51.0000,42.0000
330.1912,302.8229,50.0000,41.0000
327.7516,300.3833,50.0000,41.0000
327.7516,297.9436,50.0000,41.0000
327.7516,295.5040,50.0000,41.0000
327.7516,293.0643,50.0000,41.0000
327.7516,293.0643,50.0000,41.0000
325.3119,290.0147,50.0000,41.0000
322.8723,284.5255,50.0000,41.0000
320.8227,280.1462,48.0000,40.0000
317.8893,277.2128,48.0000,40.0000
312.6091,271.9326,48.0000,40.0000
312.6091,271.9326,48.0000,40.0000
309.6757,266.6524,48.0000,40.0000
304.3955,261.9590,48.0000,40.0000
301.4621,259.0255,48.0000,40.0000
296.7686,254.9187,48.0000,40.0000
292.0751,251.9853,48.0000,40.0000
292.0751,251.9853,48.0000,40.0000
289.1417,249.0518,48.0000,40.0000
284.4482,244.9450,48.0000,40.0000
281.5147,242.5983,48.0000,40.0000
276.2346,239.6649,48.0000,40.0000
273.3011,237.3181,48.0000,40.0000
273.3011,237.3181,48.0000,40.0000
268.0209,234.9714,48.0000,40.0000
262.7408,232.6246,48.0000,40.0000
257.4606,230.2779,48.0000,40.0000
252.1804,230.2779,48.0000,40.0000
246.9002,230.2779,48.0000,40.0000
246.9002,230.2779,48.0000,40.0000
241.6200,228.5178,48.0000,40.0000
238.6866,230.8646,48.0000,40.0000
233.4064,232.0379,48.0000,40.0000
231.0597,234.3847,48.0000,40.0000
228.7130,237.3181,48.0000,40.0000
228.7130,237.3181,48.0000,40.0000
226.3662,242.0116,48.0000,40.0000
226.3662,245.5317,48.0000,40.0000
226.3662,250.2252,48.0000,40.0000
227.5396,255.5054,48.0000,40.0000
228.7130,260.7856,48.0000,40.0000
228.7130,260.7856,48.0000,40.0000
231.6464,268.4125,48.0000,40.0000
234.5798,276.0394,48.0000,40.0000
239.8600,281.3196,48.0000,40.0000
245.1402,290.1199,48.0000,40.0000
252.1804,297.7468,48.0000,40.0000
252.1804,297.7468,48.0000,40.0000
257.4606,304.7870,48.0000,40.0000
262.7408,310.0672,48.0000,40.0000
263.2408,313.5007,47.0000,39.0000
265.5073,316.3339,47.0000,39.0000
268.7739,321.8670,45.0000,37.0000
269.2739,321.8271,44.0000,36.0000
269.7739,323.3936,43.0000,35.0000
267.7212,323.3936,43.0000,35.0000
261.5629,322.8804,43.0000,35.0000
254.8915,320.3145,43.0000,35.0000
250.2728,319.2881,43.0000,35.0000
250.2728,319.2881,43.0000,35.0000
242.5618,315.1694,42.0000,34.0000
236.4772,313.1369,41.0000,33.0000
230.1533,312.1640,41.0000,33.0000
223.8294,312.1640,41.0000,33.0000
219.4513,309.7317,41.0000,33.0000
219.4513,309.7317,41.0000,33.0000
213.1274,307.7859,41.0000,33.0000
206.8035,305.8401,41.0000,33.0000
198.0473,303.8942,41.0000,33.0000
189.7775,301.9484,41.0000,33.0000
183.4536,300.0026,41.0000,33.0000
183.4536,300.0026,41.0000,33.0000
175.6704,299.5161,41.0000,33.0000
166.9142,295.1380,41.0000,33.0000
160.5903,295.1380,41.0000,33.0000
153.7799,295.1380,41.0000,33.0000
147.4560,292.7058,41.0000,33.0000
147.4560,292.7058,41.0000,33.0000
142.1321,293.2058,39.0000,32.0000
135.9362,293.2058,39.0000,32.0000
129.7404,293.2058,39.0000,32.0000
125.4509,293.2058,39.0000,32.0000
126.8808,295.5888,39.0000,32.0000
126.8808,295.5888,39.0000,32.0000
132.6000,299.8782,39.0000,32.0000
141.1789,306.0741,39.0000,32.0000
154.0472,312.7465,39.0000,32.0000
143.0853,314.1763,39.0000,32.0000
160.7196,322.7552,39.0000,32.0000
160.7196,322.7552,39.0000,32.0000
178.3540,333.2405,39.0000,32.0000
194.9883,340.8428,41.0000,33.0000
212.9871,346.1938,41.0000,33.0000
230.0130,352.5177,41.0000,33.0000
234.3911,354.9500,41.0000,33.0000
234.3911,354.9500,41.0000,33.0000
238.7692,358.8416,41.0000,33.0000
241.2015,360.7874,41.0000,33.0000
245.5796,363.2197,41.0000,33.0000
249.9577,365.6519,41.0000,33.0000
256.7681,368.0842,41.0000,33.0000
265.5242,372.4623,41.0000,33.0000
265.5242,372.4623,41.0000,33.0000
274.2669,374.3946,42.0000,34.0000
285.4100,377.9401,42.0000,34.0000
296.5531,380.4727,42.0000,34.0000
305.1637,385.0312,42.0000,34.0000
313.7743,387.5637,42.0000,34.0000
313.7743,387.5637,42.0000,34.0000
322.8914,391.6158,42.0000,34.0000
329.9824,394.1483,42.0000,34.0000
336.5670,396.1743,42.0000,34.0000
341.1255,396.6808,42.0000,34.0000
347.7101,398.2003,42.0000,34.0000
347.7101,398.2003,42.0000,34.0000
356.3207,401.2393,42.0000,34.0000
364.9313,403.2654,42.0000,34.0000
373.0419,405.2979,43.0000,35.0000
382.2792,407.3506,43.0000,35.0000
389.4639,408.8902,43.0000,35.0000
389.4639,408.8902,43.0000,35.0000
398.7013,410.4298,43.0000,35.0000
405.8859,412.4825,43.0000,35.0000
415.6364,415.5616,43.0000,35.0000
426.9266,416.5880,43.0000,35.0000
436.1640,418.1276,43.0000,35.0000
436.1640,418.6408,43.0000,35.0000
447.4541,420.6935,43.0000,35.0000
456.6915,421.2067,43.0000,35.0000
465.4157,423.7727,43.0000,35.0000
472.0871,423.7727,43.0000,35.0000
478.7586,423.7727,43.0000,35.0000
478.7586,423.7727,43.0000,35.0000
483.3773,423.7727,43.0000,35.0000
494.6674,423.7727,43.0000,35.0000
503.9048,423.7727,43.0000,35.0000
516.2213,423.7727,43.0000,35.0000
529.5641,423.7727,43.0000,35.0000
529.5641,423.7727,43.0000,35.0000
540.8543,423.2595,43.0000,35.0000
554.1972,423.2595,43.0000,35.0000
568.0533,421.2067,43.0000,35.0000
579.3434,421.2067,43.0000,35.0000
592.6863,419.1540,43.0000,35.0000
592.6863,419.1540,43.0000,35.0000
603.9764,417.1012,43.0000,35.0000
613.2138,415.0485,43.0000,35.0000
619.8853,412.9957,43.0000,35.0000
622.4512,410.9430,43.0000,35.0000
621.9512,408.3902,44.0000,36.0000
621.9512,408.3902,44.0000,36.0000
621.9512,406.2573,44.0000,36.0000
619.8182,405.7240,44.0000,36.0000
619.8182,403.5911,44.0000,36.0000
617.1521,401.9914,44.0000,36.0000
615.0191,401.9914,44.0000,36.0000
615.0191,401.9914,44.0000,36.0000
610.2200,399.8585,44.0000,36.0000
605.9541,397.7255,44.0000,36.0000
601.1550,397.7255,44.0000,36.0000
596.3559,395.5926,44.0000,36.0000
591.5568,395.0593,44.0000,36.0000
591.5568,395.0593,44.0000,36.0000
586.7576,395.0593,44.0000,36.0000
581.9586,392.3932,44.0000,36.0000
577.1594,390.2602,44.0000,36.0000
572.3603,390.2602,44.0000,36.0000
568.6277,390.2602,44.0000,36.0000
568.6277,390.2602,44.0000,36.0000
564.3618,389.1938,44.0000,36.0000
562.2288,389.1938,44.0000,36.0000
559.5627,387.5940,44.0000,36.0000
554.7635,387.5940,44.0000,36.0000
552.0974,385.4611,44.0000,36.0000
552.0974,387.5940,44.0000,36.0000
547.8315,385.4611,44.0000,36.0000
545.6985,385.4611,44.0000,36.0000
543.0323,385.4611,44.0000,36.0000
540.8994,385.4611,44.0000,36.0000
538.7665,385.4611,44.0000,36.0000
538.7665,385.4611,44.0000,36.0000
536.6335,385.4611,44.0000,36.0000
534.5006,385.4611,44.0000,36.0000
532.3677,382.7949,44.0000,36.0000
532.3677,382.7949,44.0000,36.0000
530.2347,382.7949,44.0000,36.0000
530.2347,382.7949,44.0000,36.0000
530.2347,382.7949,44.0000,36.0000
530.2347,383.3282,44.0000,36.0000
530.2347,385.4611,44.0000,36.0000
532.3677,385.4611,44.0000,36.0000
532.3677,385.4611,44.0000,36.0000
532.3677,385.4611,44.0000,36.0000
534.5006,385.4611,44.0000,36.0000
536.6335,385.4611,44.0000,36.0000
538.7665,385.4611,44.0000,36.0000
541.9659,385.4611,44.0000,36.0000
546.7650,385.4611,44.0000,36.0000
545.6985,385.4611,44.0000,36.0000
550.4977,385.4611,44.0000,36.0000
557.4297,385.4611,44.0000,36.0000
562.2288,385.4611,44.0000,36.0000
567.0280,385.4611,44.0000,36.0000
573.9600,385.4611,44.0000,36.0000
573.9600,385.4611,44.0000,36.0000
581.3921,383.8282,43.0000,35.0000
588.0635,383.8282,43.0000,35.0000
596.7877,381.7754,43.0000,35.0000
603.4592,381.7754,43.0000,35.0000
612.6965,379.7227,43.0000,35.0000
610.6438,379.7227,43.0000,35.0000
619.3680,379.7227,43.0000,35.0000
626.5526,377.6699,43.0000,35.0000
631.1713,375.6172,43.0000,35.0000
637.8427,375.6172,43.0000,35.0000
639.8955,373.5644,43.0000,35.0000
639.8955,373.5644,43.0000,35.0000
643.4878,370.9984,43.0000,35.0000
647.5933,368.4325,43.0000,35.0000
649.6461,366.3798,43.0000,35.0000
651.6988,364.3270,43.0000,35.0000
653.7516,362.2743,43.0000,35.0000
653.7516,362.2743,43.0000,35.0000
655.8043,360.2215,43.0000,35.0000
657.8571,358.1688,43.0000,35.0000
657.8571,356.1160,43.0000,35.0000
657.8571,354.0633,43.0000,35.0000
655.2911,353.5501,43.0000,35.0000
655.2911,353.5501,43.0000,35.0000
653.2384,350.9841,43.0000,35.0000
651.1856,348.9314,43.0000,35.0000
647.0801,346.8786,43.0000,35.0000
644.5142,344.8259,43.0000,35.0000
639.8955,342.7731,43.0000,35.0000
639.8955,342.7731,43.0000,35.0000
635.7900,342.7731,43.0000,35.0000
632.7109,340.7204,43.0000,35.0000
628.0922,338.6676,43.0000,35.0000
623.9867,336.6149,43.0000,35.0000
621.4207,336.6149,43.0000,35.0000
621.4207,336.6149,43.0000,35.0000
618.8548,334.5621,43.0000,35.0000
616.2888,332.5094,43.0000,35.0000
616.2888,332.5094,43.0000,35.0000
614.2361,330.4566,43.0000,35.0000
614.2361,330.4566,43.0000,35.0000
614.2361,330.4566,43.0000,35.0000
614.2361,330.4566,43.0000,35.0000
614.7493,330.4566,43.0000,35.0000
615.7756,330.4566,43.0000,35.0000
617.8284,330.4566,43.0000,35.0000
619.8812,330.4566,43.0000,35.0000
619.8812,330.4566,43.0000,35.0000
622.4471,330.4566,43.0000,35.0000
625.0131,330.4566,43.0000,35.0000
627.0658,330.4566,43.0000,35.0000
629.1185,330.4566,43.0000,35.0000
629.1185,330.4566,43.0000,35.0000
629.1185,330.4566,43.0000,35.0000
629.1185,328.4039,43.0000,35.0000
631.1713,328.4039,43.0000,35.0000
631.1713,326.3511,43.0000,35.0000
631.1713,324.2984,43.0000,35.0000
631.1713,322.2456,43.0000,35.0000
631.1713,322.2456,43.0000,35.0000
629.1185,320.1928,43.0000,35.0000
629.1185,318.1401,43.0000,35.0000
627.0658,316.0873,43.0000,35.0000
