1.9599
0.1929
0.089231
0.064926
0.058969
0.061833
0.059181
0.056983
0.057361
0.028689
0.027528
0.030997
0.027977
0.027323
0.059956
0.028744
0.029403
0.028552
0.028452
0.028361
0.060195
0.028628
0.029687
0.032565
0.029768
0.028703
0.067905
0.031176
0.029769
0.028369
0.046923
0.03041
0.075172
0.03669
0.035699
0.036218
0.036001
0.037047
0.067088
0.03659
0.04617
0.037586
0.039932
0.036394
0.070388
0.036998
0.030971
0.030948
0.030036
0.029973
0.057646
0.030632
0.029543
0.030625
0.029493
0.030136
0.061018
0.029876
0.029473
0.029958
0.028591
0.029305
0.059928
0.029854
0.02919
0.029671
0.029878
0.029964
0.058208
0.029602
0.029911
0.029769
0.031345
0.029144
0.057275
0.029961
0.028484
0.029402
0.02862
0.029226
0.0602
0.029567
0.028952
0.02952
0.028832
0.03299
0.063958
0.030658
0.036724
0.03518
0.03519
0.035754
0.068073
0.035999
0.034334
0.035093
0.035486
0.03823
0.058189
0.029603
0.028697
0.030594
0.029466
0.029631
0.05744
0.030223
0.028049
0.030213
0.028551
0.030531
0.057647
0.029895
0.029358
0.030994
0.030313
0.031323
0.058936
0.030537
0.029531
0.031019
0.029393
0.02937
0.060845
0.030513
0.030075
0.029949
0.028887
0.029472
0.057151
0.029731
0.028836
0.030857
0.030591
0.030419
0.0577
0.029789
0.028112
0.031562
0.029403
0.02974
0.05735
0.030778
0.029663
0.029612
0.033437
0.030352
0.055482
0.029121
0.027187
0.029266
0.028093
0.029736
0.078316
0.037183
0.036632
0.038037
0.035917
0.036292
0.073172
0.037462
0.036162
0.037537
0.036361
0.03722
0.068732
0.034858
0.032688
0.033515
0.033712
0.031068
0.086607
0.035417
0.035586
0.03477
0.034627
0.034639
0.069656
0.034808
0.035038
0.034267
0.034943
0.033469
0.068856
0.033954
0.034732
0.031279
0.029786
0.028854
0.060443
0.028388
0.029523
0.028647
0.033935
0.03502
0.072015
0.035412
0.039506
0.03581
0.034828
0.034853
0.067374
0.035091
0.035164
0.033642
0.029358
0.032116
0.062497
0.031348
0.032182
0.034896
0.031927
0.031782
0.062996
0.032193
0.032831
0.032395
0.032979
0.031954
0.06701
0.035463
0.03099
0.030386
0.029764
0.032267
0.062045
0.031339
0.030483
0.029121
0.030506
0.030222
0.063031
0.030633
0.031316
0.030417
0.03186
0.035929
0.073171
0.038894
0.033379
0.035538
0.03486
0.03367
0.065863
0.033952
0.034499
0.033468
0.034593
0.033261
0.066471
0.034689
0.03473
0.036578
0.036642
0.034035
0.068909
0.029902
0.029247
0.030058
0.031626
0.03112
0.061474
0.030872
0.032463
0.028893
0.028829
0.03156
0.05726
0.028311
0.028291
0.028257
0.029043
0.028871
0.06059
0.028127
0.028874
0.028043
0.029714
0.030625
0.059799
0.030498
0.030606
0.028505
0.029167
0.031255
0.061178
0.03049
0.030657
0.031338
0.029235
0.030139
0.05906
0.032549
0.029069
0.029645
0.028573
0.03138
0.098219
0.038211
0.040943
0.040828
0.03648
0.037995
0.087602
0.041778
0.035327
0.03507
0.033663
0.036374
0.065938
0.035696
