1
488.1411,404.0986,47.7342,42.1523
482.9733,389.1355,58.0251,43.4134
482.9733,389.1355,58.0251,43.4134
482.9733,389.1355,58.0251,43.4134
482.9733,389.1355,58.0251,43.4134
482.9733,389.1355,58.0251,43.4134
482.9733,389.1355,58.0251,43.4134
482.9733,389.1355,58.0251,43.4134
482.9733,389.1355,58.0251,43.4134
482.9733,389.1355,58.0251,43.4134
482.9733,389.1355,58.0251,43.4134
482.9733,389.1355,58.0251,43.4134
482.9733,389.1355,58.0251,43.4134
496.5853,381.6927,47.7899,39.9550
496.5853,381.6927,47.7899,39.9550
496.5853,381.6927,47.7899,39.9550
0
0
0
0
0
0
0
0
0
2
0
0
0
0
1
515.6678,433.4438,43.7831,37.7920
514.2320,412.8326,39.3126,39.5464
514.2320,412.8326,39.3126,39.5464
2
0
0
0
0
0
0
0
0
0
0
521.0741,389.1559,41.1768,39.8080
0
0
0
0
1
513.2942,278.5468,70.7407,61.9542
527.2581,266.6475,57.0173,62.6969
527.2581,266.6475,57.0173,62.6969
527.2581,266.6475,57.0173,62.6969
527.2581,266.6475,57.0173,62.6969
527.2581,266.6475,57.0173,62.6969
527.2581,266.6475,57.0173,62.6969
0
0
0
0
0
0
2
0
0
0
0
1
396.5878,347.9763,58.7302,54.3233
395.8400,341.7190,62.0448,59.6219
395.8400,341.7190,62.0448,59.6219
395.8400,341.7190,62.0448,59.6219
395.8400,341.7190,62.0448,59.6219
395.8400,341.7190,62.0448,59.6219
395.8400,341.7190,62.0448,59.6219
395.8400,341.7190,62.0448,59.6219
395.8400,341.7190,62.0448,59.6219
0
0
0
2
0
0
0
0
1
388.2411,366.6263,44.2205,46.9253
388.3737,363.7773,43.9506,49.0939
388.3737,363.7773,43.9506,49.0939
388.3737,363.7773,43.9506,49.0939
388.3737,363.7773,43.9506,49.0939
388.3737,363.7773,43.9506,49.0939
388.3737,363.7773,43.9506,49.0939
2
0
0
0
0
0
0
389.3936,369.9146,42.5794,42.3057
0
