1
530.0000,75.0000,51.0000,34.0000
528.0000,77.0000,51.0000,34.0000
528.0000,77.0000,51.0000,34.0000
528.0000,77.0000,51.0000,34.0000
528.0000,77.0000,51.0000,34.0000
528.0000,77.0000,51.0000,34.0000
528.0000,77.0000,51.0000,34.0000
528.0000,77.0000,51.0000,34.0000
528.0000,77.0000,51.0000,34.0000
528.0000,77.0000,51.0000,34.0000
528.0000,77.0000,51.0000,34.0000
528.0000,77.0000,51.0000,34.0000
528.0000,77.0000,51.0000,34.0000
528.0000,77.0000,51.0000,34.0000
528.0000,77.0000,51.0000,34.0000
0
0
0
0
0
0
0
0
0
0
0
0
0
2
0
0
0
0
1
417.0000,139.0000,92.0000,61.0000
416.0000,141.0000,91.0000,62.0000
416.0000,141.0000,91.0000,62.0000
416.0000,141.0000,91.0000,62.0000
416.0000,141.0000,91.0000,62.0000
416.0000,141.0000,91.0000,62.0000
416.0000,141.0000,91.0000,62.0000
416.0000,141.0000,91.0000,62.0000
416.0000,141.0000,91.0000,62.0000
416.0000,141.0000,91.0000,62.0000
416.0000,141.0000,91.0000,62.0000
416.0000,141.0000,91.0000,62.0000
416.0000,141.0000,91.0000,62.0000
416.0000,141.0000,91.0000,62.0000
416.0000,141.0000,91.0000,62.0000
416.0000,141.0000,91.0000,62.0000
416.0000,141.0000,91.0000,62.0000
416.0000,141.0000,91.0000,62.0000
416.0000,141.0000,91.0000,62.0000
416.0000,141.0000,91.0000,62.0000
416.0000,141.0000,91.0000,62.0000
0
0
0
0
0
0
0
0
0
0
0
2
0
0
0
0
1
340.0000,249.0000,155.0000,80.0000
336.0000,248.0000,155.0000,82.0000
336.0000,248.0000,155.0000,82.0000
336.0000,248.0000,155.0000,82.0000
336.0000,248.0000,155.0000,82.0000
336.0000,248.0000,155.0000,82.0000
336.0000,248.0000,155.0000,82.0000
336.0000,248.0000,155.0000,82.0000
336.0000,248.0000,155.0000,82.0000
336.0000,248.0000,155.0000,82.0000
336.0000,248.0000,155.0000,82.0000
336.0000,248.0000,155.0000,82.0000
336.0000,248.0000,155.0000,82.0000
336.0000,248.0000,155.0000,82.0000
336.0000,248.0000,155.0000,82.0000
336.0000,248.0000,155.0000,82.0000
336.0000,248.0000,155.0000,82.0000
336.0000,248.0000,155.0000,82.0000
336.0000,248.0000,155.0000,82.0000
336.0000,248.0000,155.0000,82.0000
336.0000,248.0000,155.0000,82.0000
336.0000,248.0000,155.0000,82.0000
336.0000,248.0000,155.0000,82.0000
336.0000,248.0000,155.0000,82.0000
336.0000,248.0000,155.0000,82.0000
336.0000,248.0000,155.0000,82.0000
336.0000,248.0000,155.0000,82.0000
336.0000,248.0000,155.0000,82.0000
336.0000,248.0000,155.0000,82.0000
336.0000,248.0000,155.0000,82.0000
336.0000,248.0000,155.0000,82.0000
336.0000,248.0000,155.0000,82.0000
336.0000,248.0000,155.0000,82.0000
336.0000,248.0000,155.0000,82.0000
336.0000,248.0000,155.0000,82.0000
336.0000,248.0000,155.0000,82.0000
336.0000,248.0000,155.0000,82.0000
336.0000,248.0000,155.0000,82.0000
336.0000,248.0000,155.0000,82.0000
336.0000,248.0000,155.0000,82.0000
336.0000,248.0000,155.0000,82.0000
336.0000,248.0000,155.0000,82.0000
336.0000,248.0000,155.0000,82.0000
336.0000,248.0000,155.0000,82.0000
336.0000,248.0000,155.0000,82.0000
336.0000,248.0000,155.0000,82.0000
336.0000,248.0000,155.0000,82.0000
336.0000,248.0000,155.0000,82.0000
336.0000,248.0000,155.0000,82.0000
336.0000,248.0000,155.0000,82.0000
336.0000,248.0000,155.0000,82.0000
336.0000,248.0000,155.0000,82.0000
336.0000,248.0000,155.0000,82.0000
0
0
0
0
0
0
0
0
0
0
0
0
0
0
0
0
0
0
0
0
0
0
0
0
0
2
0
0
0
0
