0.47227
0.061018
0.021579
0.020358
0.020295
0.020004
0.020135
0.020115
0.019859
0.02013
0.019653
0.019105
0.019148
0.019091
0.019603
0.019533
0.019437
0.019805
0.01935
0.01927
0.019296
0.01936
0.019413
0.019099
0.019253
0.019204
0.019273
0.01926
0.019253
0.019286
0.019449
0.019378
0.019567
0.019557
0.019218
0.018772
0.01922
0.018936
0.019118
0.019024
0.018922
0.019199
0.019698
0.0191
0.01896
0.019055
0.019316
0.018554
0.018832
0.018781
0.018879
0.019133
0.018953
0.018897
0.019072
0.018803
0.018855
0.019023
0.019217
0.019114
0.018922
0.018795
0.019356
0.019221
0.019041
0.019101
0.018966
0.019189
0.01907
0.019352
0.019182
0.018861
0.019028
0.019145
0.019018
0.018689
0.018893
0.019185
0.019199
0.019154
0.018988
0.019275
0.019343
0.018959
0.019038
0.019017
0.019114
0.018934
0.018414
0.019182
0.018886
0.019141
0.018972
0.018995
0.018982
0.01866
0.018717
0.019141
0.018892
0.018878
0.019007
0.01917
0.018994
0.019149
0.019005
0.019012
0.019066
0.018438
0.018433
0.018219
0.018304
0.018123
0.018128
0.01799
0.017831
0.017978
0.017823
0.018246
0.018095
0.017735
0.018137
0.018606
0.018482
0.0183
0.019035
0.018968
0.018309
0.019883
0.019942
0.019973
0.020024
0.019379
0.019617
0.020008
0.019921
0.020271
0.020131
0.020096
0.019904
0.020125
0.020166
0.020235
0.019886
0.019386
0.01975
0.019787
0.020009
0.019894
0.019981
0.019981
0.019917
0.01996
0.019823
0.019885
0.020132
0.020002
0.020207
0.020783
0.020921
0.02084
0.020953
0.021151
0.020717
0.02088
0.020927
0.020924
0.020993
0.020697
0.020673
0.02056
0.020646
0.020669
0.02075
0.020809
0.028846
0.029561
0.021099
0.021988
0.019338
0.019396
0.019155
0.019068
0.019208
0.019382
0.019369
0.019249
0.018957
0.018945
0.019083
0.019127
0.019118
0.018765
0.01902
0.019574
0.019413
0.022408
0.022121
0.019442
0.019473
0.019331
0.019311
0.019333
0.019499
0.019053
0.019031
0.018934
0.018945
0.019149
0.019095
0.019165
0.019224
0.019139
0.019419
0.019413
0.021057
0.022247
0.018849
0.019245
0.019176
0.019192
0.019188
0.019224
0.019011
0.019223
0.019249
0.01921
0.019111
0.018803
0.019095
0.019917
0.020058
0.019926
0.020216
0.020338
0.020446
0.020332
0.020036
0.020215
0.020301
0.019889
0.019708
0.01969
0.019803
0.019946
0.019974
0.019985
0.020092
0.020038
0.020191
0.020181
0.020091
0.01959
0.019641
0.019911
0.019958
0.019872
0.020098
0.019841
0.019758
0.019961
0.019971
0.019847
0.019871
0.019525
0.020041
0.019894
0.020271
0.019933
0.020024
0.020428
0.019896
0.020282
0.020162
0.018663
0.018955
0.018238
0.018392
0.018351
0.018361
0.018553
0.018641
0.018561
0.018765
0.031761
0.022845
0.026346
0.019441
0.01912
0.019321
0.019352
0.019462
0.019423
