0.15873,0,0,0,0,0,0,0,0,0,0,0,0,0,0
0.20591,0,0,0,0,0,0,0,0,0,0,0,0,0,0
0.17344,0,0,0,0,0,0,0,0,0,0,0,0,0,0
0.19223,0,0,0,0,0,0,0,0,0,0,0,0,0,0
0.16767,0,0,0,0,0,0,0,0,0,0,0,0,0,0
0.18587,0,0,0,0,0,0,0,0,0,0,0,0,0,0
0.16986,0,0,0,0,0,0,0,0,0,0,0,0,0,0
0.18666,0,0,0,0,0,0,0,0,0,0,0,0,0,0
0.18725,0,0,0,0,0,0,0,0,0,0,0,0,0,0
0.18799,0,0,0,0,0,0,0,0,0,0,0,0,0,0
0.18656,0,0,0,0,0,0,0,0,0,0,0,0,0,0
0.19179,0,0,0,0,0,0,0,0,0,0,0,0,0,0
0.19952,0,0,0,0,0,0,0,0,0,0,0,0,0,0
NaN,0,0,0,0,0,0,0,0,0,0,0,0,0,0
NaN,0,0,0,0,0,0,0,0,0,0,0,0,0,0
NaN,0,0,0,0,0,0,0,0,0,0,0,0,0,0
NaN,0,0,0,0,0,0,0,0,0,0,0,0,0,0
0.12838,0,0,0,0,0,0,0,0,0,0,0,0,0,0
0.17991,0,0,0,0,0,0,0,0,0,0,0,0,0,0
0.17404,0,0,0,0,0,0,0,0,0,0,0,0,0,0
0.17827,0,0,0,0,0,0,0,0,0,0,0,0,0,0
0.1768,0,0,0,0,0,0,0,0,0,0,0,0,0,0
0.16582,0,0,0,0,0,0,0,0,0,0,0,0,0,0
0.1843,0,0,0,0,0,0,0,0,0,0,0,0,0,0
0.18723,0,0,0,0,0,0,0,0,0,0,0,0,0,0
0.18946,0,0,0,0,0,0,0,0,0,0,0,0,0,0
0.17505,0,0,0,0,0,0,0,0,0,0,0,0,0,0
0.17695,0,0,0,0,0,0,0,0,0,0,0,0,0,0
0.1733,0,0,0,0,0,0,0,0,0,0,0,0,0,0
0.17279,0,0,0,0,0,0,0,0,0,0,0,0,0,0
0.19153,0,0,0,0,0,0,0,0,0,0,0,0,0,0
NaN,0,0,0,0,0,0,0,0,0,0,0,0,0,0
NaN,0,0,0,0,0,0,0,0,0,0,0,0,0,0
NaN,0,0,0,0,0,0,0,0,0,0,0,0,0,0
NaN,0,0,0,0,0,0,0,0,0,0,0,0,0,0
0.12747,0,0,0,0,0,0,0,0,0,0,0,0,0,0
0.19392,0,0,0,0,0,0,0,0,0,0,0,0,0,0
0.18376,0,0,0,0,0,0,0,0,0,0,0,0,0,0
0.1876,0,0,0,0,0,0,0,0,0,0,0,0,0,0
0.18672,0,0,0,0,0,0,0,0,0,0,0,0,0,0
0.1768,0,0,0,0,0,0,0,0,0,0,0,0,0,0
0.18983,0,0,0,0,0,0,0,0,0,0,0,0,0,0
0.19726,0,0,0,0,0,0,0,0,0,0,0,0,0,0
0.19573,0,0,0,0,0,0,0,0,0,0,0,0,0,0
0.17787,0,0,0,0,0,0,0,0,0,0,0,0,0,0
0.18488,0,0,0,0,0,0,0,0,0,0,0,0,0,0
0.17561,0,0,0,0,0,0,0,0,0,0,0,0,0,0
0.18612,0,0,0,0,0,0,0,0,0,0,0,0,0,0
0.19781,0,0,0,0,0,0,0,0,0,0,0,0,0,0
0.18354,0,0,0,0,0,0,0,0,0,0,0,0,0,0
0.18239,0,0,0,0,0,0,0,0,0,0,0,0,0,0
0.19726,0,0,0,0,0,0,0,0,0,0,0,0,0,0
0.18473,0,0,0,0,0,0,0,0,0,0,0,0,0,0
0.18619,0,0,0,0,0,0,0,0,0,0,0,0,0,0
0.17919,0,0,0,0,0,0,0,0,0,0,0,0,0,0
0.19213,0,0,0,0,0,0,0,0,0,0,0,0,0,0
0.18853,0,0,0,0,0,0,0,0,0,0,0,0,0,0
0.17422,0,0,0,0,0,0,0,0,0,0,0,0,0,0
0.1955,0,0,0,0,0,0,0,0,0,0,0,0,0,0
0.17137,0,0,0,0,0,0,0,0,0,0,0,0,0,0
0.17381,0,0,0,0,0,0,0,0,0,0,0,0,0,0
0.1889,0,0,0,0,0,0,0,0,0,0,0,0,0,0
0.17426,0,0,0,0,0,0,0,0,0,0,0,0,0,0
0.17789,0,0,0,0,0,0,0,0,0,0,0,0,0,0
0.16577,0,0,0,0,0,0,0,0,0,0,0,0,0,0
0.16646,0,0,0,0,0,0,0,0,0,0,0,0,0,0
0.17448,0,0,0,0,0,0,0,0,0,0,0,0,0,0
0.15688,0,0,0,0,0,0,0,0,0,0,0,0,0,0
0.18647,0,0,0,0,0,0,0,0,0,0,0,0,0,0
0.16756,0,0,0,0,0,0,0,0,0,0,0,0,0,0
0.17075,0,0,0,0,0,0,0,0,0,0,0,0,0,0
0.18092,0,0,0,0,0,0,0,0,0,0,0,0,0,0
0.18213,0,0,0,0,0,0,0,0,0,0,0,0,0,0
0.17398,0,0,0,0,0,0,0,0,0,0,0,0,0,0
0.19287,0,0,0,0,0,0,0,0,0,0,0,0,0,0
0.16339,0,0,0,0,0,0,0,0,0,0,0,0,0,0
0.18067,0,0,0,0,0,0,0,0,0,0,0,0,0,0
0.166,0,0,0,0,0,0,0,0,0,0,0,0,0,0
NaN,0,0,0,0,0,0,0,0,0,0,0,0,0,0
NaN,0,0,0,0,0,0,0,0,0,0,0,0,0,0
NaN,0,0,0,0,0,0,0,0,0,0,0,0,0,0
NaN,0,0,0,0,0,0,0,0,0,0,0,0,0,0
0.12269,0,0,0,0,0,0,0,0,0,0,0,0,0,0
0.18958,0,0,0,0,0,0,0,0,0,0,0,0,0,0
0.17355,0,0,0,0,0,0,0,0,0,0,0,0,0,0
0.17357,0,0,0,0,0,0,0,0,0,0,0,0,0,0
0.17644,0,0,0,0,0,0,0,0,0,0,0,0,0,0
0.16227,0,0,0,0,0,0,0,0,0,0,0,0,0,0
0.18462,0,0,0,0,0,0,0,0,0,0,0,0,0,0
0.19426,0,0,0,0,0,0,0,0,0,0,0,0,0,0
0.18833,0,0,0,0,0,0,0,0,0,0,0,0,0,0
0.17436,0,0,0,0,0,0,0,0,0,0,0,0,0,0
0.17896,0,0,0,0,0,0,0,0,0,0,0,0,0,0
0.1742,0,0,0,0,0,0,0,0,0,0,0,0,0,0
0.17624,0,0,0,0,0,0,0,0,0,0,0,0,0,0
0.19632,0,0,0,0,0,0,0,0,0,0,0,0,0,0
NaN,0,0,0,0,0,0,0,0,0,0,0,0,0,0
NaN,0,0,0,0,0,0,0,0,0,0,0,0,0,0
NaN,0,0,0,0,0,0,0,0,0,0,0,0,0,0
NaN,0,0,0,0,0,0,0,0,0,0,0,0,0,0
0.13129,0,0,0,0,0,0,0,0,0,0,0,0,0,0
0.18447,0,0,0,0,0,0,0,0,0,0,0,0,0,0
0.17118,0,0,0,0,0,0,0,0,0,0,0,0,0,0
0.18151,0,0,0,0,0,0,0,0,0,0,0,0,0,0
0.18019,0,0,0,0,0,0,0,0,0,0,0,0,0,0
0.16606,0,0,0,0,0,0,0,0,0,0,0,0,0,0
0.18839,0,0,0,0,0,0,0,0,0,0,0,0,0,0
0.1909,0,0,0,0,0,0,0,0,0,0,0,0,0,0
NaN,0,0,0,0,0,0,0,0,0,0,0,0,0,0
NaN,0,0,0,0,0,0,0,0,0,0,0,0,0,0
NaN,0,0,0,0,0,0,0,0,0,0,0,0,0,0
NaN,0,0,0,0,0,0,0,0,0,0,0,0,0,0
0.13081,0,0,0,0,0,0,0,0,0,0,0,0,0,0
0.18466,0,0,0,0,0,0,0,0,0,0,0,0,0,0
0.18276,0,0,0,0,0,0,0,0,0,0,0,0,0,0
0.18367,0,0,0,0,0,0,0,0,0,0,0,0,0,0
0.18697,0,0,0,0,0,0,0,0,0,0,0,0,0,0
0.17398,0,0,0,0,0,0,0,0,0,0,0,0,0,0
0.19245,0,0,0,0,0,0,0,0,0,0,0,0,0,0
0.19276,0,0,0,0,0,0,0,0,0,0,0,0,0,0
0.19702,0,0,0,0,0,0,0,0,0,0,0,0,0,0
0.18035,0,0,0,0,0,0,0,0,0,0,0,0,0,0
0.18333,0,0,0,0,0,0,0,0,0,0,0,0,0,0
NaN,0,0,0,0,0,0,0,0,0,0,0,0,0,0
NaN,0,0,0,0,0,0,0,0,0,0,0,0,0,0
NaN,0,0,0,0,0,0,0,0,0,0,0,0,0,0
NaN,0,0,0,0,0,0,0,0,0,0,0,0,0,0
0.12559,0,0,0,0,0,0,0,0,0,0,0,0,0,0
0.20059,0,0,0,0,0,0,0,0,0,0,0,0,0,0
0.18114,0,0,0,0,0,0,0,0,0,0,0,0,0,0
0.17102,0,0,0,0,0,0,0,0,0,0,0,0,0,0
0.17841,0,0,0,0,0,0,0,0,0,0,0,0,0,0
NaN,0,0,0,0,0,0,0,0,0,0,0,0,0,0
NaN,0,0,0,0,0,0,0,0,0,0,0,0,0,0
NaN,0,0,0,0,0,0,0,0,0,0,0,0,0,0
NaN,0,0,0,0,0,0,0,0,0,0,0,0,0,0
0.1214,0,0,0,0,0,0,0,0,0,0,0,0,0,0
0.17974,0,0,0,0,0,0,0,0,0,0,0,0,0,0
0.18155,0,0,0,0,0,0,0,0,0,0,0,0,0,0
0.17745,0,0,0,0,0,0,0,0,0,0,0,0,0,0
0.19284,0,0,0,0,0,0,0,0,0,0,0,0,0,0
0.16834,0,0,0,0,0,0,0,0,0,0,0,0,0,0
0.18851,0,0,0,0,0,0,0,0,0,0,0,0,0,0
0.19539,0,0,0,0,0,0,0,0,0,0,0,0,0,0
0.18478,0,0,0,0,0,0,0,0,0,0,0,0,0,0
0.17347,0,0,0,0,0,0,0,0,0,0,0,0,0,0
0.17374,0,0,0,0,0,0,0,0,0,0,0,0,0,0
0.17313,0,0,0,0,0,0,0,0,0,0,0,0,0,0
0.17568,0,0,0,0,0,0,0,0,0,0,0,0,0,0
0.19692,0,0,0,0,0,0,0,0,0,0,0,0,0,0
0.17897,0,0,0,0,0,0,0,0,0,0,0,0,0,0
0.18097,0,0,0,0,0,0,0,0,0,0,0,0,0,0
0.20668,0,0,0,0,0,0,0,0,0,0,0,0,0,0
0.18358,0,0,0,0,0,0,0,0,0,0,0,0,0,0
0.18086,0,0,0,0,0,0,0,0,0,0,0,0,0,0
0.17082,0,0,0,0,0,0,0,0,0,0,0,0,0,0
0.18602,0,0,0,0,0,0,0,0,0,0,0,0,0,0
0.18711,0,0,0,0,0,0,0,0,0,0,0,0,0,0
0.18315,0,0,0,0,0,0,0,0,0,0,0,0,0,0
0.20078,0,0,0,0,0,0,0,0,0,0,0,0,0,0
