0.000102
0.027068
0.022087
0.016534
0.017287
0.015791
0.016072
0.016206
0.016106
0.018514
0.018228
0.016019
0.016229
0.01766
0.016076
0.016903
0.021932
0.018284
0.019698
0.021687
0.021771
0.021819
0.021769
0.02181
0.019803
0.019883
0.019885
0.021638
0.021591
0.021626
0.021627
0.021636
0.021578
0.021647
0.019754
0.019654
0.019616
0.019443
0.018132
0.018193
0.018096
0.017261
0.016178
0.01629
0.019043
0.017872
0.017971
0.017493
0.016202
0.01632
0.016244
0.016269
0.01618
0.016427
0.020318
0.019631
0.01984
0.021707
0.021771
0.016887
0.016159
