0.4225,0.41894,0.42679,0,0,0,0,0,0,0,0,0,0,0,0
0.073025,0.057849,0.057192,0,0,0,0,0,0,0,0,0,0,0,0
0.020965,0.017439,0.016519,0,0,0,0,0,0,0,0,0,0,0,0
0.022964,0.016502,0.015577,0,0,0,0,0,0,0,0,0,0,0,0
0.023256,0.016257,0.015526,0,0,0,0,0,0,0,0,0,0,0,0
0.023344,0.016278,0.015949,0,0,0,0,0,0,0,0,0,0,0,0
0.016359,0.016082,0.015311,0,0,0,0,0,0,0,0,0,0,0,0
0.02359,0.01607,0.015001,0,0,0,0,0,0,0,0,0,0,0,0
0.02425,0.016028,0.015422,0,0,0,0,0,0,0,0,0,0,0,0
0.024063,0.015857,0.015452,0,0,0,0,0,0,0,0,0,0,0,0
0.016049,0.015838,0.0153,0,0,0,0,0,0,0,0,0,0,0,0
0.016068,0.016251,0.014975,0,0,0,0,0,0,0,0,0,0,0,0
0.024686,0.015591,0.01515,0,0,0,0,0,0,0,0,0,0,0,0
0.015156,0.015637,0.014995,0,0,0,0,0,0,0,0,0,0,0,0
0.015176,0.015855,0.014762,0,0,0,0,0,0,0,0,0,0,0,0
0.015323,0.015721,0.015137,0,0,0,0,0,0,0,0,0,0,0,0
0.015136,0.015795,0.015365,0,0,0,0,0,0,0,0,0,0,0,0
0.017059,0.015755,0.0148,0,0,0,0,0,0,0,0,0,0,0,0
0.016217,0.014916,0.014764,0,0,0,0,0,0,0,0,0,0,0,0
0.018191,0.014916,0.015342,0,0,0,0,0,0,0,0,0,0,0,0
0.014979,0.014867,0.014874,0,0,0,0,0,0,0,0,0,0,0,0
0.015129,0.014887,0.014696,0,0,0,0,0,0,0,0,0,0,0,0
0.015283,0.014761,0.015085,0,0,0,0,0,0,0,0,0,0,0,0
0.015058,0.01478,0.014883,0,0,0,0,0,0,0,0,0,0,0,0
0.015059,0.01533,0.014998,0,0,0,0,0,0,0,0,0,0,0,0
0.015281,0.014674,0.014797,0,0,0,0,0,0,0,0,0,0,0,0
0.014896,0.014849,0.014908,0,0,0,0,0,0,0,0,0,0,0,0
0.015107,0.015811,0.01463,0,0,0,0,0,0,0,0,0,0,0,0
0.020098,0.014937,0.014584,0,0,0,0,0,0,0,0,0,0,0,0
0.015061,0.014797,0.014707,0,0,0,0,0,0,0,0,0,0,0,0
0.014824,0.014823,0.01482,0,0,0,0,0,0,0,0,0,0,0,0
0.015146,0.014803,0.014727,0,0,0,0,0,0,0,0,0,0,0,0
0.014944,0.014662,0.014978,0,0,0,0,0,0,0,0,0,0,0,0
0.020888,0.014551,0.014922,0,0,0,0,0,0,0,0,0,0,0,0
0.01862,0.014905,0.014613,0,0,0,0,0,0,0,0,0,0,0,0
0.015201,0.014603,0.014742,0,0,0,0,0,0,0,0,0,0,0,0
0.015238,0.014751,0.01485,0,0,0,0,0,0,0,0,0,0,0,0
0.015438,0.014962,0.01504,0,0,0,0,0,0,0,0,0,0,0,0
0.015012,0.014844,0.015062,0,0,0,0,0,0,0,0,0,0,0,0
0.015944,0.015576,0.014737,0,0,0,0,0,0,0,0,0,0,0,0
0.017326,0.015761,0.014969,0,0,0,0,0,0,0,0,0,0,0,0
0.015301,0.015622,0.014705,0,0,0,0,0,0,0,0,0,0,0,0
0.015935,0.015108,0.014887,0,0,0,0,0,0,0,0,0,0,0,0
0.016252,0.014754,0.015429,0,0,0,0,0,0,0,0,0,0,0,0
0.015316,0.014982,0.014664,0,0,0,0,0,0,0,0,0,0,0,0
0.01502,0.014593,0.014789,0,0,0,0,0,0,0,0,0,0,0,0
0.015344,0.01471,0.014999,0,0,0,0,0,0,0,0,0,0,0,0
0.014903,0.014624,0.014918,0,0,0,0,0,0,0,0,0,0,0,0
0.015142,0.014554,0.014782,0,0,0,0,0,0,0,0,0,0,0,0
0.015034,0.014801,0.014807,0,0,0,0,0,0,0,0,0,0,0,0
0.015253,0.014715,0.014856,0,0,0,0,0,0,0,0,0,0,0,0
0.015608,0.015682,0.015027,0,0,0,0,0,0,0,0,0,0,0,0
0.01499,0.015346,0.014923,0,0,0,0,0,0,0,0,0,0,0,0
0.01687,0.015568,0.014868,0,0,0,0,0,0,0,0,0,0,0,0
0.015028,0.015279,0.01476,0,0,0,0,0,0,0,0,0,0,0,0
0.014982,0.015682,0.014776,0,0,0,0,0,0,0,0,0,0,0,0
0.01536,0.01561,0.014876,0,0,0,0,0,0,0,0,0,0,0,0
0.014806,0.015656,0.015051,0,0,0,0,0,0,0,0,0,0,0,0
0.015008,0.015411,0.014932,0,0,0,0,0,0,0,0,0,0,0,0
0.015079,0.015542,0.01492,0,0,0,0,0,0,0,0,0,0,0,0
0.015029,0.015497,0.014751,0,0,0,0,0,0,0,0,0,0,0,0
0.023743,0.015677,0.014918,0,0,0,0,0,0,0,0,0,0,0,0
0.015085,0.015477,0.01493,0,0,0,0,0,0,0,0,0,0,0,0
0.015138,0.015555,0.014922,0,0,0,0,0,0,0,0,0,0,0,0
0.015187,0.015554,0.014928,0,0,0,0,0,0,0,0,0,0,0,0
0.01513,0.015542,0.014724,0,0,0,0,0,0,0,0,0,0,0,0
0.023525,0.015536,0.014708,0,0,0,0,0,0,0,0,0,0,0,0
0.017691,0.015589,0.014747,0,0,0,0,0,0,0,0,0,0,0,0
0.014997,0.015387,0.015095,0,0,0,0,0,0,0,0,0,0,0,0
0.015114,0.016191,0.014777,0,0,0,0,0,0,0,0,0,0,0,0
0.015099,0.015624,0.0148,0,0,0,0,0,0,0,0,0,0,0,0
0.015417,0.015738,0.014937,0,0,0,0,0,0,0,0,0,0,0,0
0.01845,0.015576,0.014805,0,0,0,0,0,0,0,0,0,0,0,0
0.014911,0.01555,0.014742,0,0,0,0,0,0,0,0,0,0,0,0
0.015111,0.015549,0.014777,0,0,0,0,0,0,0,0,0,0,0,0
0.01498,0.015639,0.014769,0,0,0,0,0,0,0,0,0,0,0,0
0.015221,0.015555,0.014658,0,0,0,0,0,0,0,0,0,0,0,0
0.021912,0.015479,0.014816,0,0,0,0,0,0,0,0,0,0,0,0
0.014898,0.015712,0.014677,0,0,0,0,0,0,0,0,0,0,0,0
0.015291,0.015217,0.015894,0,0,0,0,0,0,0,0,0,0,0,0
0.014999,0.014144,0.014541,0,0,0,0,0,0,0,0,0,0,0,0
0.01507,0.014836,0.01499,0,0,0,0,0,0,0,0,0,0,0,0
0.014849,0.014799,0.014767,0,0,0,0,0,0,0,0,0,0,0,0
0.015136,0.014401,0.014746,0,0,0,0,0,0,0,0,0,0,0,0
0.015248,0.014533,0.014786,0,0,0,0,0,0,0,0,0,0,0,0
0.015036,0.014334,0.014776,0,0,0,0,0,0,0,0,0,0,0,0
0.01506,0.014649,0.01469,0,0,0,0,0,0,0,0,0,0,0,0
0.014788,0.014777,0.014768,0,0,0,0,0,0,0,0,0,0,0,0
0.014936,0.01473,0.014868,0,0,0,0,0,0,0,0,0,0,0,0
0.0148,0.014665,0.01479,0,0,0,0,0,0,0,0,0,0,0,0
0.015047,0.014692,0.014945,0,0,0,0,0,0,0,0,0,0,0,0
0.014995,0.014998,0.014959,0,0,0,0,0,0,0,0,0,0,0,0
0.014863,0.015066,0.014753,0,0,0,0,0,0,0,0,0,0,0,0
0.015267,0.01488,0.014844,0,0,0,0,0,0,0,0,0,0,0,0
0.015211,0.014568,0.014872,0,0,0,0,0,0,0,0,0,0,0,0
0.014972,0.014678,0.014764,0,0,0,0,0,0,0,0,0,0,0,0
0.015201,0.014824,0.014553,0,0,0,0,0,0,0,0,0,0,0,0
0.01543,0.014722,0.014643,0,0,0,0,0,0,0,0,0,0,0,0
0.015339,0.014686,0.014628,0,0,0,0,0,0,0,0,0,0,0,0
0.015164,0.015755,0.014654,0,0,0,0,0,0,0,0,0,0,0,0
0.014675,0.015576,0.014848,0,0,0,0,0,0,0,0,0,0,0,0
0.014647,0.015575,0.01457,0,0,0,0,0,0,0,0,0,0,0,0
0.015625,0.015743,0.014926,0,0,0,0,0,0,0,0,0,0,0,0
0.015365,0.015102,0.014693,0,0,0,0,0,0,0,0,0,0,0,0
0.022708,0.015746,0.01485,0,0,0,0,0,0,0,0,0,0,0,0
0.01524,0.015596,0.014694,0,0,0,0,0,0,0,0,0,0,0,0
0.014874,0.015582,0.014799,0,0,0,0,0,0,0,0,0,0,0,0
0.015225,0.015558,0.014909,0,0,0,0,0,0,0,0,0,0,0,0
0.014875,0.015843,0.014994,0,0,0,0,0,0,0,0,0,0,0,0
0.015113,0.015484,0.015328,0,0,0,0,0,0,0,0,0,0,0,0
0.014918,0.015712,0.015104,0,0,0,0,0,0,0,0,0,0,0,0
0.015157,0.015976,0.014894,0,0,0,0,0,0,0,0,0,0,0,0
0.015688,0.015957,0.014859,0,0,0,0,0,0,0,0,0,0,0,0
0.015084,0.015681,0.014728,0,0,0,0,0,0,0,0,0,0,0,0
0.015034,0.015311,0.014888,0,0,0,0,0,0,0,0,0,0,0,0
0.015194,0.015658,0.014686,0,0,0,0,0,0,0,0,0,0,0,0
0.014911,0.015646,0.014873,0,0,0,0,0,0,0,0,0,0,0,0
0.015349,0.015599,0.014715,0,0,0,0,0,0,0,0,0,0,0,0
0.016077,0.015618,0.014827,0,0,0,0,0,0,0,0,0,0,0,0
0.015915,0.01601,0.014764,0,0,0,0,0,0,0,0,0,0,0,0
0.015786,0.015785,0.014703,0,0,0,0,0,0,0,0,0,0,0,0
0.015963,0.015472,0.014848,0,0,0,0,0,0,0,0,0,0,0,0
0.015783,0.015521,0.014733,0,0,0,0,0,0,0,0,0,0,0,0
0.016041,0.015623,0.014776,0,0,0,0,0,0,0,0,0,0,0,0
0.016099,0.015478,0.014906,0,0,0,0,0,0,0,0,0,0,0,0
0.01508,0.014419,0.014693,0,0,0,0,0,0,0,0,0,0,0,0
0.014717,0.014651,0.014483,0,0,0,0,0,0,0,0,0,0,0,0
0.015226,0.014704,0.014754,0,0,0,0,0,0,0,0,0,0,0,0
0.016242,0.01481,0.014746,0,0,0,0,0,0,0,0,0,0,0,0
0.015854,0.014757,0.014639,0,0,0,0,0,0,0,0,0,0,0,0
0.015988,0.01479,0.014695,0,0,0,0,0,0,0,0,0,0,0,0
0.015731,0.014661,0.014794,0,0,0,0,0,0,0,0,0,0,0,0
0.01601,0.014737,0.01458,0,0,0,0,0,0,0,0,0,0,0,0
0.015793,0.014941,0.014785,0,0,0,0,0,0,0,0,0,0,0,0
0.01593,0.014734,0.015077,0,0,0,0,0,0,0,0,0,0,0,0
0.015826,0.014577,0.014729,0,0,0,0,0,0,0,0,0,0,0,0
0.015753,0.014642,0.014949,0,0,0,0,0,0,0,0,0,0,0,0
0.015916,0.014721,0.014621,0,0,0,0,0,0,0,0,0,0,0,0
0.020896,0.014922,0.015099,0,0,0,0,0,0,0,0,0,0,0,0
0.016282,0.014734,0.014927,0,0,0,0,0,0,0,0,0,0,0,0
0.016593,0.014933,0.014722,0,0,0,0,0,0,0,0,0,0,0,0
0.016518,0.014838,0.014817,0,0,0,0,0,0,0,0,0,0,0,0
0.016745,0.014675,0.014584,0,0,0,0,0,0,0,0,0,0,0,0
0.016428,0.014529,0.01496,0,0,0,0,0,0,0,0,0,0,0,0
0.015163,0.014809,0.014904,0,0,0,0,0,0,0,0,0,0,0,0
0.019248,0.014683,0.014985,0,0,0,0,0,0,0,0,0,0,0,0
0.015625,0.014674,0.014713,0,0,0,0,0,0,0,0,0,0,0,0
0.014978,0.015023,0.014972,0,0,0,0,0,0,0,0,0,0,0,0
0.01504,0.014968,0.014912,0,0,0,0,0,0,0,0,0,0,0,0
0.015542,0.014838,0.014798,0,0,0,0,0,0,0,0,0,0,0,0
0.01552,0.014566,0.014816,0,0,0,0,0,0,0,0,0,0,0,0
0.015787,0.014752,0.014839,0,0,0,0,0,0,0,0,0,0,0,0
0.015364,0.014835,0.014874,0,0,0,0,0,0,0,0,0,0,0,0
0.015556,0.014754,0.015011,0,0,0,0,0,0,0,0,0,0,0,0
0.015785,0.015103,0.01483,0,0,0,0,0,0,0,0,0,0,0,0
0.015563,0.014862,0.014908,0,0,0,0,0,0,0,0,0,0,0,0
0.015453,0.01459,0.01472,0,0,0,0,0,0,0,0,0,0,0,0
0.015043,0.015255,0.014901,0,0,0,0,0,0,0,0,0,0,0,0
0.015272,0.014646,0.014694,0,0,0,0,0,0,0,0,0,0,0,0
0.015174,0.015015,0.014979,0,0,0,0,0,0,0,0,0,0,0,0
0.015033,0.014989,0.014613,0,0,0,0,0,0,0,0,0,0,0,0
0.015124,0.014853,0.014681,0,0,0,0,0,0,0,0,0,0,0,0
0.015326,0.014699,0.014687,0,0,0,0,0,0,0,0,0,0,0,0
0.015234,0.014895,0.014877,0,0,0,0,0,0,0,0,0,0,0,0
0.015649,0.014792,0.014705,0,0,0,0,0,0,0,0,0,0,0,0
0.015419,0.014781,0.014772,0,0,0,0,0,0,0,0,0,0,0,0
0.015289,0.01481,0.014751,0,0,0,0,0,0,0,0,0,0,0,0
0.015558,0.014821,0.014949,0,0,0,0,0,0,0,0,0,0,0,0
0.015138,0.014669,0.015034,0,0,0,0,0,0,0,0,0,0,0,0
0.015373,0.014858,0.014692,0,0,0,0,0,0,0,0,0,0,0,0
0.0153,0.014914,0.015207,0,0,0,0,0,0,0,0,0,0,0,0
0.015415,0.01463,0.015059,0,0,0,0,0,0,0,0,0,0,0,0
0.015554,0.014728,0.014797,0,0,0,0,0,0,0,0,0,0,0,0
0.015922,0.014976,0.014703,0,0,0,0,0,0,0,0,0,0,0,0
0.015219,0.014755,0.014794,0,0,0,0,0,0,0,0,0,0,0,0
0.015241,0.014239,0.014853,0,0,0,0,0,0,0,0,0,0,0,0
0.015155,0.014504,0.015173,0,0,0,0,0,0,0,0,0,0,0,0
0.016157,0.014798,0.014919,0,0,0,0,0,0,0,0,0,0,0,0
0.01608,0.014917,0.014729,0,0,0,0,0,0,0,0,0,0,0,0
0.016441,0.014711,0.014743,0,0,0,0,0,0,0,0,0,0,0,0
0.016232,0.014819,0.014924,0,0,0,0,0,0,0,0,0,0,0,0
0.019252,0.014776,0.014956,0,0,0,0,0,0,0,0,0,0,0,0
0.016086,0.014751,0.015004,0,0,0,0,0,0,0,0,0,0,0,0
0.016305,0.014802,0.014799,0,0,0,0,0,0,0,0,0,0,0,0
0.016288,0.014757,0.014804,0,0,0,0,0,0,0,0,0,0,0,0
0.016229,0.014701,0.014971,0,0,0,0,0,0,0,0,0,0,0,0
0.016376,0.014695,0.01484,0,0,0,0,0,0,0,0,0,0,0,0
0.016103,0.014928,0.014816,0,0,0,0,0,0,0,0,0,0,0,0
0.016157,0.014721,0.01472,0,0,0,0,0,0,0,0,0,0,0,0
0.016418,0.014645,0.014896,0,0,0,0,0,0,0,0,0,0,0,0
0.016164,0.014835,0.014802,0,0,0,0,0,0,0,0,0,0,0,0
0.01631,0.014847,0.015247,0,0,0,0,0,0,0,0,0,0,0,0
0.015861,0.014785,0.014754,0,0,0,0,0,0,0,0,0,0,0,0
0.016051,0.014816,0.014892,0,0,0,0,0,0,0,0,0,0,0,0
0.015978,0.014874,0.014856,0,0,0,0,0,0,0,0,0,0,0,0
0.016069,0.014606,0.014891,0,0,0,0,0,0,0,0,0,0,0,0
0.016099,0.01474,0.015073,0,0,0,0,0,0,0,0,0,0,0,0
0.0162,0.014635,0.014808,0,0,0,0,0,0,0,0,0,0,0,0
0.015335,0.01484,0.014822,0,0,0,0,0,0,0,0,0,0,0,0
0.01497,0.014951,0.014725,0,0,0,0,0,0,0,0,0,0,0,0
0.01506,0.014831,0.015048,0,0,0,0,0,0,0,0,0,0,0,0
0.015202,0.014953,0.014845,0,0,0,0,0,0,0,0,0,0,0,0
0.015177,0.014809,0.014863,0,0,0,0,0,0,0,0,0,0,0,0
0.01485,0.014716,0.014899,0,0,0,0,0,0,0,0,0,0,0,0
0.015039,0.014773,0.014684,0,0,0,0,0,0,0,0,0,0,0,0
0.01515,0.014668,0.014913,0,0,0,0,0,0,0,0,0,0,0,0
0.01496,0.014992,0.015186,0,0,0,0,0,0,0,0,0,0,0,0
0.015163,0.015596,0.015233,0,0,0,0,0,0,0,0,0,0,0,0
0.015199,0.01556,0.014969,0,0,0,0,0,0,0,0,0,0,0,0
0.015043,0.015678,0.01478,0,0,0,0,0,0,0,0,0,0,0,0
0.014788,0.015674,0.014757,0,0,0,0,0,0,0,0,0,0,0,0
0.014751,0.015518,0.015079,0,0,0,0,0,0,0,0,0,0,0,0
0.015074,0.015457,0.014779,0,0,0,0,0,0,0,0,0,0,0,0
0.01482,0.015755,0.015469,0,0,0,0,0,0,0,0,0,0,0,0
0.015066,0.015796,0.014831,0,0,0,0,0,0,0,0,0,0,0,0
0.014842,0.016074,0.014946,0,0,0,0,0,0,0,0,0,0,0,0
0.014892,0.015993,0.014913,0,0,0,0,0,0,0,0,0,0,0,0
0.015005,0.015941,0.014993,0,0,0,0,0,0,0,0,0,0,0,0
0.014936,0.015725,0.015106,0,0,0,0,0,0,0,0,0,0,0,0
0.015448,0.015902,0.01483,0,0,0,0,0,0,0,0,0,0,0,0
0.015179,0.015659,0.015064,0,0,0,0,0,0,0,0,0,0,0,0
0.015311,0.015599,0.014886,0,0,0,0,0,0,0,0,0,0,0,0
0.014996,0.015915,0.01502,0,0,0,0,0,0,0,0,0,0,0,0
0.014879,0.0158,0.014786,0,0,0,0,0,0,0,0,0,0,0,0
0.014964,0.015651,0.014855,0,0,0,0,0,0,0,0,0,0,0,0
0.014951,0.015866,0.015086,0,0,0,0,0,0,0,0,0,0,0,0
0.01483,0.015646,0.014831,0,0,0,0,0,0,0,0,0,0,0,0
0.014922,0.015467,0.014776,0,0,0,0,0,0,0,0,0,0,0,0
0.015626,0.015493,0.015039,0,0,0,0,0,0,0,0,0,0,0,0
0.015006,0.015516,0.01482,0,0,0,0,0,0,0,0,0,0,0,0
0.015035,0.015669,0.014961,0,0,0,0,0,0,0,0,0,0,0,0
0.01479,0.015755,0.01466,0,0,0,0,0,0,0,0,0,0,0,0
0.014929,0.015597,0.014867,0,0,0,0,0,0,0,0,0,0,0,0
0.01502,0.015768,0.014997,0,0,0,0,0,0,0,0,0,0,0,0
0.014841,0.015715,0.014744,0,0,0,0,0,0,0,0,0,0,0,0
0.01489,0.015576,0.015263,0,0,0,0,0,0,0,0,0,0,0,0
0.014719,0.015639,0.014716,0,0,0,0,0,0,0,0,0,0,0,0
0.015072,0.015634,0.014948,0,0,0,0,0,0,0,0,0,0,0,0
0.01464,0.015737,0.014837,0,0,0,0,0,0,0,0,0,0,0,0
0.014973,0.015716,0.014929,0,0,0,0,0,0,0,0,0,0,0,0
0.015034,0.015764,0.014956,0,0,0,0,0,0,0,0,0,0,0,0
0.014881,0.015722,0.014811,0,0,0,0,0,0,0,0,0,0,0,0
0.01474,0.017472,0.015175,0,0,0,0,0,0,0,0,0,0,0,0
0.014672,0.015122,0.014968,0,0,0,0,0,0,0,0,0,0,0,0
0.014845,0.019929,0.014796,0,0,0,0,0,0,0,0,0,0,0,0
0.01493,0.016078,0.014813,0,0,0,0,0,0,0,0,0,0,0,0
0.014888,0.016158,0.014876,0,0,0,0,0,0,0,0,0,0,0,0
0.014956,0.016536,0.014865,0,0,0,0,0,0,0,0,0,0,0,0
0.015156,0.016135,0.014654,0,0,0,0,0,0,0,0,0,0,0,0
0.015123,0.016405,0.015043,0,0,0,0,0,0,0,0,0,0,0,0
0.016784,0.016114,0.01475,0,0,0,0,0,0,0,0,0,0,0,0
0.015522,0.016202,0.014853,0,0,0,0,0,0,0,0,0,0,0,0
0.015144,0.016116,0.015115,0,0,0,0,0,0,0,0,0,0,0,0
0.015069,0.016061,0.014753,0,0,0,0,0,0,0,0,0,0,0,0
0.014893,0.016115,0.014812,0,0,0,0,0,0,0,0,0,0,0,0
0.014869,0.016359,0.015117,0,0,0,0,0,0,0,0,0,0,0,0
0.014897,0.016352,0.014777,0,0,0,0,0,0,0,0,0,0,0,0
0.014976,0.016313,0.015111,0,0,0,0,0,0,0,0,0,0,0,0
0.014835,0.016128,0.014773,0,0,0,0,0,0,0,0,0,0,0,0
0.014833,0.016019,0.01473,0,0,0,0,0,0,0,0,0,0,0,0
0.015027,0.016138,0.014729,0,0,0,0,0,0,0,0,0,0,0,0
0.01503,0.015993,0.014783,0,0,0,0,0,0,0,0,0,0,0,0
0.014799,0.016104,0.015169,0,0,0,0,0,0,0,0,0,0,0,0
0.015145,0.016274,0.014727,0,0,0,0,0,0,0,0,0,0,0,0
0.014872,0.016222,0.014783,0,0,0,0,0,0,0,0,0,0,0,0
0.015033,0.016429,0.014882,0,0,0,0,0,0,0,0,0,0,0,0
0.015054,0.016169,0.014883,0,0,0,0,0,0,0,0,0,0,0,0
0.015138,0.016166,0.01475,0,0,0,0,0,0,0,0,0,0,0,0
0.014974,0.016367,0.015034,0,0,0,0,0,0,0,0,0,0,0,0
0.015047,0.016115,0.014887,0,0,0,0,0,0,0,0,0,0,0,0
0.014983,0.016171,0.014644,0,0,0,0,0,0,0,0,0,0,0,0
0.015053,0.016272,0.014916,0,0,0,0,0,0,0,0,0,0,0,0
0.014703,0.016131,0.014791,0,0,0,0,0,0,0,0,0,0,0,0
0.01541,0.016122,0.015436,0,0,0,0,0,0,0,0,0,0,0,0
0.015133,0.016293,0.014931,0,0,0,0,0,0,0,0,0,0,0,0
0.015172,0.016218,0.015899,0,0,0,0,0,0,0,0,0,0,0,0
0.015359,0.016082,0.014698,0,0,0,0,0,0,0,0,0,0,0,0
0.015886,0.01649,0.014933,0,0,0,0,0,0,0,0,0,0,0,0
0.01527,0.016057,0.014696,0,0,0,0,0,0,0,0,0,0,0,0
0.015318,0.016228,0.015166,0,0,0,0,0,0,0,0,0,0,0,0
0.014984,0.016341,0.014708,0,0,0,0,0,0,0,0,0,0,0,0
0.014997,0.01606,0.014891,0,0,0,0,0,0,0,0,0,0,0,0
0.014765,0.016132,0.014788,0,0,0,0,0,0,0,0,0,0,0,0
0.014871,0.016467,0.014642,0,0,0,0,0,0,0,0,0,0,0,0
0.014961,0.016616,0.015004,0,0,0,0,0,0,0,0,0,0,0,0
0.015551,0.016333,0.014839,0,0,0,0,0,0,0,0,0,0,0,0
0.014916,0.016355,0.014781,0,0,0,0,0,0,0,0,0,0,0,0
0.015008,0.016101,0.014756,0,0,0,0,0,0,0,0,0,0,0,0
0.014957,0.016056,0.014876,0,0,0,0,0,0,0,0,0,0,0,0
0.015022,0.016598,0.014749,0,0,0,0,0,0,0,0,0,0,0,0
0.014932,0.016223,0.014813,0,0,0,0,0,0,0,0,0,0,0,0
0.014849,0.01623,0.014776,0,0,0,0,0,0,0,0,0,0,0,0
0.015071,0.016254,0.01459,0,0,0,0,0,0,0,0,0,0,0,0
0.015185,0.016036,0.014854,0,0,0,0,0,0,0,0,0,0,0,0
0.015122,0.01622,0.014733,0,0,0,0,0,0,0,0,0,0,0,0
0.015091,0.01631,0.014777,0,0,0,0,0,0,0,0,0,0,0,0
0.014808,0.015636,0.014885,0,0,0,0,0,0,0,0,0,0,0,0
0.01448,0.015735,0.014621,0,0,0,0,0,0,0,0,0,0,0,0
0.037701,0.015856,0.014803,0,0,0,0,0,0,0,0,0,0,0,0
0.014986,0.015847,0.014931,0,0,0,0,0,0,0,0,0,0,0,0
0.015156,0.015692,0.014792,0,0,0,0,0,0,0,0,0,0,0,0
0.014837,0.016726,0.015259,0,0,0,0,0,0,0,0,0,0,0,0
0.014793,0.015855,0.014711,0,0,0,0,0,0,0,0,0,0,0,0
0.015083,0.015816,0.014686,0,0,0,0,0,0,0,0,0,0,0,0
0.015234,0.01601,0.014709,0,0,0,0,0,0,0,0,0,0,0,0
0.014925,0.015991,0.01477,0,0,0,0,0,0,0,0,0,0,0,0
0.01541,0.015907,0.014813,0,0,0,0,0,0,0,0,0,0,0,0
0.016086,0.016214,0.014766,0,0,0,0,0,0,0,0,0,0,0,0
0.015932,0.015701,0.015128,0,0,0,0,0,0,0,0,0,0,0,0
0.016101,0.015813,0.014687,0,0,0,0,0,0,0,0,0,0,0,0
0.016167,0.014881,0.014766,0,0,0,0,0,0,0,0,0,0,0,0
0.015978,0.015533,0.014933,0,0,0,0,0,0,0,0,0,0,0,0
0.016132,0.015591,0.014699,0,0,0,0,0,0,0,0,0,0,0,0
0.016007,0.015515,0.014832,0,0,0,0,0,0,0,0,0,0,0,0
0.015935,0.015637,0.0146,0,0,0,0,0,0,0,0,0,0,0,0
0.015714,0.015572,0.014969,0,0,0,0,0,0,0,0,0,0,0,0
0.016252,0.015727,0.014891,0,0,0,0,0,0,0,0,0,0,0,0
0.015843,0.015487,0.014778,0,0,0,0,0,0,0,0,0,0,0,0
0.015764,0.015493,0.014895,0,0,0,0,0,0,0,0,0,0,0,0
0.016158,0.015538,0.014604,0,0,0,0,0,0,0,0,0,0,0,0
0.016028,0.015819,0.014678,0,0,0,0,0,0,0,0,0,0,0,0
0.015746,0.015479,0.015005,0,0,0,0,0,0,0,0,0,0,0,0
0.016101,0.015557,0.014596,0,0,0,0,0,0,0,0,0,0,0,0
0.016043,0.015664,0.014977,0,0,0,0,0,0,0,0,0,0,0,0
0.015985,0.015607,0.015624,0,0,0,0,0,0,0,0,0,0,0,0
0.016083,0.015483,0.014741,0,0,0,0,0,0,0,0,0,0,0,0
0.015923,0.015609,0.0147,0,0,0,0,0,0,0,0,0,0,0,0
0.015662,0.015719,0.014701,0,0,0,0,0,0,0,0,0,0,0,0
0.015816,0.01547,0.014924,0,0,0,0,0,0,0,0,0,0,0,0
0.015693,0.015842,0.014652,0,0,0,0,0,0,0,0,0,0,0,0
0.015844,0.015632,0.014828,0,0,0,0,0,0,0,0,0,0,0,0
0.016086,0.015658,0.014823,0,0,0,0,0,0,0,0,0,0,0,0
0.01574,0.01565,0.014761,0,0,0,0,0,0,0,0,0,0,0,0
0.015825,0.015415,0.014717,0,0,0,0,0,0,0,0,0,0,0,0
0.016015,0.015606,0.014826,0,0,0,0,0,0,0,0,0,0,0,0
0.015825,0.015558,0.014765,0,0,0,0,0,0,0,0,0,0,0,0
0.015865,0.015546,0.014555,0,0,0,0,0,0,0,0,0,0,0,0
0.015637,0.015427,0.014903,0,0,0,0,0,0,0,0,0,0,0,0
0.015543,0.015309,0.014814,0,0,0,0,0,0,0,0,0,0,0,0
0.015673,0.015645,0.014703,0,0,0,0,0,0,0,0,0,0,0,0
0.016106,0.015491,0.014852,0,0,0,0,0,0,0,0,0,0,0,0
0.015803,0.0156,0.014837,0,0,0,0,0,0,0,0,0,0,0,0
0.015955,0.015845,0.014557,0,0,0,0,0,0,0,0,0,0,0,0
0.015756,0.015436,0.014971,0,0,0,0,0,0,0,0,0,0,0,0
0.015812,0.015493,0.014927,0,0,0,0,0,0,0,0,0,0,0,0
0.015878,0.01583,0.015041,0,0,0,0,0,0,0,0,0,0,0,0
0.015601,0.015501,0.014732,0,0,0,0,0,0,0,0,0,0,0,0
0.015893,0.015651,0.014895,0,0,0,0,0,0,0,0,0,0,0,0
0.015725,0.015487,0.014642,0,0,0,0,0,0,0,0,0,0,0,0
0.016185,0.015665,0.014744,0,0,0,0,0,0,0,0,0,0,0,0
0.015877,0.015749,0.014941,0,0,0,0,0,0,0,0,0,0,0,0
0.015797,0.015254,0.014675,0,0,0,0,0,0,0,0,0,0,0,0
0.015144,0.015552,0.014757,0,0,0,0,0,0,0,0,0,0,0,0
0.014969,0.015783,0.014616,0,0,0,0,0,0,0,0,0,0,0,0
0.015099,0.015388,0.014761,0,0,0,0,0,0,0,0,0,0,0,0
0.01536,0.015406,0.014624,0,0,0,0,0,0,0,0,0,0,0,0
0.01519,0.015579,0.014719,0,0,0,0,0,0,0,0,0,0,0,0
0.014845,0.015502,0.014896,0,0,0,0,0,0,0,0,0,0,0,0
0.01497,0.015565,0.014614,0,0,0,0,0,0,0,0,0,0,0,0
0.014842,0.015627,0.014899,0,0,0,0,0,0,0,0,0,0,0,0
0.015169,0.015556,0.014817,0,0,0,0,0,0,0,0,0,0,0,0
0.015124,0.015433,0.014777,0,0,0,0,0,0,0,0,0,0,0,0
0.014777,0.015542,0.0149,0,0,0,0,0,0,0,0,0,0,0,0
0.015227,0.015686,0.014607,0,0,0,0,0,0,0,0,0,0,0,0
0.014681,0.015622,0.014757,0,0,0,0,0,0,0,0,0,0,0,0
0.014869,0.015461,0.014925,0,0,0,0,0,0,0,0,0,0,0,0
0.015066,0.015488,0.014615,0,0,0,0,0,0,0,0,0,0,0,0
0.015175,0.015989,0.014949,0,0,0,0,0,0,0,0,0,0,0,0
0.015019,0.015539,0.014628,0,0,0,0,0,0,0,0,0,0,0,0
0.015286,0.015774,0.014726,0,0,0,0,0,0,0,0,0,0,0,0
0.015141,0.01567,0.014762,0,0,0,0,0,0,0,0,0,0,0,0
0.01489,0.015654,0.014639,0,0,0,0,0,0,0,0,0,0,0,0
0.015211,0.015555,0.01488,0,0,0,0,0,0,0,0,0,0,0,0
0.014883,0.015588,0.014731,0,0,0,0,0,0,0,0,0,0,0,0
0.014979,0.015599,0.015443,0,0,0,0,0,0,0,0,0,0,0,0
0.016096,0.015632,0.01491,0,0,0,0,0,0,0,0,0,0,0,0
0.016151,0.015635,0.014756,0,0,0,0,0,0,0,0,0,0,0,0
0.015547,0.015487,0.014842,0,0,0,0,0,0,0,0,0,0,0,0
0.015973,0.015448,0.014698,0,0,0,0,0,0,0,0,0,0,0,0
0.016348,0.015828,0.01479,0,0,0,0,0,0,0,0,0,0,0,0
0.015819,0.015621,0.014711,0,0,0,0,0,0,0,0,0,0,0,0
0.015923,0.015797,0.014859,0,0,0,0,0,0,0,0,0,0,0,0
0.016597,0.015538,0.014892,0,0,0,0,0,0,0,0,0,0,0,0
0.015873,0.015535,0.014837,0,0,0,0,0,0,0,0,0,0,0,0
0.016117,0.015755,0.015027,0,0,0,0,0,0,0,0,0,0,0,0
0.015842,0.015541,0.014594,0,0,0,0,0,0,0,0,0,0,0,0
0.015779,0.015507,0.014705,0,0,0,0,0,0,0,0,0,0,0,0
0.015963,0.015391,0.015122,0,0,0,0,0,0,0,0,0,0,0,0
0.016159,0.015282,0.014708,0,0,0,0,0,0,0,0,0,0,0,0
0.015717,0.015561,0.014871,0,0,0,0,0,0,0,0,0,0,0,0
0.015874,0.015552,0.014752,0,0,0,0,0,0,0,0,0,0,0,0
0.017691,0.015495,0.014853,0,0,0,0,0,0,0,0,0,0,0,0
0.016079,0.01577,0.014704,0,0,0,0,0,0,0,0,0,0,0,0
0.016,0.015357,0.014806,0,0,0,0,0,0,0,0,0,0,0,0
0.016843,0.015462,0.014904,0,0,0,0,0,0,0,0,0,0,0,0
0.016745,0.015491,0.014653,0,0,0,0,0,0,0,0,0,0,0,0
0.016032,0.015594,0.014784,0,0,0,0,0,0,0,0,0,0,0,0
0.016623,0.015406,0.015376,0,0,0,0,0,0,0,0,0,0,0,0
0.016198,0.015593,0.014939,0,0,0,0,0,0,0,0,0,0,0,0
0.017044,0.015597,0.014681,0,0,0,0,0,0,0,0,0,0,0,0
0.017101,0.015439,0.014847,0,0,0,0,0,0,0,0,0,0,0,0
0.016298,0.015647,0.014816,0,0,0,0,0,0,0,0,0,0,0,0
0.016993,0.015495,0.014635,0,0,0,0,0,0,0,0,0,0,0,0
0.01623,0.015818,0.014851,0,0,0,0,0,0,0,0,0,0,0,0
0.016921,0.015733,0.014792,0,0,0,0,0,0,0,0,0,0,0,0
0.016459,0.015862,0.014742,0,0,0,0,0,0,0,0,0,0,0,0
0.016247,0.015507,0.014894,0,0,0,0,0,0,0,0,0,0,0,0
0.017204,0.015678,0.014702,0,0,0,0,0,0,0,0,0,0,0,0
0.016794,0.015746,0.014741,0,0,0,0,0,0,0,0,0,0,0,0
0.01633,0.015588,0.015034,0,0,0,0,0,0,0,0,0,0,0,0
0.016213,0.015761,0.01484,0,0,0,0,0,0,0,0,0,0,0,0
0.016898,0.015585,0.015038,0,0,0,0,0,0,0,0,0,0,0,0
0.015975,0.015523,0.01473,0,0,0,0,0,0,0,0,0,0,0,0
0.015932,0.015525,0.015027,0,0,0,0,0,0,0,0,0,0,0,0
0.015285,0.015575,0.014867,0,0,0,0,0,0,0,0,0,0,0,0
0.014837,0.0155,0.014654,0,0,0,0,0,0,0,0,0,0,0,0
0.014798,0.015475,0.015051,0,0,0,0,0,0,0,0,0,0,0,0
0.01565,0.015577,0.014736,0,0,0,0,0,0,0,0,0,0,0,0
0.014956,0.015509,0.014854,0,0,0,0,0,0,0,0,0,0,0,0
0.014953,0.015662,0.014767,0,0,0,0,0,0,0,0,0,0,0,0
0.015172,0.015667,0.015148,0,0,0,0,0,0,0,0,0,0,0,0
0.01519,0.015803,0.014932,0,0,0,0,0,0,0,0,0,0,0,0
0.015172,0.015588,0.017863,0,0,0,0,0,0,0,0,0,0,0,0
0.014938,0.015651,0.016488,0,0,0,0,0,0,0,0,0,0,0,0
0.015238,0.015474,0.016686,0,0,0,0,0,0,0,0,0,0,0,0
0.014885,0.01554,0.016402,0,0,0,0,0,0,0,0,0,0,0,0
0.014906,0.015571,0.016614,0,0,0,0,0,0,0,0,0,0,0,0
0.014977,0.015459,0.016399,0,0,0,0,0,0,0,0,0,0,0,0
0.014849,0.015345,0.016487,0,0,0,0,0,0,0,0,0,0,0,0
0.014891,0.015677,0.016337,0,0,0,0,0,0,0,0,0,0,0,0
0.01535,0.015618,0.016597,0,0,0,0,0,0,0,0,0,0,0,0
0.01494,0.015592,0.016593,0,0,0,0,0,0,0,0,0,0,0,0
0.01516,0.015783,0.016564,0,0,0,0,0,0,0,0,0,0,0,0
0.015007,0.015697,0.016608,0,0,0,0,0,0,0,0,0,0,0,0
0.015689,0.015527,0.016571,0,0,0,0,0,0,0,0,0,0,0,0
0.01475,0.015632,0.016517,0,0,0,0,0,0,0,0,0,0,0,0
0.015498,0.015615,0.01659,0,0,0,0,0,0,0,0,0,0,0,0
0.019112,0.015755,0.016489,0,0,0,0,0,0,0,0,0,0,0,0
0.014913,0.015891,0.016819,0,0,0,0,0,0,0,0,0,0,0,0
0.015806,0.01552,0.016257,0,0,0,0,0,0,0,0,0,0,0,0
0.015543,0.015549,0.016193,0,0,0,0,0,0,0,0,0,0,0,0
0.014863,0.015569,0.016294,0,0,0,0,0,0,0,0,0,0,0,0
0.015779,0.015668,0.016234,0,0,0,0,0,0,0,0,0,0,0,0
0.015798,0.015127,0.016495,0,0,0,0,0,0,0,0,0,0,0,0
0.014751,0.015577,0.016309,0,0,0,0,0,0,0,0,0,0,0,0
0.01576,0.015902,0.016203,0,0,0,0,0,0,0,0,0,0,0,0
0.016304,0.015837,0.016948,0,0,0,0,0,0,0,0,0,0,0,0
0.015233,0.015692,0.016152,0,0,0,0,0,0,0,0,0,0,0,0
0.015754,0.015613,0.016664,0,0,0,0,0,0,0,0,0,0,0,0
0.015978,0.015595,0.016977,0,0,0,0,0,0,0,0,0,0,0,0
0.015127,0.015562,0.016619,0,0,0,0,0,0,0,0,0,0,0,0
0.016032,0.015754,0.017328,0,0,0,0,0,0,0,0,0,0,0,0
0.015341,0.015457,0.016511,0,0,0,0,0,0,0,0,0,0,0,0
0.01521,0.015624,0.017352,0,0,0,0,0,0,0,0,0,0,0,0
0.015873,0.015619,0.016584,0,0,0,0,0,0,0,0,0,0,0,0
0.015992,0.015599,0.017212,0,0,0,0,0,0,0,0,0,0,0,0
0.015192,0.015589,0.016439,0,0,0,0,0,0,0,0,0,0,0,0
0.015654,0.015582,0.017268,0,0,0,0,0,0,0,0,0,0,0,0
0.016109,0.015459,0.016868,0,0,0,0,0,0,0,0,0,0,0,0
0.016448,0.015607,0.016186,0,0,0,0,0,0,0,0,0,0,0,0
0.01585,0.015491,0.016538,0,0,0,0,0,0,0,0,0,0,0,0
0.014824,0.015712,0.016489,0,0,0,0,0,0,0,0,0,0,0,0
0.015497,0.015342,0.016931,0,0,0,0,0,0,0,0,0,0,0,0
0.015647,0.015042,0.016416,0,0,0,0,0,0,0,0,0,0,0,0
0.015106,0.014731,0.016485,0,0,0,0,0,0,0,0,0,0,0,0
0.017499,0.015463,0.016542,0,0,0,0,0,0,0,0,0,0,0,0
0.016616,0.014851,0.016629,0,0,0,0,0,0,0,0,0,0,0,0
0.014795,0.01486,0.016944,0,0,0,0,0,0,0,0,0,0,0,0
0.015866,0.014982,0.016473,0,0,0,0,0,0,0,0,0,0,0,0
0.015799,0.014716,0.016667,0,0,0,0,0,0,0,0,0,0,0,0
0.014965,0.015085,0.019189,0,0,0,0,0,0,0,0,0,0,0,0
0.015604,0.01486,0.016843,0,0,0,0,0,0,0,0,0,0,0,0
0.015995,0.014894,0.016473,0,0,0,0,0,0,0,0,0,0,0,0
0.015153,0.015205,0.017047,0,0,0,0,0,0,0,0,0,0,0,0
0.016007,0.014884,0.017383,0,0,0,0,0,0,0,0,0,0,0,0
0.015103,0.015096,0.016642,0,0,0,0,0,0,0,0,0,0,0,0
0.01504,0.014956,0.017192,0,0,0,0,0,0,0,0,0,0,0,0
0.0159,0.015097,0.016556,0,0,0,0,0,0,0,0,0,0,0,0
0.015722,0.014997,0.017364,0,0,0,0,0,0,0,0,0,0,0,0
0.015106,0.014872,0.016426,0,0,0,0,0,0,0,0,0,0,0,0
0.016002,0.015686,0.017324,0,0,0,0,0,0,0,0,0,0,0,0
0.01514,0.014685,0.016685,0,0,0,0,0,0,0,0,0,0,0,0
0.015065,0.015542,0.01717,0,0,0,0,0,0,0,0,0,0,0,0
0.015372,0.015272,0.016314,0,0,0,0,0,0,0,0,0,0,0,0
0.015681,0.014831,0.017107,0,0,0,0,0,0,0,0,0,0,0,0
0.014989,0.014842,0.016989,0,0,0,0,0,0,0,0,0,0,0,0
0.01582,0.014988,0.016676,0,0,0,0,0,0,0,0,0,0,0,0
0.015704,0.015485,0.017204,0,0,0,0,0,0,0,0,0,0,0,0
0.014896,0.014876,0.016546,0,0,0,0,0,0,0,0,0,0,0,0
0.015962,0.015836,0.017271,0,0,0,0,0,0,0,0,0,0,0,0
0.016075,0.015964,0.016621,0,0,0,0,0,0,0,0,0,0,0,0
0.015003,0.014918,0.017239,0,0,0,0,0,0,0,0,0,0,0,0
0.01571,0.01473,0.016394,0,0,0,0,0,0,0,0,0,0,0,0
0.015218,0.015228,0.016248,0,0,0,0,0,0,0,0,0,0,0,0
0.01501,0.01486,0.017166,0,0,0,0,0,0,0,0,0,0,0,0
0.016083,0.014728,0.016164,0,0,0,0,0,0,0,0,0,0,0,0
0.016005,0.014744,0.016459,0,0,0,0,0,0,0,0,0,0,0,0
0.01481,0.01472,0.017065,0,0,0,0,0,0,0,0,0,0,0,0
0.01587,0.014781,0.01644,0,0,0,0,0,0,0,0,0,0,0,0
0.015316,0.014949,0.016295,0,0,0,0,0,0,0,0,0,0,0,0
0.01501,0.01513,0.017375,0,0,0,0,0,0,0,0,0,0,0,0
0.015719,0.014766,0.017308,0,0,0,0,0,0,0,0,0,0,0,0
0.015064,0.014764,0.016793,0,0,0,0,0,0,0,0,0,0,0,0
0.01526,0.015539,0.017001,0,0,0,0,0,0,0,0,0,0,0,0
0.01617,0.01562,0.016693,0,0,0,0,0,0,0,0,0,0,0,0
0.01551,0.014892,0.017263,0,0,0,0,0,0,0,0,0,0,0,0
0.015467,0.015431,0.016406,0,0,0,0,0,0,0,0,0,0,0,0
0.01574,0.015368,0.017115,0,0,0,0,0,0,0,0,0,0,0,0
0.015208,0.014756,0.016605,0,0,0,0,0,0,0,0,0,0,0,0
0.022759,0.015568,0.017127,0,0,0,0,0,0,0,0,0,0,0,0
0.015473,0.015137,0.017118,0,0,0,0,0,0,0,0,0,0,0,0
0.015424,0.014842,0.016504,0,0,0,0,0,0,0,0,0,0,0,0
0.016057,0.014907,0.016379,0,0,0,0,0,0,0,0,0,0,0,0
0.0222,0.01526,0.016648,0,0,0,0,0,0,0,0,0,0,0,0
0.015293,0.0156,0.017305,0,0,0,0,0,0,0,0,0,0,0,0
0.016102,0.014615,0.016327,0,0,0,0,0,0,0,0,0,0,0,0
0.015812,0.01491,0.016981,0,0,0,0,0,0,0,0,0,0,0,0
0.015193,0.015236,0.016631,0,0,0,0,0,0,0,0,0,0,0,0
0.015971,0.014801,0.01748,0,0,0,0,0,0,0,0,0,0,0,0
0.015406,0.014901,0.017336,0,0,0,0,0,0,0,0,0,0,0,0
0.015223,0.015587,0.016609,0,0,0,0,0,0,0,0,0,0,0,0
0.01595,0.014731,0.017267,0,0,0,0,0,0,0,0,0,0,0,0
0.020106,0.014902,0.016395,0,0,0,0,0,0,0,0,0,0,0,0
0.015419,0.0148,0.017098,0,0,0,0,0,0,0,0,0,0,0,0
0.015017,0.015313,0.016557,0,0,0,0,0,0,0,0,0,0,0,0
0.015669,0.014843,0.017154,0,0,0,0,0,0,0,0,0,0,0,0
0.015804,0.014564,0.016494,0,0,0,0,0,0,0,0,0,0,0,0
0.0171,0.014492,0.017225,0,0,0,0,0,0,0,0,0,0,0,0
0.015817,0.01469,0.016298,0,0,0,0,0,0,0,0,0,0,0,0
0.015807,0.014663,0.016557,0,0,0,0,0,0,0,0,0,0,0,0
0.015028,0.015538,0.01724,0,0,0,0,0,0,0,0,0,0,0,0
0.015829,0.015127,0.016419,0,0,0,0,0,0,0,0,0,0,0,0
0.01613,0.014761,0.017395,0,0,0,0,0,0,0,0,0,0,0,0
0.015282,0.014777,0.016522,0,0,0,0,0,0,0,0,0,0,0,0
0.016145,0.014686,0.016984,0,0,0,0,0,0,0,0,0,0,0,0
0.015715,0.014933,0.01625,0,0,0,0,0,0,0,0,0,0,0,0
0.01511,0.014833,0.01647,0,0,0,0,0,0,0,0,0,0,0,0
0.015937,0.014771,0.016466,0,0,0,0,0,0,0,0,0,0,0,0
0.015467,0.015064,0.0165,0,0,0,0,0,0,0,0,0,0,0,0
0.015757,0.014726,0.016461,0,0,0,0,0,0,0,0,0,0,0,0
0.015735,0.01468,0.016675,0,0,0,0,0,0,0,0,0,0,0,0
0.015646,0.014668,0.017214,0,0,0,0,0,0,0,0,0,0,0,0
0.01676,0.01468,0.016571,0,0,0,0,0,0,0,0,0,0,0,0
0.016838,0.014613,0.016427,0,0,0,0,0,0,0,0,0,0,0,0
0.015696,0.01477,0.017064,0,0,0,0,0,0,0,0,0,0,0,0
0.016566,0.01464,0.016268,0,0,0,0,0,0,0,0,0,0,0,0
0.02051,0.014803,0.016212,0,0,0,0,0,0,0,0,0,0,0,0
0.016558,0.014577,0.016169,0,0,0,0,0,0,0,0,0,0,0,0
0.015789,0.014717,0.016442,0,0,0,0,0,0,0,0,0,0,0,0
0.016775,0.014652,0.016018,0,0,0,0,0,0,0,0,0,0,0,0
0.015697,0.014616,0.016144,0,0,0,0,0,0,0,0,0,0,0,0
0.016308,0.014626,0.016827,0,0,0,0,0,0,0,0,0,0,0,0
0.016754,0.014518,0.016239,0,0,0,0,0,0,0,0,0,0,0,0
0.015731,0.014605,0.016162,0,0,0,0,0,0,0,0,0,0,0,0
0.015752,0.014554,0.016263,0,0,0,0,0,0,0,0,0,0,0,0
0.015851,0.014692,0.016126,0,0,0,0,0,0,0,0,0,0,0,0
0.016176,0.014683,0.016298,0,0,0,0,0,0,0,0,0,0,0,0
0.016785,0.014582,0.016093,0,0,0,0,0,0,0,0,0,0,0,0
0.01861,0.014875,0.016162,0,0,0,0,0,0,0,0,0,0,0,0
0.018563,0.014644,0.015998,0,0,0,0,0,0,0,0,0,0,0,0
0.015583,0.014526,0.016285,0,0,0,0,0,0,0,0,0,0,0,0
0.015958,0.014519,0.016243,0,0,0,0,0,0,0,0,0,0,0,0
0.016259,0.014488,0.016129,0,0,0,0,0,0,0,0,0,0,0,0
0.020808,0.014568,0.016238,0,0,0,0,0,0,0,0,0,0,0,0
0.015613,0.014291,0.016216,0,0,0,0,0,0,0,0,0,0,0,0
0.015632,0.014677,0.016044,0,0,0,0,0,0,0,0,0,0,0,0
0.015721,0.014616,0.016477,0,0,0,0,0,0,0,0,0,0,0,0
0.016036,0.014626,0.016305,0,0,0,0,0,0,0,0,0,0,0,0
0.016268,0.014828,0.016127,0,0,0,0,0,0,0,0,0,0,0,0
0.016786,0.014568,0.016201,0,0,0,0,0,0,0,0,0,0,0,0
0.016278,0.014481,0.01626,0,0,0,0,0,0,0,0,0,0,0,0
0.016997,0.014701,0.016137,0,0,0,0,0,0,0,0,0,0,0,0
0.016582,0.014763,0.01644,0,0,0,0,0,0,0,0,0,0,0,0
0.016977,0.014527,0.016111,0,0,0,0,0,0,0,0,0,0,0,0
0.015705,0.014532,0.016047,0,0,0,0,0,0,0,0,0,0,0,0
0.016686,0.014527,0.016498,0,0,0,0,0,0,0,0,0,0,0,0
0.016774,0.014247,0.016199,0,0,0,0,0,0,0,0,0,0,0,0
0.022885,0.014598,0.016057,0,0,0,0,0,0,0,0,0,0,0,0
0.015967,0.01479,0.016349,0,0,0,0,0,0,0,0,0,0,0,0
0.016638,0.014526,0.016469,0,0,0,0,0,0,0,0,0,0,0,0
0.015871,0.014551,0.016161,0,0,0,0,0,0,0,0,0,0,0,0
0.016903,0.014532,0.016088,0,0,0,0,0,0,0,0,0,0,0,0
0.016864,0.014559,0.016062,0,0,0,0,0,0,0,0,0,0,0,0
0.016091,0.01441,0.016092,0,0,0,0,0,0,0,0,0,0,0,0
0.016958,0.014562,0.016557,0,0,0,0,0,0,0,0,0,0,0,0
0.016062,0.014985,0.016212,0,0,0,0,0,0,0,0,0,0,0,0
0.016955,0.014683,0.01616,0,0,0,0,0,0,0,0,0,0,0,0
0.01641,0.01463,0.016383,0,0,0,0,0,0,0,0,0,0,0,0
0.015768,0.014809,0.016132,0,0,0,0,0,0,0,0,0,0,0,0
0.016879,0.014481,0.016111,0,0,0,0,0,0,0,0,0,0,0,0
0.018145,0.014463,0.016247,0,0,0,0,0,0,0,0,0,0,0,0
0.016746,0.014491,0.015973,0,0,0,0,0,0,0,0,0,0,0,0
0.016058,0.014442,0.016185,0,0,0,0,0,0,0,0,0,0,0,0
0.01726,0.014335,0.016314,0,0,0,0,0,0,0,0,0,0,0,0
0.015905,0.014739,0.016277,0,0,0,0,0,0,0,0,0,0,0,0
0.016691,0.014405,0.016284,0,0,0,0,0,0,0,0,0,0,0,0
0.016669,0.014725,0.01603,0,0,0,0,0,0,0,0,0,0,0,0
0.016065,0.014506,0.016132,0,0,0,0,0,0,0,0,0,0,0,0
0.016755,0.014805,0.016083,0,0,0,0,0,0,0,0,0,0,0,0
0.016196,0.014723,0.016315,0,0,0,0,0,0,0,0,0,0,0,0
0.016997,0.014532,0.016125,0,0,0,0,0,0,0,0,0,0,0,0
0.046616,0.014569,0.016175,0,0,0,0,0,0,0,0,0,0,0,0
0.016037,0.014366,0.016162,0,0,0,0,0,0,0,0,0,0,0,0
0.015967,0.014527,0.016359,0,0,0,0,0,0,0,0,0,0,0,0
0.016316,0.014581,0.016085,0,0,0,0,0,0,0,0,0,0,0,0
0.015946,0.014913,0.016419,0,0,0,0,0,0,0,0,0,0,0,0
0.016714,0.014515,0.016183,0,0,0,0,0,0,0,0,0,0,0,0
0.016503,0.014569,0.016626,0,0,0,0,0,0,0,0,0,0,0,0
0.015934,0.014779,0.01615,0,0,0,0,0,0,0,0,0,0,0,0
0.016652,0.014684,0.016238,0,0,0,0,0,0,0,0,0,0,0,0
0.015983,0.014761,0.017234,0,0,0,0,0,0,0,0,0,0,0,0
0.016562,0.01458,0.016096,0,0,0,0,0,0,0,0,0,0,0,0
0.016663,0.014495,0.016131,0,0,0,0,0,0,0,0,0,0,0,0
0.016529,0.014421,0.016394,0,0,0,0,0,0,0,0,0,0,0,0
0.016136,0.014655,0.016421,0,0,0,0,0,0,0,0,0,0,0,0
0.015841,0.014531,0.016825,0,0,0,0,0,0,0,0,0,0,0,0
0.016314,0.014711,0.016227,0,0,0,0,0,0,0,0,0,0,0,0
NaN,NaN,NaN,0,0,0,0,0,0,0,0,0,0,0,0
NaN,NaN,NaN,0,0,0,0,0,0,0,0,0,0,0,0
NaN,NaN,NaN,0,0,0,0,0,0,0,0,0,0,0,0
NaN,NaN,NaN,0,0,0,0,0,0,0,0,0,0,0,0
0.42432,0.4202,0.42078,0,0,0,0,0,0,0,0,0,0,0,0
0.058535,0.057719,0.05901,0,0,0,0,0,0,0,0,0,0,0,0
0.015662,0.015852,0.015894,0,0,0,0,0,0,0,0,0,0,0,0
0.018937,0.014951,0.014798,0,0,0,0,0,0,0,0,0,0,0,0
0.014866,0.015045,0.014927,0,0,0,0,0,0,0,0,0,0,0,0
0.01458,0.014605,0.014698,0,0,0,0,0,0,0,0,0,0,0,0
0.014603,0.014517,0.014211,0,0,0,0,0,0,0,0,0,0,0,0
0.014477,0.014825,0.014371,0,0,0,0,0,0,0,0,0,0,0,0
0.01441,0.014318,0.014681,0,0,0,0,0,0,0,0,0,0,0,0
0.014241,0.014306,0.014281,0,0,0,0,0,0,0,0,0,0,0,0
0.014315,0.015068,0.014243,0,0,0,0,0,0,0,0,0,0,0,0
0.014266,0.014595,0.01425,0,0,0,0,0,0,0,0,0,0,0,0
0.014568,0.014958,0.014444,0,0,0,0,0,0,0,0,0,0,0,0
0.014212,0.014476,0.014438,0,0,0,0,0,0,0,0,0,0,0,0
0.017305,0.013942,0.014067,0,0,0,0,0,0,0,0,0,0,0,0
0.013349,0.014408,0.014244,0,0,0,0,0,0,0,0,0,0,0,0
NaN,NaN,NaN,0,0,0,0,0,0,0,0,0,0,0,0
NaN,NaN,NaN,0,0,0,0,0,0,0,0,0,0,0,0
NaN,NaN,NaN,0,0,0,0,0,0,0,0,0,0,0,0
NaN,NaN,NaN,0,0,0,0,0,0,0,0,0,0,0,0
0.41913,0.42063,0.40963,0,0,0,0,0,0,0,0,0,0,0,0
0.058705,0.060253,0.057127,0,0,0,0,0,0,0,0,0,0,0,0
0.014677,0.015852,0.015143,0,0,0,0,0,0,0,0,0,0,0,0
0.014028,0.015064,0.013861,0,0,0,0,0,0,0,0,0,0,0,0
0.013726,0.01465,0.01324,0,0,0,0,0,0,0,0,0,0,0,0
0.013573,0.015056,0.013383,0,0,0,0,0,0,0,0,0,0,0,0
0.013315,0.014632,0.013195,0,0,0,0,0,0,0,0,0,0,0,0
0.013207,0.014448,0.013168,0,0,0,0,0,0,0,0,0,0,0,0
0.0133,0.014828,0.012921,0,0,0,0,0,0,0,0,0,0,0,0
0.013262,0.014525,0.012927,0,0,0,0,0,0,0,0,0,0,0,0
0.013426,0.014816,0.012978,0,0,0,0,0,0,0,0,0,0,0,0
0.013402,0.01426,0.013074,0,0,0,0,0,0,0,0,0,0,0,0
0.0132,0.014241,0.012969,0,0,0,0,0,0,0,0,0,0,0,0
0.01309,0.014255,0.012938,0,0,0,0,0,0,0,0,0,0,0,0
0.012752,0.014129,0.012806,0,0,0,0,0,0,0,0,0,0,0,0
0.013169,0.01405,0.012893,0,0,0,0,0,0,0,0,0,0,0,0
NaN,NaN,NaN,0,0,0,0,0,0,0,0,0,0,0,0
NaN,NaN,NaN,0,0,0,0,0,0,0,0,0,0,0,0
NaN,NaN,NaN,0,0,0,0,0,0,0,0,0,0,0,0
NaN,NaN,NaN,0,0,0,0,0,0,0,0,0,0,0,0
0.41731,0.41399,0.41222,0,0,0,0,0,0,0,0,0,0,0,0
0.058566,0.058763,0.058056,0,0,0,0,0,0,0,0,0,0,0,0
0.016782,0.015568,0.016134,0,0,0,0,0,0,0,0,0,0,0,0
0.015654,0.015486,0.015411,0,0,0,0,0,0,0,0,0,0,0,0
0.015603,0.015169,0.015202,0,0,0,0,0,0,0,0,0,0,0,0
0.015506,0.015253,0.015172,0,0,0,0,0,0,0,0,0,0,0,0
0.015739,0.015099,0.015092,0,0,0,0,0,0,0,0,0,0,0,0
0.016315,0.014743,0.014826,0,0,0,0,0,0,0,0,0,0,0,0
0.015612,0.014925,0.014837,0,0,0,0,0,0,0,0,0,0,0,0
0.015803,0.015206,0.014758,0,0,0,0,0,0,0,0,0,0,0,0
0.015592,0.014832,0.014834,0,0,0,0,0,0,0,0,0,0,0,0
0.015608,0.014308,0.014938,0,0,0,0,0,0,0,0,0,0,0,0
0.015232,0.01388,0.01459,0,0,0,0,0,0,0,0,0,0,0,0
0.01569,0.0137,0.014652,0,0,0,0,0,0,0,0,0,0,0,0
0.015741,0.013633,0.014703,0,0,0,0,0,0,0,0,0,0,0,0
0.015398,0.013607,0.014812,0,0,0,0,0,0,0,0,0,0,0,0
0.015397,0.01369,0.014757,0,0,0,0,0,0,0,0,0,0,0,0
0.015464,0.013661,0.014667,0,0,0,0,0,0,0,0,0,0,0,0
0.015112,0.013872,0.01459,0,0,0,0,0,0,0,0,0,0,0,0
0.015427,0.013815,0.014717,0,0,0,0,0,0,0,0,0,0,0,0
0.01511,0.0137,0.014754,0,0,0,0,0,0,0,0,0,0,0,0
0.015681,0.013579,0.014729,0,0,0,0,0,0,0,0,0,0,0,0
0.016048,0.013687,0.014823,0,0,0,0,0,0,0,0,0,0,0,0
0.015484,0.013516,0.014657,0,0,0,0,0,0,0,0,0,0,0,0
0.015421,0.013599,0.01487,0,0,0,0,0,0,0,0,0,0,0,0
0.015326,0.013718,0.014582,0,0,0,0,0,0,0,0,0,0,0,0
0.015109,0.014162,0.014819,0,0,0,0,0,0,0,0,0,0,0,0
0.015471,0.013524,0.014558,0,0,0,0,0,0,0,0,0,0,0,0
0.015239,0.014114,0.014755,0,0,0,0,0,0,0,0,0,0,0,0
0.013725,0.013486,0.01473,0,0,0,0,0,0,0,0,0,0,0,0
0.013915,0.013545,0.014729,0,0,0,0,0,0,0,0,0,0,0,0
0.014349,0.013697,0.014532,0,0,0,0,0,0,0,0,0,0,0,0
0.014158,0.013709,0.014627,0,0,0,0,0,0,0,0,0,0,0,0
0.014115,0.013781,0.014563,0,0,0,0,0,0,0,0,0,0,0,0
0.013501,0.013638,0.014445,0,0,0,0,0,0,0,0,0,0,0,0
0.014067,0.013608,0.014662,0,0,0,0,0,0,0,0,0,0,0,0
0.013802,0.013694,0.014613,0,0,0,0,0,0,0,0,0,0,0,0
0.013755,0.013627,0.014794,0,0,0,0,0,0,0,0,0,0,0,0
0.013742,0.01349,0.014792,0,0,0,0,0,0,0,0,0,0,0,0
0.013673,0.013627,0.014821,0,0,0,0,0,0,0,0,0,0,0,0
0.014029,0.013617,0.01526,0,0,0,0,0,0,0,0,0,0,0,0
0.014882,0.01357,0.0146,0,0,0,0,0,0,0,0,0,0,0,0
0.014628,0.013791,0.014567,0,0,0,0,0,0,0,0,0,0,0,0
0.014939,0.013611,0.014453,0,0,0,0,0,0,0,0,0,0,0,0
0.084633,0.013547,0.014484,0,0,0,0,0,0,0,0,0,0,0,0
0.014815,0.013545,0.014548,0,0,0,0,0,0,0,0,0,0,0,0
0.0148,0.013514,0.014976,0,0,0,0,0,0,0,0,0,0,0,0
0.014831,0.013907,0.014849,0,0,0,0,0,0,0,0,0,0,0,0
0.014598,0.013598,0.014642,0,0,0,0,0,0,0,0,0,0,0,0
0.015072,0.013539,0.014522,0,0,0,0,0,0,0,0,0,0,0,0
0.015272,0.013598,0.014494,0,0,0,0,0,0,0,0,0,0,0,0
0.014616,0.013647,0.01438,0,0,0,0,0,0,0,0,0,0,0,0
0.014831,0.014236,0.014636,0,0,0,0,0,0,0,0,0,0,0,0
0.014649,0.013755,0.014531,0,0,0,0,0,0,0,0,0,0,0,0
0.01525,0.013685,0.014389,0,0,0,0,0,0,0,0,0,0,0,0
0.014658,0.013301,0.014366,0,0,0,0,0,0,0,0,0,0,0,0
0.015028,0.013806,0.014504,0,0,0,0,0,0,0,0,0,0,0,0
0.01485,0.013545,0.015264,0,0,0,0,0,0,0,0,0,0,0,0
0.014668,0.013297,0.014602,0,0,0,0,0,0,0,0,0,0,0,0
0.014799,0.013869,0.014743,0,0,0,0,0,0,0,0,0,0,0,0
0.014484,0.013582,0.014636,0,0,0,0,0,0,0,0,0,0,0,0
0.014699,0.013518,0.014498,0,0,0,0,0,0,0,0,0,0,0,0
0.014754,0.013474,0.014591,0,0,0,0,0,0,0,0,0,0,0,0
0.014825,0.013413,0.014381,0,0,0,0,0,0,0,0,0,0,0,0
0.015504,0.013465,0.014865,0,0,0,0,0,0,0,0,0,0,0,0
0.015498,0.013419,0.014394,0,0,0,0,0,0,0,0,0,0,0,0
0.014851,0.013568,0.014436,0,0,0,0,0,0,0,0,0,0,0,0
0.0148,0.013636,0.014651,0,0,0,0,0,0,0,0,0,0,0,0
0.014749,0.013818,0.014515,0,0,0,0,0,0,0,0,0,0,0,0
0.014965,0.013537,0.014607,0,0,0,0,0,0,0,0,0,0,0,0
0.01481,0.013632,0.014479,0,0,0,0,0,0,0,0,0,0,0,0
0.014922,0.013577,0.014767,0,0,0,0,0,0,0,0,0,0,0,0
0.014878,0.013572,0.015045,0,0,0,0,0,0,0,0,0,0,0,0
0.014799,0.013585,0.014698,0,0,0,0,0,0,0,0,0,0,0,0
0.014763,0.013477,0.015079,0,0,0,0,0,0,0,0,0,0,0,0
0.014748,0.013942,0.014868,0,0,0,0,0,0,0,0,0,0,0,0
0.014731,0.013548,0.015619,0,0,0,0,0,0,0,0,0,0,0,0
0.015146,0.013819,0.015159,0,0,0,0,0,0,0,0,0,0,0,0
0.016239,0.01346,0.015023,0,0,0,0,0,0,0,0,0,0,0,0
0.014973,0.013445,0.014565,0,0,0,0,0,0,0,0,0,0,0,0
0.014758,0.013553,0.014557,0,0,0,0,0,0,0,0,0,0,0,0
0.015138,0.01364,0.014621,0,0,0,0,0,0,0,0,0,0,0,0
0.015381,0.013624,0.014503,0,0,0,0,0,0,0,0,0,0,0,0
0.016159,0.013829,0.014591,0,0,0,0,0,0,0,0,0,0,0,0
0.01501,0.013677,0.014565,0,0,0,0,0,0,0,0,0,0,0,0
0.014838,0.013412,0.01475,0,0,0,0,0,0,0,0,0,0,0,0
0.014759,0.013553,0.015015,0,0,0,0,0,0,0,0,0,0,0,0
0.014674,0.013782,0.014609,0,0,0,0,0,0,0,0,0,0,0,0
0.01479,0.013982,0.014577,0,0,0,0,0,0,0,0,0,0,0,0
0.015002,0.013548,0.014427,0,0,0,0,0,0,0,0,0,0,0,0
0.013956,0.013559,0.014534,0,0,0,0,0,0,0,0,0,0,0,0
0.013744,0.01355,0.014622,0,0,0,0,0,0,0,0,0,0,0,0
0.013768,0.013499,0.014711,0,0,0,0,0,0,0,0,0,0,0,0
0.0137,0.013587,0.015198,0,0,0,0,0,0,0,0,0,0,0,0
0.013439,0.013677,0.014492,0,0,0,0,0,0,0,0,0,0,0,0
0.013825,0.014214,0.014976,0,0,0,0,0,0,0,0,0,0,0,0
0.013583,0.01351,0.014424,0,0,0,0,0,0,0,0,0,0,0,0
0.013741,0.014325,0.014546,0,0,0,0,0,0,0,0,0,0,0,0
0.013628,0.014323,0.015038,0,0,0,0,0,0,0,0,0,0,0,0
0.013866,0.014144,0.014618,0,0,0,0,0,0,0,0,0,0,0,0
0.014041,0.014153,0.014656,0,0,0,0,0,0,0,0,0,0,0,0
0.013452,0.01384,0.014741,0,0,0,0,0,0,0,0,0,0,0,0
NaN,NaN,NaN,0,0,0,0,0,0,0,0,0,0,0,0
NaN,NaN,NaN,0,0,0,0,0,0,0,0,0,0,0,0
NaN,NaN,NaN,0,0,0,0,0,0,0,0,0,0,0,0
NaN,NaN,NaN,0,0,0,0,0,0,0,0,0,0,0,0
0.41735,0.41346,0.41751,0,0,0,0,0,0,0,0,0,0,0,0
0.057687,0.057393,0.056831,0,0,0,0,0,0,0,0,0,0,0,0
0.014126,0.015518,0.014305,0,0,0,0,0,0,0,0,0,0,0,0
0.013614,0.014702,0.013212,0,0,0,0,0,0,0,0,0,0,0,0
0.012897,0.014079,0.01298,0,0,0,0,0,0,0,0,0,0,0,0
0.013071,0.014167,0.012947,0,0,0,0,0,0,0,0,0,0,0,0
0.015437,0.01412,0.012961,0,0,0,0,0,0,0,0,0,0,0,0
0.013712,0.013861,0.012677,0,0,0,0,0,0,0,0,0,0,0,0
0.013374,0.013819,0.012967,0,0,0,0,0,0,0,0,0,0,0,0
0.013206,0.013916,0.013563,0,0,0,0,0,0,0,0,0,0,0,0
0.013518,0.013909,0.01327,0,0,0,0,0,0,0,0,0,0,0,0
NaN,NaN,NaN,0,0,0,0,0,0,0,0,0,0,0,0
NaN,NaN,NaN,0,0,0,0,0,0,0,0,0,0,0,0
NaN,NaN,NaN,0,0,0,0,0,0,0,0,0,0,0,0
NaN,NaN,NaN,0,0,0,0,0,0,0,0,0,0,0,0
0.42564,0.417,0.41198,0,0,0,0,0,0,0,0,0,0,0,0
0.05952,0.058638,0.058537,0,0,0,0,0,0,0,0,0,0,0,0
0.01586,0.016405,0.015659,0,0,0,0,0,0,0,0,0,0,0,0
0.015138,0.015838,0.01484,0,0,0,0,0,0,0,0,0,0,0,0
0.014629,0.015755,0.014594,0,0,0,0,0,0,0,0,0,0,0,0
0.015031,0.015079,0.014474,0,0,0,0,0,0,0,0,0,0,0,0
0.014951,0.016101,0.014418,0,0,0,0,0,0,0,0,0,0,0,0
0.014568,0.016174,0.014125,0,0,0,0,0,0,0,0,0,0,0,0
NaN,NaN,NaN,0,0,0,0,0,0,0,0,0,0,0,0
NaN,NaN,NaN,0,0,0,0,0,0,0,0,0,0,0,0
NaN,NaN,NaN,0,0,0,0,0,0,0,0,0,0,0,0
NaN,NaN,NaN,0,0,0,0,0,0,0,0,0,0,0,0
0.41176,0.42079,0.41222,0,0,0,0,0,0,0,0,0,0,0,0
0.056641,0.058497,0.059352,0,0,0,0,0,0,0,0,0,0,0,0
0.01643,0.016367,0.015784,0,0,0,0,0,0,0,0,0,0,0,0
0.015617,0.015929,0.015221,0,0,0,0,0,0,0,0,0,0,0,0
0.014765,0.015334,0.014717,0,0,0,0,0,0,0,0,0,0,0,0
0.014681,0.01568,0.014588,0,0,0,0,0,0,0,0,0,0,0,0
0.014767,0.015669,0.014848,0,0,0,0,0,0,0,0,0,0,0,0
0.014503,0.015522,0.014331,0,0,0,0,0,0,0,0,0,0,0,0
0.014591,0.016162,0.014649,0,0,0,0,0,0,0,0,0,0,0,0
0.014856,0.015303,0.015373,0,0,0,0,0,0,0,0,0,0,0,0
0.014414,0.01541,0.015065,0,0,0,0,0,0,0,0,0,0,0,0
0.014196,0.015103,0.015246,0,0,0,0,0,0,0,0,0,0,0,0
0.014304,0.016018,0.015191,0,0,0,0,0,0,0,0,0,0,0,0
0.014193,0.015497,0.014961,0,0,0,0,0,0,0,0,0,0,0,0
0.014162,0.015988,0.015182,0,0,0,0,0,0,0,0,0,0,0,0
0.014217,0.015385,0.015068,0,0,0,0,0,0,0,0,0,0,0,0
0.014187,0.015548,0.014823,0,0,0,0,0,0,0,0,0,0,0,0
0.01423,0.016112,0.01501,0,0,0,0,0,0,0,0,0,0,0,0
0.014134,0.01529,0.014923,0,0,0,0,0,0,0,0,0,0,0,0
0.014075,0.016126,0.015077,0,0,0,0,0,0,0,0,0,0,0,0
0.014142,0.016046,0.015097,0,0,0,0,0,0,0,0,0,0,0,0
0.014256,0.015398,0.014906,0,0,0,0,0,0,0,0,0,0,0,0
0.01395,0.016042,0.015013,0,0,0,0,0,0,0,0,0,0,0,0
0.014058,0.016019,0.014864,0,0,0,0,0,0,0,0,0,0,0,0
0.01409,0.015443,0.015096,0,0,0,0,0,0,0,0,0,0,0,0
0.015232,0.016443,0.015034,0,0,0,0,0,0,0,0,0,0,0,0
0.014909,0.015815,0.014969,0,0,0,0,0,0,0,0,0,0,0,0
0.01484,0.015561,0.014969,0,0,0,0,0,0,0,0,0,0,0,0
0.015148,0.015998,0.014823,0,0,0,0,0,0,0,0,0,0,0,0
NaN,NaN,NaN,0,0,0,0,0,0,0,0,0,0,0,0
NaN,NaN,NaN,0,0,0,0,0,0,0,0,0,0,0,0
NaN,NaN,NaN,0,0,0,0,0,0,0,0,0,0,0,0
NaN,NaN,NaN,0,0,0,0,0,0,0,0,0,0,0,0
0.41268,0.42282,0.41814,0,0,0,0,0,0,0,0,0,0,0,0
0.06445,0.059627,0.057601,0,0,0,0,0,0,0,0,0,0,0,0
0.016365,0.01628,0.01655,0,0,0,0,0,0,0,0,0,0,0,0
0.015522,0.014793,0.014973,0,0,0,0,0,0,0,0,0,0,0,0
0.014917,0.014554,0.014791,0,0,0,0,0,0,0,0,0,0,0,0
0.015581,0.015749,0.014402,0,0,0,0,0,0,0,0,0,0,0,0
0.015598,0.015056,0.014674,0,0,0,0,0,0,0,0,0,0,0,0
0.01518,0.015366,0.014218,0,0,0,0,0,0,0,0,0,0,0,0
0.01551,0.014177,0.014328,0,0,0,0,0,0,0,0,0,0,0,0
0.015893,0.014106,0.014005,0,0,0,0,0,0,0,0,0,0,0,0
0.015072,0.015198,0.014106,0,0,0,0,0,0,0,0,0,0,0,0
0.015091,0.014518,0.014006,0,0,0,0,0,0,0,0,0,0,0,0
0.015027,0.014429,0.014116,0,0,0,0,0,0,0,0,0,0,0,0
0.014942,0.014763,0.014188,0,0,0,0,0,0,0,0,0,0,0,0
0.014899,0.014879,0.013926,0,0,0,0,0,0,0,0,0,0,0,0
0.014781,0.015031,0.013915,0,0,0,0,0,0,0,0,0,0,0,0
0.014985,0.014316,0.013768,0,0,0,0,0,0,0,0,0,0,0,0
