1
712.0000,230.0000,22.0000,24.0000
715.0000,231.0000,22.0000,24.0000
715.0000,231.0000,22.0000,24.0000
715.0000,231.0000,22.0000,24.0000
715.0000,231.0000,22.0000,24.0000
715.0000,231.0000,22.0000,24.0000
715.0000,231.0000,22.0000,24.0000
715.0000,231.0000,22.0000,24.0000
715.0000,231.0000,22.0000,24.0000
718.0000,231.0000,22.0000,24.0000
718.0000,231.0000,22.0000,24.0000
718.0000,231.0000,22.0000,24.0000
718.0000,231.0000,22.0000,24.0000
721.0000,231.0000,22.0000,24.0000
721.0000,231.0000,22.0000,24.0000
721.0000,231.0000,22.0000,24.0000
722.0000,230.0000,21.0000,23.0000
722.0000,230.0000,21.0000,23.0000
722.0000,230.0000,21.0000,23.0000
722.0000,230.0000,21.0000,23.0000
720.0000,230.0000,21.0000,23.0000
720.0000,230.0000,21.0000,23.0000
720.0000,230.0000,21.0000,23.0000
720.0000,230.0000,21.0000,23.0000
717.0000,230.0000,21.0000,23.0000
717.0000,230.0000,21.0000,23.0000
717.0000,230.0000,21.0000,23.0000
711.0000,230.0000,21.0000,23.0000
711.0000,230.0000,21.0000,23.0000
711.0000,230.0000,21.0000,23.0000
711.0000,230.0000,21.0000,23.0000
703.0000,230.0000,21.0000,23.0000
703.0000,230.0000,21.0000,23.0000
703.0000,230.0000,21.0000,23.0000
703.0000,230.0000,21.0000,23.0000
693.0000,229.0000,22.0000,24.0000
693.0000,229.0000,22.0000,24.0000
693.0000,229.0000,22.0000,24.0000
675.0000,229.0000,22.0000,24.0000
675.0000,229.0000,22.0000,24.0000
675.0000,229.0000,22.0000,24.0000
675.0000,229.0000,22.0000,24.0000
660.0000,229.0000,22.0000,24.0000
660.0000,229.0000,22.0000,24.0000
660.0000,229.0000,22.0000,24.0000
2
635.0000,228.0000,23.0000,25.0000
0
0
0
0
1
677.0000,228.0000,25.0000,28.0000
685.0000,231.0000,24.0000,27.0000
685.0000,231.0000,24.0000,27.0000
685.0000,231.0000,24.0000,27.0000
685.0000,231.0000,24.0000,27.0000
685.0000,231.0000,24.0000,27.0000
689.0000,231.0000,24.0000,27.0000
689.0000,231.0000,24.0000,27.0000
2
0
0
0
713.0000,234.0000,24.0000,27.0000
0
0
0
0
1
733.0000,235.0000,25.0000,28.0000
733.0000,235.0000,25.0000,28.0000
733.0000,235.0000,25.0000,28.0000
733.0000,235.0000,25.0000,28.0000
733.0000,235.0000,25.0000,28.0000
733.0000,235.0000,25.0000,28.0000
733.0000,235.0000,25.0000,28.0000
733.0000,235.0000,25.0000,28.0000
733.0000,235.0000,25.0000,28.0000
733.0000,235.0000,25.0000,28.0000
726.0000,234.0000,25.0000,28.0000
726.0000,234.0000,25.0000,28.0000
726.0000,234.0000,25.0000,28.0000
726.0000,234.0000,25.0000,28.0000
726.0000,234.0000,25.0000,28.0000
2
713.0000,234.0000,26.0000,29.0000
0
0
0
0
1
656.0000,235.0000,29.0000,30.0000
646.0000,236.0000,28.0000,29.0000
646.0000,236.0000,28.0000,29.0000
646.0000,236.0000,28.0000,29.0000
646.0000,236.0000,28.0000,29.0000
641.0000,234.0000,29.0000,30.0000
641.0000,234.0000,29.0000,30.0000
2
660.0000,236.0000,30.0000,31.0000
0
0
0
0
1
712.0000,239.0000,25.0000,28.0000
716.0000,241.0000,24.0000,27.0000
716.0000,241.0000,24.0000,27.0000
716.0000,241.0000,24.0000,27.0000
716.0000,241.0000,24.0000,27.0000
716.0000,241.0000,24.0000,27.0000
722.0000,240.0000,25.0000,28.0000
722.0000,240.0000,25.0000,28.0000
722.0000,240.0000,25.0000,28.0000
722.0000,240.0000,25.0000,28.0000
737.0000,241.0000,25.0000,28.0000
737.0000,241.0000,25.0000,28.0000
737.0000,241.0000,25.0000,28.0000
737.0000,241.0000,25.0000,28.0000
737.0000,241.0000,25.0000,28.0000
743.0000,243.0000,24.0000,27.0000
743.0000,243.0000,24.0000,27.0000
743.0000,243.0000,24.0000,27.0000
743.0000,243.0000,24.0000,27.0000
743.0000,243.0000,24.0000,27.0000
744.0000,243.0000,25.0000,28.0000
744.0000,243.0000,25.0000,28.0000
744.0000,243.0000,25.0000,28.0000
744.0000,243.0000,25.0000,28.0000
744.0000,243.0000,25.0000,28.0000
734.0000,244.0000,24.0000,27.0000
734.0000,244.0000,24.0000,27.0000
2
0
716.0000,240.0000,25.0000,28.0000
0
0
0
0
1
655.0000,236.0000,28.0000,29.0000
649.0000,237.0000,27.0000,28.0000
649.0000,237.0000,27.0000,28.0000
649.0000,237.0000,27.0000,28.0000
649.0000,237.0000,27.0000,28.0000
639.0000,236.0000,28.0000,29.0000
0
0
2
0
0
0
0
1
721.0000,244.0000,24.0000,26.0000
725.0000,245.0000,24.0000,25.0000
725.0000,245.0000,24.0000,25.0000
725.0000,245.0000,24.0000,25.0000
725.0000,245.0000,24.0000,25.0000
725.0000,245.0000,24.0000,25.0000
732.0000,246.0000,23.0000,25.0000
732.0000,246.0000,23.0000,25.0000
732.0000,246.0000,23.0000,25.0000
732.0000,246.0000,23.0000,25.0000
732.0000,246.0000,23.0000,25.0000
732.0000,246.0000,23.0000,25.0000
748.0000,249.0000,23.0000,25.0000
748.0000,249.0000,23.0000,25.0000
748.0000,249.0000,23.0000,25.0000
748.0000,249.0000,23.0000,25.0000
748.0000,249.0000,23.0000,25.0000
748.0000,249.0000,23.0000,25.0000
754.0000,249.0000,23.0000,25.0000
754.0000,249.0000,23.0000,25.0000
754.0000,249.0000,23.0000,25.0000
754.0000,249.0000,23.0000,25.0000
754.0000,249.0000,23.0000,25.0000
745.0000,250.0000,22.0000,24.0000
745.0000,250.0000,22.0000,24.0000
745.0000,250.0000,22.0000,24.0000
2
0
729.0000,249.0000,22.0000,24.0000
0
0
0
0
1
662.0000,241.0000,31.0000,33.0000
653.0000,240.0000,30.0000,32.0000
653.0000,240.0000,30.0000,32.0000
653.0000,240.0000,30.0000,32.0000
653.0000,240.0000,30.0000,32.0000
653.0000,240.0000,30.0000,32.0000
646.0000,239.0000,30.0000,32.0000
646.0000,239.0000,30.0000,32.0000
2
0
674.0000,239.0000,30.0000,32.0000
0
0
0
0
1
712.0000,241.0000,29.0000,34.0000
714.0000,242.0000,28.0000,33.0000
714.0000,242.0000,28.0000,33.0000
714.0000,242.0000,28.0000,33.0000
714.0000,242.0000,28.0000,33.0000
717.0000,242.0000,27.0000,32.0000
717.0000,242.0000,27.0000,32.0000
717.0000,242.0000,27.0000,32.0000
717.0000,242.0000,27.0000,32.0000
717.0000,242.0000,27.0000,32.0000
722.0000,242.0000,28.0000,33.0000
722.0000,242.0000,28.0000,33.0000
722.0000,242.0000,28.0000,33.0000
722.0000,242.0000,28.0000,33.0000
723.0000,241.0000,27.0000,32.0000
723.0000,241.0000,27.0000,32.0000
723.0000,241.0000,27.0000,32.0000
723.0000,241.0000,27.0000,32.0000
718.0000,241.0000,27.0000,32.0000
718.0000,241.0000,27.0000,32.0000
718.0000,241.0000,27.0000,32.0000
711.0000,241.0000,27.0000,32.0000
711.0000,241.0000,27.0000,32.0000
711.0000,241.0000,27.0000,32.0000
711.0000,241.0000,27.0000,32.0000
701.0000,239.0000,28.0000,33.0000
701.0000,239.0000,28.0000,33.0000
701.0000,239.0000,28.0000,33.0000
701.0000,239.0000,28.0000,33.0000
701.0000,239.0000,28.0000,33.0000
689.0000,239.0000,28.0000,33.0000
689.0000,239.0000,28.0000,33.0000
689.0000,239.0000,28.0000,33.0000
2
670.0000,236.0000,29.0000,33.0000
0
0
0
0
1
646.0000,232.0000,32.0000,31.0000
649.0000,231.0000,33.0000,32.0000
649.0000,231.0000,33.0000,32.0000
649.0000,231.0000,33.0000,32.0000
649.0000,231.0000,33.0000,32.0000
653.0000,231.0000,33.0000,32.0000
653.0000,231.0000,33.0000,32.0000
653.0000,231.0000,33.0000,32.0000
653.0000,231.0000,33.0000,32.0000
653.0000,231.0000,33.0000,32.0000
662.0000,231.0000,33.0000,32.0000
662.0000,231.0000,33.0000,32.0000
662.0000,231.0000,33.0000,32.0000
662.0000,231.0000,33.0000,32.0000
670.0000,233.0000,34.0000,33.0000
670.0000,233.0000,34.0000,33.0000
670.0000,233.0000,34.0000,33.0000
670.0000,233.0000,34.0000,33.0000
675.0000,233.0000,35.0000,34.0000
675.0000,233.0000,35.0000,34.0000
675.0000,233.0000,35.0000,34.0000
675.0000,233.0000,35.0000,34.0000
680.0000,234.0000,34.0000,33.0000
680.0000,234.0000,34.0000,33.0000
680.0000,234.0000,34.0000,33.0000
680.0000,234.0000,34.0000,33.0000
685.0000,233.0000,33.0000,32.0000
685.0000,233.0000,33.0000,32.0000
685.0000,233.0000,33.0000,32.0000
685.0000,233.0000,33.0000,32.0000
686.0000,234.0000,32.0000,31.0000
686.0000,234.0000,32.0000,31.0000
686.0000,234.0000,32.0000,31.0000
686.0000,234.0000,32.0000,31.0000
688.0000,233.0000,32.0000,31.0000
688.0000,233.0000,32.0000,31.0000
688.0000,233.0000,32.0000,31.0000
688.0000,233.0000,32.0000,31.0000
690.0000,233.0000,31.0000,30.0000
690.0000,233.0000,31.0000,30.0000
690.0000,233.0000,31.0000,30.0000
690.0000,233.0000,31.0000,30.0000
691.0000,232.0000,31.0000,30.0000
691.0000,232.0000,31.0000,30.0000
691.0000,232.0000,31.0000,30.0000
691.0000,232.0000,31.0000,30.0000
692.0000,232.0000,32.0000,31.0000
692.0000,232.0000,32.0000,31.0000
692.0000,232.0000,32.0000,31.0000
692.0000,232.0000,32.0000,31.0000
694.0000,232.0000,32.0000,31.0000
694.0000,232.0000,32.0000,31.0000
694.0000,232.0000,32.0000,31.0000
694.0000,232.0000,32.0000,31.0000
690.0000,233.0000,32.0000,31.0000
690.0000,233.0000,32.0000,31.0000
690.0000,233.0000,32.0000,31.0000
690.0000,233.0000,32.0000,31.0000
695.0000,223.0000,33.0000,32.0000
695.0000,223.0000,33.0000,32.0000
695.0000,223.0000,33.0000,32.0000
695.0000,223.0000,33.0000,32.0000
688.0000,232.0000,32.0000,31.0000
688.0000,232.0000,32.0000,31.0000
688.0000,232.0000,32.0000,31.0000
688.0000,232.0000,32.0000,31.0000
688.0000,232.0000,32.0000,31.0000
688.0000,232.0000,32.0000,31.0000
688.0000,232.0000,32.0000,31.0000
688.0000,232.0000,32.0000,31.0000
692.0000,232.0000,31.0000,30.0000
692.0000,232.0000,31.0000,30.0000
692.0000,232.0000,31.0000,30.0000
692.0000,232.0000,31.0000,30.0000
692.0000,234.0000,32.0000,31.0000
692.0000,234.0000,32.0000,31.0000
692.0000,234.0000,32.0000,31.0000
692.0000,234.0000,32.0000,31.0000
688.0000,234.0000,31.0000,30.0000
688.0000,234.0000,31.0000,30.0000
688.0000,234.0000,31.0000,30.0000
688.0000,234.0000,31.0000,30.0000
692.0000,233.0000,30.0000,29.0000
692.0000,233.0000,30.0000,29.0000
692.0000,233.0000,30.0000,29.0000
692.0000,233.0000,30.0000,29.0000
693.0000,233.0000,29.0000,28.0000
693.0000,233.0000,29.0000,28.0000
693.0000,233.0000,29.0000,28.0000
693.0000,233.0000,29.0000,28.0000
685.0000,234.0000,30.0000,29.0000
685.0000,234.0000,30.0000,29.0000
685.0000,234.0000,30.0000,29.0000
685.0000,234.0000,30.0000,29.0000
674.0000,235.0000,30.0000,29.0000
674.0000,235.0000,30.0000,29.0000
674.0000,235.0000,30.0000,29.0000
674.0000,235.0000,30.0000,29.0000
666.0000,234.0000,31.0000,30.0000
