0.000178
0.052098
0.02843
0.027056
0.026372
0.027117
0.027122
0.027413
0.027424
0.029427
0.030323
0.030936
0.030261
0.030542
0.028897
0.030282
0.029731
0.028947
0.029423
0.02958
0.029989
0.029346
0.029499
0.029806
0.028498
0.028927
0.026798
0.028648
0.028262
0.027161
0.028108
0.028554
0.029778
0.027807
0.028675
0.027489
0.027682
0.027282
0.026778
0.025373
0.026869
0.024989
0.024672
0.024699
0.024479
0.02474
0.024794
0.024415
0.024404
0.023744
0.023524
0.023873
0.023666
0.023947
0.0252
0.023875
0.023782
0.023217
0.024151
0.024023
0.024307
0.022975
0.023497
0.023641
0.023381
0.023714
0.023545
0.023453
0.024152
0.023435
0.023373
0.023557
0.023889
0.023003
0.023702
0.023613
0.024138
0.023309
0.023307
0.023231
0.023026
0.023066
0.02272
0.023739
0.022689
0.022137
0.02185
0.022565
0.023266
0.023454
0.023612
0.021809
0.022759
0.02287
0.022765
0.023377
0.023352
0.023086
0.023779
0.023619
0.023511
0.02388
0.023781
0.023997
0.024593
0.024511
0.025554
0.02405
0.023238
0.024605
0.02338
0.023731
0.023111
0.024368
0.023728
0.023768
0.024448
0.024652
0.024035
0.023906
0.024512
0.024604
0.024405
0.024468
0.024167
0.023685
0.024925
0.025972
0.026405
0.024676
0.024726
0.025382
0.025115
0.024749
0.026046
0.024778
0.024966
0.025706
0.024355
0.025605
0.024303
0.02412
0.025424
0.025298
0.024611
0.025418
0.024996
0.025243
0.026084
0.024619
0.024783
0.024503
0.025027
0.025762
0.02366
0.024572
0.024756
0.026997
0.02656
0.026878
0.023424
0.023372
0.023959
0.022879
0.023427
0.022696
0.022679
0.022773
0.023135
0.022556
0.023055
0.023338
0.023256
0.023051
0.023415
0.023524
0.025585
0.023558
0.023166
0.024416
0.023281
0.023386
0.02345
0.023761
0.02469
0.023565
0.023451
0.022835
0.024012
0.023614
0.023279
0.023704
0.023746
0.023221
0.024064
0.023956
0.023179
0.02442
0.024168
0.023908
0.023781
0.023754
0.023891
0.024462
0.023987
0.024259
0.02413
0.024758
0.024467
0.024433
0.025101
0.024001
0.024418
0.02433
0.025583
0.024576
0.02467
0.024436
0.023987
0.024286
0.02434
0.024269
0.024493
0.024071
0.024483
0.02496
0.024009
0.02482
0.025004
0.023779
0.023718
0.024165
0.023865
0.023855
0.023584
0.023814
0.025085
0.025137
0.024669
0.025104
0.024829
0.024638
0.024481
0.024534
0.024584
0.025017
0.02493
0.024756
0.024469
0.023716
0.023513
0.02393
0.025993
0.024191
0.023529
0.024489
0.02386
0.023859
0.023673
0.023292
0.023878
0.024504
0.023575
0.023623
0.024669
0.023283
0.02391
0.025721
0.023958
0.02393
0.023673
0.025055
0.023759
0.024088
0.02401
0.024275
0.025499
0.023077
0.023657
0.02382
0.023922
0.024314
0.024954
0.024587
0.023741
0.02383
0.023888
0.023521
0.023707
0.02322
0.023861
0.023572
0.024666
0.023837
0.02361
0.023493
0.023298
0.025066
0.022869
0.024045
0.023228
0.023595
0.023215
0.023331
0.023483
0.023734
0.023514
0.023103
0.023413
0.023365
0.023185
0.023496
0.024608
0.024755
0.024587
0.024821
0.024325
0.024366
0.024941
0.025259
0.024419
0.025385
0.0246
0.027246
0.024648
0.025918
0.024196
0.025819
0.025005
0.02607
0.024774
0.024597
0.024505
0.024334
0.024333
0.024441
0.02446
0.024019
0.023971
0.024606
0.023937
0.024281
0.024586
0.023882
0.024197
0.024565
0.023717
0.024391
0.024924
0.02411
0.02356
0.023932
0.023659
0.024536
0.024457
0.024579
0.024541
0.024547
0.024761
0.024965
0.024846
0.025272
0.025764
0.026618
0.025452
0.024716
