1
440.0000,174.0000,46.0000,50.0000
435.0000,174.0000,47.0000,50.0000
431.0000,174.0000,49.0000,51.0000
425.0000,171.0000,52.0000,54.0000
423.0000,171.0000,52.0000,54.0000
420.0000,169.0000,52.0000,54.0000
416.0000,168.0000,53.0000,55.0000
413.0000,166.0000,53.0000,55.0000
410.0000,164.0000,53.0000,55.0000
407.0000,162.0000,53.0000,55.0000
405.0000,160.0000,53.0000,55.0000
404.0000,158.0000,53.0000,55.0000
402.0000,157.0000,53.0000,55.0000
401.0000,155.0000,53.0000,55.0000
397.0000,153.0000,58.0000,60.0000
397.0000,150.0000,59.0000,65.0000
398.0000,147.0000,59.0000,67.0000
397.0000,142.0000,65.0000,72.0000
404.0000,136.0000,64.0000,77.0000
410.0000,133.0000,64.0000,78.0000
414.0000,134.0000,62.0000,79.0000
420.0000,129.0000,65.0000,80.0000
429.0000,125.0000,66.0000,81.0000
437.0000,114.0000,72.0000,89.0000
443.0000,110.0000,78.0000,94.0000
452.0000,107.0000,78.0000,91.0000
460.0000,102.0000,80.0000,89.0000
467.0000,94.0000,83.0000,92.0000
470.0000,82.0000,92.0000,98.0000
477.0000,65.0000,99.0000,103.0000
485.0000,53.0000,107.0000,116.0000
489.0000,37.0000,118.0000,127.0000
491.0000,29.0000,123.0000,134.0000
489.0000,20.0000,132.0000,140.0000
486.0000,12.0000,140.0000,147.0000
479.0000,5.0000,151.0000,156.0000
462.0000,-3.0000,164.0000,170.0000
441.0000,-9.0000,182.0000,183.0000
424.0000,-13.0000,191.0000,192.0000
389.0000,-20.0000,221.0000,214.0000
377.0000,-21.0000,222.0000,225.0000
357.0000,-37.0000,234.0000,252.0000
350.0000,-33.0000,240.0000,276.0000
339.0000,-49.0000,267.0000,297.0000
333.0000,-33.0000,267.0000,297.0000
317.0000,-49.0000,288.0000,318.0000
301.0000,-45.0000,312.0000,327.0000
286.0000,-42.0000,314.0000,334.0000
273.0000,-51.0000,327.0000,339.0000
264.0000,-51.0000,326.0000,339.0000
247.0000,-53.0000,326.0000,336.0000
238.0000,-59.0000,333.0000,329.0000
215.0000,-64.0000,344.0000,324.0000
201.0000,-83.0000,344.0000,324.0000
180.0000,-84.0000,344.0000,324.0000
153.0000,-87.0000,344.0000,324.0000
130.0000,-90.0000,344.0000,324.0000
114.0000,-80.0000,344.0000,324.0000
98.0000,-74.0000,344.0000,324.0000
84.0000,-62.0000,344.0000,324.0000
72.0000,-53.0000,344.0000,324.0000
60.0000,-47.0000,344.0000,324.0000
49.0000,-52.0000,344.0000,324.0000
35.0000,-50.0000,360.0000,332.0000
66.0000,-57.0000,360.0000,332.0000
92.0000,-48.0000,360.0000,332.0000
99.0000,-39.0000,376.0000,341.0000
127.0000,-48.0000,376.0000,341.0000
122.0000,-47.0000,382.0000,350.0000
136.0000,-50.0000,379.0000,355.0000
148.0000,-53.0000,377.0000,358.0000
169.0000,-53.0000,369.0000,360.0000
196.0000,-46.0000,355.0000,357.0000
219.0000,-39.0000,352.0000,349.0000
243.0000,-32.0000,346.0000,348.0000
263.0000,-28.0000,338.0000,348.0000
283.0000,-22.0000,330.0000,350.0000
299.0000,-22.0000,325.0000,352.0000
313.0000,-26.0000,326.0000,353.0000
322.0000,-29.0000,333.0000,352.0000
330.0000,-35.0000,341.0000,348.0000
355.0000,-56.0000,341.0000,348.0000
355.0000,-47.0000,367.0000,341.0000
382.0000,-59.0000,367.0000,341.0000
407.0000,-59.0000,367.0000,341.0000
421.0000,-52.0000,367.0000,341.0000
435.0000,-44.0000,367.0000,341.0000
422.0000,-37.0000,388.0000,353.0000
416.0000,-36.0000,402.0000,366.0000
428.0000,-42.0000,402.0000,366.0000
401.0000,-44.0000,417.0000,382.0000
376.0000,-55.0000,434.0000,396.0000
349.0000,-59.0000,433.0000,405.0000
319.0000,-56.0000,428.0000,393.0000
291.0000,-63.0000,428.0000,393.0000
256.0000,-62.0000,428.0000,393.0000
250.0000,-20.0000,378.0000,347.0000
239.0000,-3.0000,327.0000,310.0000
225.0000,12.0000,297.0000,278.0000
215.0000,32.0000,264.0000,248.0000
214.0000,49.0000,237.0000,219.0000
196.0000,53.0000,237.0000,219.0000
204.0000,70.0000,200.0000,190.0000
209.0000,73.0000,178.0000,170.0000
211.0000,73.0000,168.0000,164.0000
217.0000,82.0000,153.0000,153.0000
224.0000,89.0000,137.0000,137.0000
228.0000,91.0000,128.0000,131.0000
232.0000,99.0000,117.0000,122.0000
238.0000,108.0000,108.0000,113.0000
242.0000,120.0000,97.0000,99.0000
245.0000,130.0000,87.0000,89.0000
251.0000,137.0000,77.0000,81.0000
257.0000,141.0000,71.0000,73.0000
264.0000,144.0000,66.0000,68.0000
272.0000,146.0000,62.0000,64.0000
279.0000,148.0000,58.0000,60.0000
285.0000,149.0000,56.0000,56.0000
291.0000,150.0000,53.0000,55.0000
294.0000,155.0000,51.0000,56.0000
299.0000,159.0000,47.0000,59.0000
299.0000,165.0000,47.0000,59.0000
299.0000,171.0000,47.0000,59.0000
300.0000,175.0000,47.0000,59.0000
302.0000,180.0000,47.0000,59.0000
304.0000,184.0000,47.0000,59.0000
307.0000,186.0000,47.0000,59.0000
310.0000,188.0000,47.0000,59.0000
313.0000,190.0000,47.0000,59.0000
315.0000,192.0000,47.0000,59.0000
