5.7852
0.78384
0.70151
0.68038
0.64622
0.66949
0.85328
0.70867
0.73223
0.70079
0.75086
0.74928
0.71678
0.75173
0.65871
0.78575
0.68975
0.64364
0.72818
0.72455
0.65903
0.72214
0.69876
0.68869
0.79204
0.63867
0.68684
0.68481
0.7265
0.64557
0.72308
0.64995
0.72508
0.65985
0.66248
0.67258
0.82184
0.73334
0.79055
0.64681
0.7125
0.73381
0.73316
0.68506
0.66213
0.66531
0.66744
0.67275
0.80854
0.74862
0.67448
0.7151
0.677
0.7044
0.74333
0.77872
0.66337
0.75659
0.69451
0.66769
0.74982
0.77933
0.6561
0.70038
0.72119
0.68716
0.80738
0.66403
0.66833
1.26
1.4512
0.73808
0.76064
0.69401
0.71396
0.77016
0.74954
0.69539
0.76079
0.71986
0.6557
0.7159
0.64055
0.65976
0.79401
0.64819
0.66711
0.73707
0.63769
0.66109
0.75366
0.68382
0.69855
0.7141
0.75088
0.72426
0.78102
0.68763
0.6857
0.65157
0.67657
0.68469
0.73537
0.84506
0.67585
0.70601
0.68516
0.76442
0.84252
0.76773
0.80478
0.68437
0.74912
0.79209
0.78419
0.63851
0.64032
0.65205
0.64045
0.68624
0.71375
0.70529
0.74732
0.80488
0.66332
0.68952
0.86734
0.66513
0.71077
