1
144.0000,126.0000,83.0000,194.0000
143.0000,129.0000,81.0000,189.0000
143.0000,129.0000,81.0000,189.0000
143.0000,129.0000,81.0000,189.0000
143.0000,129.0000,81.0000,189.0000
143.0000,129.0000,81.0000,189.0000
143.0000,129.0000,81.0000,189.0000
143.0000,129.0000,81.0000,189.0000
143.0000,129.0000,81.0000,189.0000
143.0000,129.0000,81.0000,189.0000
143.0000,129.0000,81.0000,189.0000
143.0000,129.0000,81.0000,189.0000
143.0000,129.0000,81.0000,189.0000
143.0000,129.0000,81.0000,189.0000
139.0000,124.0000,83.0000,194.0000
139.0000,124.0000,83.0000,194.0000
139.0000,124.0000,83.0000,194.0000
139.0000,124.0000,83.0000,194.0000
139.0000,124.0000,83.0000,194.0000
139.0000,124.0000,83.0000,194.0000
139.0000,124.0000,83.0000,194.0000
139.0000,124.0000,83.0000,194.0000
139.0000,124.0000,83.0000,194.0000
139.0000,124.0000,83.0000,194.0000
139.0000,124.0000,83.0000,194.0000
101.0000,97.0000,81.0000,189.0000
101.0000,97.0000,81.0000,189.0000
101.0000,97.0000,81.0000,189.0000
101.0000,97.0000,81.0000,189.0000
101.0000,97.0000,81.0000,189.0000
101.0000,97.0000,81.0000,189.0000
101.0000,97.0000,81.0000,189.0000
101.0000,97.0000,81.0000,189.0000
101.0000,97.0000,81.0000,189.0000
101.0000,97.0000,81.0000,189.0000
93.0000,107.0000,82.0000,191.0000
93.0000,107.0000,82.0000,191.0000
93.0000,107.0000,82.0000,191.0000
93.0000,107.0000,82.0000,191.0000
93.0000,107.0000,82.0000,191.0000
93.0000,107.0000,82.0000,191.0000
93.0000,107.0000,82.0000,191.0000
93.0000,107.0000,82.0000,191.0000
93.0000,107.0000,82.0000,191.0000
93.0000,107.0000,82.0000,191.0000
93.0000,107.0000,82.0000,191.0000
99.0000,115.0000,79.0000,185.0000
99.0000,115.0000,79.0000,185.0000
99.0000,115.0000,79.0000,185.0000
99.0000,115.0000,79.0000,185.0000
99.0000,115.0000,79.0000,185.0000
99.0000,115.0000,79.0000,185.0000
99.0000,115.0000,79.0000,185.0000
99.0000,115.0000,79.0000,185.0000
99.0000,115.0000,79.0000,185.0000
99.0000,115.0000,79.0000,185.0000
106.0000,101.0000,81.0000,189.0000
106.0000,101.0000,81.0000,189.0000
106.0000,101.0000,81.0000,189.0000
106.0000,101.0000,81.0000,189.0000
106.0000,101.0000,81.0000,189.0000
106.0000,101.0000,81.0000,189.0000
106.0000,101.0000,81.0000,189.0000
106.0000,101.0000,81.0000,189.0000
106.0000,101.0000,81.0000,189.0000
106.0000,101.0000,81.0000,189.0000
106.0000,101.0000,81.0000,189.0000
187.0000,149.0000,81.0000,189.0000
187.0000,149.0000,81.0000,189.0000
187.0000,149.0000,81.0000,189.0000
187.0000,149.0000,81.0000,189.0000
187.0000,149.0000,81.0000,189.0000
187.0000,149.0000,81.0000,189.0000
187.0000,149.0000,81.0000,189.0000
187.0000,149.0000,81.0000,189.0000
187.0000,149.0000,81.0000,189.0000
187.0000,149.0000,81.0000,189.0000
187.0000,149.0000,81.0000,189.0000
168.0000,166.0000,80.0000,187.0000
168.0000,166.0000,80.0000,187.0000
168.0000,166.0000,80.0000,187.0000
168.0000,166.0000,80.0000,187.0000
168.0000,166.0000,80.0000,187.0000
168.0000,166.0000,80.0000,187.0000
168.0000,166.0000,80.0000,187.0000
168.0000,166.0000,80.0000,187.0000
168.0000,166.0000,80.0000,187.0000
168.0000,166.0000,80.0000,187.0000
109.0000,162.0000,79.0000,185.0000
109.0000,162.0000,79.0000,185.0000
109.0000,162.0000,79.0000,185.0000
109.0000,162.0000,79.0000,185.0000
109.0000,162.0000,79.0000,185.0000
109.0000,162.0000,79.0000,185.0000
109.0000,162.0000,79.0000,185.0000
109.0000,162.0000,79.0000,185.0000
109.0000,162.0000,79.0000,185.0000
109.0000,162.0000,79.0000,185.0000
109.0000,162.0000,79.0000,185.0000
110.0000,172.0000,78.0000,181.0000
110.0000,172.0000,78.0000,181.0000
110.0000,172.0000,78.0000,181.0000
110.0000,172.0000,78.0000,181.0000
110.0000,172.0000,78.0000,181.0000
110.0000,172.0000,78.0000,181.0000
110.0000,172.0000,78.0000,181.0000
110.0000,172.0000,78.0000,181.0000
110.0000,172.0000,78.0000,181.0000
110.0000,172.0000,78.0000,181.0000
121.0000,180.0000,76.0000,178.0000
121.0000,180.0000,76.0000,178.0000
121.0000,180.0000,76.0000,178.0000
121.0000,180.0000,76.0000,178.0000
121.0000,180.0000,76.0000,178.0000
121.0000,180.0000,76.0000,178.0000
121.0000,180.0000,76.0000,178.0000
121.0000,180.0000,76.0000,178.0000
121.0000,180.0000,76.0000,178.0000
121.0000,180.0000,76.0000,178.0000
121.0000,180.0000,76.0000,178.0000
127.0000,183.0000,77.0000,179.0000
127.0000,183.0000,77.0000,179.0000
127.0000,183.0000,77.0000,179.0000
127.0000,183.0000,77.0000,179.0000
127.0000,183.0000,77.0000,179.0000
127.0000,183.0000,77.0000,179.0000
127.0000,183.0000,77.0000,179.0000
127.0000,183.0000,77.0000,179.0000
127.0000,183.0000,77.0000,179.0000
127.0000,183.0000,77.0000,179.0000
134.0000,181.0000,75.0000,176.0000
134.0000,181.0000,75.0000,176.0000
134.0000,181.0000,75.0000,176.0000
134.0000,181.0000,75.0000,176.0000
134.0000,181.0000,75.0000,176.0000
134.0000,181.0000,75.0000,176.0000
134.0000,181.0000,75.0000,176.0000
134.0000,181.0000,75.0000,176.0000
134.0000,181.0000,75.0000,176.0000
134.0000,181.0000,75.0000,176.0000
134.0000,181.0000,75.0000,176.0000
140.0000,173.0000,78.0000,181.0000
140.0000,173.0000,78.0000,181.0000
140.0000,173.0000,78.0000,181.0000
140.0000,173.0000,78.0000,181.0000
140.0000,173.0000,78.0000,181.0000
140.0000,173.0000,78.0000,181.0000
140.0000,173.0000,78.0000,181.0000
140.0000,173.0000,78.0000,181.0000
140.0000,173.0000,78.0000,181.0000
140.0000,173.0000,78.0000,181.0000
180.0000,127.0000,80.0000,187.0000
180.0000,127.0000,80.0000,187.0000
180.0000,127.0000,80.0000,187.0000
180.0000,127.0000,80.0000,187.0000
180.0000,127.0000,80.0000,187.0000
180.0000,127.0000,80.0000,187.0000
180.0000,127.0000,80.0000,187.0000
180.0000,127.0000,80.0000,187.0000
180.0000,127.0000,80.0000,187.0000
180.0000,127.0000,80.0000,187.0000
180.0000,127.0000,80.0000,187.0000
143.0000,119.0000,78.0000,181.0000
143.0000,119.0000,78.0000,181.0000
143.0000,119.0000,78.0000,181.0000
143.0000,119.0000,78.0000,181.0000
143.0000,119.0000,78.0000,181.0000
143.0000,119.0000,78.0000,181.0000
143.0000,119.0000,78.0000,181.0000
143.0000,119.0000,78.0000,181.0000
143.0000,119.0000,78.0000,181.0000
143.0000,119.0000,78.0000,181.0000
127.0000,105.0000,78.0000,181.0000
127.0000,105.0000,78.0000,181.0000
127.0000,105.0000,78.0000,181.0000
127.0000,105.0000,78.0000,181.0000
127.0000,105.0000,78.0000,181.0000
127.0000,105.0000,78.0000,181.0000
127.0000,105.0000,78.0000,181.0000
127.0000,105.0000,78.0000,181.0000
127.0000,105.0000,78.0000,181.0000
127.0000,105.0000,78.0000,181.0000
127.0000,105.0000,78.0000,181.0000
86.0000,83.0000,80.0000,187.0000
86.0000,83.0000,80.0000,187.0000
86.0000,83.0000,80.0000,187.0000
86.0000,83.0000,80.0000,187.0000
86.0000,83.0000,80.0000,187.0000
86.0000,83.0000,80.0000,187.0000
86.0000,83.0000,80.0000,187.0000
86.0000,83.0000,80.0000,187.0000
86.0000,83.0000,80.0000,187.0000
86.0000,83.0000,80.0000,187.0000
31.0000,93.0000,78.0000,183.0000
31.0000,93.0000,78.0000,183.0000
31.0000,93.0000,78.0000,183.0000
31.0000,93.0000,78.0000,183.0000
31.0000,93.0000,78.0000,183.0000
31.0000,93.0000,78.0000,183.0000
31.0000,93.0000,78.0000,183.0000
31.0000,93.0000,78.0000,183.0000
31.0000,93.0000,78.0000,183.0000
31.0000,93.0000,78.0000,183.0000
2
0
0
0
0
1
123.0000,159.0000,70.0000,92.0000
126.0000,159.0000,69.0000,91.0000
126.0000,159.0000,69.0000,91.0000
126.0000,159.0000,69.0000,91.0000
126.0000,159.0000,69.0000,91.0000
126.0000,159.0000,69.0000,91.0000
126.0000,159.0000,69.0000,91.0000
126.0000,159.0000,69.0000,91.0000
126.0000,159.0000,69.0000,91.0000
126.0000,159.0000,69.0000,91.0000
126.0000,159.0000,69.0000,91.0000
129.0000,161.0000,67.0000,88.0000
129.0000,161.0000,67.0000,88.0000
129.0000,161.0000,67.0000,88.0000
129.0000,161.0000,67.0000,88.0000
129.0000,161.0000,67.0000,88.0000
129.0000,161.0000,67.0000,88.0000
129.0000,161.0000,67.0000,88.0000
129.0000,161.0000,67.0000,88.0000
129.0000,161.0000,67.0000,88.0000
129.0000,161.0000,67.0000,88.0000
129.0000,161.0000,67.0000,88.0000
129.0000,161.0000,67.0000,88.0000
136.0000,163.0000,68.0000,89.0000
136.0000,163.0000,68.0000,89.0000
136.0000,163.0000,68.0000,89.0000
136.0000,163.0000,68.0000,89.0000
136.0000,163.0000,68.0000,89.0000
136.0000,163.0000,68.0000,89.0000
136.0000,163.0000,68.0000,89.0000
136.0000,163.0000,68.0000,89.0000
2
0
0
167.0000,138.0000,68.0000,90.0000
0
0
0
0
1
219.0000,195.0000,60.0000,120.0000
218.0000,193.0000,60.0000,119.0000
218.0000,193.0000,60.0000,119.0000
218.0000,193.0000,60.0000,119.0000
218.0000,193.0000,60.0000,119.0000
218.0000,193.0000,60.0000,119.0000
218.0000,193.0000,60.0000,119.0000
218.0000,193.0000,60.0000,119.0000
218.0000,193.0000,60.0000,119.0000
218.0000,193.0000,60.0000,119.0000
218.0000,193.0000,60.0000,119.0000
218.0000,193.0000,60.0000,119.0000
222.0000,197.0000,58.0000,115.0000
222.0000,197.0000,58.0000,115.0000
222.0000,197.0000,58.0000,115.0000
222.0000,197.0000,58.0000,115.0000
222.0000,197.0000,58.0000,115.0000
222.0000,197.0000,58.0000,115.0000
222.0000,197.0000,58.0000,115.0000
222.0000,197.0000,58.0000,115.0000
222.0000,197.0000,58.0000,115.0000
222.0000,197.0000,58.0000,115.0000
192.0000,188.0000,59.0000,118.0000
192.0000,188.0000,59.0000,118.0000
192.0000,188.0000,59.0000,118.0000
192.0000,188.0000,59.0000,118.0000
192.0000,188.0000,59.0000,118.0000
192.0000,188.0000,59.0000,118.0000
192.0000,188.0000,59.0000,118.0000
192.0000,188.0000,59.0000,118.0000
192.0000,188.0000,59.0000,118.0000
192.0000,188.0000,59.0000,118.0000
206.0000,174.0000,59.0000,118.0000
206.0000,174.0000,59.0000,118.0000
206.0000,174.0000,59.0000,118.0000
0
0
0
0
0
0
2
