1
654.0000,272.0000,23.0000,143.0000
654.0000,270.0000,24.0000,146.0000
654.0000,268.0000,25.0000,149.0000
654.0000,272.0000,26.0000,152.0000
654.0000,274.0000,25.0000,149.0000
641.0000,278.0000,26.0000,152.0000
642.0000,280.0000,25.0000,149.0000
648.0000,280.0000,25.0000,149.0000
648.0000,278.0000,26.0000,152.0000
641.0000,276.0000,27.0000,155.0000
636.0000,284.0000,26.0000,152.0000
636.0000,292.0000,25.0000,149.0000
630.0000,302.0000,26.0000,152.0000
623.0000,306.0000,27.0000,155.0000
623.0000,306.0000,27.0000,155.0000
629.0000,304.0000,28.0000,158.0000
635.0000,296.0000,29.0000,161.0000
642.0000,294.0000,30.0000,164.0000
642.0000,290.0000,29.0000,161.0000
634.0000,288.0000,30.0000,164.0000
627.0000,290.0000,29.0000,161.0000
634.0000,288.0000,30.0000,164.0000
642.0000,279.0000,31.0000,167.0000
650.0000,287.0000,30.0000,164.0000
642.0000,279.0000,31.0000,167.0000
650.0000,280.0000,30.0000,164.0000
650.0000,282.0000,29.0000,161.0000
650.0000,280.0000,30.0000,164.0000
657.0000,276.0000,29.0000,161.0000
658.0000,272.0000,28.0000,158.0000
658.0000,264.0000,29.0000,161.0000
665.0000,266.0000,28.0000,158.0000
666.0000,262.0000,27.0000,155.0000
666.0000,254.0000,28.0000,158.0000
659.0000,250.0000,27.0000,155.0000
654.0000,252.0000,26.0000,152.0000
647.0000,244.0000,27.0000,155.0000
648.0000,246.0000,26.0000,152.0000
648.0000,238.0000,27.0000,155.0000
641.0000,236.0000,28.0000,158.0000
640.0000,234.0000,29.0000,161.0000
633.0000,236.0000,28.0000,158.0000
620.0000,238.0000,27.0000,155.0000
627.0000,230.0000,28.0000,158.0000
635.0000,226.0000,27.0000,155.0000
636.0000,228.0000,26.0000,152.0000
636.0000,230.0000,25.0000,149.0000
630.0000,228.0000,26.0000,152.0000
636.0000,230.0000,25.0000,149.0000
642.0000,230.0000,25.0000,149.0000
642.0000,228.0000,26.0000,152.0000
642.0000,226.0000,27.0000,155.0000
642.0000,226.0000,27.0000,155.0000
642.0000,228.0000,26.0000,152.0000
635.0000,220.0000,27.0000,155.0000
641.0000,218.0000,28.0000,158.0000
642.0000,220.0000,27.0000,155.0000
648.0000,222.0000,26.0000,152.0000
648.0000,216.0000,26.0000,152.0000
648.0000,216.0000,26.0000,152.0000
654.0000,216.0000,26.0000,152.0000
660.0000,216.0000,26.0000,152.0000
666.0000,218.0000,25.0000,149.0000
672.0000,218.0000,25.0000,149.0000
685.0000,216.0000,26.0000,152.0000
691.0000,214.0000,27.0000,155.0000
697.0000,212.0000,28.0000,158.0000
698.0000,214.0000,27.0000,155.0000
705.0000,214.0000,27.0000,155.0000
704.0000,206.0000,28.0000,158.0000
704.0000,208.0000,27.0000,155.0000
697.0000,200.0000,28.0000,158.0000
704.0000,200.0000,28.0000,158.0000
704.0000,196.0000,27.0000,155.0000
704.0000,194.0000,28.0000,158.0000
704.0000,186.0000,29.0000,161.0000
704.0000,188.0000,28.0000,158.0000
704.0000,180.0000,29.0000,161.0000
711.0000,182.0000,28.0000,158.0000
719.0000,184.0000,27.0000,155.0000
739.0000,182.0000,28.0000,158.0000
752.0000,174.0000,29.0000,161.0000
759.0000,170.0000,28.0000,158.0000
744.0000,174.0000,29.0000,161.0000
744.0000,182.0000,28.0000,158.0000
751.0000,190.0000,27.0000,155.0000
757.0000,194.0000,28.0000,158.0000
749.0000,192.0000,29.0000,161.0000
748.0000,197.0000,30.0000,164.0000
748.0000,198.0000,29.0000,161.0000
741.0000,198.0000,29.0000,161.0000
741.0000,204.0000,29.0000,161.0000
740.0000,202.0000,30.0000,164.0000
740.0000,204.0000,29.0000,161.0000
740.0000,202.0000,30.0000,164.0000
740.0000,198.0000,29.0000,161.0000
733.0000,200.0000,28.0000,158.0000
732.0000,192.0000,29.0000,161.0000
739.0000,194.0000,28.0000,158.0000
739.0000,188.0000,28.0000,158.0000
739.0000,188.0000,28.0000,158.0000
739.0000,182.0000,28.0000,158.0000
738.0000,174.0000,29.0000,161.0000
738.0000,172.0000,30.0000,164.0000
754.0000,170.0000,31.0000,167.0000
762.0000,172.0000,30.0000,164.0000
762.0000,174.0000,29.0000,161.0000
762.0000,176.0000,28.0000,158.0000
762.0000,174.0000,29.0000,161.0000
769.0000,176.0000,28.0000,158.0000
769.0000,176.0000,28.0000,158.0000
776.0000,176.0000,28.0000,158.0000
776.0000,178.0000,27.0000,155.0000
782.0000,180.0000,26.0000,152.0000
788.0000,182.0000,25.0000,149.0000
757.0000,176.0000,25.0000,149.0000
756.0000,174.0000,26.0000,152.0000
756.0000,172.0000,27.0000,155.0000
756.0000,176.0000,28.0000,158.0000
756.0000,174.0000,29.0000,161.0000
763.0000,174.0000,29.0000,161.0000
770.0000,174.0000,29.0000,161.0000
778.0000,172.0000,30.0000,164.0000
778.0000,179.0000,30.0000,164.0000
770.0000,178.0000,31.0000,167.0000
770.0000,180.0000,30.0000,164.0000
770.0000,180.0000,30.0000,164.0000
770.0000,188.0000,29.0000,161.0000
770.0000,193.0000,30.0000,164.0000
778.0000,193.0000,30.0000,164.0000
786.0000,193.0000,30.0000,164.0000
786.0000,192.0000,31.0000,167.0000
786.0000,194.0000,30.0000,164.0000
793.0000,196.0000,29.0000,161.0000
800.0000,190.0000,29.0000,161.0000
808.0000,188.0000,30.0000,164.0000
816.0000,186.0000,31.0000,167.0000
824.0000,184.0000,32.0000,170.0000
840.0000,189.0000,33.0000,173.0000
848.0000,189.0000,33.0000,173.0000
856.0000,183.0000,32.0000,170.0000
864.0000,182.0000,33.0000,173.0000
880.0000,177.0000,32.0000,170.0000
888.0000,176.0000,33.0000,173.0000
896.0000,178.0000,32.0000,170.0000
888.0000,176.0000,33.0000,173.0000
880.0000,174.0000,34.0000,176.0000
871.0000,172.0000,35.0000,180.0000
870.0000,170.0000,36.0000,184.0000
870.0000,168.0000,37.0000,188.0000
870.0000,160.0000,37.0000,188.0000
860.0000,158.0000,38.0000,192.0000
860.0000,156.0000,39.0000,196.0000
870.0000,170.0000,40.0000,200.0000
870.0000,168.0000,41.0000,204.0000
870.0000,166.0000,42.0000,208.0000
870.0000,176.0000,41.0000,204.0000
870.0000,182.0000,42.0000,208.0000
870.0000,188.0000,43.0000,212.0000
860.0000,190.0000,42.0000,208.0000
850.0000,192.0000,41.0000,204.0000
860.0000,202.0000,40.0000,200.0000
880.0000,204.0000,39.0000,196.0000
899.0000,206.0000,38.0000,192.0000
918.0000,193.0000,37.0000,188.0000
872.0000,193.0000,37.0000,188.0000
872.0000,199.0000,38.0000,192.0000
872.0000,197.0000,39.0000,196.0000
882.0000,197.0000,39.0000,196.0000
862.0000,195.0000,40.0000,200.0000
842.0000,193.0000,41.0000,204.0000
842.0000,199.0000,42.0000,208.0000
885.0000,214.0000,43.0000,212.0000
886.0000,216.0000,42.0000,208.0000
864.0000,197.0000,43.0000,212.0000
854.0000,191.0000,42.0000,208.0000
864.0000,185.0000,41.0000,204.0000
801.0000,191.0000,42.0000,208.0000
811.0000,206.0000,43.0000,212.0000
832.0000,213.0000,44.0000,216.0000
854.0000,193.0000,45.0000,220.0000
909.0000,186.0000,44.0000,216.0000
874.0000,166.0000,45.0000,220.0000
874.0000,159.0000,44.0000,216.0000
841.0000,176.0000,44.0000,216.0000
874.0000,183.0000,45.0000,220.0000
874.0000,208.0000,46.0000,224.0000
874.0000,217.0000,46.0000,224.0000
886.0000,235.0000,46.0000,224.0000
910.0000,251.0000,47.0000,228.0000
910.0000,272.0000,46.0000,223.0000
898.0000,270.0000,47.0000,227.0000
874.0000,249.0000,48.0000,232.0000
874.0000,246.0000,49.0000,237.0000
774.0000,273.0000,50.0000,242.0000
774.0000,276.0000,49.0000,237.0000
762.0000,255.0000,50.0000,242.0000
762.0000,222.0000,51.0000,247.0000
736.0000,190.0000,52.0000,252.0000
723.0000,172.0000,51.0000,247.0000
696.0000,160.0000,52.0000,252.0000
644.0000,170.0000,52.0000,252.0000
606.0000,192.0000,51.0000,247.0000
606.0000,213.0000,50.0000,242.0000
644.0000,180.0000,51.0000,247.0000
631.0000,178.0000,52.0000,252.0000
590.0000,227.0000,53.0000,257.0000
616.0000,237.0000,53.0000,257.0000
643.0000,244.0000,54.0000,262.0000
628.0000,210.0000,55.0000,267.0000
628.0000,212.0000,54.0000,262.0000
628.0000,233.0000,54.0000,262.0000
628.0000,251.0000,55.0000,267.0000
642.0000,262.0000,55.0000,267.0000
669.0000,264.0000,54.0000,262.0000
670.0000,266.0000,53.0000,257.0000
644.0000,268.0000,52.0000,252.0000
657.0000,256.0000,53.0000,257.0000
670.0000,244.0000,54.0000,262.0000
670.0000,244.0000,54.0000,262.0000
670.0000,231.0000,55.0000,267.0000
670.0000,210.0000,55.0000,267.0000
670.0000,197.0000,56.0000,272.0000
670.0000,183.0000,57.0000,277.0000
656.0000,180.0000,58.0000,283.0000
641.0000,189.0000,59.0000,289.0000
640.0000,198.0000,60.0000,295.0000
625.0000,186.0000,60.0000,295.0000
624.0000,183.0000,61.0000,301.0000
609.0000,174.0000,60.0000,295.0000
608.0000,195.0000,61.0000,301.0000
592.0000,217.0000,62.0000,307.0000
592.0000,227.0000,63.0000,313.0000
592.0000,237.0000,64.0000,319.0000
608.0000,240.0000,63.0000,313.0000
608.0000,240.0000,63.0000,313.0000
592.0000,237.0000,64.0000,319.0000
592.0000,247.0000,65.0000,325.0000
608.0000,244.0000,66.0000,331.0000
