1.4757
0.078961
0.078997
0.079787
0.083575
0.078982
0.07297
0.072105
0.076682
0.072876
0.072383
0.072924
0.073127
0.073443
0.079382
0.07937
0.075823
0.070927
0.075474
0.074625
0.071814
0.073885
0.080856
0.076218
0.081023
0.0717
0.07241
0.073211
0.079584
0.075383
0.077776
0.082623
0.079563
0.078561
0.076625
0.082665
0.083892
0.079502
0.078052
0.074613
0.080371
0.079275
0.071919
0.055011
0.075997
0.074663
0.073469
0.076063
0.077963
0.079186
0.074538
0.077923
0.075997
0.083612
0.075012
0.074694
0.075664
0.080636
0.076355
0.074013
0.072708
0.075136
0.074012
0.073394
0.072279
0.073455
0.07685
0.072064
0.073715
0.073361
0.075293
0.074151
0.071549
0.081255
0.073449
0.078727
0.075858
0.073486
0.073536
0.076637
0.078233
0.08318
0.079814
0.081551
0.087132
0.07861
0.074373
0.075085
0.079469
0.080288
0.078315
0.073238
0.080644
0.08047
0.073127
0.073972
0.077677
0.075387
0.075286
0.072333
0.072125
0.075394
0.070996
0.074847
0.079987
0.080269
0.07543
0.071241
0.055621
0.072664
0.072122
0.069908
0.069786
0.069751
0.072733
0.072162
0.069765
0.073682
0.071802
0.07487
0.079737
0.073786
0.07752
0.077084
0.079407
0.081779
0.081647
0.081956
0.085203
0.081245
0.078249
0.076426
0.080366
0.07193
0.075124
0.074669
0.07654
0.072334
0.077193
0.07049
0.075925
0.077803
0.083112
0.080592
0.081428
0.080821
0.081684
0.10549
0.0889
0.079471
0.080455
