1
1094.0000,608.0000,49.0000,57.0000
1099.0000,602.0000,48.0000,56.0000
1105.0000,618.0000,47.0000,55.0000
2
0
0
0
0
1
900.0000,608.0000,70.0000,67.0000
914.0000,615.0000,70.0000,67.0000
921.0000,616.0000,69.0000,66.0000
2
0
0
0
0
1
802.0000,546.0000,58.0000,59.0000
796.0000,546.0000,59.0000,60.0000
796.0000,546.0000,60.0000,61.0000
784.0000,546.0000,59.0000,60.0000
778.0000,540.0000,60.0000,61.0000
778.0000,546.0000,59.0000,60.0000
772.0000,552.0000,60.0000,61.0000
778.0000,552.0000,59.0000,60.0000
778.0000,546.0000,60.0000,61.0000
784.0000,534.0000,59.0000,60.0000
790.0000,516.0000,58.0000,59.0000
801.0000,510.0000,57.0000,58.0000
800.0000,504.0000,58.0000,59.0000
788.0000,486.0000,59.0000,60.0000
788.0000,480.0000,58.0000,59.0000
782.0000,480.0000,57.0000,58.0000
770.0000,474.0000,58.0000,59.0000
758.0000,474.0000,58.0000,59.0000
752.0000,474.0000,57.0000,58.0000
752.0000,468.0000,58.0000,59.0000
735.0000,468.0000,58.0000,59.0000
722.0000,468.0000,59.0000,60.0000
710.0000,456.0000,58.0000,59.0000
693.0000,456.0000,57.0000,58.0000
672.0000,450.0000,56.0000,57.0000
649.0000,450.0000,57.0000,58.0000
628.0000,444.0000,56.0000,57.0000
606.0000,444.0000,55.0000,56.0000
584.0000,438.0000,54.0000,55.0000
558.0000,438.0000,53.0000,54.0000
532.0000,433.0000,52.0000,53.0000
501.0000,434.0000,51.0000,52.0000
469.0000,429.0000,52.0000,53.0000
442.0000,423.0000,53.0000,54.0000
406.0000,424.0000,52.0000,53.0000
370.0000,424.0000,52.0000,53.0000
334.0000,424.0000,52.0000,53.0000
292.0000,424.0000,52.0000,53.0000
250.0000,424.0000,53.0000,54.0000
208.0000,424.0000,52.0000,53.0000
167.0000,424.0000,51.0000,52.0000
124.0000,424.0000,52.0000,53.0000
76.0000,429.0000,53.0000,54.0000
34.0000,429.0000,53.0000,54.0000
