0.000162
0.048351
0.025254
0.024556
0.024566
0.024394
0.02458
0.024625
0.024925
0.024676
0.024469
0.024407
0.024222
0.024214
0.024351
0.024324
0.024195
0.024128
0.024141
0.024088
0.024851
0.024537
0.024107
0.024727
0.024282
0.024223
0.024304
0.023939
0.024332
0.023979
0.023988
0.02396
0.024975
0.02422
0.024058
0.024532
0.024648
0.024021
0.024195
0.02403
0.024028
0.023962
0.024006
0.024242
0.024183
0.024369
0.024039
0.02419
0.02415
0.024864
0.024342
0.024373
0.024363
0.024102
0.024134
0.02421
0.024426
0.024414
0.024284
0.024445
0.024232
0.024202
0.024726
0.024621
0.024941
0.024313
0.02486
0.024631
0.025481
0.024461
0.024218
0.024487
0.024278
0.024328
0.024284
0.024264
0.024328
0.024416
0.024365
0.024446
0.024444
0.024246
0.02421
0.02422
0.024586
0.024281
0.024353
0.024349
0.024309
0.024498
0.024482
0.025079
0.024409
0.024233
0.024308
0.024349
0.024205
0.024378
0.024228
0.024263
0.024211
0.024278
0.024216
0.024158
0.024241
