1
658.7513,682.8166,51.1387,29.9795
659.5468,681.5966,53.3231,32.6596
660.8865,679.3054,52.4926,33.2201
662.8605,678.1697,52.8511,32.9188
669.5955,669.9826,49.6200,37.1125
673.3080,662.0665,49.4727,42.1823
677.3852,654.5190,45.4925,45.8688
2
0
0
0
0
1
698.9824,563.5837,40.1005,32.8881
700.7144,552.0304,42.6710,41.3789
703.1782,541.6751,42.9625,48.6485
710.8486,534.2768,37.7171,47.3769
716.8085,534.7598,33.4180,42.7625
721.1329,526.8058,21.1956,45.9596
722.2496,520.3476,24.0958,39.1137
724.3414,515.3239,23.6883,37.6640
726.3812,512.2430,19.2799,35.1188
729.2979,507.8911,19.0863,32.6665
730.4461,505.2159,23.6230,29.5428
734.1151,504.4217,24.7316,22.1600
738.3256,501.1143,26.3916,20.3185
741.1683,495.9666,30.0519,20.4240
747.2620,492.9342,30.2424,19.9726
752.9943,489.1732,31.2861,19.9558
759.8939,486.3975,30.8016,19.0914
766.2935,482.9446,30.1307,20.1800
772.0110,477.8529,27.4978,24.2582
778.1567,471.3045,24.0961,28.2160
785.7224,463.9448,22.8905,31.7737
792.6232,457.3938,22.2397,26.4134
797.8658,450.6048,25.1371,27.8572
804.9484,442.5072,25.8559,27.3646
812.5275,439.5524,25.2399,23.8165
817.0278,434.0039,26.5472,22.7942
819.0068,428.2002,29.1359,22.1937
819.1210,421.9233,33.3939,22.1835
819.5367,416.3629,38.4696,21.3669
823.5711,414.0184,40.2284,22.2722
827.1736,412.3714,41.1166,20.1677
830.3890,409.6094,34.9070,20.2767
834.4882,407.4299,32.7109,21.0504
837.1375,405.1699,30.1467,23.3345
839.1707,403.7123,31.0781,24.3164
843.6199,400.7792,28.2615,24.9943
851.1401,399.5374,23.0281,23.1836
856.3511,400.4115,20.8051,23.4863
862.5648,399.6044,17.4712,25.7712
866.6987,397.8445,15.8101,28.9772
870.9203,392.6633,14.6334,34.9684
871.4431,393.3983,16.3169,35.9663
871.1917,393.9870,18.2624,37.9981
871.6835,397.9952,17.7792,36.4242
871.4457,400.6732,16.1825,39.5691
869.1566,401.7505,16.7878,43.0917
867.9263,426.7956,14.1975,25.6129
863.7383,433.2668,16.8564,26.6154
860.5704,440.3251,16.2175,29.4958
855.8256,446.1703,17.4191,29.9420
851.2565,451.7578,17.7808,30.4546
845.4746,455.3385,19.8289,32.0346
839.3650,460.9233,21.2270,31.4777
833.0025,465.8521,21.7749,30.6204
822.4566,470.6081,25.9821,28.2395
814.0411,471.0867,29.0358,28.8618
806.6068,474.2864,30.4684,24.4630
800.0054,477.4942,30.7131,21.5496
791.4542,479.9040,33.6865,17.9709
784.2889,481.1153,34.0404,20.6357
773.0872,482.2827,38.5091,16.0640
767.1890,481.6159,35.6791,16.0650
770.5237,480.3838,23.9692,16.4222
763.8043,480.9421,23.5773,14.2197
755.7706,480.1781,25.3624,13.8332
748.4949,479.4793,25.4906,13.0297
743.3362,476.3630,23.5576,15.2599
735.0654,473.5272,22.9092,15.5175
728.7065,471.3708,23.2910,15.9844
723.0746,468.3617,22.3603,14.2297
717.0134,465.2489,21.7458,13.9294
711.3649,461.8706,20.2428,13.7128
704.8820,458.7778,20.1959,13.6359
696.6174,456.9380,22.5406,12.6432
692.9549,452.4248,20.1903,14.1902
688.8028,449.6938,17.5231,13.9737
681.5703,446.1341,19.8377,17.1376
676.4689,445.4041,23.4043,14.5209
680.3735,447.4626,20.8815,16.1914
676.7097,446.0075,28.0536,15.6664
2
0
0
0
0
1
646.5892,417.0100,16.5001,16.7231
644.4825,413.8969,16.7138,16.6764
641.5745,411.3531,16.0955,16.3168
640.0424,409.2752,15.2011,13.6957
637.4348,405.8758,15.3001,13.8947
635.5242,402.8138,15.6763,13.4323
634.3743,399.9536,15.5554,13.3390
633.9077,396.5743,15.6148,13.2810
633.4221,394.2664,15.8258,13.2136
633.6385,391.7126,15.3588,13.1404
633.6714,388.8766,15.5947,13.6834
633.6874,386.4499,15.5240,13.0159
634.5999,384.7308,16.1730,12.9091
