1
658.6438,682.7444,51.7767,29.8007
658.5267,679.8634,55.9802,34.6845
656.6677,679.3389,58.1779,32.6457
667.1966,678.2623,52.0468,33.2146
668.9254,670.9055,51.3488,35.8303
672.7905,668.1064,51.2405,35.3271
2
0
0
0
0
1
689.8249,581.1258,42.0530,31.0199
695.6601,572.6926,42.4407,34.4309
700.3309,563.5923,39.8517,33.0970
704.6085,552.0972,38.2466,35.7489
710.4822,539.6793,36.6098,42.2386
720.1028,532.9997,27.3800,44.9770
725.1699,526.5775,24.2390,48.9730
726.6082,519.4297,22.6996,49.0557
728.9636,512.3292,23.6276,47.5924
730.7960,517.0036,24.1672,38.6208
730.5906,512.1631,28.1100,40.5288
732.4811,508.9433,30.3430,31.3540
733.2608,505.4857,38.2883,26.7029
737.4026,501.9633,38.9911,22.5944
744.8147,498.4883,36.3831,21.8750
749.6871,494.4987,45.2708,18.9727
754.6915,489.7299,49.0858,17.1639
759.2262,485.4909,41.8035,17.1505
765.5627,479.0218,41.2113,19.5920
772.8466,472.4171,39.0379,21.3965
779.6787,463.7870,35.7534,27.0263
787.3951,457.9449,38.5339,29.5267
794.0571,453.7483,33.1388,35.4365
803.5126,447.8123,26.3168,41.2721
808.4787,440.3650,30.0807,33.3462
814.3387,438.7877,30.1312,28.5648
819.2113,437.6382,30.6855,22.8023
822.7729,433.5173,28.7141,18.3171
822.7440,428.1010,34.3088,17.9248
826.4806,420.8432,36.6304,18.4755
828.8037,415.4420,40.1381,21.4964
830.4459,408.9627,44.5115,23.5937
834.0067,408.1460,39.3360,22.5660
836.6550,406.1200,41.0522,22.9728
840.1781,403.3097,42.2097,23.9247
844.5181,401.3843,36.7068,26.2499
846.8630,397.4372,38.5746,30.4164
850.2751,394.2579,22.8425,36.6774
855.4608,390.0648,20.3682,43.1112
859.6059,389.9891,22.1797,43.8616
865.8295,386.8604,20.6822,50.9678
868.9551,401.5020,16.2676,25.3436
871.0889,403.6125,14.5361,24.6838
872.4620,406.1633,14.9368,24.6013
872.5515,410.0174,16.8230,25.5980
872.0234,415.5578,14.9664,23.1637
869.3024,421.5212,16.1886,24.1076
867.2382,426.5823,13.0932,24.4923
863.3603,432.7579,13.8449,22.8695
858.8174,438.4595,16.6385,23.0208
853.6893,444.5927,18.5563,24.4957
847.3391,450.4704,21.5275,22.7339
844.8539,454.8776,19.9056,24.2721
837.8672,459.9573,22.2087,23.6506
830.6451,465.1129,24.0880,21.6411
825.0805,470.7564,24.0348,20.5832
819.2193,471.1590,23.4716,24.5685
812.5734,474.1958,24.1948,23.3184
806.7943,477.2452,25.0000,20.2829
799.6224,480.6464,25.1598,18.0964
793.5730,481.2618,24.1204,18.0965
787.1144,481.6999,24.1559,18.6689
780.2898,481.2514,23.3438,18.4223
773.2554,480.6422,23.0891,16.9608
763.4822,479.1495,25.1197,16.7980
756.5267,479.1594,23.8133,14.5564
750.2062,478.5291,22.3400,13.7462
742.8993,477.3116,24.5329,13.4855
735.7888,475.0748,24.8893,13.4360
728.7397,471.7203,24.5209,14.2123
722.2073,468.7759,24.9916,14.9430
716.2794,466.1911,24.0455,12.9824
709.6279,462.7365,23.5078,14.2937
704.2653,459.3232,20.9015,16.1874
697.0792,457.4845,22.9989,14.8271
692.5764,452.0276,21.1023,17.7305
686.5826,449.4753,22.0651,16.5155
681.3208,446.6414,25.0429,17.0268
679.9771,445.5475,29.5862,15.8955
681.0535,447.4112,32.5658,15.8352
685.5641,445.8849,32.5883,15.7556
2
0
0
0
0
1
649.8455,418.5656,19.2698,19.4274
651.1166,419.5742,15.8009,20.4692
650.2712,418.8471,19.6636,21.3595
652.7058,417.1397,18.5946,20.9249
2
0
0
0
0
1
632.2300,388.7683,17.3547,13.8782
632.5620,386.5781,17.2712,13.7685
633.8129,384.4398,16.8795,14.0667
