17.266,16.959,16.789,0,0,0,0,0,0,0,0,0,0,0,0
0.29889,0.32262,0.32915,0,0,0,0,0,0,0,0,0,0,0,0
0.19981,0.2066,0.19589,0,0,0,0,0,0,0,0,0,0,0,0
0.12459,0.12709,0.1242,0,0,0,0,0,0,0,0,0,0,0,0
0.13282,0.12493,0.12285,0,0,0,0,0,0,0,0,0,0,0,0
0.17664,0.12523,0.12215,0,0,0,0,0,0,0,0,0,0,0,0
0.56089,0.3912,0.36396,0,0,0,0,0,0,0,0,0,0,0,0
0.17227,0.12575,0.16484,0,0,0,0,0,0,0,0,0,0,0,0
0.16709,0.12669,0.15594,0,0,0,0,0,0,0,0,0,0,0,0
0.12532,0.12125,0.14635,0,0,0,0,0,0,0,0,0,0,0,0
0.12222,0.12973,0.14164,0,0,0,0,0,0,0,0,0,0,0,0
0.12286,0.12632,0.14243,0,0,0,0,0,0,0,0,0,0,0,0
0.23776,0.29143,0.26563,0,0,0,0,0,0,0,0,0,0,0,0
0.12577,0.16218,0.13489,0,0,0,0,0,0,0,0,0,0,0,0
0.15424,0.16101,0.14709,0,0,0,0,0,0,0,0,0,0,0,0
0.15011,0.14489,0.14878,0,0,0,0,0,0,0,0,0,0,0,0
NaN,NaN,NaN,0,0,0,0,0,0,0,0,0,0,0,0
NaN,NaN,NaN,0,0,0,0,0,0,0,0,0,0,0,0
NaN,NaN,NaN,0,0,0,0,0,0,0,0,0,0,0,0
NaN,NaN,NaN,0,0,0,0,0,0,0,0,0,0,0,0
16.807,16.894,16.167,0,0,0,0,0,0,0,0,0,0,0,0
0.31071,0.37289,0.34458,0,0,0,0,0,0,0,0,0,0,0,0
0.20435,0.24168,0.20211,0,0,0,0,0,0,0,0,0,0,0,0
0.13039,0.12903,0.13531,0,0,0,0,0,0,0,0,0,0,0,0
0.1345,0.12846,0.14745,0,0,0,0,0,0,0,0,0,0,0,0
0.13804,0.13196,0.12827,0,0,0,0,0,0,0,0,0,0,0,0
0.45457,0.49001,0.38972,0,0,0,0,0,0,0,0,0,0,0,0
0.13916,0.16397,0.15669,0,0,0,0,0,0,0,0,0,0,0,0
0.13396,0.13477,0.15264,0,0,0,0,0,0,0,0,0,0,0,0
0.13213,0.13306,0.14886,0,0,0,0,0,0,0,0,0,0,0,0
0.12002,0.12582,0.14852,0,0,0,0,0,0,0,0,0,0,0,0
0.12252,0.12347,0.14405,0,0,0,0,0,0,0,0,0,0,0,0
0.26932,0.25317,0.29403,0,0,0,0,0,0,0,0,0,0,0,0
NaN,NaN,NaN,0,0,0,0,0,0,0,0,0,0,0,0
NaN,NaN,NaN,0,0,0,0,0,0,0,0,0,0,0,0
NaN,NaN,NaN,0,0,0,0,0,0,0,0,0,0,0,0
NaN,NaN,NaN,0,0,0,0,0,0,0,0,0,0,0,0
16.902,17.579,16.532,0,0,0,0,0,0,0,0,0,0,0,0
0.43418,0.4366,0.30822,0,0,0,0,0,0,0,0,0,0,0,0
0.2216,0.24639,0.21966,0,0,0,0,0,0,0,0,0,0,0,0
0.12796,0.1494,0.1399,0,0,0,0,0,0,0,0,0,0,0,0
0.12884,0.14767,0.13893,0,0,0,0,0,0,0,0,0,0,0,0
0.13264,0.1537,0.14878,0,0,0,0,0,0,0,0,0,0,0,0
0.40621,0.41893,0.40649,0,0,0,0,0,0,0,0,0,0,0,0
0.135,0.12417,0.12789,0,0,0,0,0,0,0,0,0,0,0,0
0.12836,0.12129,0.12501,0,0,0,0,0,0,0,0,0,0,0,0
0.12619,0.12314,0.12239,0,0,0,0,0,0,0,0,0,0,0,0
0.13337,0.12326,0.12233,0,0,0,0,0,0,0,0,0,0,0,0
0.14895,0.11922,0.12395,0,0,0,0,0,0,0,0,0,0,0,0
0.24907,0.23999,0.2466,0,0,0,0,0,0,0,0,0,0,0,0
0.12537,0.12487,0.12455,0,0,0,0,0,0,0,0,0,0,0,0
0.12408,0.12131,0.12448,0,0,0,0,0,0,0,0,0,0,0,0
0.12398,0.12225,0.12446,0,0,0,0,0,0,0,0,0,0,0,0
0.12581,0.12152,0.12358,0,0,0,0,0,0,0,0,0,0,0,0
0.13777,0.12069,0.12311,0,0,0,0,0,0,0,0,0,0,0,0
0.28665,0.24237,0.23522,0,0,0,0,0,0,0,0,0,0,0,0
0.131,0.14419,0.12392,0,0,0,0,0,0,0,0,0,0,0,0
0.12866,0.12347,0.12219,0,0,0,0,0,0,0,0,0,0,0,0
0.12745,0.12197,0.12123,0,0,0,0,0,0,0,0,0,0,0,0
NaN,NaN,NaN,0,0,0,0,0,0,0,0,0,0,0,0
NaN,NaN,NaN,0,0,0,0,0,0,0,0,0,0,0,0
NaN,NaN,NaN,0,0,0,0,0,0,0,0,0,0,0,0
NaN,NaN,NaN,0,0,0,0,0,0,0,0,0,0,0,0
17.374,17.905,16.255,0,0,0,0,0,0,0,0,0,0,0,0
0.41917,0.31967,0.35648,0,0,0,0,0,0,0,0,0,0,0,0
0.21954,0.20097,0.26085,0,0,0,0,0,0,0,0,0,0,0,0
0.12512,0.12678,0.15304,0,0,0,0,0,0,0,0,0,0,0,0
0.12932,0.12898,0.13,0,0,0,0,0,0,0,0,0,0,0,0
0.12389,0.12523,0.13372,0,0,0,0,0,0,0,0,0,0,0,0
0.39721,0.52977,0.43656,0,0,0,0,0,0,0,0,0,0,0,0
0.12243,0.14418,0.12251,0,0,0,0,0,0,0,0,0,0,0,0
0.12233,0.13531,0.12344,0,0,0,0,0,0,0,0,0,0,0,0
NaN,NaN,NaN,0,0,0,0,0,0,0,0,0,0,0,0
NaN,NaN,NaN,0,0,0,0,0,0,0,0,0,0,0,0
NaN,NaN,NaN,0,0,0,0,0,0,0,0,0,0,0,0
NaN,NaN,NaN,0,0,0,0,0,0,0,0,0,0,0,0
17.606,17.602,16.837,0,0,0,0,0,0,0,0,0,0,0,0
0.33289,0.32229,0.35413,0,0,0,0,0,0,0,0,0,0,0,0
0.21215,0.20458,0.21277,0,0,0,0,0,0,0,0,0,0,0,0
0.13031,0.12463,0.12914,0,0,0,0,0,0,0,0,0,0,0,0
0.13167,0.12397,0.13043,0,0,0,0,0,0,0,0,0,0,0,0
0.12828,0.12227,0.12885,0,0,0,0,0,0,0,0,0,0,0,0
0.43355,0.45028,0.41015,0,0,0,0,0,0,0,0,0,0,0,0
0.12757,0.15246,0.14392,0,0,0,0,0,0,0,0,0,0,0,0
0.11995,0.14233,0.12165,0,0,0,0,0,0,0,0,0,0,0,0
0.1171,0.13911,0.12326,0,0,0,0,0,0,0,0,0,0,0,0
0.11764,0.15436,0.13458,0,0,0,0,0,0,0,0,0,0,0,0
0.11743,0.14605,0.13166,0,0,0,0,0,0,0,0,0,0,0,0
0.24825,0.29232,0.25991,0,0,0,0,0,0,0,0,0,0,0,0
0.12019,0.15291,0.13228,0,0,0,0,0,0,0,0,0,0,0,0
0.12361,0.14109,0.12963,0,0,0,0,0,0,0,0,0,0,0,0
0.12173,0.12502,0.14044,0,0,0,0,0,0,0,0,0,0,0,0
0.12089,0.12298,0.12894,0,0,0,0,0,0,0,0,0,0,0,0
0.12251,0.13403,0.13965,0,0,0,0,0,0,0,0,0,0,0,0
0.23766,0.28728,0.31488,0,0,0,0,0,0,0,0,0,0,0,0
0.1208,0.15139,0.15467,0,0,0,0,0,0,0,0,0,0,0,0
0.11671,0.14256,0.12711,0,0,0,0,0,0,0,0,0,0,0,0
0.1178,0.15876,0.1448,0,0,0,0,0,0,0,0,0,0,0,0
0.11822,0.16503,0.14589,0,0,0,0,0,0,0,0,0,0,0,0
0.12165,0.15557,0.14513,0,0,0,0,0,0,0,0,0,0,0,0
0.24239,0.33054,0.30541,0,0,0,0,0,0,0,0,0,0,0,0
0.12681,0.1379,0.15234,0,0,0,0,0,0,0,0,0,0,0,0
0.11914,0.14683,0.12679,0,0,0,0,0,0,0,0,0,0,0,0
0.11822,0.15177,0.1268,0,0,0,0,0,0,0,0,0,0,0,0
0.1237,0.14582,0.13302,0,0,0,0,0,0,0,0,0,0,0,0
0.11953,0.14299,0.13641,0,0,0,0,0,0,0,0,0,0,0,0
0.23425,0.28658,0.27457,0,0,0,0,0,0,0,0,0,0,0,0
0.11854,0.14315,0.13473,0,0,0,0,0,0,0,0,0,0,0,0
0.11673,0.16421,0.13776,0,0,0,0,0,0,0,0,0,0,0,0
0.12021,0.17135,0.13806,0,0,0,0,0,0,0,0,0,0,0,0
0.11593,0.15079,0.14702,0,0,0,0,0,0,0,0,0,0,0,0
0.12,0.14852,0.13841,0,0,0,0,0,0,0,0,0,0,0,0
0.23342,0.2855,0.27774,0,0,0,0,0,0,0,0,0,0,0,0
0.11635,0.13074,0.1382,0,0,0,0,0,0,0,0,0,0,0,0
0.11986,0.1542,0.13567,0,0,0,0,0,0,0,0,0,0,0,0
0.12544,0.15288,0.1358,0,0,0,0,0,0,0,0,0,0,0,0
0.12501,0.15609,0.13551,0,0,0,0,0,0,0,0,0,0,0,0
0.1268,0.14511,0.13038,0,0,0,0,0,0,0,0,0,0,0,0
0.23559,0.28177,0.29362,0,0,0,0,0,0,0,0,0,0,0,0
0.12568,0.12554,0.14344,0,0,0,0,0,0,0,0,0,0,0,0
0.12121,0.12145,0.13857,0,0,0,0,0,0,0,0,0,0,0,0
0.11646,0.12255,0.13729,0,0,0,0,0,0,0,0,0,0,0,0
0.12018,0.12319,0.13003,0,0,0,0,0,0,0,0,0,0,0,0
0.11722,0.12335,0.12897,0,0,0,0,0,0,0,0,0,0,0,0
0.22316,0.2425,0.27111,0,0,0,0,0,0,0,0,0,0,0,0
0.11681,0.12465,0.15199,0,0,0,0,0,0,0,0,0,0,0,0
0.18638,0.19784,0.23861,0,0,0,0,0,0,0,0,0,0,0,0
0.12879,0.12904,0.13191,0,0,0,0,0,0,0,0,0,0,0,0
0.1245,0.12367,0.13505,0,0,0,0,0,0,0,0,0,0,0,0
0.1185,0.12281,0.12921,0,0,0,0,0,0,0,0,0,0,0,0
0.23615,0.23217,0.2619,0,0,0,0,0,0,0,0,0,0,0,0
0.12144,0.12161,0.1322,0,0,0,0,0,0,0,0,0,0,0,0
0.11947,0.12008,0.12751,0,0,0,0,0,0,0,0,0,0,0,0
0.12025,0.1215,0.12825,0,0,0,0,0,0,0,0,0,0,0,0
0.1287,0.13151,0.13615,0,0,0,0,0,0,0,0,0,0,0,0
0.12211,0.12758,0.13232,0,0,0,0,0,0,0,0,0,0,0,0
0.23498,0.24348,0.25835,0,0,0,0,0,0,0,0,0,0,0,0
0.12548,0.12255,0.13121,0,0,0,0,0,0,0,0,0,0,0,0
0.12587,0.12214,0.13008,0,0,0,0,0,0,0,0,0,0,0,0
0.11938,0.12402,0.12898,0,0,0,0,0,0,0,0,0,0,0,0
0.11936,0.12668,0.1333,0,0,0,0,0,0,0,0,0,0,0,0
0.11817,0.12413,0.12929,0,0,0,0,0,0,0,0,0,0,0,0
0.22443,0.23461,0.25784,0,0,0,0,0,0,0,0,0,0,0,0
0.1287,0.12699,0.1437,0,0,0,0,0,0,0,0,0,0,0,0
0.14624,0.12245,0.15016,0,0,0,0,0,0,0,0,0,0,0,0
0.16293,0.1212,0.15023,0,0,0,0,0,0,0,0,0,0,0,0
0.15614,0.1213,0.14503,0,0,0,0,0,0,0,0,0,0,0,0
0.1527,0.12059,0.12424,0,0,0,0,0,0,0,0,0,0,0,0
0.28943,0.2277,0.23819,0,0,0,0,0,0,0,0,0,0,0,0
0.16074,0.12389,0.12868,0,0,0,0,0,0,0,0,0,0,0,0
0.1651,0.12833,0.1333,0,0,0,0,0,0,0,0,0,0,0,0
0.1598,0.13681,0.13731,0,0,0,0,0,0,0,0,0,0,0,0
0.16378,0.12918,0.14316,0,0,0,0,0,0,0,0,0,0,0,0
NaN,NaN,NaN,0,0,0,0,0,0,0,0,0,0,0,0
NaN,NaN,NaN,0,0,0,0,0,0,0,0,0,0,0,0
NaN,NaN,NaN,0,0,0,0,0,0,0,0,0,0,0,0
NaN,NaN,NaN,0,0,0,0,0,0,0,0,0,0,0,0
16.796,17.108,17.103,0,0,0,0,0,0,0,0,0,0,0,0
0.37095,0.45705,0.33613,0,0,0,0,0,0,0,0,0,0,0,0
0.20581,0.25975,0.21252,0,0,0,0,0,0,0,0,0,0,0,0
0.13032,0.14997,0.14205,0,0,0,0,0,0,0,0,0,0,0,0
0.1273,0.14892,0.13623,0,0,0,0,0,0,0,0,0,0,0,0
0.12575,0.15726,0.15014,0,0,0,0,0,0,0,0,0,0,0,0
0.39529,0.54591,0.45526,0,0,0,0,0,0,0,0,0,0,0,0
0.13018,0.14769,0.15648,0,0,0,0,0,0,0,0,0,0,0,0
0.13434,0.12922,0.14828,0,0,0,0,0,0,0,0,0,0,0,0
0.13169,0.12653,0.13004,0,0,0,0,0,0,0,0,0,0,0,0
0.13102,0.12488,0.13264,0,0,0,0,0,0,0,0,0,0,0,0
0.13509,0.1243,0.13021,0,0,0,0,0,0,0,0,0,0,0,0
0.26055,0.24894,0.2616,0,0,0,0,0,0,0,0,0,0,0,0
0.13396,0.12515,0.13703,0,0,0,0,0,0,0,0,0,0,0,0
0.13362,0.12224,0.15536,0,0,0,0,0,0,0,0,0,0,0,0
0.13092,0.12352,0.13145,0,0,0,0,0,0,0,0,0,0,0,0
NaN,NaN,NaN,0,0,0,0,0,0,0,0,0,0,0,0
NaN,NaN,NaN,0,0,0,0,0,0,0,0,0,0,0,0
NaN,NaN,NaN,0,0,0,0,0,0,0,0,0,0,0,0
NaN,NaN,NaN,0,0,0,0,0,0,0,0,0,0,0,0
17.198,17.121,16.707,0,0,0,0,0,0,0,0,0,0,0,0
0.38592,0.38188,0.35144,0,0,0,0,0,0,0,0,0,0,0,0
0.20829,0.211,0.24614,0,0,0,0,0,0,0,0,0,0,0,0
0.13621,0.12837,0.12837,0,0,0,0,0,0,0,0,0,0,0,0
0.1288,0.1237,0.12994,0,0,0,0,0,0,0,0,0,0,0,0
0.12826,0.1224,0.13054,0,0,0,0,0,0,0,0,0,0,0,0
0.41403,0.36848,0.40076,0,0,0,0,0,0,0,0,0,0,0,0
0.1323,0.12154,0.14244,0,0,0,0,0,0,0,0,0,0,0,0
0.12839,0.15194,0.13092,0,0,0,0,0,0,0,0,0,0,0,0
0.17353,0.16993,0.18544,0,0,0,0,0,0,0,0,0,0,0,0
0.1263,0.12674,0.13323,0,0,0,0,0,0,0,0,0,0,0,0
0.12629,0.12481,0.13033,0,0,0,0,0,0,0,0,0,0,0,0
0.25607,0.23637,0.24941,0,0,0,0,0,0,0,0,0,0,0,0
0.12405,0.12471,0.12199,0,0,0,0,0,0,0,0,0,0,0,0
0.15172,0.12197,0.12049,0,0,0,0,0,0,0,0,0,0,0,0
0.1432,0.12497,0.1187,0,0,0,0,0,0,0,0,0,0,0,0
0.14735,0.12247,0.12015,0,0,0,0,0,0,0,0,0,0,0,0
0.14502,0.12406,0.12141,0,0,0,0,0,0,0,0,0,0,0,0
0.22778,0.23057,0.22674,0,0,0,0,0,0,0,0,0,0,0,0
0.12308,0.12496,0.12187,0,0,0,0,0,0,0,0,0,0,0,0
0.12244,0.12177,0.123,0,0,0,0,0,0,0,0,0,0,0,0
0.12236,0.12565,0.12239,0,0,0,0,0,0,0,0,0,0,0,0
0.1237,0.14364,0.12414,0,0,0,0,0,0,0,0,0,0,0,0
0.12716,0.13783,0.12365,0,0,0,0,0,0,0,0,0,0,0,0
0.22961,0.33409,0.22466,0,0,0,0,0,0,0,0,0,0,0,0
0.12992,0.15156,0.12335,0,0,0,0,0,0,0,0,0,0,0,0
0.13025,0.14668,0.1284,0,0,0,0,0,0,0,0,0,0,0,0
0.12726,0.12748,0.12532,0,0,0,0,0,0,0,0,0,0,0,0
0.12982,0.12418,0.12132,0,0,0,0,0,0,0,0,0,0,0,0
0.12802,0.12967,0.12616,0,0,0,0,0,0,0,0,0,0,0,0
0.23968,0.24749,0.23545,0,0,0,0,0,0,0,0,0,0,0,0
0.13048,0.12552,0.12386,0,0,0,0,0,0,0,0,0,0,0,0
0.12765,0.12503,0.12323,0,0,0,0,0,0,0,0,0,0,0,0
0.1229,0.13004,0.1203,0,0,0,0,0,0,0,0,0,0,0,0
0.12244,0.13607,0.12005,0,0,0,0,0,0,0,0,0,0,0,0
0.12162,0.14601,0.12137,0,0,0,0,0,0,0,0,0,0,0,0
0.22521,0.28295,0.22341,0,0,0,0,0,0,0,0,0,0,0,0
0.12248,0.17014,0.12055,0,0,0,0,0,0,0,0,0,0,0,0
0.14082,0.144,0.12144,0,0,0,0,0,0,0,0,0,0,0,0
0.14077,0.14613,0.1258,0,0,0,0,0,0,0,0,0,0,0,0
0.12163,0.15493,0.13346,0,0,0,0,0,0,0,0,0,0,0,0
0.11997,0.16742,0.13187,0,0,0,0,0,0,0,0,0,0,0,0
0.22284,0.3049,0.24769,0,0,0,0,0,0,0,0,0,0,0,0
0.12057,0.14346,0.12752,0,0,0,0,0,0,0,0,0,0,0,0
0.11989,0.14243,0.13012,0,0,0,0,0,0,0,0,0,0,0,0
0.15025,0.14342,0.1225,0,0,0,0,0,0,0,0,0,0,0,0
0.15834,0.15013,0.12469,0,0,0,0,0,0,0,0,0,0,0,0
0.12696,0.1449,0.12535,0,0,0,0,0,0,0,0,0,0,0,0
0.31876,0.2876,0.2262,0,0,0,0,0,0,0,0,0,0,0,0
0.14151,0.14663,0.12412,0,0,0,0,0,0,0,0,0,0,0,0
0.22344,0.23169,0.19318,0,0,0,0,0,0,0,0,0,0,0,0
0.13851,0.14877,0.12692,0,0,0,0,0,0,0,0,0,0,0,0
0.1399,0.15186,0.13156,0,0,0,0,0,0,0,0,0,0,0,0
0.14122,0.1587,0.13478,0,0,0,0,0,0,0,0,0,0,0,0
0.27564,0.2535,0.22743,0,0,0,0,0,0,0,0,0,0,0,0
0.15573,0.13031,0.12266,0,0,0,0,0,0,0,0,0,0,0,0
0.15025,0.12835,0.12571,0,0,0,0,0,0,0,0,0,0,0,0
0.14473,0.12844,0.12319,0,0,0,0,0,0,0,0,0,0,0,0
0.1358,0.12292,0.12483,0,0,0,0,0,0,0,0,0,0,0,0
0.13713,0.131,0.12466,0,0,0,0,0,0,0,0,0,0,0,0
0.25906,0.31255,0.23308,0,0,0,0,0,0,0,0,0,0,0,0
0.13378,0.15576,0.12478,0,0,0,0,0,0,0,0,0,0,0,0
0.13562,0.14068,0.12173,0,0,0,0,0,0,0,0,0,0,0,0
0.12912,0.13185,0.1223,0,0,0,0,0,0,0,0,0,0,0,0
0.14694,0.15656,0.12374,0,0,0,0,0,0,0,0,0,0,0,0
0.15208,0.15606,0.12882,0,0,0,0,0,0,0,0,0,0,0,0
0.29097,0.2864,0.23466,0,0,0,0,0,0,0,0,0,0,0,0
0.15394,0.14805,0.12698,0,0,0,0,0,0,0,0,0,0,0,0
0.16818,0.13137,0.12669,0,0,0,0,0,0,0,0,0,0,0,0
0.14828,0.15571,0.12855,0,0,0,0,0,0,0,0,0,0,0,0
0.14764,0.15582,0.12729,0,0,0,0,0,0,0,0,0,0,0,0
0.14782,0.15995,0.12593,0,0,0,0,0,0,0,0,0,0,0,0
0.26748,0.30258,0.22772,0,0,0,0,0,0,0,0,0,0,0,0
0.12512,0.163,0.12339,0,0,0,0,0,0,0,0,0,0,0,0
0.12941,0.14971,0.12185,0,0,0,0,0,0,0,0,0,0,0,0
0.13573,0.15302,0.11869,0,0,0,0,0,0,0,0,0,0,0,0
0.12565,0.1514,0.12116,0,0,0,0,0,0,0,0,0,0,0,0
0.15811,0.14975,0.12021,0,0,0,0,0,0,0,0,0,0,0,0
0.30308,0.28958,0.22484,0,0,0,0,0,0,0,0,0,0,0,0
0.16482,0.15439,0.12126,0,0,0,0,0,0,0,0,0,0,0,0
0.15682,0.16319,0.13052,0,0,0,0,0,0,0,0,0,0,0,0
0.14912,0.15067,0.12949,0,0,0,0,0,0,0,0,0,0,0,0
0.14813,0.15143,0.12929,0,0,0,0,0,0,0,0,0,0,0,0
0.15497,0.1484,0.12936,0,0,0,0,0,0,0,0,0,0,0,0
0.25169,0.27822,0.23347,0,0,0,0,0,0,0,0,0,0,0,0
0.15192,0.12754,0.12624,0,0,0,0,0,0,0,0,0,0,0,0
0.15094,0.13675,0.12516,0,0,0,0,0,0,0,0,0,0,0,0
0.14794,0.13185,0.11966,0,0,0,0,0,0,0,0,0,0,0,0
0.13696,0.13724,0.12589,0,0,0,0,0,0,0,0,0,0,0,0
0.14269,0.13376,0.12294,0,0,0,0,0,0,0,0,0,0,0,0
0.30989,0.24379,0.22187,0,0,0,0,0,0,0,0,0,0,0,0
0.15388,0.12735,0.12291,0,0,0,0,0,0,0,0,0,0,0,0
0.15035,0.13282,0.12534,0,0,0,0,0,0,0,0,0,0,0,0
0.15205,0.12781,0.12135,0,0,0,0,0,0,0,0,0,0,0,0
0.15244,0.13124,0.1233,0,0,0,0,0,0,0,0,0,0,0,0
0.15557,0.13081,0.12274,0,0,0,0,0,0,0,0,0,0,0,0
0.25349,0.23898,0.22444,0,0,0,0,0,0,0,0,0,0,0,0
0.13893,0.12712,0.12438,0,0,0,0,0,0,0,0,0,0,0,0
0.13754,0.14705,0.12316,0,0,0,0,0,0,0,0,0,0,0,0
0.13302,0.15002,0.12378,0,0,0,0,0,0,0,0,0,0,0,0
0.13818,0.15572,0.12259,0,0,0,0,0,0,0,0,0,0,0,0
0.1424,0.14582,0.12467,0,0,0,0,0,0,0,0,0,0,0,0
0.25556,0.27896,0.23278,0,0,0,0,0,0,0,0,0,0,0,0
0.13985,0.15164,0.1302,0,0,0,0,0,0,0,0,0,0,0,0
0.15257,0.16151,0.12335,0,0,0,0,0,0,0,0,0,0,0,0
0.14289,0.15382,0.12241,0,0,0,0,0,0,0,0,0,0,0,0
0.13923,0.15042,0.12489,0,0,0,0,0,0,0,0,0,0,0,0
0.14119,0.1643,0.13954,0,0,0,0,0,0,0,0,0,0,0,0
0.25795,0.31783,0.27413,0,0,0,0,0,0,0,0,0,0,0,0
0.13967,0.15031,0.13924,0,0,0,0,0,0,0,0,0,0,0,0
0.13972,0.15549,0.12327,0,0,0,0,0,0,0,0,0,0,0,0
0.13374,0.1451,0.11886,0,0,0,0,0,0,0,0,0,0,0,0
0.13301,0.14582,0.1214,0,0,0,0,0,0,0,0,0,0,0,0
0.13292,0.14408,0.12466,0,0,0,0,0,0,0,0,0,0,0,0
0.24962,0.26301,0.23144,0,0,0,0,0,0,0,0,0,0,0,0
0.13189,0.1534,0.12918,0,0,0,0,0,0,0,0,0,0,0,0
0.13517,0.16279,0.12411,0,0,0,0,0,0,0,0,0,0,0,0
0.13145,0.15747,0.12124,0,0,0,0,0,0,0,0,0,0,0,0
0.13183,0.17403,0.12151,0,0,0,0,0,0,0,0,0,0,0,0
0.12781,0.16754,0.12314,0,0,0,0,0,0,0,0,0,0,0,0
0.23806,0.30672,0.22566,0,0,0,0,0,0,0,0,0,0,0,0
0.13072,0.1662,0.12355,0,0,0,0,0,0,0,0,0,0,0,0
0.13043,0.15084,0.12367,0,0,0,0,0,0,0,0,0,0,0,0
0.1319,0.15133,0.12257,0,0,0,0,0,0,0,0,0,0,0,0
0.15721,0.15061,0.12352,0,0,0,0,0,0,0,0,0,0,0,0
0.15361,0.15116,0.12525,0,0,0,0,0,0,0,0,0,0,0,0
0.3166,0.27552,0.22406,0,0,0,0,0,0,0,0,0,0,0,0
0.15498,0.13147,0.12867,0,0,0,0,0,0,0,0,0,0,0,0
0.14949,0.12747,0.12181,0,0,0,0,0,0,0,0,0,0,0,0
0.15023,0.13254,0.12296,0,0,0,0,0,0,0,0,0,0,0,0
0.14882,0.14124,0.12245,0,0,0,0,0,0,0,0,0,0,0,0
0.14696,0.14721,0.12134,0,0,0,0,0,0,0,0,0,0,0,0
0.25255,0.28302,0.23148,0,0,0,0,0,0,0,0,0,0,0,0
0.13498,0.15283,0.12387,0,0,0,0,0,0,0,0,0,0,0,0
0.13611,0.15407,0.12458,0,0,0,0,0,0,0,0,0,0,0,0
0.13354,0.13779,0.12176,0,0,0,0,0,0,0,0,0,0,0,0
0.13587,0.13331,0.12265,0,0,0,0,0,0,0,0,0,0,0,0
0.1324,0.13143,0.12803,0,0,0,0,0,0,0,0,0,0,0,0
0.25228,0.249,0.23541,0,0,0,0,0,0,0,0,0,0,0,0
0.12432,0.13457,0.12817,0,0,0,0,0,0,0,0,0,0,0,0
0.12311,0.1345,0.12817,0,0,0,0,0,0,0,0,0,0,0,0
0.12097,0.12885,0.12353,0,0,0,0,0,0,0,0,0,0,0,0
0.11972,0.13361,0.12269,0,0,0,0,0,0,0,0,0,0,0,0
0.12337,0.13023,0.12643,0,0,0,0,0,0,0,0,0,0,0,0
0.22189,0.23967,0.23407,0,0,0,0,0,0,0,0,0,0,0,0
0.13662,0.12661,0.12394,0,0,0,0,0,0,0,0,0,0,0,0
0.13708,0.12975,0.12087,0,0,0,0,0,0,0,0,0,0,0,0
0.12213,0.12371,0.12002,0,0,0,0,0,0,0,0,0,0,0,0
0.12279,0.12395,0.11953,0,0,0,0,0,0,0,0,0,0,0,0
0.12461,0.12525,0.12292,0,0,0,0,0,0,0,0,0,0,0,0
0.23079,0.23721,0.22329,0,0,0,0,0,0,0,0,0,0,0,0
0.12345,0.12611,0.12715,0,0,0,0,0,0,0,0,0,0,0,0
0.16396,0.12407,0.12821,0,0,0,0,0,0,0,0,0,0,0,0
0.15596,0.12604,0.13019,0,0,0,0,0,0,0,0,0,0,0,0
0.1456,0.1246,0.1304,0,0,0,0,0,0,0,0,0,0,0,0
0.13383,0.15999,0.12993,0,0,0,0,0,0,0,0,0,0,0,0
0.27283,0.29263,0.23622,0,0,0,0,0,0,0,0,0,0,0,0
0.14572,0.14676,0.12286,0,0,0,0,0,0,0,0,0,0,0,0
0.14498,0.14461,0.12381,0,0,0,0,0,0,0,0,0,0,0,0
0.12425,0.14489,0.12029,0,0,0,0,0,0,0,0,0,0,0,0
0.13053,0.14592,0.12083,0,0,0,0,0,0,0,0,0,0,0,0
0.12912,0.14625,0.12113,0,0,0,0,0,0,0,0,0,0,0,0
0.23655,0.23974,0.22471,0,0,0,0,0,0,0,0,0,0,0,0
0.12753,0.12506,0.12648,0,0,0,0,0,0,0,0,0,0,0,0
0.12976,0.1325,0.12909,0,0,0,0,0,0,0,0,0,0,0,0
0.13592,0.12669,0.12876,0,0,0,0,0,0,0,0,0,0,0,0
0.13177,0.12716,0.12732,0,0,0,0,0,0,0,0,0,0,0,0
0.13309,0.12517,0.12823,0,0,0,0,0,0,0,0,0,0,0,0
0.23807,0.22658,0.22876,0,0,0,0,0,0,0,0,0,0,0,0
0.1253,0.13063,0.12907,0,0,0,0,0,0,0,0,0,0,0,0
0.12497,0.12934,0.13069,0,0,0,0,0,0,0,0,0,0,0,0
0.12348,0.12443,0.12987,0,0,0,0,0,0,0,0,0,0,0,0
0.1509,0.11983,0.13312,0,0,0,0,0,0,0,0,0,0,0,0
0.13781,0.12057,0.13152,0,0,0,0,0,0,0,0,0,0,0,0
0.22978,0.22678,0.2313,0,0,0,0,0,0,0,0,0,0,0,0
0.12918,0.12275,0.12985,0,0,0,0,0,0,0,0,0,0,0,0
0.13439,0.12308,0.12834,0,0,0,0,0,0,0,0,0,0,0,0
0.13166,0.12152,0.12443,0,0,0,0,0,0,0,0,0,0,0,0
0.13145,0.12079,0.1259,0,0,0,0,0,0,0,0,0,0,0,0
0.16345,0.12438,0.12568,0,0,0,0,0,0,0,0,0,0,0,0
0.26735,0.22263,0.24894,0,0,0,0,0,0,0,0,0,0,0,0
0.12393,0.12318,0.13472,0,0,0,0,0,0,0,0,0,0,0,0
0.12264,0.12321,0.13391,0,0,0,0,0,0,0,0,0,0,0,0
0.12032,0.11566,0.12515,0,0,0,0,0,0,0,0,0,0,0,0
0.12198,0.11698,0.12408,0,0,0,0,0,0,0,0,0,0,0,0
0.12376,0.11834,0.12753,0,0,0,0,0,0,0,0,0,0,0,0
0.26742,0.22613,0.24901,0,0,0,0,0,0,0,0,0,0,0,0
0.12582,0.12123,0.11813,0,0,0,0,0,0,0,0,0,0,0,0
0.15216,0.12186,0.11937,0,0,0,0,0,0,0,0,0,0,0,0
0.15213,0.12539,0.12038,0,0,0,0,0,0,0,0,0,0,0,0
0.14235,0.11875,0.12089,0,0,0,0,0,0,0,0,0,0,0,0
0.12593,0.12023,0.11904,0,0,0,0,0,0,0,0,0,0,0,0
0.24391,0.21885,0.25512,0,0,0,0,0,0,0,0,0,0,0,0
0.15322,0.11906,0.12355,0,0,0,0,0,0,0,0,0,0,0,0
0.15044,0.12696,0.12003,0,0,0,0,0,0,0,0,0,0,0,0
0.15648,0.11702,0.11646,0,0,0,0,0,0,0,0,0,0,0,0
0.13547,0.12144,0.11883,0,0,0,0,0,0,0,0,0,0,0,0
0.12784,0.1505,0.11812,0,0,0,0,0,0,0,0,0,0,0,0
0.24289,0.23494,0.2194,0,0,0,0,0,0,0,0,0,0,0,0
0.1458,0.12834,0.11874,0,0,0,0,0,0,0,0,0,0,0,0
0.12781,0.13002,0.11786,0,0,0,0,0,0,0,0,0,0,0,0
0.12626,0.13067,0.12053,0,0,0,0,0,0,0,0,0,0,0,0
0.13324,0.1511,0.11782,0,0,0,0,0,0,0,0,0,0,0,0
0.1357,0.13123,0.11933,0,0,0,0,0,0,0,0,0,0,0,0
0.27471,0.25487,0.22157,0,0,0,0,0,0,0,0,0,0,0,0
0.14273,0.15185,0.11952,0,0,0,0,0,0,0,0,0,0,0,0
0.15179,0.13602,0.11905,0,0,0,0,0,0,0,0,0,0,0,0
0.16576,0.13196,0.11762,0,0,0,0,0,0,0,0,0,0,0,0
0.16254,0.15076,0.11868,0,0,0,0,0,0,0,0,0,0,0,0
0.14457,0.14495,0.11958,0,0,0,0,0,0,0,0,0,0,0,0
0.28982,0.24812,0.218,0,0,0,0,0,0,0,0,0,0,0,0
0.14644,0.12256,0.1171,0,0,0,0,0,0,0,0,0,0,0,0
0.14799,0.12299,0.12019,0,0,0,0,0,0,0,0,0,0,0,0
0.13508,0.12113,0.12577,0,0,0,0,0,0,0,0,0,0,0,0
0.12591,0.12477,0.12772,0,0,0,0,0,0,0,0,0,0,0,0
0.12367,0.12156,0.12662,0,0,0,0,0,0,0,0,0,0,0,0
0.28422,0.22276,0.23103,0,0,0,0,0,0,0,0,0,0,0,0
0.16346,0.12151,0.12705,0,0,0,0,0,0,0,0,0,0,0,0
0.15465,0.12389,0.12667,0,0,0,0,0,0,0,0,0,0,0,0
0.14614,0.11927,0.11922,0,0,0,0,0,0,0,0,0,0,0,0
0.15247,0.12508,0.12466,0,0,0,0,0,0,0,0,0,0,0,0
0.14732,0.12739,0.12432,0,0,0,0,0,0,0,0,0,0,0,0
0.25366,0.22372,0.23164,0,0,0,0,0,0,0,0,0,0,0,0
