1
2
0
0
0
0
1
300.0000,491.0000,18.0000,42.0000
2
0
0
0
0
1
345.0000,424.0000,16.0000,43.0000
354.0000,431.0000,17.0000,41.0000
372.0000,435.0000,18.0000,40.0000
389.0000,434.0000,19.0000,40.0000
390.0000,418.0000,19.0000,41.0000
388.0000,409.0000,19.0000,40.0000
376.0000,394.0000,20.0000,39.0000
372.0000,391.0000,20.0000,40.0000
372.0000,385.0000,20.0000,40.0000
364.0000,377.0000,20.0000,40.0000
352.0000,373.0000,18.0000,42.0000
345.0000,361.0000,18.0000,43.0000
346.0000,352.0000,18.0000,43.0000
348.0000,344.0000,18.0000,43.0000
347.0000,332.0000,18.0000,41.0000
2
0
0
0
0
1
423.0000,257.0000,21.0000,56.0000
2
0
0
0
0
1
2
0
0
0
0
1
276.0000,292.0000,25.0000,52.0000
266.0000,278.0000,25.0000,51.0000
248.0000,269.0000,25.0000,50.0000
245.0000,256.0000,25.0000,48.0000
256.0000,265.0000,25.0000,49.0000
2
0
0
0
0
1
347.0000,345.0000,25.0000,65.0000
348.0000,343.0000,25.0000,65.0000
343.0000,346.0000,26.0000,65.0000
336.0000,347.0000,26.0000,64.0000
2
0
0
0
0
1
299.0000,338.0000,18.0000,60.0000
296.0000,329.0000,19.0000,57.0000
288.0000,335.0000,19.0000,61.0000
292.0000,342.0000,19.0000,60.0000
311.0000,344.0000,20.0000,60.0000
306.0000,345.0000,20.0000,60.0000
289.0000,335.0000,20.0000,60.0000
288.0000,328.0000,20.0000,58.0000
296.0000,338.0000,20.0000,57.0000
305.0000,338.0000,20.0000,60.0000
304.0000,348.0000,20.0000,60.0000
309.0000,347.0000,20.0000,60.0000
320.0000,356.0000,21.0000,60.0000
325.0000,367.0000,21.0000,62.0000
337.0000,363.0000,21.0000,62.0000
342.0000,359.0000,23.0000,63.0000
340.0000,347.0000,22.0000,63.0000
346.0000,332.0000,22.0000,63.0000
367.0000,335.0000,21.0000,61.0000
2
0
0
0
0
1
430.0000,308.0000,18.0000,59.0000
2
0
0
0
0
1
514.0000,287.0000,25.0000,60.0000
531.0000,281.0000,25.0000,62.0000
546.0000,273.0000,25.0000,61.0000
562.0000,261.0000,25.0000,61.0000
571.0000,253.0000,25.0000,61.0000
579.0000,237.0000,25.0000,58.0000
588.0000,220.0000,25.0000,59.0000
595.0000,212.0000,25.0000,59.0000
607.0000,210.0000,26.0000,58.0000
613.0000,210.0000,26.0000,57.0000
606.0000,204.0000,25.0000,58.0000
587.0000,199.0000,24.0000,55.0000
579.0000,200.0000,26.0000,57.0000
572.0000,196.0000,25.0000,57.0000
2
0
0
0
0
1
459.0000,158.0000,17.0000,65.0000
466.0000,172.0000,17.0000,66.0000
476.0000,184.0000,18.0000,66.0000
496.0000,189.0000,18.0000,66.0000
498.0000,183.0000,18.0000,66.0000
508.0000,176.0000,18.0000,63.0000
519.0000,169.0000,18.0000,61.0000
537.0000,165.0000,18.0000,62.0000
