0.000367,0.000265,0.000382,0.000344,0.000391,0.000251,0.000362,0.000364,0.000559,0.000572,0.000408,0.000558,0.000594,0.000386,0.000252
9.4384,9.1838,9.4404,9.1937,9.1916,9.281,9.1502,9.068,9.2517,9.0812,9.0923,9.3594,9.365,9.2219,9.2375
0.33857,0.34239,0.35177,0.32511,0.3288,0.33664,0.33812,0.35004,0.33087,0.33962,0.34178,0.33062,0.3335,0.33547,0.33465
0.29487,0.29944,0.29513,0.30292,0.2908,0.2958,0.29486,0.28936,0.25802,0.2925,0.29919,0.29337,0.29102,0.2942,0.29681
0.33468,0.35477,0.35304,0.33513,0.32935,0.32891,0.34611,0.3186,0.32869,0.33827,0.33885,0.29778,0.3222,0.33104,0.32946
0.30079,0.30044,0.30329,0.30558,0.28482,0.29127,0.29757,0.3017,0.29373,0.30875,0.30511,0.29802,0.29938,0.29842,0.29004
0.38383,0.38434,0.38938,0.38633,0.3714,0.37923,0.37972,0.35974,0.37357,0.37777,0.36101,0.36669,0.36345,0.36885,0.36982
0.30645,0.31206,0.33503,0.30933,0.30555,0.30781,0.31436,0.24967,0.29927,0.29699,0.30321,0.30785,0.30821,0.30166,0.30528
0.4051,0.4128,0.41951,0.42648,0.407,0.39824,0.37662,0.357,0.40196,0.44497,0.40212,0.40593,0.39637,0.40157,0.4138
0.31777,0.32536,0.31967,0.31335,0.31205,0.31964,0.29253,0.31486,0.2787,0.34427,0.33629,0.31878,0.3162,0.31547,0.32576
0.32085,0.331,0.3238,0.3265,0.33713,0.31933,0.32144,0.30733,0.30907,0.33215,0.31795,0.31877,0.31496,0.28809,0.31963
0.31851,0.31864,0.31408,0.32301,0.3136,0.32339,0.31715,0.30036,0.28436,0.30607,0.31186,0.31601,0.3151,0.31119,0.31916
0.31237,0.3232,0.3145,0.31193,0.28674,0.30673,0.31689,0.31433,0.30264,0.3192,0.3119,0.31809,0.31656,0.321,0.31739
0.3249,0.28464,0.322,0.30679,0.31223,0.31989,0.31963,0.30914,0.29561,0.28447,0.31528,0.31626,0.31428,0.31721,0.3316
0.33485,0.32204,0.32078,0.31597,0.31536,0.33241,0.31801,0.29429,0.30124,0.31201,0.31182,0.31095,0.30505,0.31485,0.32341
0.3327,0.32688,0.30918,0.32208,0.30944,0.31866,0.33085,0.31227,0.30647,0.28256,0.30536,0.3068,0.31658,0.3181,0.31681
0.28333,0.3201,0.31493,0.33485,0.30888,0.31282,0.32915,0.31515,0.30285,0.30536,0.31056,0.31706,0.30974,0.30485,0.30302
0.31442,0.30855,0.31096,0.31144,0.31253,0.32548,0.31025,0.30628,0.2978,0.30995,0.338,0.33263,0.31228,0.30932,0.31761
0.32751,0.31117,0.31562,0.31401,0.31775,0.29969,0.29685,0.29604,0.31032,0.31112,0.3246,0.2996,0.31272,0.31088,0.30519
0.32459,0.31896,0.30827,0.29415,0.31928,0.32022,0.32395,0.31182,0.2995,0.33029,0.32486,0.30797,0.30896,0.32276,0.31332
0.34919,0.31465,0.31675,0.30464,0.31394,0.31531,0.30987,0.26604,0.28898,0.32821,0.328,0.30264,0.29455,0.31661,0.3152
0.31915,0.31959,0.3078,0.29731,0.30402,0.30117,0.30569,0.27814,0.30316,0.30739,0.3158,0.29154,0.30614,0.30778,0.32178
0.34588,0.31377,0.29835,0.29899,0.30571,0.30396,0.30502,0.26452,0.29521,0.30422,0.32562,0.27579,0.29721,0.30783,0.31742
0.32539,0.30732,0.29898,0.31223,0.29135,0.30358,0.31353,0.28609,0.28601,0.30969,0.28136,0.28755,0.29624,0.31091,0.30512
0.33096,0.29552,0.29838,0.31778,0.3057,0.30108,0.30438,0.29597,0.2962,0.31038,0.31212,0.27041,0.2929,0.27268,0.29617
0.3058,0.2864,0.29731,0.294,0.30932,0.29023,0.29817,0.29444,0.28978,0.28959,0.30795,0.28567,0.30142,0.30133,0.30815
0.30816,0.29468,0.30096,0.30418,0.29029,0.30437,0.29134,0.29467,0.29147,0.29473,0.30738,0.27048,0.29703,0.30083,0.30632
0.27234,0.29081,0.28963,0.29048,0.29717,0.28707,0.30257,0.2868,0.29316,0.28826,0.2901,0.28907,0.28715,0.2979,0.29815
0.29593,0.29268,0.2946,0.29261,0.291,0.29376,0.30205,0.28407,0.30093,0.28826,0.30101,0.29277,0.28811,0.29865,0.29385
0.30498,0.28722,0.29121,0.28795,0.29223,0.28445,0.29283,0.28912,0.28941,0.29778,0.25651,0.29118,0.28315,0.29701,0.29098
0.31037,0.295,0.28567,0.28391,0.28738,0.27842,0.2929,0.27849,0.28807,0.29656,0.28861,0.29444,0.2619,0.29018,0.29872
0.31375,0.29724,0.29701,0.28847,0.28115,0.26758,0.29953,0.27939,0.28675,0.30301,0.29004,0.28163,0.28654,0.28085,0.29616
0.28554,0.29251,0.28844,0.29907,0.3042,0.24679,0.30069,0.28207,0.2892,0.28901,0.26048,0.2817,0.2796,0.28302,0.28697
0.28908,0.28897,0.28871,NaN,NaN,0.28107,NaN,NaN,NaN,0.29022,NaN,NaN,NaN,NaN,0.28915
0.28752,NaN,NaN,NaN,NaN,NaN,NaN,NaN,NaN,NaN,NaN,NaN,NaN,NaN,NaN
NaN,NaN,NaN,NaN,NaN,NaN,NaN,NaN,NaN,NaN,NaN,NaN,NaN,NaN,NaN
NaN,NaN,NaN,NaN,NaN,NaN,NaN,NaN,NaN,NaN,NaN,NaN,NaN,NaN,NaN
NaN,NaN,NaN,0.000367,0.000381,NaN,0.000376,0.000389,0.000261,NaN,0.000371,0.000417,0.000373,0.000377,NaN
NaN,0.000367,0.000377,9.206,9.0591,0.000363,9.1912,9.0771,8.9231,0.000379,9.4329,9.1633,9.2675,9.189,0.000393
0.000378,9.4652,9.531,0.2634,0.2668,9.4898,0.27131,0.26866,0.26918,9.515,0.271,0.21891,0.27019,0.26605,9.3
8.9051,0.28422,0.27809,0.23899,0.23762,0.28409,0.23927,0.23511,0.23578,0.28301,0.23837,0.20206,0.23193,0.23718,0.27951
0.30955,0.24107,0.24407,0.26531,0.2674,0.24272,0.26361,0.27108,0.26785,0.25023,0.27138,0.2608,0.26101,0.26235,0.24162
0.27226,0.28383,0.27788,0.24251,0.24309,0.28471,0.25687,0.24127,0.24776,0.28035,0.23707,0.2384,0.24396,0.23852,0.27657
0.30764,0.24665,0.25011,0.29901,0.29797,0.25003,0.29793,0.30931,0.31313,0.24339,0.28639,0.29773,0.30998,0.29812,0.24782
0.28184,0.31372,0.32203,0.24112,0.24596,0.32133,0.24406,0.26066,0.24892,0.31297,0.24417,0.24338,0.25863,0.24588,0.31833
0.35522,0.24285,0.25336,0.30988,0.31148,0.25811,0.32052,0.32103,0.32104,0.25364,0.31505,0.31332,0.31571,0.30921,0.24599
0.28807,0.33333,0.33949,0.25416,0.24666,0.33856,0.25033,0.2409,0.25936,0.33037,0.25271,0.25471,0.25546,0.2578,0.34297
0.37715,0.25254,0.237,0.22207,0.25218,0.26139,0.2489,0.25027,0.25022,0.24887,0.27128,0.25772,0.24729,0.25347,0.26042
0.28553,0.24667,0.24744,0.25326,0.2509,0.25336,0.24853,0.25259,0.24981,0.25183,0.25201,0.25164,0.2633,0.2461,0.26624
0.26605,0.25249,0.24878,0.24541,0.2467,0.25788,0.25331,0.24954,0.25799,0.24802,0.24481,0.25039,0.23608,0.23563,0.25386
0.28285,0.24893,0.23785,0.24709,0.23753,0.2567,0.24628,0.24512,0.24987,0.24999,0.24725,0.24887,0.24919,0.24849,0.2553
0.29441,0.24574,0.25352,0.24136,0.24584,0.26401,0.24621,0.2327,0.25525,0.22894,0.24312,0.24077,0.24099,0.22823,0.24281
0.29168,0.24149,0.25055,0.24014,0.23972,0.26186,0.24267,0.24245,0.25303,0.25193,0.24498,0.24043,0.23769,0.23959,0.25295
0.29666,0.2344,0.24842,0.22975,0.24203,0.25183,0.24425,0.23535,0.25336,0.24787,0.24099,0.2346,0.23317,0.23783,0.25013
0.28703,0.24088,0.24707,0.23562,0.23359,0.26426,0.24203,0.23897,0.24082,0.2503,0.23392,0.23711,0.23064,0.23424,0.24124
0.29199,0.21712,0.2493,0.23448,0.22618,0.25517,0.24216,0.22991,0.23775,0.24676,0.23412,0.23212,0.23311,0.22465,0.24881
0.29523,0.23827,0.24696,0.23654,0.22766,0.24777,0.23516,0.22801,0.22601,0.24507,0.23122,0.22982,0.23536,0.23234,0.24588
0.29871,0.23006,0.24735,0.23255,0.22994,0.25033,0.24031,0.25561,0.23578,0.2388,0.23409,0.23863,0.23153,0.2277,0.25429
0.30513,0.22886,0.24986,0.24707,0.23167,0.24439,0.23501,0.2401,0.21908,0.26589,0.23878,0.23457,0.23119,0.23052,0.24829
0.31321,0.23446,0.24802,0.23315,0.2237,0.24955,0.23195,0.22848,0.23173,0.25404,0.22534,0.23118,0.22745,0.23115,0.253
0.30239,0.2438,0.25631,0.2321,0.23283,0.24767,0.23578,0.24197,0.23441,0.24461,0.2302,0.23341,0.23353,0.22845,0.24363
0.29938,0.23916,0.24941,0.23434,0.23192,0.25306,0.2315,0.2253,0.2356,0.2447,0.23184,0.23145,0.22891,0.22912,0.245
0.28356,0.23525,0.24447,0.23167,0.23466,0.22594,0.2303,0.23735,0.23325,0.25121,0.22426,0.22531,0.23167,0.22592,0.24069
0.2958,0.23636,0.2513,0.23203,0.23891,0.24503,0.21899,0.23874,0.2309,0.23423,0.23515,0.23275,0.23861,0.23064,0.24357
0.28702,0.22325,0.24984,0.23156,0.24797,0.25044,0.22584,0.23433,0.2075,0.24437,0.23835,0.22574,0.23674,0.23048,0.24569
0.29189,0.23827,0.2487,0.23495,0.23497,0.25416,0.23544,0.23446,0.23571,0.24825,0.23566,0.23386,0.22393,0.21479,0.24396
0.29957,0.22417,0.2435,0.23314,0.23135,0.25253,0.23519,0.24847,0.23828,0.24359,0.24666,0.2301,0.23012,0.23382,0.2503
0.29234,0.24335,0.24174,0.23023,0.23575,0.25233,0.23632,0.23826,0.20725,0.24335,0.23688,0.23114,0.22641,0.22794,0.24362
0.29384,0.23964,0.24043,0.21707,0.24014,0.25176,0.2347,0.23533,0.23129,0.24591,0.24424,0.23594,0.22706,0.22863,0.24316
0.27006,0.24155,0.24333,0.22768,0.23593,0.24879,0.22767,0.23878,0.22889,0.23961,0.23835,0.23577,0.22912,0.22701,0.25499
0.29604,0.23148,0.23869,0.22619,0.23949,0.247,0.21428,0.2333,0.21349,0.23658,0.23007,0.23184,0.2306,0.2297,0.247
0.29585,0.22526,0.22529,0.22482,0.23375,0.24459,0.23225,0.20328,0.23431,0.24286,0.23286,0.23142,0.21395,0.2279,0.24091
0.29968,0.21372,0.24416,0.22728,0.23326,0.24119,0.22864,0.22983,0.22281,0.24233,0.23805,0.23583,0.2262,0.22326,0.24412
0.30407,0.23413,0.2328,0.22881,0.23106,0.2175,0.22631,0.23164,0.20306,0.24621,0.22724,0.23689,0.22824,0.22851,0.24866
0.31096,0.23567,0.23651,0.22533,0.23595,0.24363,0.2238,0.22538,0.23205,0.22949,0.22734,0.23412,0.22851,0.22162,0.2494
0.30107,0.23257,0.24153,0.22215,0.22705,0.25085,0.22795,0.23722,0.22748,0.24775,0.22346,0.22874,0.22143,0.22536,0.23716
0.30137,0.23379,0.23591,0.2287,0.22345,0.247,0.22422,0.22804,0.20254,0.24081,0.22448,0.23162,0.22165,0.21828,0.25427
0.29587,0.23413,0.24069,0.22899,0.22407,0.24767,0.22582,0.21845,0.23147,0.25152,0.22875,0.23399,0.22754,0.22253,0.25879
0.28865,0.2372,0.23664,0.22516,0.24057,0.24827,0.22737,0.2271,0.2298,0.24193,0.23177,0.14168,0.22909,0.22099,0.2432
NaN,0.23379,0.23697,0.22894,0.22818,0.24489,0.22256,0.22882,0.22031,0.24905,0.22505,0.23386,0.21153,0.21926,0.25311
NaN,0.23458,0.2325,0.2385,0.2299,0.23287,0.22996,0.22965,0.22747,0.24645,0.23802,0.22418,0.22457,0.22163,0.23514
NaN,0.2257,0.25105,0.22577,0.234,0.2426,0.22839,0.22541,0.22772,0.23917,0.23551,0.20887,0.22572,0.22395,0.24724
NaN,0.2296,0.23836,0.22795,0.23111,0.24634,0.23312,0.23167,0.22474,0.23699,0.22751,0.21207,0.24687,0.23167,0.21424
0.000393,0.22697,0.23519,0.24018,0.23698,0.24892,0.22456,0.23012,0.22093,0.24548,0.23138,0.23432,0.23144,0.2039,0.24519
8.9968,0.23311,0.23733,0.23738,0.22409,0.25029,0.22925,0.21708,0.22449,0.24587,0.22525,0.23324,0.23678,0.22393,0.25691
0.27838,0.22917,0.23344,0.23675,0.21815,0.24861,0.21515,0.22458,0.23426,0.2393,0.22127,0.22824,0.23024,0.22706,0.23528
0.24741,0.22425,0.23457,0.23238,0.23987,0.22198,0.22829,0.22401,0.22809,0.2425,0.20358,0.22651,0.22639,0.22045,0.23515
0.27131,0.22696,0.22987,0.235,0.22501,0.23959,0.22653,0.2249,0.22818,0.2392,0.22789,0.23368,0.22413,0.22537,0.24203
0.24485,0.20389,0.22929,0.23084,0.22429,0.26176,0.22825,0.2087,0.22395,0.24766,0.22636,0.22622,0.23011,0.22458,0.23585
0.30224,0.20654,0.23077,0.2321,0.2255,0.2417,0.22146,0.21578,0.22529,0.23945,0.22574,0.22823,0.22887,0.22456,0.23506
0.24774,0.23242,0.22969,0.22538,0.22672,0.24646,0.22686,0.22886,0.22302,0.25235,0.21738,0.22405,0.22541,0.22214,0.23713
0.3267,0.2232,0.23416,0.22329,0.22159,0.23975,0.22827,0.22577,0.2245,0.24691,0.21075,0.22013,0.22443,0.22446,0.23441
0.2545,0.23027,0.23533,0.22845,0.22057,0.24113,0.23041,0.23423,0.22656,0.23725,0.21795,0.22551,0.22618,0.22783,0.23246
0.248,0.20523,0.23437,0.23659,0.22264,0.2468,0.22952,0.22623,0.22935,0.24147,0.21689,0.22495,0.2162,0.22673,0.23461
0.24892,0.21643,0.23431,0.24676,0.22119,0.24651,0.22919,0.23647,0.24062,0.23802,0.22038,0.22311,0.2253,0.23078,0.24047
0.25386,0.21307,0.23001,0.23523,0.22785,0.24688,0.22588,0.22865,0.22667,0.23887,0.2153,0.22114,0.19903,0.2271,0.23373
0.25065,0.2061,0.23509,0.22904,0.22302,0.24538,0.22799,0.23257,0.22762,0.23719,0.21349,0.23082,0.22115,0.22177,0.22031
0.25005,0.2138,0.22905,0.23439,0.23123,0.24748,0.23159,0.23883,0.23559,0.23682,0.21392,0.23522,0.22297,0.22828,0.23156
0.24993,0.22041,0.2357,0.23235,0.23348,0.24568,0.23132,0.21693,0.23219,0.23866,0.21336,0.22233,0.21873,0.23098,0.23039
0.27328,0.21195,0.23833,0.23018,0.22809,0.24096,0.22506,0.22711,0.23692,0.2406,0.22151,0.22493,0.20296,0.23111,0.24508
0.26994,0.22939,0.23914,0.22245,0.22037,0.23977,0.22876,0.22894,0.23116,0.24473,0.22785,0.21035,0.22183,0.22931,0.23747
0.24947,0.23057,0.23947,0.22852,0.2227,0.23667,0.23605,0.22841,0.23309,0.2545,0.23444,0.22994,0.22832,0.22526,0.23896
0.25265,0.23154,0.23744,0.23618,0.22475,0.23483,0.2261,0.23011,0.22917,0.24694,0.22978,0.22718,0.22495,0.22355,0.24046
0.25982,0.2331,0.24469,0.24392,0.24102,0.24536,0.23133,0.22978,0.22803,0.24195,0.23,0.21927,0.22309,0.23133,0.24535
0.27036,0.23158,0.24422,0.23113,0.23917,0.24247,0.22719,0.20615,0.23016,0.25151,0.24345,0.22622,0.23019,0.22379,0.24022
0.25679,0.23516,0.2311,0.23077,0.22722,0.24983,0.22473,0.21161,0.23024,0.23945,0.25354,0.22441,0.23102,0.22824,0.2451
0.26059,0.23469,0.24503,0.23736,0.22755,0.25036,0.22674,0.23754,0.23197,0.25129,0.2372,0.23096,0.23401,0.23169,0.25274
0.25489,0.21293,0.24745,0.22788,0.23776,0.25023,0.20963,0.23097,0.22997,0.25313,0.23512,0.23933,0.22287,0.23172,0.2458
0.25258,0.23684,0.2476,0.23554,0.23658,0.25166,0.22743,0.23491,0.22645,0.24767,0.23416,0.24534,0.23429,0.22889,0.2482
0.25898,0.23951,0.24371,0.2294,0.24216,0.24723,0.22502,0.22986,0.22775,0.24607,0.23341,0.24315,0.2358,0.22869,0.24227
0.25462,0.23633,0.24682,0.23108,0.23492,0.25172,0.22873,0.22613,0.2299,0.24239,0.23517,0.23991,0.2351,0.22255,0.24065
0.23214,0.23102,0.2435,0.2337,0.24736,0.24786,0.23285,0.21918,0.22335,0.24855,0.23548,0.23285,0.23311,0.22226,0.23892
0.26341,0.2328,0.2394,0.2348,0.23479,0.24371,0.23033,0.23424,0.22646,0.24962,0.23728,0.22687,0.22916,0.22533,0.2487
0.26996,0.23206,0.24737,0.24256,0.22878,0.25088,0.23337,0.22151,0.22831,0.24962,0.24747,0.22656,0.22882,0.2197,0.25024
0.26001,0.23564,0.24868,0.23583,0.23093,0.25084,0.24564,0.21659,0.2239,0.24447,0.23586,0.2245,0.22302,0.22381,0.25884
0.28347,0.24416,0.2491,0.22984,0.23442,0.25281,0.23183,0.20425,0.22584,0.24525,0.23669,0.23294,0.20069,0.22398,0.25263
0.261,0.23825,0.24377,0.23687,0.23284,0.25821,0.2344,0.23014,0.22835,0.25359,0.22878,0.22893,0.22219,0.22563,0.26023
0.28054,0.23811,0.2472,0.23278,0.2089,0.226,0.23063,0.22295,0.21663,0.24973,0.22787,0.2318,0.22876,0.22518,0.25031
0.27248,0.21947,0.2455,0.23997,0.22976,0.26096,0.2353,0.23215,0.23362,0.24563,0.23065,0.22756,0.22734,0.24012,0.25178
0.27606,0.2408,0.2459,0.23621,0.22948,0.26033,0.24103,0.21883,0.23533,0.24858,0.23255,0.23242,0.23009,0.225,0.25184
0.26391,0.24422,0.24492,0.2427,0.2358,0.24573,0.23485,0.23732,0.23961,0.25271,0.23689,0.23338,0.236,0.22587,0.24996
0.27387,0.24685,0.2483,0.24955,0.23919,0.24407,0.23977,0.23709,0.22942,0.24668,0.23593,0.22451,0.23476,0.22231,0.25345
0.29163,0.2462,0.25182,0.24284,0.24009,0.24941,0.23951,0.22573,0.22761,0.25425,0.23399,0.22502,0.21408,0.22637,0.26085
0.27708,0.24366,0.24904,0.24436,0.23162,0.24764,0.24052,0.23144,0.22507,0.2583,0.2487,0.23355,0.21348,0.23068,0.25361
0.27829,0.25517,0.25058,0.24349,0.22928,0.25107,0.23649,0.23148,0.23285,0.25637,0.23753,0.22956,0.23086,0.22737,0.2542
0.27654,0.24661,0.26052,0.24371,0.22867,0.25161,0.24127,0.22926,0.22893,0.23968,0.23564,0.23308,0.23897,0.22927,0.25517
0.27874,0.22583,0.24551,0.24712,0.23049,0.25263,0.23926,0.23232,0.23172,0.25593,0.24234,0.22706,0.23386,0.22838,0.24552
0.28635,0.24989,0.25031,0.24474,0.23122,0.25378,0.24777,0.23622,0.22998,0.26527,0.235,0.23763,0.21127,0.23389,0.25499
0.27291,0.24148,0.25141,0.25165,0.2364,0.25565,0.24476,0.24093,0.23845,0.25423,0.21754,0.21341,0.23897,0.23623,0.25346
0.28336,0.24788,0.2454,0.25839,0.23713,0.25884,0.23372,0.23813,0.23976,0.26531,0.24221,0.24041,0.2347,0.23604,0.25131
0.28797,0.25243,0.25241,0.24285,0.24257,0.26909,0.24398,0.23437,0.23858,0.2582,0.23399,0.24535,0.2358,0.21564,0.26283
0.2913,0.24355,0.25108,0.26462,0.23514,0.25935,0.25056,0.23278,0.2376,0.25643,0.24628,0.24451,0.22623,0.23827,0.26204
0.28774,0.21049,0.24868,0.25701,0.23466,0.26152,0.24452,0.23141,0.24517,0.27008,0.25569,0.24506,0.22529,0.22799,0.23951
0.29306,0.25017,0.2566,0.24985,0.23466,0.26488,0.2413,0.23247,0.24244,0.25166,0.26543,0.24862,0.24699,0.23604,0.25497
0.3069,0.25287,0.26177,0.25406,0.21411,0.26247,0.24568,0.24662,0.25563,0.26357,0.25271,0.25531,0.24938,0.236,0.25062
0.30829,0.25231,0.25893,0.25947,0.24416,0.25735,0.25619,0.2448,0.25039,0.2565,0.26591,0.24792,0.24274,0.23505,0.2521
0.30194,0.25218,0.26023,0.25706,0.24041,0.26027,0.25321,0.24935,0.2618,0.26396,0.24806,0.25162,0.24359,0.2505,0.27162
0.29932,0.26174,0.25935,0.23888,0.25468,0.26493,0.25419,0.25027,0.24436,0.25728,0.24219,0.25603,0.24694,0.21452,0.24541
0.33787,0.25483,0.25966,0.25721,0.2441,0.26117,0.25163,0.24478,0.24102,0.25575,0.25701,0.25071,0.23622,0.23667,0.26744
0.28277,0.25531,0.25745,0.26918,0.24549,0.2665,0.26126,0.24502,0.2533,0.25716,0.25076,0.24515,0.23998,0.2488,0.2705
0.29312,0.25323,0.26174,0.27077,0.24631,0.26384,0.25462,0.25083,0.2452,0.26022,0.25441,0.25683,0.24175,0.24577,0.26653
0.25876,0.25911,0.2605,0.27087,0.26899,0.25869,0.22196,0.25079,0.241,0.25688,0.26372,0.25753,0.25312,0.24637,0.26444
0.29579,0.25414,0.26321,0.26875,0.25571,0.26449,0.24316,0.25369,0.24208,0.25211,0.24977,0.24997,0.24603,0.25288,0.26286
0.28976,0.2578,0.25737,0.25909,0.27418,0.26376,0.24456,0.25406,0.24739,0.25349,0.25883,0.22443,0.21899,0.24255,0.27072
0.29253,0.26374,0.26434,0.2555,0.25655,0.26954,0.25137,0.263,0.25092,0.26601,0.26209,0.2544,0.24338,0.24741,0.26711
0.29799,0.26276,0.26744,0.26086,0.26539,0.26577,0.24934,0.26744,0.25284,0.24654,0.26498,0.25317,0.22901,0.2594,0.26395
0.29359,0.25477,0.27591,0.26731,0.25857,0.26858,0.24402,0.26662,0.25485,0.26007,0.26969,0.26456,0.2589,0.26931,0.26573
0.29317,0.22869,0.26915,0.26365,0.25045,0.26911,0.25186,0.25026,0.25797,0.24972,0.27681,0.25542,0.25712,0.25108,0.26468
0.29453,0.26672,0.26862,0.25556,0.24977,0.2691,0.2596,0.25803,0.25738,0.25935,0.26503,0.25367,0.25138,0.25536,0.26074
0.29271,0.26045,0.26279,0.2646,0.26936,0.27468,0.26617,0.27532,0.25577,0.25663,0.25194,0.24648,0.25057,0.25023,0.27794
0.30097,0.26399,0.26683,0.26642,0.25423,0.27166,0.25395,0.2808,0.25692,0.27966,0.24927,0.26119,0.24732,0.25974,0.2724
0.33093,0.26409,0.2604,0.2593,0.26643,0.26141,0.26038,0.2708,0.2585,0.26264,0.25959,0.26199,0.2539,0.2602,0.27257
0.33021,0.25937,0.26289,0.26299,0.2573,0.26421,0.26135,0.24656,0.26143,0.25588,0.25804,0.25125,0.24403,0.2478,0.25603
0.30959,0.25401,0.25376,0.26978,0.25968,0.26242,0.25946,0.24635,0.25414,0.2644,0.25369,0.25787,0.2475,0.23037,0.26019
0.3045,0.25551,0.24746,0.26419,0.22961,0.27041,0.26298,0.26154,0.25804,0.25979,0.2539,0.24137,0.24552,0.24692,0.26035
0.32145,0.25022,0.25715,0.25872,0.2622,0.26013,0.25687,0.24936,0.25813,0.25602,0.24099,0.21869,0.25399,0.24867,0.26419
0.30071,0.25028,0.25344,0.25699,0.25885,0.25199,0.26091,0.25487,0.24528,0.25923,0.24115,0.24751,0.24608,0.2424,0.26623
0.29691,0.25266,0.25579,0.24844,0.26006,0.23208,0.25321,0.25036,0.2532,0.26189,0.24609,0.2462,0.25132,0.24468,0.25657
0.29813,0.2438,0.25455,0.2516,0.24375,0.25226,0.25176,0.25724,0.24429,0.25831,0.24461,0.24506,0.25642,0.24798,0.25683
0.30028,0.24445,0.25957,0.26806,0.25483,0.25447,0.25174,0.23844,0.25827,0.2585,0.24952,0.24818,0.2554,0.24204,0.26092
0.29402,0.2413,0.25716,0.25028,0.26141,0.24846,0.24838,0.24988,0.24651,0.25966,0.23986,0.25151,0.25612,0.24518,0.26497
0.29505,0.2213,0.25468,0.25092,0.25382,0.25366,0.24626,0.24936,0.24646,0.25828,0.24368,0.25019,0.24873,0.25149,0.27795
0.29585,0.22458,0.25598,0.25613,0.25287,0.21906,0.23862,0.25386,0.24666,0.25299,0.23881,0.24068,0.2518,0.24229,0.26146
0.29577,0.21849,0.24743,0.25789,0.22786,0.24001,0.23813,0.25393,0.24571,0.26271,0.21489,0.22808,0.24243,0.22517,0.25981
0.29474,0.23571,0.25123,0.2508,0.24015,0.24741,0.24135,0.24517,0.24873,0.25625,0.23661,0.23767,0.24342,0.23243,0.25334
0.29306,0.23359,0.25512,0.24344,0.24862,0.24569,0.23167,0.21247,0.24537,0.24007,0.23018,0.2283,0.24122,0.23199,0.22097
0.27406,0.23739,0.24735,0.24533,0.25756,0.25035,0.23097,0.23524,0.24072,0.25241,0.23455,0.22254,0.24112,0.22524,0.25025
0.28616,0.23838,0.25081,0.23542,0.24342,0.24454,0.22716,0.23888,0.24778,0.24405,0.23078,0.21931,0.24339,0.22791,0.2423
0.27735,0.23379,0.24535,0.23639,0.2353,0.2401,0.22945,0.23578,0.23833,0.24979,0.23461,0.23692,0.24042,0.22575,0.24624
0.27553,0.23264,0.2521,0.22521,0.23741,0.24083,0.23116,0.21673,0.2329,0.25124,0.2385,0.23176,0.23097,0.23378,0.24479
0.26363,0.21183,0.24317,0.2341,0.23711,0.23988,0.23675,0.21046,0.23856,0.25169,0.22919,0.23031,0.23221,0.22715,0.24338
0.27314,0.21313,0.24409,0.23746,0.24014,0.2391,0.22604,0.24386,0.23882,0.25114,0.21382,0.22583,0.20835,0.21703,0.23575
0.26456,0.23361,0.24486,0.23469,0.22881,0.23833,0.234,0.23054,0.23344,0.24986,0.22981,0.23594,0.23478,0.2248,0.24038
0.2682,0.23277,0.23948,0.24034,0.22972,0.24191,0.22925,0.23528,0.23665,0.24525,0.22733,0.23749,0.22422,0.22737,0.23905
0.23707,0.23079,0.23975,0.22905,0.23146,0.2399,0.22992,0.22081,0.2251,0.24616,0.22819,0.23723,0.22643,0.23074,0.24534
0.2652,0.2285,0.24005,0.23466,0.23388,0.23673,0.23692,0.23172,0.23624,0.24912,0.22611,0.23592,0.2308,0.22189,0.23563
0.25753,0.23037,0.23846,0.23272,0.22907,0.24658,0.23553,0.23125,0.22244,0.25653,0.22741,0.23024,0.2316,0.23205,0.24389
0.25877,0.22963,0.2423,0.23222,0.23341,0.23843,0.23155,0.22791,0.23763,0.24808,0.23039,0.23219,0.22908,0.22526,0.24824
0.26606,0.22787,0.2388,0.22545,0.22952,0.24246,0.22911,0.23101,0.23135,0.25113,0.2272,0.21362,0.22555,0.22723,0.24618
0.26286,0.22736,0.24341,0.2165,0.21918,0.24021,0.22947,0.23827,0.2369,0.2476,0.22864,0.23106,0.21991,0.22945,0.24551
0.26976,0.23122,0.23615,0.23428,0.22628,0.24012,0.22784,0.22755,0.24022,0.23759,0.233,0.21774,0.2245,0.23096,0.2413
0.26116,0.23206,0.24502,0.23847,0.22377,0.23738,0.23231,0.2305,0.23403,0.24533,0.22235,0.20799,0.22741,0.22876,0.23412
0.27448,0.22649,0.2405,0.22812,0.23433,0.24186,0.22659,0.22097,0.23369,0.2501,0.21772,0.20515,0.22278,0.23353,0.23948
0.28389,0.22906,0.23872,0.22574,0.22691,0.24578,0.22934,0.22789,0.23665,0.24764,0.22473,0.20344,0.22893,0.22742,0.2413
0.29451,0.22733,0.24067,0.22946,0.22695,0.25178,0.22813,0.22388,0.22678,0.24122,0.22381,0.21457,0.23246,0.22886,0.24954
0.29056,0.23,0.24581,0.23637,0.22559,0.25503,0.22823,0.22615,0.231,0.24421,0.21935,0.22162,0.21955,0.22326,0.25247
0.26935,0.23615,0.2423,0.23423,0.23242,0.24379,0.22531,0.23485,0.23115,0.2372,0.22593,0.23339,0.21692,0.24162,0.22334
0.2743,0.23871,0.23629,0.22894,0.22263,0.25151,0.22928,0.23554,0.22882,0.24169,0.22112,0.2309,0.22491,0.22855,0.22227
0.26705,0.23809,0.23759,0.2276,0.22372,0.24021,0.2333,0.23462,0.23046,0.23565,0.22334,0.22446,0.22938,0.22783,0.23823
0.26862,0.2328,0.23415,0.23003,0.22667,0.25103,0.23527,0.2342,0.22666,0.24694,0.22441,0.22343,0.22557,0.22752,0.2418
0.26638,0.24212,0.24598,0.22831,0.23133,0.24756,0.23943,0.22512,0.23132,0.23997,0.22563,0.22217,0.23097,0.23431,0.25341
0.2684,0.24365,0.24596,0.2311,0.22962,0.24717,0.23332,0.2352,0.23017,0.24852,0.22382,0.20324,0.22785,0.23283,0.25261
0.27159,0.23019,0.24655,0.22709,0.23016,0.25259,0.23542,0.24007,0.22628,0.24365,0.22887,0.21829,0.24499,0.23126,0.25169
0.26743,0.21495,0.24348,0.22516,0.22992,0.25687,0.23058,0.25693,0.22676,0.24527,0.21857,0.2225,0.2322,0.23079,0.24954
0.28195,0.23848,0.24366,0.2279,0.2269,0.25003,0.23042,0.22708,0.22871,0.2518,0.22188,0.22586,0.22769,0.22605,0.24566
0.2599,0.21539,0.24892,0.23633,0.23304,0.24193,0.22667,0.23624,0.2296,0.24417,0.22666,0.22946,0.23587,0.23697,0.24776
0.27871,0.23699,0.24313,0.23124,0.22773,0.2515,0.22479,0.21777,0.22402,0.24595,0.2321,0.20189,0.23445,0.23427,0.24477
0.26472,0.24003,0.24009,0.21348,0.2276,0.25093,0.23052,0.229,0.23304,0.24493,0.23112,0.22472,0.23138,0.23874,0.22597
0.26796,0.2395,0.24259,0.23048,0.22643,0.24543,0.22447,0.22218,0.24376,0.24474,0.21118,0.22394,0.23143,0.23555,0.23745
0.27568,0.24545,0.24819,0.23154,0.22839,0.24008,0.22413,0.21811,0.23509,0.24688,0.22828,0.23138,0.23193,0.24339,0.2403
0.2718,0.24455,0.24279,0.24496,0.22751,0.2433,0.22419,0.23124,0.23777,0.2465,0.23197,0.2073,0.23917,0.2377,0.24699
0.2726,0.24011,0.24118,0.22538,0.22892,0.24291,0.22984,0.23362,0.24106,0.24502,0.23721,0.22139,0.2371,0.24558,0.23586
0.29289,0.24611,0.24769,0.24841,0.22686,0.24651,0.22643,0.23381,0.2418,0.25498,0.23385,0.22423,0.22421,0.2429,0.2349
0.30133,0.24949,0.2468,0.23845,0.2417,0.24507,0.23218,0.23656,0.23445,0.25094,0.23754,0.23453,0.23107,0.24683,0.22886
0.27812,0.24372,0.24576,0.24301,0.23599,0.25119,0.23229,0.24169,0.23962,0.24661,0.24187,0.23674,0.22953,0.24543,0.24068
0.28199,0.24979,0.24358,0.24607,0.23988,0.21849,0.23248,0.22504,0.23975,0.2505,0.24512,0.23251,0.23784,0.24774,0.24506
0.28355,0.2458,0.2442,0.24852,0.24295,0.24393,0.23172,0.23501,0.22109,0.24402,0.23364,0.23344,0.23869,0.2479,0.23804
0.28964,0.24814,0.24382,0.2488,0.23698,0.25725,0.23723,0.23728,0.23054,0.24836,0.23129,0.22782,0.2396,0.24322,0.24032
0.28708,0.24913,0.24692,0.24676,0.23373,0.24388,0.23588,0.23265,0.22998,0.2452,0.24134,0.22168,0.23333,0.23938,0.24509
0.28566,0.2403,0.24966,0.24521,0.22997,0.2419,0.23566,0.25033,0.23551,0.24509,0.24406,0.23958,0.24147,0.23932,0.2454
0.28365,0.22325,0.24787,0.2413,0.22039,0.24554,0.23784,0.24617,0.24016,0.25102,0.24488,0.23691,0.24117,0.22156,0.25145
0.27904,0.25247,0.25107,0.24253,0.1949,0.25308,0.24018,0.25071,0.23956,0.2647,0.23988,0.24629,0.2346,0.24065,0.24488
0.28306,0.24627,0.24779,0.25071,0.19722,0.24721,0.24125,0.23939,0.23322,0.25053,0.23852,0.23708,0.23142,0.23635,0.25333
0.27827,0.21965,0.251,0.22642,0.2253,0.24609,0.23999,0.24028,0.23679,0.25485,0.24285,0.23924,0.22736,0.24547,0.24714
0.29107,0.25424,0.25365,0.26261,0.22344,0.25583,0.24493,0.25072,0.23848,0.24793,0.2416,0.24235,0.23428,0.23828,0.24871
0.27576,0.24773,0.24493,0.26171,0.22792,0.254,0.24527,0.24654,0.23372,0.25402,0.24591,0.23817,0.23476,0.2348,0.24321
0.28137,0.23933,0.24691,0.25649,0.23179,0.25655,0.23791,0.24633,0.24175,0.24972,0.22524,0.24146,0.23483,0.24358,0.24046
0.29028,0.24866,0.24759,0.22017,0.22525,0.25513,0.24249,0.2463,0.23833,0.25162,0.25604,0.23805,0.24326,0.24474,0.24051
0.27402,0.22364,0.24193,0.23425,0.24243,0.25547,0.24966,0.25391,0.24893,0.25115,0.24863,0.24323,0.24816,0.25141,0.22482
0.28155,0.24699,0.25044,0.23826,0.23652,0.25339,0.24641,0.26872,0.25005,0.26117,0.2417,0.24221,0.24125,0.24901,0.24138
0.2561,0.24865,0.25898,0.24075,0.23189,0.26346,0.24559,0.26792,0.24697,0.2441,0.24599,0.24489,0.23654,0.25265,0.25328
0.27039,0.24856,0.25165,0.23928,0.2331,0.26427,0.25425,0.25247,0.25355,0.25156,0.24481,0.25223,0.2484,0.2508,0.24396
0.28018,0.23852,0.25629,0.25733,0.209,0.26804,0.25071,0.26873,0.22462,0.25017,0.25458,0.25032,0.22624,0.25967,0.2521
0.27655,0.24123,0.25632,0.24826,0.22126,0.26183,0.24857,0.24976,0.25742,0.2488,0.23537,0.25545,0.23873,0.24743,0.24742
0.27751,0.2488,0.25597,0.25082,0.23529,0.26241,0.24484,0.25312,0.25418,0.2318,0.25365,0.25749,0.24699,0.24393,0.24631
0.27773,0.24495,0.25004,0.25471,0.23896,0.25802,0.25203,0.25735,0.24922,0.24993,0.2707,0.25398,0.2469,0.25379,0.25485
0.26499,0.24283,0.25172,0.25413,0.22985,0.26438,0.24554,0.24377,0.25529,0.25278,0.25117,0.25798,0.24721,0.24755,0.24531
0.27924,0.24309,0.24977,0.25383,0.2382,0.25771,0.23824,0.24966,0.2467,0.24449,0.25385,0.24898,0.21979,0.23876,0.25224
0.27897,0.25506,0.23542,0.24873,0.23494,0.2536,0.24663,0.25812,0.24264,0.2543,0.24552,0.24939,0.24543,0.24203,0.25112
0.28002,0.25357,0.26265,0.24,0.23499,0.25685,0.24048,0.24181,0.24286,0.25136,0.2525,0.23797,0.24077,0.24702,0.2583
0.29067,0.25295,0.26124,0.25636,0.23669,0.25433,0.24366,0.24856,0.23945,0.25812,0.2526,0.25271,0.22938,0.23487,0.24888
0.29159,0.24869,0.25086,0.24935,0.23505,0.25748,0.24027,0.24764,0.25937,0.25031,0.25382,0.25412,0.25059,0.23482,0.25367
0.28451,0.25301,0.24909,0.2797,0.22185,0.25842,0.24868,0.2507,0.24736,0.25891,0.26233,0.2574,0.24212,0.2515,0.22716
0.29337,0.24111,0.25361,0.24534,0.2067,0.26783,0.25299,0.24454,0.24102,0.25899,0.24544,0.25335,0.25096,0.24402,0.26201
0.28567,0.23724,0.2552,0.24753,0.21975,0.26296,0.24975,0.23769,0.2448,0.25625,0.25241,0.24919,0.24572,0.25381,0.25168
0.27413,0.2255,0.25739,0.25359,0.22809,0.26695,0.25275,0.25162,0.24122,0.255,0.2261,0.25981,0.25314,0.23869,0.24994
0.29807,0.25084,0.25127,0.24993,0.24561,0.26994,0.24814,0.24567,0.25249,0.25757,0.24003,0.24629,0.25641,0.25254,0.25959
0.28516,0.241,0.2604,0.21972,0.23741,0.25262,0.24706,0.25925,0.24985,0.26116,0.24801,0.24349,0.24599,0.24988,0.25231
0.2794,0.25016,0.25398,0.22958,0.24116,0.23067,0.25075,0.23859,0.26503,0.25624,0.22297,0.25554,0.24704,0.26319,0.24669
0.28183,0.2478,0.25665,0.21722,0.23977,0.2566,0.25276,0.25337,0.24924,0.25401,0.24718,0.24553,0.25067,0.25113,0.25947
0.28295,0.24773,0.25955,0.25759,0.21059,0.26205,0.24207,0.24186,0.24702,0.25297,0.25804,0.25289,0.25929,0.25321,0.25945
0.28265,0.24668,0.25545,0.26121,0.25068,0.26534,0.25049,0.24561,0.25043,0.24826,0.22833,0.25251,0.25431,0.25189,0.25426
0.24808,0.24327,0.26045,0.24012,0.25148,0.27583,0.25423,0.24626,0.25247,0.25174,0.25807,0.22209,0.2514,0.25111,0.2542
0.2563,0.2425,0.25927,0.25708,0.24189,0.26719,0.24974,0.24406,0.24257,0.25259,0.26216,0.24722,0.22115,0.25083,0.25678
0.3019,0.25063,0.25399,0.24607,0.24995,0.2374,0.24587,0.24907,0.24888,0.25358,0.24858,0.23229,0.25655,0.2546,0.24623
0.307,0.24601,0.25362,0.24215,0.24552,0.2702,0.2525,0.24237,0.24789,0.25788,0.24556,0.25197,0.24203,0.26465,0.25091
0.29399,0.24379,0.25306,0.25618,0.21778,0.25983,0.24841,0.23411,0.24855,0.25179,0.2244,0.25397,0.26157,0.25152,0.244
0.302,0.23729,0.24801,0.25777,0.22562,0.26239,0.25097,0.23786,0.2457,0.241,0.21612,0.2518,0.25926,0.2616,0.24705
0.32145,0.24363,0.24351,0.2543,0.21375,0.25855,0.25741,0.23053,0.24979,0.25306,0.24492,0.24934,0.25688,0.26032,0.25384
0.30429,0.24152,0.25673,0.25646,0.24213,0.2555,0.25433,0.24625,0.25228,0.25223,0.24292,0.23607,0.22959,0.25429,0.25344
0.29055,0.22577,0.25534,0.25773,0.2458,0.2721,0.25535,0.23473,0.25008,0.25636,0.24452,0.24941,0.25212,0.25297,0.25076
0.29922,0.23967,0.25825,0.2527,0.24788,0.27583,0.26037,0.23458,0.24523,0.2527,0.24247,0.24528,0.264,0.2583,0.2529
0.31268,0.21909,0.25581,0.2525,0.24565,0.27185,0.25025,0.24097,0.2465,0.25751,0.24679,0.25018,0.25797,0.25074,0.25121
0.29022,0.23841,0.26114,0.25008,0.24523,0.27651,0.25688,0.24288,0.25334,0.25603,0.25358,0.25412,0.25851,0.25196,0.24481
0.27439,0.21463,0.26143,0.24179,0.25456,0.26827,0.25579,0.23594,0.24516,0.25168,0.24475,0.26039,0.258,0.25839,0.24678
0.26574,0.2174,0.2594,0.23615,0.24813,0.26013,0.2577,0.24556,0.22255,0.25807,0.24878,0.24074,0.26272,0.26316,0.24892
0.29522,0.24214,0.26821,0.24957,0.23786,0.2663,0.26062,0.24326,0.23955,0.25747,0.25949,0.25616,0.25335,0.26086,0.24215
0.3122,0.24211,0.26275,0.24756,0.25315,0.26299,0.25484,0.24189,0.21521,0.25047,0.21923,0.26077,0.27056,0.25761,0.22229
0.29955,0.2151,0.26575,0.22675,0.2574,0.25866,0.25205,0.24654,0.23834,0.24679,0.24308,0.2585,0.25964,0.26071,0.23333
0.28379,0.2408,0.26735,0.25436,0.2602,0.25116,0.26021,0.22415,0.24096,0.24766,0.24689,0.24465,0.27056,0.25908,0.24849
0.29701,0.22875,0.26921,0.25168,0.25777,0.25996,0.26057,0.21673,0.23846,0.25099,0.24393,0.2582,0.25983,0.2583,0.23613
0.28376,0.21835,0.26909,0.25047,0.25566,0.25258,0.24619,0.24674,0.23862,0.24667,0.23291,0.25698,0.26524,0.25065,0.25005
0.28849,0.21911,0.27033,0.25116,0.25004,0.25881,0.25356,0.24033,0.24414,0.24466,0.25444,0.22851,0.25408,0.2498,0.24928
0.28857,0.2396,0.27604,0.25177,0.25225,0.25953,0.25285,0.24899,0.24672,0.2479,0.25673,0.25238,0.26554,0.24835,0.23969
0.30088,0.24161,0.2684,0.25171,0.25189,0.25517,0.25311,0.25981,0.24073,0.24443,0.26003,0.25469,0.25336,0.24304,0.24798
0.298,0.24549,0.24856,0.25456,0.25842,0.26279,0.25255,0.25591,0.25072,0.24808,0.24909,0.24783,0.25024,0.24617,0.24638
0.29283,0.23991,0.26366,0.25608,0.23853,0.26339,0.25937,0.26418,0.24769,0.25011,0.25043,0.24903,0.25616,0.24812,0.25394
0.29472,0.21386,0.2357,0.2568,0.25933,0.26965,0.25411,0.25413,0.25264,0.23903,0.26353,0.25412,0.25357,0.2527,0.2617
0.29766,0.23379,0.26538,0.26413,0.25457,0.26499,0.26436,0.24894,0.25157,0.24542,0.2629,0.24741,0.25967,0.25171,0.25504
0.2902,0.23584,0.27082,0.2479,0.25364,0.26988,0.25967,0.25536,0.27345,0.24644,0.26315,0.22918,0.26436,0.25306,0.24987
0.26386,0.23647,0.27671,0.26175,0.24951,0.27568,0.2528,0.2461,0.25706,0.24331,0.2589,0.25152,0.26821,0.25031,0.26009
0.29611,0.23384,0.26802,0.25536,0.25683,0.27999,0.25486,0.25015,0.26924,0.24488,0.26169,0.24132,0.25544,0.23597,0.2561
0.29269,0.2468,0.26474,0.2581,0.26373,0.27538,0.25471,0.24082,0.2819,0.25004,0.25333,0.2511,0.2521,0.24871,0.26072
0.30468,0.24212,0.26408,0.2666,0.24669,0.27288,0.24326,0.25188,0.25557,0.24748,0.25516,0.24691,0.25596,0.24398,0.26152
0.30755,0.25088,0.26649,0.27123,0.23313,0.27098,0.25159,0.2669,0.26105,0.24817,0.25976,0.24846,0.26189,0.24608,0.25614
0.29893,0.24129,0.27014,0.25954,0.24907,0.27742,0.25872,0.25322,0.26873,0.25396,0.26264,0.24271,0.26413,0.23943,0.25745
0.26626,0.22082,0.2617,0.25294,0.22564,0.27188,0.24475,0.25516,0.26183,0.25455,0.26516,0.24138,0.26516,0.2486,0.25917
0.3088,0.24523,0.25974,0.24972,0.25483,0.26715,0.25788,0.25483,0.26917,0.25441,0.25228,0.2377,0.26852,0.25191,0.25717
0.32045,0.24338,0.26586,0.25006,0.25448,0.26635,0.25454,0.25006,0.25968,0.2519,0.24875,0.23941,0.26685,0.25186,0.24679
0.26525,0.25364,0.25368,0.26123,0.25514,0.26449,0.26011,0.24319,0.26409,0.25057,0.25133,0.25017,0.26357,0.25391,0.26196
0.2955,0.23638,0.26263,0.26106,0.22778,0.2655,0.25637,0.25787,0.28177,0.25677,0.26141,0.25334,0.23347,0.25524,0.25023
0.30296,0.25192,0.2668,0.25052,0.21983,0.27388,0.26341,0.25673,0.26317,0.26357,0.26418,0.25074,0.25783,0.24773,0.25149
0.30871,0.22533,0.26169,0.26205,0.23652,0.25114,0.25569,0.26629,0.27623,0.24991,0.25642,0.25723,0.26305,0.24506,0.25457
0.30161,0.25217,0.26343,0.26265,0.25663,0.26602,0.2661,0.26293,0.27707,0.2482,0.26287,0.25169,0.26186,0.25679,0.24516
0.31492,0.24263,0.26705,0.2673,0.25585,0.25718,0.25829,0.25975,0.26202,0.24947,0.23475,0.25707,0.24923,0.25223,0.24756
0.31261,0.24092,0.2676,0.2617,0.22111,0.27013,0.2644,0.26696,0.26326,0.25642,0.24596,0.22678,0.2506,0.25805,0.26534
0.30556,0.24254,0.26356,0.25173,0.22295,0.26535,0.25623,0.25792,0.28631,0.26412,0.25393,0.27396,0.26045,0.2543,0.2512
0.30703,0.23826,0.26019,0.22497,0.22769,0.23431,0.26018,0.25766,0.26573,0.26564,0.25773,0.26336,0.25682,0.25532,0.26201
0.29873,0.2499,0.26682,0.22427,0.2232,0.25437,0.25992,0.25884,0.25325,0.25786,0.26415,0.23116,0.22576,0.25238,0.25649
0.29989,0.2523,0.25078,0.2233,0.24644,0.26696,0.25958,0.25627,0.27185,0.25526,0.25659,0.2629,0.25675,0.2511,0.25206
0.30703,0.24279,0.26779,0.25937,0.24907,0.26811,0.2673,0.26067,0.27017,0.25853,0.22893,0.25937,0.25857,0.25585,0.2491
0.30016,0.22489,0.2641,0.25725,0.24392,0.24445,0.2566,0.25502,0.26674,0.25082,0.25334,0.26468,0.26144,0.25716,0.24969
0.31191,0.24717,0.27318,0.25622,0.21851,0.26644,0.25617,0.2588,0.26869,0.25722,0.2593,0.2671,0.25477,0.2497,0.25415
0.31158,0.25311,0.26622,0.25873,0.22144,0.27891,0.25277,0.24878,0.27645,0.26039,0.25739,0.25988,0.26205,0.25548,0.25921
0.29934,0.24086,0.27057,0.23231,0.25684,0.2702,0.2557,0.25836,0.26746,0.25704,0.26435,0.23492,0.25986,0.25767,0.23283
0.31198,0.25066,0.26423,0.28916,0.24749,0.27574,0.26174,0.27755,0.28359,0.26059,0.24268,0.26637,0.26804,0.23348,0.25803
0.29868,0.25107,0.25937,0.2645,0.25116,0.26733,0.25028,0.26304,0.25883,0.25919,0.24683,0.27983,0.26673,0.23024,0.25429
0.3118,0.2506,0.26544,0.26866,0.25154,0.27043,0.25792,0.25081,0.27,0.2637,0.23656,0.27492,0.25622,0.23249,0.25615
0.31608,0.24568,0.26232,0.26151,0.22135,0.27708,0.26412,0.25699,0.27856,0.26189,0.24491,0.27914,0.26002,0.24679,0.25398
0.32875,0.25434,0.26152,0.25848,0.22183,0.28044,0.25561,0.25057,0.28364,0.26324,0.25212,0.26642,0.2539,0.25933,0.26032
0.32443,0.24989,0.25931,0.2688,0.24703,0.2771,0.25806,0.25934,0.26153,0.25342,0.25232,0.26815,0.25849,0.24972,0.2623
0.33366,0.23955,0.26815,0.26034,0.2434,0.26374,0.26127,0.26046,0.27858,0.25576,0.26245,0.23825,0.2539,0.25913,0.25988
0.31377,0.24729,0.27506,0.26747,0.24658,0.27074,0.25669,0.25616,0.27899,0.24803,0.24854,0.27071,0.25119,0.2496,0.25329
0.31834,0.25076,0.27391,0.25717,0.25339,0.27673,0.25911,0.27161,0.28831,0.25515,0.22996,0.2682,0.24996,0.2544,0.29581
0.32787,0.24488,0.27216,0.26899,0.24562,0.27397,0.25469,0.22905,0.26234,0.24907,0.2507,0.27128,0.2675,0.24944,0.29116
0.32077,0.24007,0.26425,0.25997,0.24788,0.27124,0.24532,0.23849,0.23709,0.26362,0.24275,0.26141,0.25312,0.26204,0.29074
0.30617,0.24452,0.26672,0.26044,0.2449,0.27299,0.25021,0.25254,0.27536,0.25028,0.2558,0.26562,0.24799,0.25663,0.29146
0.32395,0.22958,0.26555,0.25144,0.24948,0.28602,0.25046,0.24281,0.27401,0.25059,0.24036,0.25913,0.22637,0.25802,0.2713
0.34337,0.24237,0.26784,0.25725,0.24283,0.27177,0.24768,0.24093,0.29332,0.25384,0.24399,0.25877,0.25515,0.24677,0.2661
0.32557,0.24085,0.26787,0.24646,0.25275,0.27424,0.24781,0.25375,0.26514,0.25285,0.23691,0.23675,0.25787,0.26006,0.25944
0.33384,0.21386,0.26232,0.2559,0.21678,0.28153,0.2537,0.24423,0.26288,0.251,0.23008,0.25402,0.22429,0.26081,0.26913
0.3231,0.24539,0.27729,0.25574,0.22729,0.26652,0.25216,0.24744,0.26339,0.25542,0.24349,0.25416,0.25562,0.25354,0.26873
0.32707,0.24125,0.26875,0.2552,0.24579,0.27634,0.25497,0.24403,0.26969,0.25028,0.24194,0.25561,0.25728,0.26356,0.26819
0.31887,0.24452,0.26884,0.26506,0.24219,0.283,0.24153,0.25672,0.2808,0.25312,0.23679,0.252,0.25386,0.25829,0.25879
0.32402,0.23018,0.2657,0.26233,0.23015,0.27542,0.24982,0.23791,0.27395,0.2567,0.23647,0.2532,0.25216,0.24612,0.26579
0.32678,0.24773,0.26786,0.26279,0.23706,0.28779,0.24134,0.23683,0.27466,0.24727,0.23678,0.24231,0.24678,0.24606,0.26035
0.33012,0.24154,0.26723,0.25966,0.24259,0.28106,0.22666,0.24021,0.27245,0.25381,0.24411,0.24349,0.25202,0.25069,0.26623
0.33818,0.21661,0.2707,0.26672,0.24841,0.27858,0.23468,0.24272,0.28197,0.2545,0.23131,0.2556,0.248,0.24374,0.25109
0.33952,0.23613,0.27189,0.23627,0.23932,0.27832,0.24518,0.24015,0.27226,0.25262,0.23519,0.22333,0.25821,0.23866,0.25947
0.34407,0.24027,0.26896,0.25239,0.24249,0.26051,0.24687,0.25695,0.27903,0.25371,0.23729,0.25722,0.25107,0.24066,0.25616
0.37258,0.23621,0.27888,0.26081,0.24163,0.28055,0.23646,0.23625,0.27073,0.24522,0.24404,0.25635,0.25444,0.24001,0.26026
0.334,0.21545,0.27556,0.24756,0.2428,0.28118,0.23619,0.24558,0.25943,0.25011,0.23966,0.2603,0.25732,0.24224,0.25813
0.33924,0.20618,0.27174,0.27429,0.24479,0.28529,0.2347,0.24544,0.27409,0.25497,0.23744,0.24213,0.25072,0.2421,0.25045
0.2802,0.22131,0.26838,0.26677,0.2449,0.29002,0.23411,0.24737,0.28037,0.24735,0.23822,0.25615,0.23935,0.24205,0.25816
0.34135,0.23615,0.27128,0.28436,0.24804,0.28418,0.23042,0.26849,0.29852,0.25256,0.24574,0.23691,0.24741,0.24247,0.25561
0.33662,0.22781,0.26887,0.26504,0.25132,0.28091,0.24206,0.26896,0.28997,0.25404,0.23583,0.23215,0.23614,0.24472,0.25817
0.32535,0.23561,0.27187,0.26335,0.24287,0.28228,0.23888,0.25786,0.29328,0.2584,0.24625,0.22629,0.26118,0.23654,0.25543
0.33458,0.23834,0.27534,0.26287,0.25688,0.29791,0.23585,0.26011,0.29942,0.24393,0.24647,0.26809,0.26321,0.25429,0.25873
0.33671,0.23955,0.27325,0.27667,0.25404,0.28109,0.23936,0.25215,0.28135,0.25379,0.24657,0.25324,0.27686,0.24894,0.25641
0.33026,0.23774,0.27419,0.26831,0.25521,0.27051,0.24327,0.2478,0.29045,0.25717,0.24261,0.24813,0.26061,0.23897,0.25427
0.33979,0.22622,0.26909,0.27189,0.26139,0.29916,0.24269,0.25945,0.27615,0.24812,0.2431,0.25971,0.27083,0.23942,0.25743
0.34517,0.23887,0.25882,0.30033,0.25069,0.30034,0.23844,0.25368,0.29375,0.2506,0.2447,0.25581,0.2835,0.24653,0.26077
0.34802,0.23914,0.27121,0.28006,0.26396,0.30072,0.24504,0.26496,0.29149,0.25619,0.24712,0.26023,0.28019,0.2373,0.25742
0.35043,0.24123,0.27037,0.28172,0.2578,0.29748,0.2516,0.24298,0.28951,0.26004,0.24676,0.25043,0.27106,0.25114,0.25695
0.34864,0.21894,0.2769,0.25494,0.25601,0.29974,0.24427,0.25789,0.29664,0.26092,0.25049,0.26544,0.29128,0.23974,0.25623
0.35483,0.24219,0.27546,0.28548,0.25742,0.29704,0.25203,0.25045,0.29156,0.26214,0.25236,0.26015,0.28322,0.24548,0.26605
0.34247,0.24774,0.27397,0.29562,0.26262,0.30333,0.25405,0.25165,0.28839,0.2664,0.26136,0.25779,0.23755,0.23981,0.26829
0.33591,0.2375,0.27396,0.28858,0.26096,0.29839,0.23724,0.24198,0.29733,0.26216,0.24949,0.25763,0.26081,0.2531,0.25662
0.32854,0.21952,0.2873,0.26653,0.26672,0.29971,0.26284,0.24655,0.28989,0.26732,0.26449,0.27415,0.26736,0.24985,0.26965
0.33555,0.22835,0.26704,0.25915,0.27137,0.30165,0.26121,0.26654,0.27193,0.25711,0.25066,0.26842,0.27598,0.25093,0.26558
0.36509,0.22708,0.24474,0.2666,0.266,0.31026,0.26506,0.26134,0.28598,0.26448,0.26902,0.26386,0.27382,0.25048,0.26462
0.35964,0.24999,0.28409,0.26214,0.26259,0.28716,0.26292,0.26546,0.28481,0.26805,0.26071,0.2866,0.2884,0.25135,0.26454
0.33578,0.25178,0.28006,0.29738,0.26146,0.29448,0.25503,0.2635,0.28109,0.26575,0.26348,0.2791,0.276,0.25773,0.26822
0.32987,0.25947,0.28375,0.3174,0.25933,0.29269,0.24774,0.266,0.2764,0.2693,0.25929,0.27625,0.26883,0.25714,0.23358
0.31688,0.25767,0.28162,0.28832,0.2545,0.2493,0.2555,0.2697,0.27306,0.2664,0.26546,0.27709,0.27415,0.25781,0.27591
0.38787,0.25233,0.27362,0.28059,0.24886,0.28297,0.26362,0.23254,0.27652,0.27704,0.26826,0.28158,0.26377,0.24727,0.26827
0.37113,0.25951,0.27944,0.29279,0.22229,0.29147,0.26483,0.26177,0.26826,0.25825,0.2797,0.27741,0.29218,0.25242,0.27161
0.35444,0.24822,0.27808,0.28237,0.24215,0.29184,0.2612,0.25483,0.26994,0.26803,0.27829,0.26797,0.26977,0.24839,0.27566
0.37704,0.2607,0.27779,0.30634,0.2228,0.28738,0.24935,0.26625,0.27137,0.27307,0.26082,0.27495,0.26664,0.24361,0.27558
0.36606,0.253,0.27323,0.29361,0.23803,0.29876,0.25356,0.25616,0.26342,0.26942,0.26844,0.28092,0.28221,0.25471,0.27103
0.35275,0.26044,0.27707,0.29249,0.2601,0.28959,0.25279,0.26291,0.26967,0.26414,0.26323,0.26741,0.27159,0.25566,0.28146
0.35229,0.25355,0.27688,0.28535,0.25688,0.29794,0.25888,0.26062,0.27341,0.2654,0.27249,0.27086,0.26463,0.25315,0.27218
0.3416,0.24933,0.27252,0.29119,0.24965,0.28463,0.25216,0.24536,0.27455,0.26406,0.26769,0.27364,0.27997,0.25912,0.26422
0.31891,0.24792,0.26631,0.28183,0.22066,0.27695,0.24838,0.22819,0.26936,0.25902,0.26149,0.27714,0.27066,0.24891,0.2647
0.35378,0.25519,0.26523,0.2802,0.25831,0.28477,0.25105,0.2674,0.26311,0.26242,0.27052,0.27438,0.27568,0.25164,0.26758
0.34544,0.24271,0.26988,0.2432,0.25796,0.28367,0.25112,0.25972,0.26412,0.26198,0.27424,0.27837,0.25636,0.23617,0.27105
0.35674,0.24652,0.26784,0.27373,0.26197,0.27711,0.25193,0.25556,0.26351,0.26597,0.26426,0.25957,0.26251,0.25476,0.25389
0.34275,0.25426,0.26944,0.26946,0.25758,0.27888,0.2554,0.25505,0.2633,0.26254,0.25685,0.26605,0.26101,0.25171,0.26817
0.34105,0.24725,0.26827,0.29083,0.27956,0.2832,0.25912,0.25737,0.28297,0.25691,0.24067,0.2651,0.26725,0.23796,0.2732
0.34627,0.25586,0.26869,0.27966,0.25941,0.28062,0.2528,0.25388,0.25331,0.2592,0.25353,0.2657,0.25809,0.25278,0.26613
0.33871,0.26042,0.27363,0.24077,0.26214,0.29628,0.26032,0.23483,0.25429,0.2655,0.26175,0.25712,0.2649,0.24966,0.27123
0.3229,0.26309,0.27308,0.29067,0.25771,0.27789,0.26111,0.26038,0.23074,0.26212,0.25951,0.25722,0.25817,0.25499,0.25524
0.34264,0.25535,0.26398,0.27668,0.25765,0.23711,0.24824,0.256,0.25113,0.26142,0.23733,0.25467,0.25965,0.25598,0.27277
0.34218,0.25746,0.27172,0.2679,0.25501,0.26385,0.25474,0.25738,0.23413,0.2694,0.2687,0.26385,0.25048,0.25082,0.26678
0.33139,0.24887,0.27354,0.27614,0.25544,0.26704,0.24552,0.25874,0.23993,0.26429,0.2705,0.23371,0.25405,0.25448,0.26892
0.26847,0.25045,0.26888,0.26663,0.25127,0.2715,0.24921,0.24507,0.26068,0.25618,0.24657,0.25991,0.25353,0.25038,0.26874
