1
140.7850,26.8998,30.1125,123.4920
140.5038,25.2934,29.8283,124.4230
140.2415,25.6765,30.2538,124.3612
139.8001,25.9432,30.3051,124.5657
139.5860,26.2632,29.7578,124.1895
138.9310,26.4877,30.4804,125.0307
138.3739,27.1209,30.1723,124.1303
137.3595,27.2173,30.8300,125.1144
137.3213,27.7289,29.8135,125.6300
136.4775,28.5335,30.6523,124.0611
136.4631,28.8049,30.1309,125.5471
136.0182,29.5413,30.1547,124.0979
135.3205,30.2043,30.2820,124.3904
135.0670,31.0043,29.7694,124.3767
134.1744,31.4719,30.5717,124.3962
133.8516,31.7946,29.3700,124.2179
133.2892,31.4344,30.2946,125.4660
132.9751,31.4701,30.7679,124.7428
133.5382,31.8053,29.7013,123.8366
133.9940,31.0365,29.9714,123.7766
133.6888,30.0619,30.6280,124.5348
134.7442,28.8538,29.6558,125.3717
135.1087,29.3120,30.1494,124.2364
135.2268,29.4436,30.2711,123.9312
135.9322,29.6102,30.0263,123.9090
136.5300,29.0902,29.7528,123.7014
136.6043,29.3909,30.1637,123.4417
137.1377,29.2457,30.2905,123.9473
137.9214,29.9712,30.1721,124.2630
138.0556,30.6538,30.0020,123.7748
138.4029,30.7800,29.9476,123.7069
138.5297,31.0482,30.3027,124.3235
138.6005,31.3012,30.0477,124.7908
138.2813,32.3659,30.1495,123.8968
137.6668,33.2333,30.3136,124.4485
137.4317,32.5838,30.3319,124.4194
136.7619,33.2885,30.4011,125.0355
136.0188,33.8746,30.1696,124.6246
135.4970,33.7709,30.2601,124.4779
134.9445,33.8176,30.3732,124.8505
134.2782,33.2664,30.4541,124.2855
134.3443,33.5464,30.0455,124.3203
134.2430,33.7228,30.1626,124.4690
134.2034,33.7982,30.1294,124.1900
134.0172,33.8351,30.4725,124.2798
134.4683,34.2168,29.9907,124.8873
134.4444,34.1284,30.2696,124.4666
134.2884,34.7199,30.6013,124.2248
134.4649,35.7707,30.3500,123.0394
134.5344,36.6940,30.4646,122.7326
134.7242,36.4315,30.1924,123.5678
134.3288,36.7662,30.1039,123.1434
133.9456,37.2095,30.1914,122.6081
133.8871,36.9661,30.1714,122.7809
133.7218,37.0789,29.7041,122.5044
133.3773,37.2746,30.0034,122.0927
133.4178,36.9735,29.7353,122.8484
133.8691,37.3419,29.7910,122.5600
135.1041,36.2337,28.4034,122.1512
135.1390,36.7742,28.8578,121.3817
136.0917,35.9104,28.3690,122.1474
136.7019,36.5851,28.5924,122.0173
137.3323,36.8800,28.2943,120.8981
137.8685,37.3002,28.0178,122.2766
139.0059,39.1761,27.1215,119.2230
139.5526,39.8413,26.7920,118.7205
139.9470,40.8319,26.4689,118.7252
140.2926,40.6668,26.4894,117.1816
140.1679,41.1106,27.1522,116.6848
140.5770,40.8778,26.6401,116.6032
140.7908,43.5163,26.4858,115.1297
140.5312,43.1371,26.8680,114.8891
140.0423,45.2765,26.9804,112.0622
137.7259,46.3357,27.6199,110.2705
136.1661,48.0471,28.3998,109.5170
131.8722,48.8322,30.0208,106.3736
126.9029,46.6772,31.7361,106.8690
123.0072,47.9813,34.1300,104.8608
116.5272,45.5949,36.3560,103.9937
109.8273,43.2252,36.7086,102.7262
107.0055,41.8786,37.3714,102.8215
100.8372,41.9111,37.6959,101.4111
96.5867,41.4585,37.0082,99.8354
96.2496,42.3792,36.1476,99.6063
94.1594,41.8448,36.0177,99.4914
95.3769,42.2145,35.0735,97.2145
91.0000,40.6000,34.8000,96.2000
90.2687,49.4112,34.0189,84.3078
90.3433,56.0231,32.6989,77.0717
91.9250,58.2404,30.8703,72.0474
90.8835,62.2426,29.2696,66.2961
108.4000,57.6000,29.2000,65.8000
100.7540,58.9426,28.8214,64.9823
115.9166,47.9613,29.7967,67.7953
116.0862,49.4643,29.2437,68.8525
121.2026,48.6173,28.1178,73.5865
132.6916,48.9615,29.9365,81.5686
125.4991,49.1523,31.3037,78.7514
124.9207,50.2790,32.2398,74.0322
119.5603,47.0186,33.4219,73.6878
120.1469,46.6336,36.1537,77.9395
120.2514,45.7135,35.8497,80.0849
124.7003,44.4949,34.8944,84.5568
126.3725,44.8192,33.1039,85.5735
124.9446,45.5824,33.2308,87.0351
127.9453,44.7517,31.5068,88.6297
126.9661,46.4183,31.6495,83.4516
126.1354,52.6601,31.6860,77.9540
130.7296,47.3640,33.3230,78.4796
131.9355,47.4171,32.0311,75.5717
131.4561,48.4826,30.5944,73.7024
131.7800,50.4286,29.7940,73.4685
135.1385,50.1647,29.5843,75.4054
140.1764,46.5232,30.0320,78.0013
141.5240,49.1633,29.1378,78.8835
141.6856,49.1717,28.8731,81.0607
140.6714,47.7572,29.7146,82.7746
136.5692,48.6893,29.5995,80.9615
135.9857,47.5900,30.0018,82.9291
136.0049,45.3474,30.5203,85.4734
134.1231,46.1656,33.4521,86.5919
135.9664,49.9420,32.2520,83.9823
135.6152,54.5362,30.8634,82.0062
138.5348,52.7168,30.4005,80.2112
141.1139,52.0740,28.4262,77.0932
143.7203,52.6922,26.6396,74.1807
142.7203,55.0026,25.0833,70.0778
142.1494,56.5652,25.0645,69.3868
140.5717,57.7501,25.5633,69.0393
135.7339,61.1217,25.8751,67.4362
135.5302,60.2171,25.5688,63.0700
133.8660,64.6246,24.2653,59.7764
138.6676,71.1366,24.1751,57.3462
140.3562,81.0538,24.0394,57.1604
142.1737,84.1142,24.8559,57.6395
139.2222,86.5067,24.6319,67.3664
129.4000,99.0000,24.4000,66.6000
129.4000,84.8000,24.6000,67.0000
126.8998,68.0692,24.0368,62.3315
125.6000,50.2000,24.4000,63.0000
127.2000,45.8000,23.8000,61.2000
128.6000,43.0000,23.4000,59.8000
136.0000,37.2000,23.2000,59.0000
138.8000,35.2000,22.8000,58.6000
147.8835,37.8939,24.0372,57.2607
152.4943,43.5546,24.7117,58.1116
152.9585,45.8361,25.6572,60.1537
153.1109,51.0236,26.9080,63.5701
153.9852,56.8938,29.1260,65.6880
153.7028,63.0152,31.4120,66.3621
151.7339,75.8217,31.4645,62.2228
145.4000,90.4000,31.4000,62.2000
138.8000,87.8000,31.4000,62.2000
167.0000,90.2000,31.2000,61.8000
164.6778,92.7294,30.0955,62.3262
164.9994,94.4467,29.2777,65.9354
166.0064,96.0951,28.2010,72.4305
160.9685,86.7877,28.7316,76.6566
156.1627,81.6556,28.2765,82.1570
146.1954,68.8390,28.2589,80.6499
130.3011,65.3243,30.6179,81.9560
123.3159,61.5778,33.9472,79.8756
116.6146,47.9802,35.3169,69.1642
115.0934,38.0263,36.8650,60.8787
113.0736,38.0628,38.0842,58.1237
117.4170,37.5190,37.7705,55.7211
124.5639,36.7216,37.4612,56.2940
129.6255,38.2878,34.9042,54.7401
137.0114,37.7257,32.7742,55.5120
144.8557,34.6091,30.8441,61.4639
149.9877,33.8951,28.5745,64.5473
155.2251,35.5159,27.3365,63.0784
161.5418,41.0930,26.7247,60.4634
160.6565,40.7059,29.1817,60.7822
158.7607,48.4278,31.3557,55.2169
159.6160,55.5679,29.8012,47.2709
160.0072,57.5885,28.6704,41.5477
159.5747,62.0830,29.2798,38.5345
158.9608,62.9559,29.6590,36.7135
160.0738,62.5430,28.7481,36.0811
161.3387,64.1898,28.0256,38.1586
170.6346,69.2461,24.9610,42.0373
170.8477,69.2094,22.1960,46.9289
173.3483,74.7501,22.2383,51.3677
172.9848,73.2475,22.7944,55.0140
171.6686,73.6897,23.1925,55.5324
171.3405,72.4081,22.3031,57.1007
171.9138,68.8765,22.7012,57.0446
173.3968,68.5822,23.5510,56.5588
173.6002,67.2570,24.6260,56.7780
176.7149,65.2121,27.5949,58.2554
175.1543,62.5371,29.6129,58.2942
175.9452,56.4694,31.3109,57.7578
173.9567,58.7407,31.1313,59.5404
176.3968,58.3628,30.4749,58.8364
178.5932,59.0922,30.7647,60.6395
180.9769,57.8818,30.9223,61.8198
181.4062,57.5180,31.5472,63.4308
181.3993,57.7072,31.4625,64.5191
183.7424,57.1290,31.5665,64.9145
182.7952,56.6648,31.4164,65.7592
178.9091,60.0490,33.7669,66.9203
175.3678,56.5183,35.6727,69.6622
173.1646,54.3375,36.5367,70.5630
168.6008,59.0769,36.9430,75.1675
166.2578,59.4596,39.1592,77.1898
165.3310,60.6455,42.2046,79.6658
160.8236,58.1382,45.1309,80.8883
159.5507,58.0051,48.5080,82.8301
157.4483,53.6482,52.8771,86.2792
155.5503,60.5045,60.0069,91.4450
148.4173,56.5199,65.0872,92.8093
146.9485,54.1418,71.5121,96.5576
145.4861,51.3631,78.5420,103.7226
149.4126,46.1987,80.9645,107.5027
145.9137,45.7866,83.9893,111.0407
155.4000,45.6000,84.8000,112.0000
148.7751,42.1856,87.3839,114.0304
144.1554,38.7618,88.9080,113.0111
144.3228,39.0980,90.6736,112.6628
145.8341,36.2345,89.5891,109.0714
147.3208,37.9819,91.1837,108.6470
151.6821,37.9951,92.1419,109.3363
150.2645,37.4054,91.4963,108.1485
150.3496,37.6906,91.0681,106.8989
152.0595,38.2836,90.8238,105.1002
153.0025,40.2767,92.8655,107.4088
152.0403,42.7347,91.0872,107.5211
157.6586,37.3064,87.8460,104.7736
158.3426,41.1156,87.2704,104.9820
155.7105,43.8298,88.4803,107.9978
159.3976,38.2301,86.5811,106.8525
164.6730,40.9447,84.2361,107.0756
165.1000,41.6247,82.2316,107.2920
163.8229,39.2769,81.4249,107.0378
163.5927,42.7702,79.9978,105.7516
165.6478,43.2124,81.3761,107.0048
165.7930,45.0771,82.6765,107.1157
165.5413,44.0674,83.1466,106.6756
162.3924,43.9198,85.2589,108.5393
164.2027,43.1563,86.0805,109.2813
163.5042,41.0800,85.8579,109.3966
162.1950,46.0936,86.2942,108.9033
163.7707,43.1630,86.5563,109.7059
163.2997,41.8793,86.5321,110.3898
163.7252,45.0157,85.4893,109.3525
164.0945,40.7572,83.8035,108.0684
168.5691,43.7567,81.7765,107.0012
166.5373,45.2698,82.6200,108.3273
167.3921,45.6793,81.8660,107.3871
168.0827,43.6113,80.6141,107.2458
169.8549,41.4237,80.5516,108.3778
167.8004,43.9799,80.0355,108.3864
168.2976,43.6351,79.5029,107.5610
168.2728,47.5837,80.6333,107.6472
166.1407,45.1222,82.5536,107.5825
164.7669,45.9125,84.4069,107.6287
164.3897,46.6874,84.5255,105.4995
165.0422,50.3454,84.5023,105.7533
162.4530,50.2048,84.1052,104.3633
162.3150,46.0938,85.3983,104.8875
157.4850,47.8114,83.8551,101.9996
159.8895,48.7708,84.1172,100.7370
157.1078,48.6606,84.3042,99.5012
157.9395,48.3323,85.3294,101.0476
154.5705,49.8509,83.9399,99.5402
155.7641,48.4583,85.2796,101.8067
155.3302,47.5928,85.3117,103.3188
155.1866,47.9299,83.4965,103.2270
156.7871,47.4372,83.5214,104.6289
155.7962,50.2785,83.3047,105.3341
152.5857,46.5049,84.7380,108.5505
155.7781,46.7963,83.0855,107.4031
158.7910,48.6677,82.6535,108.1553
159.2081,49.7586,81.3462,107.9501
157.6868,46.0018,80.8666,107.9630
159.5434,52.0910,80.4143,107.5748
160.1128,49.7742,80.4242,108.8966
160.9340,51.2884,78.3042,106.8211
159.4271,50.4812,79.0068,107.0459
160.7314,50.7637,79.1412,108.6927
159.9265,52.3126,78.8577,108.7912
159.7533,50.0606,78.4968,108.1054
164.0264,50.2769,77.6651,107.1095
161.0002,52.4432,77.7635,107.1460
161.9170,49.1033,76.9206,106.4293
161.4484,50.3584,76.8489,107.4104
159.7096,50.0474,77.6306,108.0822
160.7778,49.8822,78.8594,109.3993
162.8512,48.6797,78.8728,107.9664
160.2641,49.5496,78.7676,107.5379
162.4611,49.9871,79.4868,108.4867
163.7629,50.7476,79.5502,109.1344
162.5717,50.0376,79.4504,108.1414
162.5096,46.8361,81.2077,109.8433
162.6839,48.3235,78.9029,107.2724
165.3729,49.0434,78.4234,106.5331
164.7446,48.7553,78.5836,106.3797
162.9734,49.7432,78.1936,105.5713
162.9359,48.2682,78.9788,106.1669
164.6976,46.1219,79.4992,105.6124
163.3127,46.7518,80.3218,106.5802
162.9476,45.8330,79.0230,103.9357
163.4097,48.0871,77.7341,102.6292
162.0424,47.3428,78.6644,103.9512
158.5692,48.4075,79.4824,105.6916
162.4093,46.8591,80.8862,107.2454
161.2136,46.1009,80.3988,106.1051
159.5166,45.1082,82.5954,108.0437
159.2907,45.1658,82.2465,107.2807
157.2012,45.5152,81.9469,108.2827
158.3708,44.3684,81.0473,108.8687
157.0557,46.5210,77.7345,108.5546
158.8594,45.0999,76.3567,107.9762
158.6816,47.6776,76.2456,109.7394
155.9364,47.9195,76.5878,111.6078
163.3787,45.8465,77.2758,107.3215
156.9978,47.2423,78.0650,107.4229
159.0657,48.2108,79.1011,105.4358
160.0011,51.5344,81.4361,105.4086
152.7935,53.8383,82.4407,102.3450
150.4510,55.7409,85.0696,100.5073
148.3343,55.2212,85.4689,98.0739
148.3920,56.8892,85.8669,96.9202
145.7503,58.6078,84.9984,95.1376
146.1712,60.4098,82.8772,94.6227
145.8703,58.3242,81.0636,94.6950
147.7551,57.1940,78.5431,95.6805
145.3555,55.1504,75.6239,94.1347
144.4363,56.2213,72.8243,92.3968
145.8434,56.7161,70.0299,92.6899
146.9490,56.5644,64.9270,90.7856
145.4127,56.0726,61.3061,85.9494
144.9912,57.9867,57.5286,81.7424
149.6225,60.2359,52.2937,78.0855
146.7428,60.2807,49.4636,74.3473
144.8584,58.8802,48.5163,72.7711
141.3116,60.1704,48.4081,71.7123
141.4397,58.3532,48.6461,73.1989
142.5334,56.4506,46.1995,72.9276
141.6169,56.7193,43.6814,73.1870
143.2829,58.3171,43.1108,75.0648
145.0425,58.7878,41.3447,73.7733
142.5685,62.6257,38.9449,71.8523
143.8871,61.7653,36.9981,70.1751
145.7262,61.4646,35.8281,69.7025
144.4412,59.1060,33.9441,66.2532
147.2786,57.5212,33.1872,64.2667
148.2409,54.7504,30.6805,60.4644
150.8820,51.5844,29.2572,55.6989
152.9356,52.7778,27.7460,52.2866
156.4885,54.5746,26.9670,52.0206
161.1941,52.3508,26.2428,52.1009
163.7622,53.1295,25.6754,53.0871
166.2376,51.8649,25.1119,52.0557
168.4015,50.8677,24.6561,51.2448
171.5290,53.7644,24.3252,50.5079
174.4379,54.0184,23.5940,50.3106
177.9518,56.2013,23.5155,51.7858
178.8584,55.9963,23.4179,54.9259
179.6557,57.0352,24.1839,55.6569
181.4612,59.9237,24.8167,55.5213
180.8203,61.4186,25.5682,57.5286
180.4584,65.5134,25.8978,58.2376
179.3105,68.3733,26.7858,57.2407
180.3945,72.3437,26.7383,56.8448
180.0773,73.5938,27.6999,53.4742
182.8286,77.5268,27.5499,49.4948
184.0797,79.0110,27.6427,46.0914
187.6483,80.4672,26.7941,42.9111
196.5418,76.4114,25.1614,40.3917
200.0722,75.9274,23.9176,38.4539
201.4328,71.7281,23.2026,37.0963
200.7044,67.8733,22.2837,38.6915
200.3161,65.9996,20.5752,39.7949
198.2510,69.1220,19.4803,39.5846
197.3854,64.2272,19.7908,39.1162
195.6331,63.9768,20.0714,38.4597
194.2239,63.9192,20.3820,37.6067
193.6381,63.4334,20.3910,36.1758
192.8017,64.5634,19.9831,34.5715
191.6079,64.9036,19.5708,31.4334
191.4212,67.9077,19.0507,31.5531
193.0727,68.1464,17.7694,30.1412
194.3659,70.8919,17.3204,29.3672
196.3639,67.9287,15.6785,29.6683
197.1918,66.7768,15.0630,32.2558
199.1598,60.6010,14.6645,35.4888
199.3325,50.2074,14.5944,41.4331
198.7175,46.5224,15.4969,45.1531
197.3454,45.2808,16.5900,45.5049
188.9412,36.0509,19.1888,43.7307
185.1377,32.4566,22.6696,44.0334
184.8060,26.3193,24.2251,43.0611
181.9979,26.5532,25.4827,42.2317
179.9874,23.7975,26.2853,42.1574
181.5557,23.6883,26.6244,44.0473
181.2591,21.6747,26.4722,44.9839
178.7300,22.7428,26.8169,45.3594
176.1471,22.3785,27.1523,47.8328
171.1408,23.4953,27.4172,52.0801
169.7990,18.7505,28.1867,56.6967
168.0342,14.7670,28.4543,60.8369
164.9480,16.9999,30.0776,62.4127
162.9092,18.0505,32.0665,61.8315
159.8541,18.2520,36.0754,63.8526
159.7266,18.7329,34.6799,62.5690
159.5852,19.5201,34.9140,61.7170
157.5514,25.3500,34.1437,59.2241
157.1590,34.9234,32.5125,56.8398
159.0963,41.7815,30.0248,54.1051
162.3566,48.3434,27.8556,53.6589
164.3925,51.2907,26.4077,56.7946
165.0695,53.6579,25.3299,58.7145
166.0885,61.4256,24.2166,57.5548
167.6288,65.4554,23.2469,56.6837
166.6492,64.7712,23.9895,55.4053
167.2111,63.4895,24.2308,55.5158
167.5931,60.9756,24.9620,53.6593
165.5829,57.7720,26.7396,51.8546
164.1345,53.7474,27.3976,47.0336
163.3263,52.0154,26.9877,43.0816
163.7430,52.3739,25.2379,40.6840
158.2847,59.3258,24.1627,37.1307
158.5479,58.6443,23.8820,36.8574
158.2067,57.3436,24.8518,38.3237
158.1514,55.4742,25.5265,39.1630
155.4975,54.3250,26.4170,40.7691
152.6568,55.2672,26.9024,40.8220
148.4422,57.0515,27.7754,40.7024
146.4794,60.6745,29.0338,40.3223
144.9337,62.3625,28.0881,38.3909
140.8481,65.0388,28.4075,39.0550
138.7332,64.9226,28.1476,39.9556
138.0949,64.4894,26.8901,41.4460
138.3209,67.0124,23.2995,41.9979
138.6433,69.5969,20.2180,43.5049
139.4566,69.8761,18.0871,43.0262
139.3503,69.4104,17.3004,42.2860
140.7092,65.8064,16.8493,43.0802
141.4068,67.4770,16.1679,42.0109
142.4911,66.2294,15.6346,40.9614
144.2237,63.4752,15.5989,41.2187
143.4000,63.6000,15.8000,41.2000
145.7755,66.3291,16.0200,40.1120
148.6174,65.1925,16.3459,40.1969
150.0815,65.3590,16.1902,40.6392
151.4516,64.3429,15.9851,41.3415
151.8855,65.6885,16.2329,42.6867
151.9271,65.6993,16.2967,43.2471
152.5453,65.5635,16.7211,44.4032
152.3141,66.2762,17.1160,44.5151
151.9664,66.8445,17.0672,43.6776
152.5306,68.8757,16.8920,43.0490
153.2642,68.8267,16.6479,42.7938
152.8026,70.2128,16.4955,42.3285
152.9348,69.7177,16.3476,41.9750
153.3818,69.5360,16.2159,41.6022
153.4936,69.8931,16.0767,40.5241
154.3331,69.0805,16.2377,41.3079
154.8166,67.6957,16.1426,42.3675
154.5002,66.4642,16.4164,43.7347
154.1375,65.4848,16.4237,44.4145
154.4182,65.8360,16.5086,45.5460
155.1842,65.4448,16.1922,47.2416
154.7209,65.7662,15.9386,46.4367
155.6239,63.5724,15.7264,47.7007
155.9765,63.0617,15.4164,48.7387
156.4887,62.5440,15.0601,49.3450
156.7092,62.3095,14.8889,49.6943
157.4435,61.6253,15.0782,50.1441
157.1042,61.7900,14.3779,49.6718
157.7420,61.7886,14.4129,50.4573
157.6934,61.4971,14.6653,50.9836
158.3386,60.9907,14.9089,51.9385
157.9596,61.6803,15.5151,51.7694
157.9554,61.4410,16.0665,52.1201
158.1063,61.3872,16.4654,52.9725
157.7610,62.1100,16.9359,53.2246
157.9801,62.5953,17.0666,52.5050
158.3712,62.7223,16.6871,50.7989
159.4947,63.3334,16.4052,49.6391
160.0166,63.9276,16.2438,48.5397
159.8109,64.4768,16.2783,48.2675
160.1238,67.1192,16.2342,48.7707
160.5383,66.3285,16.4946,49.8333
159.8770,66.1581,16.8406,50.7252
159.1480,66.1374,17.3109,51.1844
159.0235,67.0270,17.5268,51.5685
158.4230,68.3246,18.0179,51.8675
157.3186,69.0194,18.5484,52.5762
157.4416,69.2649,18.5867,51.7892
156.5285,71.3328,19.1589,51.7498
156.0065,71.8712,19.7970,51.6832
157.0491,71.1590,19.7624,51.3055
156.3869,72.4412,19.3792,50.3591
156.2772,71.8343,19.0469,49.6386
156.7118,72.6152,18.5487,48.1394
156.2455,72.9886,18.1680,46.9410
155.4868,73.0676,17.5252,45.4418
155.6257,73.7717,16.7802,44.6446
155.0728,74.4997,16.1625,44.3919
153.5284,74.3601,15.8836,44.6266
153.2244,76.4459,15.2894,43.9769
153.3682,76.0199,14.5520,43.2276
152.0713,76.5060,14.1901,42.8386
150.8270,76.8281,13.6055,43.0902
150.2290,77.3169,13.2873,42.6303
147.9078,75.2506,13.1436,43.5836
147.5728,75.5104,12.8688,44.4759
145.0541,75.1554,13.3564,47.2471
142.8078,77.5023,14.7326,49.9718
142.1162,76.1353,16.1875,52.9030
140.6107,74.5570,19.0204,55.8178
140.4421,71.3900,21.1430,57.9574
140.4688,68.8226,22.1634,60.1344
141.8373,69.4917,22.0912,59.5592
143.5122,68.6305,21.4406,59.6189
143.8573,67.7290,20.4032,59.1350
145.0835,65.2006,20.0660,59.2303
145.5070,63.3865,20.0535,61.7097
146.6659,63.7047,19.2418,64.3717
146.8741,59.7839,20.2440,67.6430
146.5844,58.9469,20.5620,70.2738
146.0954,58.4485,20.9386,70.6588
145.3222,58.1036,22.0672,71.7641
143.8919,59.4575,22.0801,70.8457
143.8869,58.9520,22.8564,72.1866
143.0758,60.1861,22.7806,72.2776
142.7109,60.1570,22.8883,73.2459
142.1617,60.4645,22.7052,73.2829
141.9148,60.3786,22.3734,74.2644
141.3886,60.6082,22.4176,73.3597
141.5009,60.4572,21.8064,73.8350
141.1994,61.2598,21.6970,73.9850
141.0665,62.1179,21.4578,73.4751
140.9884,61.8033,21.4869,74.0862
140.9836,61.8958,20.9624,73.7367
141.5401,62.4799,20.5327,73.1246
141.8139,62.8982,20.5194,72.5566
141.6176,61.1032,21.1804,74.2757
142.3913,61.3239,20.7689,73.7457
143.0910,60.6531,21.4353,73.5520
144.2139,59.6339,21.3219,74.1492
144.5395,60.9121,21.0170,73.2747
144.6122,60.6372,20.7961,73.9039
145.0336,60.3550,20.9165,72.6530
145.2046,60.5909,20.2714,72.9215
145.7383,60.5668,20.2225,71.4558
145.4208,60.2217,20.3185,71.8273
145.6967,60.2604,20.3073,71.6117
146.0691,60.5430,19.9081,70.4163
145.6541,60.4956,20.3328,70.4604
145.4505,61.0573,20.2225,70.1338
145.4408,61.4617,20.1800,70.1170
145.1965,61.8485,20.3702,70.8371
144.5537,62.5307,20.4356,71.1667
144.5263,62.6344,20.0642,71.4832
144.5532,63.2806,19.9984,71.0626
144.4625,63.4031,20.0057,71.2894
144.7334,63.6252,19.5864,71.2442
144.3204,64.0412,19.6514,72.4349
143.8886,64.4365,19.9464,72.8718
143.4420,64.6532,20.0790,72.8604
143.7485,64.9408,19.7021,72.7820
143.5376,64.5351,20.1517,73.8864
