1
291.5146,157.8825,88.7093,192.0404
290.8484,156.7539,89.6032,194.0129
292.0246,157.2984,86.6715,192.2506
290.9429,157.7637,85.9383,193.1840
289.9436,157.6472,83.5715,194.4004
289.3650,157.0155,82.4337,192.2809
282.4000,157.0000,82.6000,192.4000
285.6960,156.2787,78.7655,194.1871
285.7396,158.7722,78.8990,194.7834
284.4391,154.3329,76.0773,195.3703
285.6685,153.1176,77.1098,191.0409
282.2560,157.2005,76.6739,187.9250
281.1935,154.2797,74.2183,189.4223
279.7249,153.8187,72.1579,193.1906
278.7183,153.2219,70.8190,189.7991
275.5950,156.6750,69.2573,188.1228
274.8087,160.1070,69.9707,179.3677
272.4739,160.8738,68.4932,171.4601
267.8987,162.9943,69.2922,171.7307
263.1205,163.1136,66.1207,166.1263
263.5803,162.0642,66.0105,164.1244
256.2000,168.0000,67.0000,166.4000
254.0555,164.6657,59.1457,150.6537
247.8000,156.6000,59.2000,150.8000
250.9339,162.1112,53.2987,142.2737
2
0
0
0
0
1
300.4000,134.4000,82.8000,166.2000
305.4467,138.3321,79.3450,155.9795
302.3289,145.5020,76.9462,144.4971
304.4059,144.2000,73.7319,136.4597
302.0802,149.6892,73.5462,146.2611
301.9272,146.4420,72.8488,148.8008
302.9532,143.9846,71.2947,149.3326
300.6079,151.1716,66.5273,143.6607
295.8000,139.6000,67.0000,144.6000
295.6519,154.8561,66.9309,140.6551
295.0435,151.5590,68.3869,142.3909
295.6995,150.4685,69.7518,141.8352
292.1267,149.6855,71.3135,142.0188
296.1010,146.4706,72.2209,142.4618
286.0518,144.4220,71.6621,143.6891
290.0247,143.9047,72.4834,143.0306
284.4703,144.0533,71.3542,139.8264
285.7543,144.6514,69.1595,136.4219
288.1817,141.8864,70.7585,139.4632
280.3400,142.0966,70.0287,136.1805
280.1678,145.9922,66.5920,130.8920
277.0225,145.4928,64.3211,130.3824
273.7908,149.5971,61.5135,125.9877
272.6382,150.2012,60.0287,124.0831
270.4074,153.1102,58.7428,120.2883
278.9400,153.0269,57.4388,120.4541
290.0000,149.8000,56.8000,119.0000
2
0
0
0
0
1
339.4000,145.6000,80.6000,144.6000
343.5497,141.6493,77.1861,146.1862
346.6150,142.8365,73.1990,141.9263
347.1925,143.8676,73.0301,142.2596
346.7626,143.2544,76.4061,144.1795
346.6000,148.4000,75.8000,142.8000
350.0533,143.6348,76.4987,144.1884
351.7378,142.8452,75.3835,144.6468
353.4243,143.8665,74.4236,143.0605
354.6295,143.5057,75.9692,142.3775
354.4263,141.8850,78.4172,143.9179
356.6922,142.0996,74.8670,140.7000
358.5122,142.0890,75.2070,140.8715
359.1350,142.1737,75.6772,140.4918
360.0319,143.5241,74.2941,137.3688
360.6262,143.1513,73.0004,138.3351
354.9129,144.5617,75.8153,136.0453
361.2723,145.2451,72.9190,133.2810
360.8771,149.7060,68.1113,126.0893
361.2909,147.6835,68.3626,129.5482
357.8455,145.0495,70.7968,131.3028
365.5244,145.3607,67.5639,129.8106
367.5167,145.4554,66.8475,130.3096
372.9408,148.3281,65.4661,123.1525
377.1259,146.1057,71.3318,127.3467
377.9100,146.7620,73.6700,128.2236
380.2579,146.4156,72.9183,129.1713
379.3434,145.4434,75.3133,132.7842
375.6193,143.4779,75.5585,133.3888
380.9388,146.2812,73.5312,131.1843
382.2891,146.2696,73.8844,131.4842
382.0463,146.9353,75.3217,129.3374
379.9022,146.9448,76.0124,129.9823
369.2401,142.3118,80.5714,134.2700
371.9024,140.0753,83.3334,137.0051
357.8004,139.2001,82.8751,136.1911
380.9530,137.4182,85.2201,139.5463
374.3784,136.9810,86.0295,140.7094
374.8469,136.2467,84.4374,139.7789
378.9787,133.8596,86.0546,142.2861
366.1850,137.2707,87.8998,139.2245
385.2069,135.5377,86.0815,143.0275
386.3203,135.4232,84.5562,142.6723
390.9062,132.9518,81.8363,144.4989
380.7744,134.7599,71.6761,138.0058
335.4838,133.2903,68.6644,143.0893
326.7111,139.0085,65.8559,142.9902
2
0
0
0
0
1
384.2000,120.4000,89.8000,166.2000
378.7539,120.2560,90.6899,170.3406
377.4513,119.4411,91.2818,172.9729
376.6661,119.5029,90.7923,172.3178
376.2428,119.0989,90.8411,172.6176
375.0844,120.4374,92.0832,172.1965
374.2961,119.1722,92.0524,172.4556
372.1027,118.3619,94.4797,175.1617
373.1904,119.5016,92.6625,175.1606
373.4520,118.2379,91.7570,174.0455
371.7750,118.5154,92.0259,174.3881
371.1751,114.9509,90.6831,178.0364
373.6076,115.6681,85.1797,169.7766
369.8922,115.7275,92.5625,177.6412
367.8123,111.7953,96.8878,184.0239
368.2872,113.4084,95.1891,183.9164
368.5161,114.0121,95.7279,183.5281
368.0300,114.4427,95.8725,184.3032
368.8470,116.2356,93.6484,182.6147
368.7263,113.5639,92.9105,180.3261
369.5976,114.0487,94.2858,187.3825
369.6974,113.3249,92.8226,189.1080
369.0786,116.1817,90.3961,188.2586
370.0540,114.7609,91.3977,190.7737
370.0614,115.9671,92.6213,189.9383
369.6708,118.2522,90.2246,185.9639
368.3177,120.3482,93.1832,185.0450
369.8753,119.9676,94.0108,186.5074
369.2462,119.9722,96.8337,187.4131
369.0183,120.2487,98.6173,189.6924
369.4005,118.9798,97.2480,192.8084
372.3924,119.7978,97.7486,192.7496
374.1663,120.2035,96.0741,191.8910
375.6751,122.6362,95.7145,188.9932
379.4487,127.8002,95.1446,184.8195
377.5635,127.4963,94.4165,183.0954
373.6070,125.9314,89.8913,187.8240
373.4000,127.6000,89.8000,188.2000
374.1663,127.7810,89.2312,185.3227
370.6944,128.6667,90.3685,183.8800
376.5809,135.4020,87.1394,170.3794
373.4977,137.2064,86.5237,169.1416
368.1833,133.4702,86.3667,171.1595
364.1810,133.2899,83.2575,169.8654
369.6300,137.5990,82.2498,163.4388
363.0758,134.0034,81.5996,165.9527
364.9145,139.7788,78.5314,159.1761
358.9874,135.3493,77.9901,162.5345
358.3324,135.7404,79.1845,160.1328
357.2057,135.5054,76.4713,157.4288
355.9449,135.0906,77.2802,154.9257
356.1584,138.8078,79.1432,151.7550
356.0005,140.0219,77.8744,147.0997
355.2076,142.7919,79.8810,146.9805
353.4494,143.2820,81.4007,148.6035
349.4476,142.2118,77.9204,147.5334
351.5961,138.6026,76.3043,143.7902
354.2733,139.1087,73.1638,143.0409
354.6892,145.5419,72.7774,141.0054
351.9328,148.1699,71.3441,137.2475
351.1855,146.9100,70.8778,141.9350
341.2000,145.2000,71.2000,142.4000
347.8275,145.5079,71.1475,147.2668
344.1293,141.8787,70.7707,147.5605
344.1114,141.1040,69.6592,150.9169
343.7678,139.2078,68.1213,155.2196
339.0756,135.2362,70.2086,159.0872
342.1806,138.4875,71.2372,155.2756
340.2483,138.9654,74.8805,158.0162
339.3011,134.8624,73.7355,165.0746
334.4007,132.4487,78.0431,171.4779
325.8962,125.7127,81.7808,177.0834
323.8565,122.8942,80.1572,177.9952
322.1739,125.2830,85.2391,179.8316
318.8873,128.3976,86.9916,172.7850
318.0005,128.3674,87.9737,169.6674
314.5502,132.3463,91.1776,166.6995
313.2720,131.8168,93.2577,164.0021
310.8359,129.4990,95.3620,169.4519
310.3490,129.7063,98.4552,175.2036
311.7653,128.9111,98.3281,174.6430
313.2739,129.8975,97.1557,173.4764
310.6227,130.7421,98.5076,172.7281
311.2755,132.2759,97.8249,172.5842
311.5197,133.4480,90.1745,168.5320
314.2060,135.3099,83.8905,167.7975
319.4680,130.0578,86.0654,165.6956
320.7550,130.6602,87.4482,162.6743
320.3135,130.8297,90.4059,163.4848
318.3518,129.9051,93.2303,164.5496
319.6153,132.9250,92.5849,165.8636
321.8060,130.6198,93.2289,165.4769
322.0590,129.7275,94.9827,166.1941
321.4000,125.8000,95.0000,166.4000
324.0512,125.8959,96.8639,167.6105
324.1975,128.8777,100.3680,167.6263
324.2245,124.8871,102.0504,167.1466
326.8447,130.6485,103.2733,163.2122
330.0953,127.6047,102.5327,162.7788
331.8478,132.0012,104.0934,160.0615
333.3599,126.7619,104.0304,163.3836
338.4254,123.6132,100.8736,165.5615
342.3425,121.9118,100.8437,167.9702
343.4966,123.5053,98.1486,169.4257
344.7162,119.1733,98.9764,173.1856
346.0896,125.6827,99.2708,175.1398
350.1810,124.4518,98.0801,175.7871
349.1446,122.3836,98.2677,177.6614
352.3498,117.9573,96.1008,183.0310
349.8175,127.5980,96.2901,183.0599
355.4420,124.4319,86.9319,175.7849
362.7978,123.7318,86.4278,179.8788
365.7945,124.9297,87.7962,186.2495
362.9430,121.5326,88.2074,189.4889
358.1566,123.5884,83.5706,184.3643
366.2599,120.0591,85.9235,187.3031
364.4947,114.1802,89.7856,194.4214
365.1713,107.1127,87.9685,193.1757
365.6450,108.8938,88.3155,195.7041
362.9429,105.8708,94.1118,202.3339
363.9279,112.8082,94.7242,201.4714
357.0110,118.7896,99.0501,195.6881
358.4835,121.7389,101.9026,192.6369
354.3589,123.2719,105.7864,191.7397
357.1736,122.0569,104.6557,190.4263
359.0604,119.9632,104.5251,188.8378
359.8651,126.0083,101.1004,187.2229
356.5291,122.1957,103.3363,190.2268
362.2534,125.6226,102.0257,192.1132
364.3428,129.1708,98.3480,190.0408
358.3506,127.8310,98.8377,190.8629
355.9693,122.3111,102.0454,196.9568
356.7019,122.4763,102.2983,200.7085
352.7618,126.2307,102.7031,196.7383
354.6761,131.2082,95.4049,183.6313
361.7977,118.6228,94.1002,188.0862
364.5440,122.3424,95.1669,190.9573
367.1290,118.9366,90.9690,191.3996
367.3067,121.7467,88.0547,194.0533
375.9512,121.2569,86.9045,199.3806
376.9206,121.3380,87.2480,201.3556
375.9717,119.7540,88.3146,200.2008
369.3393,119.7590,91.4048,200.5200
364.7808,114.4801,96.8044,204.1443
361.3317,111.6833,102.9249,210.0314
366.5492,110.2354,104.2623,208.5073
370.6248,110.9947,105.4644,206.2345
370.5086,116.9432,105.5831,202.1262
362.9208,116.8099,106.9854,198.6040
363.4162,114.2319,108.9359,200.7569
358.0475,111.3504,108.9266,204.0005
366.0343,112.0693,108.1152,201.9826
376.4378,118.2391,106.5072,198.7050
378.8877,124.9316,103.9620,189.1431
385.6213,129.2249,100.3438,181.3133
395.9508,130.4516,94.9894,177.7986
397.2422,131.3416,91.6919,175.0475
401.7562,133.2710,84.8377,164.7970
400.3791,127.9472,85.5174,177.1777
398.4883,123.6109,84.6109,182.6070
400.3435,121.5661,86.1912,185.3688
400.3433,120.0518,87.1768,184.9808
396.0952,123.4977,86.2191,183.1196
391.1636,120.3739,86.0081,175.2029
388.0444,121.6139,90.0508,172.2855
387.9188,121.2859,89.4698,171.3342
383.6636,124.2781,90.7265,173.3104
378.8644,124.5947,90.7793,177.9371
375.9780,123.8360,89.9272,180.4011
370.0519,128.6638,90.5100,182.3475
364.5912,127.9884,92.0776,186.9313
358.0151,122.8860,91.5755,188.5019
351.7247,130.2162,92.5815,184.1459
344.7053,128.7527,95.0299,191.1737
334.4022,130.2856,93.9540,193.6407
329.7281,131.4957,91.2352,189.0763
331.6519,134.9449,88.6638,187.1077
330.7446,127.8428,87.2134,194.6079
326.7078,118.0296,84.7776,204.7992
322.7074,114.2137,83.9231,209.9399
319.1171,110.7816,80.7375,217.0625
316.6487,103.3274,77.1745,201.9353
314.3962,112.8959,76.8850,204.4826
315.7213,113.2395,76.7505,208.8692
317.2958,117.8492,75.7848,213.1866
314.7341,113.7045,79.0379,216.8111
316.2520,113.8224,84.9256,216.7391
311.6891,118.6803,83.1144,213.2101
315.2352,122.6194,83.3680,210.4829
311.1778,121.9499,86.0123,209.5257
309.9489,119.2177,87.4666,208.9573
308.3983,115.0865,88.8799,211.9006
305.3221,112.1824,90.2227,214.4735
305.0783,115.1850,90.2182,216.7906
303.8251,102.8908,87.6515,218.7753
311.4026,112.9470,85.5526,223.9515
320.8651,102.7551,86.1555,233.4287
325.3742,95.3176,88.2898,239.4676
318.7720,99.2918,85.2420,227.4852
323.2745,105.2853,89.0034,227.0675
323.4901,99.2360,90.0140,229.3182
323.7358,94.5288,90.6053,230.1847
323.0042,93.9489,85.2235,229.5730
323.7449,87.9061,85.1141,231.4564
326.6873,80.5700,83.3832,227.9046
330.6871,77.3750,75.4591,211.1457
323.7549,79.8161,77.4629,221.5854
319.6638,78.9067,79.0502,223.8183
316.2845,78.4967,76.2317,218.2398
318.0304,78.7019,76.9003,220.0667
319.1402,77.9815,78.7376,230.3379
313.6772,85.2796,84.2859,211.3161
307.4128,87.4205,87.1820,218.1986
302.4334,89.7865,92.1834,221.4059
299.4122,88.1383,94.5225,226.9863
292.9660,95.5201,94.3865,228.6974
285.6647,88.1292,94.4397,229.6884
288.5119,87.3418,91.3207,224.2978
283.7791,89.5273,93.6912,226.8529
283.8121,87.9758,94.4103,229.6035
278.5848,97.8935,90.9428,229.7024
279.0688,85.7574,91.6971,230.9002
274.4584,86.6504,94.0845,234.6310
287.3713,80.9210,93.4875,235.6493
288.9643,73.9238,97.3070,227.9634
294.2968,74.1002,101.1892,225.9283
293.2183,75.5935,101.0915,215.5152
291.1814,85.1314,104.5254,212.6598
291.0687,77.8484,106.5057,204.9104
290.7858,83.8230,107.6322,211.9973
287.4828,81.8243,98.7754,197.7287
297.1324,87.1260,100.9497,205.7780
296.9487,93.6266,100.6821,220.1625
294.3652,84.1934,104.0662,233.8134
299.0577,88.6984,106.0735,242.0783
293.3713,78.5768,111.9622,250.3001
296.0268,71.7475,113.3623,264.6305
293.8964,68.6729,113.8332,275.6757
295.9691,54.3760,113.0166,282.3719
290.4639,51.6548,114.0587,285.1264
293.1411,49.7548,115.4823,294.7926
283.6830,50.2597,118.8996,299.0612
277.4133,48.8773,125.9259,304.7137
279.4798,50.7211,130.7162,308.9090
273.8843,54.3327,135.0590,293.4958
283.5419,56.3831,130.6722,279.7071
283.3387,68.0754,130.0343,274.3052
283.0872,64.7373,124.6104,269.9790
