56.397
0.61519
0.55152
0.53166
0.5249
0.544
0.54615
0.53736
0.54731
0.54953
0.52052
0.50963
0.52666
0.51589
0.51168
0.51953
0.51972
0.53731
0.52797
0.53426
0.54406
0.5358
0.53798
0.53646
0.52623
0.52522
0.53307
0.5247
0.52616
0.53097
0.53365
0.52323
0.50519
0.50744
0.51042
0.5267
0.52343
0.52897
0.53714
0.52682
0.53514
0.52353
0.51559
0.50922
0.50859
0.51069
0.50555
0.50362
0.52002
0.52858
0.52272
0.51196
0.51117
0.5144
0.50431
0.56539
0.51319
0.50374
0.52707
0.51228
0.5219
0.51322
0.52228
0.5142
0.51343
0.5061
0.52393
0.51676
0.5168
0.51951
0.5187
0.51683
0.52536
0.51322
0.50747
0.51439
0.53276
0.50885
0.5183
0.51126
0.5195
0.52286
0.51903
0.51423
0.52632
0.52565
0.51673
0.53595
0.52689
0.51212
0.51962
0.51177
0.50452
0.52187
0.50565
0.51224
0.503
0.50885
0.53446
0.51657
0.52205
0.52092
0.51997
0.51558
0.52563
0.52933
0.51891
0.50764
0.53439
0.51937
0.52712
0.51481
0.50236
0.50559
0.54429
0.53126
0.51642
0.51167
0.51504
0.50399
0.51727
0.5153
0.51163
0.50172
0.50596
0.52195
0.51571
0.51488
0.51614
0.50866
0.51856
0.52526
0.52796
0.52065
0.52949
0.53199
0.52581
0.52284
0.53004
0.5044
0.50662
0.50837
0.51394
0.50929
0.51044
0.52154
0.51212
0.50844
0.51365
0.50916
0.51707
0.50876
0.51078
0.51283
0.5221
0.52454
0.52576
0.51565
0.51526
0.51539
0.53776
0.5227
0.54303
0.51579
0.50882
0.50852
0.50852
0.52812
0.52635
0.52282
0.51002
0.51165
0.51097
0.5184
0.51545
