1
511.0000,199.0000,55.0000,30.0000
504.0000,200.0000,54.0000,30.0000
491.0000,201.0000,53.0000,30.0000
477.0000,201.0000,53.0000,31.0000
475.0000,201.0000,53.0000,30.0000
452.0000,202.0000,54.0000,30.0000
452.0000,193.0000,55.0000,31.0000
445.0000,192.0000,56.0000,31.0000
435.0000,196.0000,55.0000,30.0000
432.0000,200.0000,55.0000,30.0000
426.0000,202.0000,56.0000,30.0000
416.0000,202.0000,56.0000,29.0000
411.0000,200.0000,55.0000,30.0000
401.0000,198.0000,56.0000,29.0000
378.0000,198.0000,56.0000,30.0000
351.0000,190.0000,57.0000,31.0000
339.0000,184.0000,57.0000,31.0000
326.0000,178.0000,57.0000,31.0000
313.0000,173.0000,56.0000,31.0000
313.0000,169.0000,56.0000,31.0000
300.0000,166.0000,55.0000,31.0000
277.0000,162.0000,56.0000,32.0000
271.0000,160.0000,56.0000,32.0000
271.0000,160.0000,56.0000,32.0000
265.0000,159.0000,56.0000,32.0000
258.0000,160.0000,55.0000,32.0000
258.0000,160.0000,55.0000,31.0000
259.0000,164.0000,56.0000,31.0000
260.0000,168.0000,57.0000,30.0000
261.0000,172.0000,57.0000,29.0000
2
0
0
0
0
1
162.0000,160.0000,48.0000,33.0000
162.0000,164.0000,49.0000,32.0000
164.0000,166.0000,50.0000,32.0000
167.0000,173.0000,49.0000,32.0000
169.0000,175.0000,49.0000,32.0000
173.0000,179.0000,50.0000,32.0000
179.0000,182.0000,51.0000,32.0000
2
0
0
0
0
1
147.0000,180.0000,41.0000,26.0000
150.0000,180.0000,40.0000,27.0000
151.0000,187.0000,41.0000,28.0000
152.0000,193.0000,42.0000,28.0000
157.0000,197.0000,42.0000,29.0000
161.0000,201.0000,42.0000,28.0000
163.0000,204.0000,41.0000,28.0000
164.0000,206.0000,42.0000,28.0000
167.0000,207.0000,42.0000,28.0000
168.0000,208.0000,42.0000,28.0000
170.0000,210.0000,42.0000,28.0000
175.0000,213.0000,42.0000,28.0000
176.0000,215.0000,42.0000,29.0000
2
0
0
0
0
1
193.0000,186.0000,35.0000,36.0000
197.0000,189.0000,35.0000,37.0000
198.0000,193.0000,35.0000,36.0000
202.0000,195.0000,35.0000,37.0000
205.0000,196.0000,36.0000,38.0000
207.0000,198.0000,36.0000,38.0000
211.0000,200.0000,37.0000,37.0000
216.0000,203.0000,36.0000,37.0000
217.0000,205.0000,37.0000,36.0000
221.0000,208.0000,37.0000,36.0000
223.0000,210.0000,38.0000,36.0000
225.0000,212.0000,38.0000,35.0000
228.0000,211.0000,38.0000,36.0000
232.0000,214.0000,38.0000,36.0000
236.0000,217.0000,38.0000,35.0000
242.0000,222.0000,38.0000,36.0000
245.0000,226.0000,38.0000,36.0000
246.0000,227.0000,39.0000,35.0000
252.0000,228.0000,38.0000,35.0000
255.0000,231.0000,39.0000,35.0000
259.0000,235.0000,40.0000,35.0000
246.0000,229.0000,38.0000,35.0000
238.0000,224.0000,37.0000,34.0000
239.0000,225.0000,37.0000,34.0000
241.0000,225.0000,36.0000,34.0000
245.0000,225.0000,35.0000,35.0000
241.0000,223.0000,36.0000,35.0000
239.0000,220.0000,36.0000,35.0000
249.0000,226.0000,36.0000,34.0000
257.0000,235.0000,36.0000,34.0000
261.0000,246.0000,36.0000,34.0000
262.0000,251.0000,36.0000,34.0000
264.0000,252.0000,37.0000,34.0000
264.0000,256.0000,37.0000,34.0000
264.0000,258.0000,37.0000,34.0000
260.0000,246.0000,37.0000,34.0000
254.0000,238.0000,38.0000,34.0000
258.0000,239.0000,37.0000,36.0000
262.0000,243.0000,37.0000,35.0000
266.0000,245.0000,36.0000,35.0000
269.0000,248.0000,36.0000,36.0000
274.0000,252.0000,36.0000,36.0000
276.0000,255.0000,36.0000,35.0000
277.0000,259.0000,36.0000,34.0000
241.0000,248.0000,38.0000,38.0000
242.0000,250.0000,39.0000,38.0000
244.0000,252.0000,39.0000,39.0000
245.0000,253.0000,39.0000,38.0000
245.0000,253.0000,38.0000,38.0000
245.0000,255.0000,39.0000,38.0000
246.0000,261.0000,38.0000,37.0000
246.0000,262.0000,37.0000,37.0000
247.0000,266.0000,36.0000,37.0000
250.0000,274.0000,36.0000,36.0000
250.0000,275.0000,35.0000,36.0000
251.0000,276.0000,34.0000,36.0000
250.0000,276.0000,33.0000,35.0000
251.0000,276.0000,33.0000,35.0000
251.0000,276.0000,33.0000,36.0000
245.0000,279.0000,33.0000,36.0000
232.0000,280.0000,33.0000,35.0000
230.0000,284.0000,33.0000,35.0000
229.0000,290.0000,34.0000,35.0000
227.0000,297.0000,33.0000,35.0000
227.0000,304.0000,33.0000,34.0000
231.0000,305.0000,32.0000,34.0000
239.0000,304.0000,32.0000,34.0000
241.0000,303.0000,33.0000,34.0000
243.0000,305.0000,34.0000,34.0000
242.0000,316.0000,33.0000,35.0000
242.0000,324.0000,33.0000,35.0000
243.0000,334.0000,33.0000,35.0000
243.0000,317.0000,33.0000,34.0000
2
0
0
0
0
1
243.0000,349.0000,49.0000,26.0000
250.0000,348.0000,49.0000,26.0000
254.0000,349.0000,48.0000,26.0000
258.0000,349.0000,48.0000,26.0000
259.0000,348.0000,48.0000,26.0000
260.0000,349.0000,49.0000,26.0000
261.0000,347.0000,49.0000,27.0000
264.0000,347.0000,48.0000,27.0000
267.0000,347.0000,48.0000,27.0000
271.0000,346.0000,48.0000,26.0000
