0.00040825
0.86043
0.28011
0.22577
0.21395
0.26723
0.2042
0.20644
0.19934
0.19748
0.20106
0.20477
0.20566
0.20334
0.19369
0.19502
0.19493
0.20575
0.19421
0.19604
0.19388
0.1944
0.19416
0.19534
0.19301
0.19435
0.19327
0.20351
0.19503
0.20553
0.19996
0.19777
0.19482
0.19455
0.19613
0.19974
0.19898
0.1934
0.19484
0.20673
0.19452
0.19971
0.19581
0.19742
0.20328
0.21648
0.20563
0.19207
0.19634
0.19314
0.19254
0.19377
0.19706
0.20139
0.19704
0.20262
0.19331
0.19874
0.19572
0.19512
0.20082
0.19572
0.19829
0.20158
0.19236
0.19819
0.19711
0.19888
0.19723
0.19725
0.20087
0.19907
0.19657
0.19833
0.19963
0.20819
0.20207
0.20037
0.21075
0.1999
0.19911
0.20743
0.19285
0.20033
0.2
0.19572
0.19939
0.20099
0.19563
0.1985
0.19767
0.19421
0.19805
0.20283
0.19619
0.20116
0.19464
0.19429
0.19714
0.19403
0.19912
0.20589
0.20499
0.19472
0.199
0.19971
0.20432
0.20297
0.19803
0.19557
0.19838
0.20584
0.19692
0.19993
0.18908
0.20037
0.20474
0.19942
0.1935
0.19199
0.19299
0.19375
0.1894
0.19236
0.18874
0.20097
0.21831
0.18495
0.18965
0.18726
0.18767
0.183
0.18584
0.18107
0.18668
0.19495
0.20114
0.19255
0.19487
0.1997
0.18621
0.18786
0.18963
0.18926
0.18808
0.19869
0.18711
0.18766
0.1871
0.18961
0.19211
0.18383
0.1853
0.18307
0.18981
0.18227
0.19177
0.18543
0.1851
0.18659
0.18817
0.18861
0.18891
0.18614
0.18615
0.19146
0.19117
0.18865
0.19974
0.18829
0.18933
0.18432
0.1929
0.18741
0.1879
0.18614
0.19183
0.18984
0.19424
0.19251
0.187
0.18549
0.18955
0.19081
0.18878
0.19495
0.19678
0.19766
0.18486
0.18739
0.19058
0.18629
0.18459
0.1879
0.19708
0.19084
0.18468
0.18969
0.18836
0.19793
0.19346
0.18865
0.22685
0.193
0.19231
0.19233
0.19416
0.18955
0.19398
0.19143
0.19442
0.19203
0.19756
0.19541
0.19835
0.19803
0.19981
0.20521
0.2075
0.20124
0.19552
0.19473
0.20181
0.19218
0.20563
0.19743
0.19661
0.19209
0.20165
0.19582
0.19856
0.19858
0.19149
0.1966
0.19416
0.19434
0.19566
0.19956
0.20305
0.20733
0.19195
0.19724
0.20139
0.19684
0.19886
0.20139
0.1997
0.19686
0.20556
0.19571
0.20813
0.22736
0.2268
0.23784
0.21216
0.20624
0.22224
0.202
0.19614
0.19939
0.19882
0.19545
0.20101
0.2024
0.19704
0.20291
0.19178
0.19273
0.18844
0.19976
0.1983
0.1957
0.1894
0.19605
0.19781
0.19935
0.19393
0.1945
0.19447
0.19559
0.19716
0.19085
0.19745
0.19228
0.19391
0.19834
0.19661
0.19684
0.1998
0.19301
0.19718
0.19661
0.19444
0.19606
0.19578
0.19742
0.19704
0.19611
0.19973
0.1967
0.19892
0.19492
0.19595
0.19288
0.19353
0.20315
0.203
0.19806
0.19678
0.19739
0.1982
0.19432
0.20438
0.20359
0.20256
0.19473
0.1946
0.19298
0.19603
0.19464
0.1949
0.196
0.1955
0.19444
0.20362
0.19622
0.20149
0.19331
0.19675
0.19947
0.19915
0.19731
0.20203
0.19475
0.20287
0.19828
0.21487
0.19616
0.20125
0.20546
0.19974
0.19451
0.19704
0.18982
0.18684
0.19614
0.20509
0.20831
0.20327
0.19691
0.19132
0.19956
0.19476
0.1939
0.19266
0.19218
0.19996
0.19759
0.20328
0.19757
0.20041
0.19851
0.20339
0.19797
0.19921
0.19951
