0.41448
0.056878
0.016254
0.015464
0.015553
0.01539
0.01516
0.015215
0.015199
0.014965
0.015446
0.015336
0.015026
0.015038
0.014995
0.014961
0.014871
0.015362
0.014725
0.014963
0.015187
0.014919
0.014957
0.014942
0.015178
0.01476
0.014879
0.014693
0.014895
0.015012
0.014955
0.014934
0.015302
0.014837
0.015058
0.015154
0.015381
0.015196
0.015397
0.015098
0.01539
0.015122
0.015132
0.015343
0.014902
0.01508
0.015145
0.01555
0.015091
0.015122
0.014863
0.015094
0.015091
0.015038
0.014953
0.014959
0.01535
0.015214
0.015097
0.015382
0.015114
0.015166
0.015237
0.015227
0.015098
0.015127
0.015133
0.015044
0.015151
0.015243
0.014959
0.015292
0.015587
0.015121
0.014956
0.016587
0.017452
0.015209
0.015145
0.015225
0.015379
0.015187
0.015134
0.015338
0.015232
0.015159
0.015351
0.015401
0.015497
0.015047
0.015354
0.015402
0.015305
0.015043
0.015159
0.015262
0.015195
0.015314
0.015283
0.015183
0.015204
0.015264
0.015116
0.015155
0.015278
0.015215
0.015138
0.015368
0.015365
0.015273
0.015071
0.015512
0.015272
0.0151
0.015354
0.015146
0.01515
0.015211
0.015189
0.015192
0.015389
0.015401
0.015159
0.015167
0.015239
0.015509
0.015487
0.01543
0.015255
0.015318
0.015245
0.015228
0.015269
0.015513
0.0154
0.01553
0.015401
0.01536
0.015368
0.015108
0.017214
0.0168
0.022201
0.022664
0.015179
0.021971
0.015258
0.015265
0.015167
0.014966
0.015122
0.015179
0.015179
0.015051
0.01529
0.015332
0.015394
0.015344
0.015199
0.021222
0.01527
0.021063
0.017016
0.015172
0.015122
0.014826
0.015013
0.014935
0.014965
0.015013
0.014863
0.014783
0.014984
0.015173
0.014814
0.014889
0.014782
0.014879
0.014985
0.014968
0.015134
0.014975
0.015254
0.014889
0.015023
0.015043
0.015008
0.015049
0.014868
0.01493
0.014977
0.014967
0.015156
0.015028
0.014896
0.015082
0.014971
0.015069
0.015161
0.015234
0.015168
0.015377
0.015219
0.015299
0.015432
0.015201
0.014915
0.015145
0.015326
0.015083
0.014875
0.015061
0.015016
0.015129
0.015028
0.015057
0.014895
0.015269
0.015033
0.014898
0.015081
0.01507
0.015018
0.015009
0.015186
0.015336
0.015058
0.014937
0.014794
0.015166
0.030854
0.015224
0.018937
0.015095
0.014986
0.015052
0.015184
0.015164
0.01501
0.015238
0.015233
0.015145
0.015049
0.015185
0.0149
0.014989
0.014979
0.015255
0.014962
0.015182
0.015305
0.014879
0.015153
0.015323
0.014899
0.014986
0.014919
0.015007
0.014982
0.015037
0.015036
0.015016
0.01508
0.014752
0.014836
0.0148
0.014918
0.014724
0.015298
0.014969
0.015249
0.014583
0.01495
0.014817
0.01486
0.015132
0.015247
0.014769
0.015022
0.015124
0.014874
0.014957
0.015213
0.014842
0.014742
0.01495
0.014814
0.014934
0.017725
0.015003
0.014987
0.014778
0.015048
0.014836
0.014894
0.015035
0.014973
0.015028
0.015054
0.014775
0.014984
0.014984
0.014892
0.014877
0.015079
0.014947
0.014875
0.015183
0.015393
0.014822
0.014999
0.014869
0.014773
0.015058
0.015208
0.015018
0.014984
0.015075
0.014955
0.014978
0.015116
0.015169
0.015038
0.014806
0.014999
0.014909
0.014928
0.015065
0.014969
0.014913
0.015203
0.015542
0.022569
0.015829
0.015518
0.017836
0.015122
0.015168
0.015091
0.015164
0.015357
0.015293
0.015015
0.015355
0.015322
0.015327
0.015613
0.015158
0.015632
0.015465
0.015359
0.015579
0.015415
0.015352
0.015108
0.015291
0.01534
0.015292
0.015296
0.015379
0.015407
0.015365
0.015458
0.015365
0.015342
0.015397
