1
273.9688,71.6606,24.1311,65.7550
272.2682,71.9614,27.5100,67.4441
272.2960,71.8932,28.2084,68.4381
271.6081,74.9279,33.4556,65.9765
271.5462,75.9008,34.0425,64.9178
272.0520,75.6052,33.2707,64.6564
270.8751,72.6388,34.9861,62.3997
270.9265,73.1051,35.0816,64.3868
271.1420,77.3451,34.1996,62.6686
271.8263,74.6636,33.6675,66.1201
269.5333,75.1439,36.4867,67.1946
271.1775,73.3460,36.2911,68.6685
270.5878,73.9200,36.2538,62.4172
271.6678,74.9008,34.7087,60.8805
269.9469,77.5258,38.2303,59.7714
269.9540,76.3899,38.6610,61.0178
267.1003,76.0710,40.9861,62.2375
264.7767,75.6432,43.3555,62.3550
264.0832,77.5789,44.6088,59.3482
264.1122,75.9042,44.5807,56.5278
265.1819,77.3871,42.7304,53.6791
265.1359,79.6866,42.7079,51.7201
264.4523,82.5604,42.6233,48.0233
262.6167,77.2731,45.2996,53.5122
262.6133,77.2140,46.0538,54.0680
257.0042,78.3205,52.8957,52.9764
256.7415,81.1007,53.1987,51.2492
257.0045,79.6551,52.8408,55.3611
257.3214,78.7439,52.0817,57.5011
256.8565,78.5983,52.0532,57.8984
256.6690,79.3548,51.1310,56.1913
257.0850,79.2021,51.0097,54.2925
257.5872,73.4330,50.2911,61.7883
257.0448,72.5312,51.3621,63.0455
256.9846,72.7727,51.3032,61.0662
257.3293,72.2117,53.0128,54.8254
256.7826,75.2651,51.3446,52.9134
255.4549,73.1991,53.1135,54.5443
255.6502,80.5391,52.1907,46.4692
255.7254,71.9149,52.6310,51.9184
255.7018,72.8820,52.5541,50.6244
255.6033,70.9243,54.1731,53.5516
255.3818,77.7502,54.6314,45.6492
255.2143,77.6277,51.9384,45.8720
255.2177,77.9832,51.9492,45.1457
255.2507,79.6265,51.9440,43.5685
255.7246,79.4162,51.5681,43.0100
255.6233,79.4762,50.9952,43.5474
255.2586,80.0152,51.2670,43.2532
255.3907,81.5835,51.3540,41.2975
253.1977,80.3795,54.2244,43.9962
252.9648,77.5252,53.6278,46.9760
252.9855,75.8820,53.3833,47.6482
253.2420,75.0101,54.0281,48.6472
253.5492,74.7017,51.1636,48.1660
254.0918,75.8833,50.0440,47.8037
252.3599,74.9301,53.9124,49.5299
252.1833,75.0905,54.5719,50.8600
250.4058,74.1835,51.3855,51.5412
252.1926,74.4905,49.8535,51.1882
251.1873,74.5656,53.0767,51.4364
251.1937,74.9729,55.3727,51.5312
252.2232,72.8618,54.8226,52.0262
251.2580,72.6399,55.3890,52.0164
251.1343,66.9011,55.6579,57.6401
250.9320,66.7841,53.4288,57.6355
251.0095,67.7335,52.6043,56.6877
250.7701,75.1746,52.3783,48.6197
250.7437,73.8177,54.3924,50.6273
252.0215,73.5137,55.0167,51.8571
252.2188,72.8016,47.0040,51.8638
252.2075,72.5220,52.2038,52.3703
251.2303,73.3016,53.5269,54.8991
250.8699,74.0537,55.1670,51.1981
251.0362,73.3407,50.0135,50.8995
250.6469,72.8729,48.8136,51.4190
251.2649,72.1069,47.8086,53.3082
251.2689,72.2205,49.3372,50.6992
250.7824,72.1807,51.2182,52.2317
250.3166,72.7138,51.8428,50.2981
250.4522,71.4866,52.0185,50.6542
252.1270,76.8769,42.0780,44.8298
252.1927,76.5423,41.6046,45.3240
252.1380,75.4596,41.8505,45.8007
251.9140,74.5983,42.3053,46.5962
250.4964,75.2195,47.4484,47.9879
248.4650,76.5846,44.1854,49.7907
248.7316,76.5111,45.1243,52.8724
248.5436,75.8596,45.1242,52.7499
248.9756,75.1156,45.9049,52.8727
249.3051,75.1158,46.7002,53.0998
249.5634,77.8630,39.5870,51.2303
250.8940,79.1437,37.2597,51.0449
250.6097,79.8417,36.5261,50.7284
251.4495,78.0940,35.4098,53.7137
248.2407,79.8597,41.0196,39.8899
251.6755,80.5284,38.2621,38.7781
253.4754,77.9538,38.0428,41.0554
252.9622,77.4103,38.2939,45.5504
252.9944,77.1350,36.6305,44.0243
253.8479,76.0479,37.2865,42.7217
253.9980,75.8212,36.6890,45.3012
254.3792,76.5752,40.0490,44.7918
254.0192,75.5978,39.5824,45.6316
251.1499,75.6059,45.5507,45.3129
248.6942,75.8767,48.3391,43.2409
249.5118,75.3010,47.6828,43.8634
251.6750,76.8569,44.1103,43.9746
252.9155,74.7809,43.0341,45.7471
254.4253,75.6472,42.1355,44.0705
259.2549,75.8480,37.1135,43.8025
259.2292,76.7877,37.5622,43.2662
260.7629,77.6547,35.6929,41.4689
260.8478,77.0239,36.0069,44.5206
261.9677,75.3787,34.2796,52.9083
263.1000,75.2852,32.9218,52.9455
264.0007,74.6144,33.5650,51.9006
262.3240,74.5555,38.6579,52.7796
264.2539,74.8461,35.2420,58.2909
264.4098,74.5298,36.4912,57.4376
266.5285,66.7995,36.5821,59.9416
268.0024,64.7933,37.0856,64.4697
268.9708,65.6414,39.1504,61.1004
270.2950,66.5469,39.9378,52.3078
272.1429,66.5813,36.4255,50.6636
273.1109,66.9722,36.1592,50.4551
273.1615,66.1481,34.9952,50.7462
272.2379,72.7874,36.8765,46.3176
272.9937,72.6950,38.0960,50.2331
272.5349,72.6087,39.5309,47.1036
272.1131,71.2712,38.3254,49.3214
272.5551,70.7014,38.5492,49.3153
272.6577,71.4967,39.4254,52.1358
272.4554,72.7226,40.3274,57.7370
271.8966,71.5505,42.2865,58.8603
272.3564,70.9454,36.7598,61.7933
272.2618,71.1381,38.0948,49.0890
272.1715,72.2072,41.2032,47.2649
272.1031,72.8109,41.5220,45.8690
271.9485,72.5918,43.8460,43.3607
272.2740,72.2268,44.4397,45.9135
272.6258,71.6487,44.4897,46.1065
272.3043,70.4668,48.0731,47.3981
272.8376,70.1096,47.9472,47.2949
272.3321,68.3443,46.2469,54.4811
272.8517,71.4509,46.8772,51.4140
272.6631,72.1289,48.1512,51.2525
273.0715,71.3556,47.1186,52.7185
272.7658,73.1775,47.2355,53.6230
272.8003,72.2523,46.8729,57.8595
273.0819,72.8067,46.3419,56.6757
272.6820,72.7658,47.3552,53.1806
272.2741,71.4599,47.7094,47.3457
272.1288,69.7172,48.0801,52.3989
272.3353,69.3552,48.7388,52.0820
272.0721,69.8686,48.8130,51.6203
272.3971,76.4589,51.3880,45.3617
272.9262,75.2467,50.8796,49.1607
272.7971,74.4438,50.5329,45.2443
272.9551,74.0437,47.8905,43.5933
272.2613,71.5053,48.7748,48.6584
272.4258,72.3289,49.4912,49.6630
272.2829,71.3847,53.8997,50.5834
272.4279,72.0491,53.1585,49.3239
272.9446,73.4408,51.1554,45.8610
272.6733,71.3843,51.8534,49.2139
272.5583,70.9867,52.3788,49.8996
273.1843,71.8035,52.4466,52.0410
273.9212,71.8813,52.4190,52.2128
272.9409,73.0223,52.8507,52.6825
272.7789,72.8156,47.8328,52.6870
273.4901,72.6814,47.6249,46.1103
272.5851,73.2600,52.5254,45.2300
272.5449,73.5502,53.6975,49.8010
273.0140,73.4633,55.2704,48.1177
273.2592,72.3826,52.9265,50.7795
273.0636,72.9155,53.4602,50.5539
273.5621,74.5424,53.7896,51.4144
273.0891,74.7234,61.7876,51.0284
273.3647,74.9800,61.1902,54.8174
271.3161,75.5281,54.2698,52.5113
271.0580,73.8291,54.7236,52.5925
271.4781,73.6164,55.0033,48.1463
272.9139,69.3289,53.6880,51.4878
272.2369,68.1468,59.2837,51.0709
272.1606,68.2454,59.5615,49.7365
272.7331,68.4550,52.3655,49.9921
273.1948,68.6204,52.5631,48.5322
272.8038,66.5154,53.1378,51.8978
272.6524,66.1780,53.7357,52.9935
271.0712,66.5571,55.1614,50.1849
271.3438,66.7128,56.3401,50.5975
271.2156,65.8349,55.0594,52.1532
273.0552,66.0981,53.7337,50.7545
273.1700,65.4635,52.3747,51.4982
272.7587,71.8042,53.1942,50.3107
272.9794,71.7288,54.4621,50.4215
272.4541,73.8035,55.5631,48.4227
273.1314,75.8966,54.5991,53.0615
272.6846,69.0576,56.5331,58.1644
272.6270,68.3798,61.0878,57.6290
273.1816,67.3497,60.5842,58.4234
272.5132,72.8539,54.8030,53.9136
273.3174,73.3036,53.9283,52.0256
272.7878,72.5944,54.3346,57.3496
273.0676,72.2397,54.9083,52.7379
273.1048,71.5988,54.4859,46.1058
273.1182,66.1543,53.2477,50.0796
272.5868,66.3082,53.7731,50.8132
272.9532,66.6903,54.5676,50.1516
272.9272,65.5676,53.4018,51.5972
272.6891,65.6664,60.4451,51.1445
272.9271,64.1055,60.0666,54.9567
273.2472,62.2744,49.7623,57.4652
273.2975,62.4987,50.7327,54.6758
273.1904,66.6125,51.4194,50.2244
273.0979,65.9341,52.4326,54.0112
272.9476,65.7664,53.1057,51.8947
272.9086,65.7926,50.1783,50.9376
273.0261,65.9965,49.7199,50.9156
273.1911,66.2699,52.2340,51.3791
272.9529,66.6037,52.5972,51.0580
272.8481,66.1569,53.6381,51.4285
273.8025,66.1278,52.0601,50.9566
273.5623,57.3782,52.7410,59.6496
273.2252,57.7598,54.2665,60.2110
272.1961,57.5083,53.6175,59.9418
272.1783,66.8527,52.9829,52.2686
272.2314,66.3922,51.7497,52.7070
272.0439,70.9850,51.5305,47.1685
272.1409,70.5017,55.0095,46.9520
273.1937,70.8223,53.8577,46.8028
272.7300,69.9733,51.7656,47.4449
272.8775,71.1690,51.1136,47.0112
272.3854,70.7527,51.1595,48.5378
272.6977,70.7521,50.7194,45.9705
272.5891,70.7416,52.1567,47.3076
271.7973,71.0805,54.4020,46.6848
272.6536,71.0281,53.2750,46.4379
272.7991,71.1802,52.5427,49.1498
273.3638,72.0833,51.6757,47.6413
273.2487,71.3340,52.2727,47.0741
273.5375,70.2148,52.5398,47.8452
273.6091,70.2267,52.1416,48.0163
273.6077,70.2817,54.3913,49.2727
273.5218,70.1858,54.3236,47.1005
273.0115,70.2413,52.9618,45.6864
272.9802,70.0479,53.7653,48.4839
272.3216,70.6294,58.7921,45.2218
271.6521,69.9784,59.4131,45.5371
271.2092,69.3128,52.0110,46.5882
271.0985,70.4402,51.8539,45.8464
271.2334,70.6046,51.0578,45.6924
271.2648,70.0831,49.9232,46.0684
271.0619,68.9589,51.7279,46.7916
271.0551,68.6756,49.3490,47.0610
270.7279,69.6811,50.1948,46.0442
270.8406,70.5015,49.7759,45.2333
270.6813,70.9845,48.7492,44.5572
271.0209,70.7322,50.6305,44.8793
271.0570,70.4777,46.2932,45.0960
270.5106,69.9411,51.5877,45.5818
270.7761,70.6814,50.1301,44.6312
271.2250,70.1621,50.2106,45.2214
271.1270,70.0138,48.3961,45.7611
271.3211,70.2531,47.9237,45.3071
271.1114,70.1672,46.0626,45.4875
271.6282,70.8553,44.8147,44.9479
271.6410,71.6994,46.5568,44.1770
271.4657,64.0839,47.0250,51.7673
271.1177,62.4344,43.6175,53.3428
271.2762,61.7209,43.8865,52.5326
271.5284,61.9157,43.7626,52.5683
271.6663,62.0102,46.9751,53.7388
271.3334,62.2219,49.1177,53.6430
271.2721,61.1873,41.5462,54.5354
271.4455,62.2294,40.9454,53.6411
271.4258,61.9793,40.0914,53.5405
271.7900,61.6217,39.1324,54.3161
271.9961,61.1978,38.5199,54.6059
271.4697,61.3412,40.1938,54.6474
271.6809,61.4635,41.8079,54.2410
271.5882,61.5326,41.7409,54.0678
271.6347,58.4128,39.9414,57.5639
271.5828,58.0500,39.4991,57.4485
271.4150,58.2029,39.8712,57.1318
271.1306,55.6506,38.9701,60.3205
271.2168,56.6784,38.8278,58.9440
271.0856,55.1606,38.4724,62.4507
271.5786,55.0558,37.4335,67.8064
270.9900,55.2729,37.3672,67.3132
271.2604,56.3671,37.3437,59.4353
271.4221,56.9275,38.2800,58.9936
271.4651,57.2493,42.0274,58.3339
271.7985,57.7295,40.8043,58.4572
272.0512,57.4827,41.8649,58.1892
271.9461,55.1729,39.7928,61.3213
271.9169,54.2249,39.2436,60.3138
271.8712,54.5847,38.2976,58.5406
271.9303,54.3504,37.9931,59.2688
271.8966,54.2749,38.8987,57.8598
272.9797,54.1559,38.1070,62.2876
274.2977,54.9170,34.4076,61.2477
274.0802,55.0078,31.1886,61.9382
273.5521,55.4718,29.5717,59.1089
273.4006,55.3518,29.9789,64.7632
272.9316,55.3594,30.0064,65.2924
272.5508,54.9296,30.9378,50.3964
273.0027,53.2469,30.5015,52.7124
273.0225,54.7066,25.3896,50.4494
273.7133,54.5517,24.6167,50.0520
273.3275,54.7458,25.8833,56.3928
273.4327,54.4907,26.0180,55.5712
273.5440,54.2961,25.8934,54.7277
273.3743,54.3867,25.3457,52.0004
270.7344,53.3604,29.4845,53.6573
270.8081,53.9469,28.7675,53.4007
269.4105,53.5376,30.8245,56.5982
272.0984,53.4977,29.9857,64.6760
271.4366,53.4442,29.6622,50.3622
270.8343,53.3330,30.7975,52.6258
266.6725,53.2033,38.2591,50.6926
266.3574,52.6674,40.5178,47.3688
267.8539,53.3335,40.3681,45.4971
273.3250,53.2096,35.5468,43.0808
275.2158,53.1935,33.7062,40.6123
275.3156,52.6138,33.3823,35.3998
269.2901,53.2781,45.9811,24.4180
269.4192,53.4888,47.6426,25.1994
268.9358,53.5652,48.7073,24.4721
269.4186,53.1529,52.3444,29.7296
284.9738,53.3262,36.8480,24.3627
284.5229,52.7073,44.2604,27.6534
284.7686,52.3502,41.3298,26.0406
284.6530,51.9883,40.8194,25.3766
283.5006,50.1827,42.3794,29.1513
283.1827,51.6962,41.5115,31.4203
283.1249,51.6938,41.5309,31.5563
282.9278,50.3160,41.8006,29.7148
280.6809,48.6244,45.5157,28.5527
278.4038,48.6525,48.7029,26.7420
277.6708,47.7122,50.7039,25.3334
276.8325,49.2415,51.5022,26.1010
277.6694,48.5417,51.0123,27.3662
277.6496,47.7879,51.5391,28.5503
278.6499,47.7994,52.6036,27.1445
279.3711,50.1390,52.3009,23.0743
281.3090,49.7326,51.8949,24.8299
282.3334,50.0017,50.5499,25.4934
282.7751,49.7699,49.0771,28.6378
282.5882,47.1199,52.4258,32.0402
281.6786,46.3802,55.0884,30.6855
280.6195,46.1640,56.9012,27.9261
279.6348,46.8406,57.2602,28.4480
279.0131,46.5831,57.9027,30.8225
278.7941,47.9004,60.2661,30.8907
279.6499,47.1836,59.4716,30.9035
281.7669,47.9333,59.6430,28.2777
284.4421,46.3478,59.7331,27.4608
285.4257,46.0874,50.0597,26.2500
287.1512,47.7652,48.4165,26.8040
287.7444,49.0279,47.2028,29.4200
288.1250,48.9130,46.3241,29.4083
287.6854,47.9124,47.3237,31.2160
286.9146,47.9366,48.4172,29.0593
286.7036,47.9680,48.9141,27.3717
286.7234,47.8050,49.3380,26.4748
286.6421,47.8447,49.6308,29.3080
286.6647,47.7338,49.7716,28.9557
288.1228,47.3960,47.8832,30.9756
290.3566,45.5889,51.5228,35.1002
293.0226,47.9342,51.8047,31.3739
295.4111,47.6848,50.3640,32.1217
296.8106,47.1590,47.9087,34.1738
296.5748,47.2141,47.7723,35.4896
296.1781,46.3745,49.7167,36.4498
296.5003,46.7104,47.6554,35.3084
295.8377,44.9308,48.1445,35.1693
294.9784,44.8083,49.6071,36.7252
295.3631,46.0162,49.1471,38.1131
296.1931,45.4772,48.9587,40.6854
296.5684,45.1801,49.8329,35.6278
297.8984,43.0515,56.2561,39.0681
301.4629,42.0347,44.7426,40.1610
301.8937,42.3449,44.7857,40.1484
301.3955,45.2984,45.8931,39.9300
303.0946,44.8129,44.6118,42.8585
299.2285,44.1877,47.4988,44.2499
299.7627,43.7788,45.6703,41.1849
298.1996,43.6959,46.9045,40.1121
296.6172,43.4498,48.3650,40.3557
296.4310,42.8677,48.1163,41.3282
295.8004,42.6573,49.3078,43.4290
295.4412,42.4658,49.3430,45.0855
295.5706,41.1333,47.8650,45.1803
296.8973,41.0915,49.6233,42.4853
296.7029,41.1493,50.4392,41.3157
296.1525,40.9786,51.2556,41.6300
300.9468,41.2812,44.7640,42.2865
304.0273,41.1007,42.8177,45.2676
304.6828,39.1699,41.4667,46.9715
305.0756,39.0847,41.2236,48.2285
306.5500,40.1471,39.5255,45.6848
305.7447,40.5428,38.1857,46.8644
305.3266,40.5011,36.8034,48.4009
304.5218,39.7816,35.5418,53.5900
305.0810,40.1209,33.9469,53.3281
304.1355,39.5724,35.1168,48.9368
305.9857,39.3975,33.8182,46.2333
306.6055,39.1180,39.3261,45.0806
306.4322,38.1088,38.5709,45.5934
307.0665,40.5556,37.4606,46.3622
306.4185,42.5245,36.3868,48.3029
304.3275,41.7198,37.7448,48.5378
302.3134,41.8239,38.5800,48.7508
296.9224,40.2583,42.9017,49.2663
295.6293,39.5373,44.9465,49.4521
295.1296,40.3444,45.0529,51.4566
295.1776,43.2387,45.4483,52.0548
295.6696,44.7491,41.4887,49.9577
298.4257,42.2973,40.1214,47.1800
300.9571,37.3211,37.5333,55.0909
304.7675,34.1313,33.6368,57.1941
307.7312,33.8755,32.2407,57.8772
307.9420,34.3689,31.9113,58.4144
308.3485,38.5719,32.3253,55.6511
307.7650,37.5007,32.0633,53.6973
306.5669,33.6948,31.7319,54.5676
302.1313,30.0458,35.2245,55.1217
300.1278,29.9397,35.7342,56.0946
298.2480,31.8965,38.2725,55.5424
303.6184,37.2241,33.9921,54.4268
302.3268,37.7995,35.9759,53.2385
303.6128,36.3499,35.1528,56.9703
306.4081,34.2759,34.1639,55.4145
311.1693,31.3128,35.2081,56.8372
313.2473,33.2502,34.5307,58.2394
313.4071,36.9061,36.1085,60.3018
313.6657,38.9435,36.6031,60.5245
313.5415,36.1569,36.2382,57.0811
314.1815,31.3431,34.0570,58.8966
315.7368,25.8755,30.7353,60.0892
313.0804,25.4264,32.2886,59.6592
311.6773,29.2044,33.8330,58.3528
313.1761,34.1226,33.8999,57.9462
312.0719,34.4722,34.9267,58.4644
315.7253,30.8822,33.5464,56.1987
319.2741,24.3752,33.4170,62.0753
320.6897,26.0125,34.6024,59.5329
318.5679,26.9182,41.1410,59.7352
318.4403,32.7165,44.0125,56.7815
319.2151,37.6586,44.4585,57.0041
312.9447,36.8101,51.1676,56.3353
309.6956,31.5455,52.6603,58.3163
325.3087,29.9757,34.7832,56.7284
324.8291,29.6277,33.6922,58.8654
324.3209,25.4131,34.1103,67.3074
324.0704,32.8368,34.5937,65.9269
324.7418,37.0961,37.0017,63.9455
328.9995,36.0724,35.4285,56.8730
334.7107,31.2832,31.8641,57.2492
335.8693,28.2293,34.7569,61.6605
335.1713,27.8943,38.5092,64.0654
335.7878,34.7680,38.1616,56.8574
333.5518,40.5704,38.7868,54.1794
330.6179,40.4078,41.6791,52.8023
325.2376,35.1176,42.1738,53.8974
322.5928,27.8486,41.1088,60.1761
319.1732,26.5800,43.3044,59.1121
318.1511,27.6873,42.1089,60.2614
315.4662,32.9626,39.9344,59.4078
311.1351,36.8003,42.5518,56.4746
307.5266,35.8197,45.9947,53.8326
304.0926,33.3819,51.4092,52.5109
323.2863,30.6960,33.4714,52.5150
324.6447,34.6242,32.3917,50.9431
323.4459,41.1407,32.2659,50.6041
321.7361,43.0856,32.8451,52.6461
320.7881,42.5207,34.8792,56.9054
315.4908,38.4357,39.9020,60.2324
311.5677,35.9534,40.1344,61.2449
309.3116,35.9553,37.7035,56.3774
306.9243,38.2142,38.6283,58.2510
307.2350,44.4419,35.3943,58.0056
308.2141,45.1499,35.2269,57.8597
311.0854,40.5814,35.1509,57.9395
311.8802,37.3892,37.2912,54.9784
314.8973,33.0622,37.1660,58.1985
315.3111,33.7485,41.2215,57.6985
316.5100,36.5051,41.8358,58.6660
316.9622,40.3090,42.0527,58.9246
316.7251,40.3205,41.5734,58.5365
313.7650,34.9267,43.6410,59.7327
308.8951,32.2939,46.7716,59.5526
306.1749,33.9395,36.9193,57.0567
304.6867,36.1778,38.2195,57.2434
303.3005,42.0801,37.8958,57.3550
299.7100,47.2758,35.7906,59.2443
294.8200,45.8321,35.7410,58.8044
295.4306,40.7418,36.3948,59.8332
296.1808,36.7700,36.3724,58.7701
295.6992,34.7510,36.3782,54.0368
294.7487,35.5405,37.0340,57.9485
293.1180,42.1186,38.1156,58.2688
292.3846,45.4193,37.6069,57.8732
284.0740,42.3147,42.8706,57.9072
283.4948,34.8980,38.6638,59.4359
282.1455,33.6080,37.1258,59.6124
283.5472,35.8337,39.0940,57.4062
284.4826,41.0918,39.9747,56.5930
285.4458,45.1319,39.2861,56.3810
285.7003,43.6986,37.2222,60.4516
285.4484,38.1985,36.1124,61.5401
284.6313,36.1731,36.7675,63.4336
287.4616,33.8994,34.9790,59.8402
288.5322,34.7181,35.3757,62.5766
285.6588,41.7783,36.7616,61.9363
276.6332,49.2948,37.7011,61.6247
263.3727,58.0293,35.7557,59.2201
242.1794,62.7994,43.4562,57.6373
223.6727,62.9365,46.0152,59.6701
210.4906,66.0749,43.1000,60.5728
200.9510,72.7628,44.3617,58.8543
201.7801,80.0210,42.5911,57.6190
205.0679,80.5911,40.3685,58.6211
209.5542,78.0290,41.9223,55.9456
219.3038,75.6883,42.9280,54.3183
235.9093,77.4413,41.2099,52.9854
249.1583,80.5843,42.6201,51.4642
265.3846,86.6298,42.3527,50.6466
272.2222,89.7721,44.3148,50.4200
276.0930,91.5796,41.4473,48.1513
273.2627,91.1427,37.1790,43.8772
267.7958,92.6727,34.5694,42.0998
262.4819,91.6678,31.3224,39.9794
258.9478,96.3174,28.9191,37.3283
254.6094,102.1263,30.5391,36.8728
254.6898,106.5522,26.7044,33.7855
251.2505,106.8567,30.1976,33.9537
255.9842,106.1295,26.9165,30.4036
260.6173,105.3292,23.8935,30.2596
267.6017,105.8624,21.3482,36.7240
275.3546,107.9102,20.2347,42.3047
279.7715,113.6742,23.0509,40.0618
286.2362,112.2968,21.7816,42.0221
290.5622,112.9479,22.7786,39.6938
294.2945,111.8442,22.8671,39.0877
299.1724,111.5738,21.6003,39.7793
303.5571,112.4545,23.1665,47.4716
307.6860,113.1935,18.3905,49.3487
309.2869,115.2392,18.3777,24.3340
311.7247,115.3906,18.2536,27.8964
314.6887,114.1023,16.3742,23.9817
319.1975,111.6599,13.8256,24.7060
315.2897,112.5450,19.9699,20.7712
321.4795,114.9996,15.1308,19.3873
323.4239,118.0572,12.8624,18.4864
323.9711,120.6390,11.9143,17.4662
323.8197,122.6454,10.5683,17.1616
322.7407,123.2043,8.9252,17.9694
319.8233,125.2440,8.5545,13.2798
315.6439,128.3916,7.9122,11.4278
311.4994,130.9879,6.9926,12.4574
306.4393,132.2027,6.7979,12.1776
300.9644,131.3312,6.7982,12.4985
297.8360,128.7838,6.4064,13.6570
295.3623,127.4590,5.7873,13.0451
289.4059,128.3042,8.5484,12.0927
288.7762,129.4215,6.2575,12.9170
288.1113,130.7233,6.7191,12.8088
288.4142,132.2759,5.7345,13.0585
289.2426,133.8804,5.7511,13.0546
288.6385,134.2697,7.1048,12.6972
289.7040,135.9373,5.5310,13.0909
289.9069,139.0134,5.8990,13.0582
289.8881,142.1620,5.9410,13.0516
288.8526,142.3806,6.0339,13.0349
292.0116,146.6323,5.7156,13.0800
292.1516,147.3214,5.8498,13.0651
292.4440,147.4101,5.4638,13.0920
293.7780,147.9982,5.7316,13.0592
295.2369,150.3512,5.6370,13.0773
296.7283,152.5551,5.6633,13.0730
298.0323,155.7854,5.7794,13.0473
299.9926,157.9434,5.4934,13.0917
302.9812,158.0976,6.6384,12.8513
304.6161,159.0147,8.7938,11.9571
307.7039,159.0022,7.1321,12.6886
308.9738,160.1575,8.0596,12.3326
311.0808,162.4917,5.8431,13.0660
311.8754,164.7661,5.7865,13.0729
313.3491,165.4666,5.8402,13.0664
312.7601,165.5405,5.5589,13.0899
313.3058,164.8123,5.7250,13.0792
311.9978,167.6639,5.5706,13.0895
310.4073,169.2856,5.4472,13.0922
309.8702,171.4453,5.4646,13.0921
309.0923,170.7189,5.5236,13.0911
308.3855,170.8264,5.6050,13.0878
307.3610,170.5200,7.2570,12.6477
307.3875,170.5064,8.8238,11.9399
306.0877,170.4852,7.8252,12.4344
303.5354,172.8332,10.2755,10.8810
302.3709,172.7585,9.9752,11.1403
299.4803,175.3026,12.1928,8.3539
297.4637,175.1949,12.6603,12.0624
301.6198,171.7686,8.7924,13.8411
302.6610,171.3715,7.6912,14.3458
302.9520,171.2727,7.8722,14.2705
303.7776,169.7807,8.0638,14.1641
305.0739,168.4235,7.5543,14.3882
305.9618,168.4190,7.5191,14.3972
307.3062,168.3364,7.9050,14.2543
304.7365,169.4300,12.6364,17.5721
304.0587,171.3165,11.7005,13.8926
304.7016,170.3466,11.6736,14.7666
296.5193,168.4194,20.4325,18.1570
296.2590,168.3837,23.1307,16.7771
295.9559,164.3208,22.0147,21.1417
295.9644,166.5272,25.7234,16.5226
292.7618,166.8744,31.9130,14.2278
294.8145,166.0774,30.3528,20.6840
296.5872,163.3876,31.4587,23.7722
293.5724,167.4903,35.8189,18.1944
294.0572,162.7144,33.2167,25.0198
293.7597,164.1961,35.4223,16.8994
295.6548,163.9582,34.6971,15.4071
296.1413,163.6813,35.7580,14.1452
297.4603,162.7885,34.8107,15.1086
300.6356,166.4604,36.1190,12.1768
301.9920,165.9987,35.3686,11.9163
300.9524,167.4773,36.2820,12.3878
301.3326,166.5878,36.7377,13.4740
298.4501,166.4895,38.9817,16.0708
298.9341,165.8033,37.9452,22.8683
299.0475,165.4075,37.7344,24.0283
299.3008,164.8777,37.9476,25.0896
298.6827,165.5078,38.8620,23.1566
298.8996,166.1233,38.2632,23.5323
298.7610,166.6036,38.6129,22.9931
2
0
0
0
0
1
264.3439,163.4382,19.0342,37.8764
263.4308,161.4164,18.1249,39.9001
263.1484,163.9393,27.4096,37.8523
261.7842,164.3543,29.2522,37.5601
260.1003,166.4583,24.4973,35.7040
258.9015,167.7252,26.1708,34.3804
258.5413,170.9474,29.1349,30.4913
257.5245,170.4219,29.8844,31.0050
257.3029,172.8062,30.7529,28.8181
255.8726,173.1575,33.7577,28.1756
254.5862,172.5168,36.1224,28.7498
254.5474,172.6762,36.4861,28.6838
250.2586,172.1833,40.7395,29.0789
250.3677,172.0338,41.4387,29.5619
248.6715,174.8526,43.6559,26.3325
2
0
0
0
0
1
213.1837,167.0327,34.6297,34.0981
212.8583,164.7780,35.7089,36.3025
211.6749,165.9691,34.2599,35.1920
210.3268,165.5840,34.6632,35.4595
205.0727,165.4680,38.9146,35.6465
202.7092,166.1716,40.1460,35.0812
201.7954,166.4945,40.6681,34.7417
200.3048,167.4754,40.0929,33.5794
200.4658,167.8526,38.5540,33.2161
199.4413,169.1862,35.5972,32.4613
197.7575,170.1388,34.8780,31.2892
196.3658,170.8852,34.1166,30.8182
194.4798,170.7490,35.0733,30.9939
192.4693,170.6908,37.2205,31.2445
191.6893,169.7793,38.1830,32.0591
186.2505,167.8063,42.8842,33.9266
185.4780,165.7792,43.9324,36.1185
185.8252,166.2317,18.9638,25.5440
185.3266,166.5797,18.0901,24.8083
181.6061,164.0623,19.2860,28.0999
180.6793,166.6570,17.9129,27.2233
180.0973,167.8152,15.2059,27.3143
179.0234,167.3920,14.9160,28.3840
174.0657,167.3589,17.3811,27.3039
173.3006,166.5283,15.8512,28.5738
173.6989,166.9612,14.8678,27.5661
173.5740,166.9688,13.5426,26.9419
172.6176,167.3444,12.7921,26.7198
171.6713,169.0399,12.8509,24.6438
170.8496,169.5829,11.5037,25.6606
172.2314,168.6310,10.4804,25.0204
170.1312,168.0645,12.5033,27.9508
170.0611,166.7028,8.8348,31.5950
170.1995,166.3951,8.1387,29.4710
169.5766,166.3078,9.0951,28.1666
168.4979,167.0921,9.9569,27.9645
167.4008,168.8922,8.9679,25.0072
166.9089,169.5335,7.4990,24.5087
165.5592,169.5862,8.5452,24.5710
164.7283,169.6328,8.2506,24.7421
165.0765,169.5170,7.9184,24.9216
164.5393,168.9168,9.6202,25.3188
164.5685,169.0585,9.1708,24.7890
162.3271,168.3535,12.2626,27.1430
161.9195,168.7969,12.0304,26.4747
161.9319,168.4723,12.2517,27.9641
162.8836,168.2555,11.4539,29.1542
163.2511,168.4922,11.4740,29.2957
164.8137,168.4549,10.2549,29.4308
165.1369,168.4680,9.4728,30.1049
165.4296,167.9276,9.2641,29.7332
165.1139,168.4188,10.2183,28.4200
166.1129,167.8925,10.3524,28.9127
166.1195,168.1306,11.4701,28.3400
167.0033,168.4629,10.4288,29.3116
167.0602,168.2973,10.8676,30.5566
167.2000,168.4503,10.4953,30.7458
167.5915,167.9140,10.4221,32.3424
167.7228,167.7780,9.9868,32.2886
166.1952,168.0604,11.7895,31.6440
166.5500,168.1949,10.7865,31.7927
166.8828,167.8568,10.3071,35.1373
166.4495,168.1937,10.7034,34.8861
166.9025,167.5962,10.9109,35.3871
166.8792,167.7796,11.0332,35.6402
166.4342,168.0570,11.6855,35.1971
166.8378,168.0515,11.2886,34.5222
165.4852,166.9271,11.8934,35.9450
165.7765,166.6885,11.4531,35.9841
165.6535,165.7276,10.7574,37.3705
165.5494,165.6301,11.0899,37.2370
165.3478,164.2749,11.6952,39.2582
165.6781,164.7697,11.1747,38.5956
165.7204,165.2623,11.3572,38.4032
166.3357,165.2758,10.4720,36.8178
166.5942,165.1051,10.5708,36.8856
164.9124,167.2615,12.5602,35.5412
164.8583,167.5815,13.4418,34.6657
164.9884,168.1973,13.5033,34.7259
165.3685,163.4836,14.0999,39.2092
165.5022,161.7610,14.9754,39.9726
164.9594,165.4557,16.9698,37.8390
164.2805,163.5085,17.3640,40.4731
164.6684,162.6040,17.5522,41.3035
164.8866,161.1683,21.5582,42.8106
164.3916,160.7050,23.0518,43.0256
161.4454,169.9586,27.1798,33.9740
160.6624,170.1655,29.6444,33.4298
159.4121,170.4750,32.1279,33.3130
158.9150,170.2863,32.2706,34.1430
158.9104,170.5186,32.7928,33.8763
159.1977,169.3454,28.9910,35.7141
160.0798,168.7494,27.3655,36.2321
161.5280,167.5433,27.3505,37.0506
160.3066,167.4716,32.0581,39.8049
160.0952,173.1755,34.0043,34.1409
160.1271,173.2856,37.9394,34.4035
157.9276,173.3066,40.3706,34.5587
2
0
0
0
0
1
204.7708,169.4115,18.1547,29.9789
204.5107,165.6643,19.6201,33.3590
205.9011,163.5235,18.7976,35.0277
207.2152,164.2604,19.7217,29.5363
206.2868,164.1041,22.0920,29.7072
206.3524,164.4863,23.5417,30.4613
212.6128,167.2773,20.0372,27.3775
214.3292,166.7405,19.1455,28.0363
214.4205,166.8128,21.8945,27.5573
221.3601,167.7489,16.9701,26.5626
221.2568,168.8094,19.2884,27.4618
220.9386,169.2061,21.3598,30.1988
220.9533,169.4209,23.7634,32.0482
221.1491,169.3739,25.7849,32.2384
221.3107,169.3376,28.0402,27.5862
221.4265,169.3755,31.1245,26.5922
221.3230,168.8549,33.6932,21.0117
226.2847,169.8012,31.7603,19.4173
226.4174,168.6706,35.7287,22.6668
248.7532,168.0399,16.1394,21.2039
251.8428,166.9573,16.3114,21.7516
254.9505,166.3337,16.5027,23.0301
257.3375,165.6508,16.5555,23.5769
259.6079,165.7259,17.1618,27.9173
261.9199,165.6153,17.5099,27.1316
263.7642,164.9921,18.3727,29.4008
264.8182,164.2667,21.1238,30.5014
264.5861,164.1160,26.2039,30.6500
265.0005,164.5739,29.3068,21.9328
265.7014,164.8410,31.7050,22.7705
272.7229,165.5358,27.2728,24.6409
272.7236,166.9615,30.7836,21.0525
272.7181,165.1213,32.0594,26.3930
295.9257,169.6667,12.7293,25.4869
295.9635,169.4458,14.9417,27.3934
306.7384,166.6940,10.2823,31.8517
309.3841,166.6429,10.7717,32.6194
311.6623,167.0139,10.6090,34.4107
312.5449,166.4669,13.1598,25.7740
314.8610,165.2420,13.0324,26.2077
315.2025,165.4520,15.6321,25.6608
315.2547,166.3790,16.7434,25.3684
315.2610,165.2249,19.3226,28.5961
315.2826,166.8508,23.4162,28.4013
314.8960,168.2150,29.2761,28.6237
314.5078,167.6996,31.3553,32.0989
314.3087,166.9586,34.3082,21.4540
323.4136,164.7718,24.9606,23.9261
325.8571,166.7065,26.2819,25.0280
325.2722,166.5223,29.0221,27.2245
327.6800,166.1594,27.5176,26.3941
327.5662,164.1292,28.2840,25.8125
327.5963,164.2575,28.3809,22.9007
327.3893,161.8375,28.5713,25.0288
2
0
0
0
0
1
360.4742,171.3559,33.9420,32.5160
361.0686,170.9354,33.2034,32.4829
360.4728,170.9572,33.1295,32.9552
360.4588,170.4019,33.3904,33.6987
360.5459,169.8781,33.7356,33.9701
359.2763,169.8816,36.2558,34.1978
359.3289,170.0187,36.0497,34.3778
359.0546,169.6231,35.7098,34.7442
359.4363,169.2255,35.5336,34.8316
358.8836,168.4758,34.0535,35.3936
358.2181,167.5372,34.4854,36.5744
358.0103,167.4118,35.2902,36.6483
