0.030619
0.037789
0.026458
0.023769
0.022869
0.02227
0.02111
0.022695
0.023345
0.019707
0.019308
0.019474
0.02085
0.01973
0.019581
0.020975
0.019499
0.019807
0.019551
0.020462
0.020939
0.02083
0.020604
0.021232
0.019964
0.020375
0.019521
0.020751
0.01973
0.020949
0.023151
0.028028
0.020062
0.019495
0.019458
0.020975
0.022406
0.021098
0.021084
0.020644
0.019808
0.019603
0.019687
0.019894
0.020172
0.020753
0.019765
0.022986
0.019736
0.019774
0.020487
0.019831
0.019762
0.0199
0.021071
0.020478
0.021151
0.019872
0.020713
0.019816
0.019647
0.020028
0.021918
0.024621
0.019732
0.01976
0.019801
0.019798
0.019965
0.024624
0.019903
0.019636
0.019681
0.019766
0.020999
0.020594
0.019993
0.02071
0.019739
0.019832
0.021042
0.019712
0.019653
0.019689
0.019754
0.021159
0.024808
NaN
NaN
NaN
NaN
0.030537
0.03977
0.026673
0.024289
0.025803
0.023342
0.022529
0.020956
0.02134
0.019598
0.018658
0.019458
0.019509
0.018204
0.018317
0.018452
0.018427
0.019344
0.019439
0.020254
0.018282
0.02004
0.019475
0.023297
0.031205
0.027995
0.020857
0.020263
0.019977
0.018425
0.018494
0.023185
0.031467
0.026246
0.021331
0.020905
0.020645
0.020089
0.019671
0.019405
0.019166
0.018995
0.019845
0.018838
0.019673
0.01901
0.019935
