1
653.5224,280.1214,25.2030,121.7520
654.0040,281.8811,27.9355,124.0127
654.3113,294.4668,31.7166,114.7869
654.8376,296.1028,30.7490,109.0947
649.1000,299.5606,31.7328,108.3993
644.3992,303.0926,29.9108,108.7306
643.4408,307.7713,28.4812,104.8158
644.5261,308.2077,32.7803,105.3532
642.1927,310.4373,35.0852,107.6838
639.7797,309.2843,34.0600,106.8292
630.6722,313.5528,38.6530,107.3105
630.5338,318.3442,35.2038,107.9767
628.8462,329.8534,37.1033,109.0717
626.5442,334.7453,32.7799,110.4892
624.2930,333.9314,33.3645,111.8262
628.3013,334.8315,30.1556,103.2656
635.1152,331.8889,30.1095,103.4776
641.3150,327.6829,29.6378,106.7977
642.9854,322.1547,28.6398,109.3399
637.0548,322.5754,30.2739,108.5433
629.9141,323.2192,30.1640,108.5583
631.2921,326.9059,33.1720,105.7030
639.6399,327.6899,42.1502,102.4939
644.4914,325.3150,37.0590,103.9290
642.0801,324.0787,38.1789,109.6781
645.1536,319.1481,35.4574,113.3349
645.9948,318.5410,35.1914,112.3440
646.4355,305.8453,37.1363,109.2412
650.2183,298.0494,35.6472,110.6135
651.6838,294.5182,36.9993,111.2558
654.4175,291.4255,35.9480,120.4908
657.3928,288.3977,35.7237,119.5620
655.5082,280.9304,41.6003,121.5835
656.3370,276.7266,39.3721,118.3860
649.6482,272.6463,38.2908,120.9943
647.9658,271.9102,34.4087,117.9433
643.5362,267.8334,34.3770,113.6305
642.6818,276.9448,34.3986,100.3944
640.7961,275.7719,35.8967,99.0667
636.0310,273.6884,37.6047,107.6178
633.1042,259.3519,35.2785,123.2152
617.3599,255.6675,45.7864,128.6508
609.3145,261.9890,45.0656,121.2319
610.5273,259.6478,52.5804,117.1941
621.8929,252.0583,48.5339,120.5466
623.3759,273.7425,50.2942,91.9065
619.9787,269.6569,52.4678,93.8428
617.9230,269.1863,55.7790,107.4006
618.5641,270.2279,62.9736,107.4727
628.8474,266.4985,62.3258,110.3833
631.5994,267.7592,65.5171,100.9168
632.0975,266.2698,72.9163,101.4716
630.7131,265.0007,75.5262,101.0185
625.8596,262.5802,81.2394,102.2105
622.7650,259.7922,80.9371,103.1052
620.0333,256.5095,86.6915,105.0332
636.9742,261.2684,77.0481,98.3983
637.4774,259.9557,78.0584,96.6735
635.3741,256.3311,81.6588,103.3231
635.5943,255.2207,91.4787,108.3091
640.8441,261.5370,78.4746,101.8601
644.8225,255.7508,78.7166,106.7440
648.4933,262.5571,83.5745,102.2856
648.9085,260.2234,85.9050,96.7467
650.0789,258.3748,86.0615,99.1738
652.1964,253.9194,87.0824,104.5873
655.6201,252.9993,88.4089,106.1406
657.5297,255.8886,89.1922,102.0353
663.8525,255.3578,85.1636,105.5946
661.6459,246.1203,87.6240,114.9161
678.8320,242.8618,67.9211,115.5002
677.7684,227.2340,66.5229,118.1592
680.0173,224.1823,65.8536,117.5052
682.6056,219.3596,65.5486,119.2084
684.1396,239.9361,65.2867,96.2431
681.6183,240.8961,67.2400,93.1480
680.7811,236.9032,67.7365,91.2906
685.6642,234.1012,62.9082,89.5773
689.1103,232.4221,63.1669,90.2979
693.0792,235.8245,68.6409,88.5604
708.7118,229.7017,69.9934,91.7458
724.7208,225.8748,65.7685,89.9082
727.7003,217.3289,70.5291,94.3782
742.5179,220.2286,44.4918,96.0782
739.5237,211.8201,41.5065,112.7886
745.7254,214.8416,43.4046,117.1176
749.2533,220.7982,48.1597,113.7130
740.1874,231.4661,54.6437,106.1403
740.9452,240.0136,52.0787,102.9263
741.3750,235.7192,47.9848,107.4248
734.4784,235.9730,52.1869,107.8709
733.2464,251.2476,50.6905,96.1590
732.1866,246.0166,48.8901,103.4986
731.7174,238.4994,50.6404,109.4875
735.4568,233.2615,50.4315,110.4219
733.1242,245.2821,53.6319,96.2451
724.1451,233.8610,55.4797,105.3789
724.9225,228.5055,52.9852,109.8961
731.5661,225.5945,51.9596,107.0211
735.2787,225.8412,53.6880,105.9891
739.2612,220.9477,54.9892,107.6129
738.3080,214.9731,55.0422,109.4745
735.2413,211.4579,56.6145,109.4098
737.7710,205.7589,60.2487,112.5392
747.2539,212.0632,59.5837,114.1996
749.9099,206.3684,63.2652,121.4991
746.8784,205.6627,66.6825,122.7440
745.8620,204.1516,68.8099,118.5519
750.8218,202.6559,68.8776,117.6794
756.7975,203.7205,69.0145,116.1098
758.3137,205.7740,71.9223,114.5348
759.4178,208.2553,72.3754,110.2874
759.8286,211.6278,57.8368,106.0483
763.7648,210.3642,60.0156,107.3710
767.3479,204.8704,60.2197,109.0261
762.2354,203.4191,62.7420,109.7053
760.3416,203.5587,64.5024,110.2533
760.1976,206.9064,67.5281,113.1168
758.9030,207.3891,71.5679,116.4934
752.9672,207.0953,78.6692,115.9559
753.2903,205.1750,75.7462,107.6624
749.7692,197.6426,87.6592,111.3460
757.3991,197.6685,83.5907,111.7441
751.6880,202.5864,91.8897,113.0169
756.5577,208.7373,81.0347,112.1295
760.1821,212.0147,80.4253,113.4830
757.6989,211.4376,79.5102,118.0241
751.6938,212.8281,86.0950,122.2498
752.5893,214.2690,62.0011,118.2832
748.1435,219.6762,66.6023,114.2136
746.8232,220.4594,64.1470,111.5476
756.3155,212.5383,65.4682,124.4036
761.9390,210.7982,64.8447,99.2129
776.5217,202.3877,59.9695,110.5393
788.9814,198.9062,67.2041,116.3582
798.4729,196.2000,77.5449,105.3437
810.1335,192.8586,82.6895,108.3516
818.3333,195.1446,80.9189,116.1904
825.6569,199.5615,83.2352,104.8185
832.6118,201.7011,84.4162,98.1453
847.4219,194.0495,90.2420,100.9143
862.3671,193.5114,94.0118,96.4624
870.7244,189.3284,95.9871,103.6214
881.8559,186.8536,90.9829,100.9499
886.5018,193.8458,89.9794,94.7927
881.8408,195.3405,94.9194,96.9789
874.5474,200.6919,96.7467,94.9093
863.6906,204.4983,110.4001,85.7248
859.5728,203.6742,87.7650,90.1433
863.1044,202.2598,91.5942,89.0885
862.1206,203.5397,87.2192,86.2260
856.9012,206.6999,96.8260,86.3289
857.7375,209.0717,87.3436,88.2300
862.2876,206.8997,65.0905,92.9219
865.5366,210.1165,64.9659,96.5291
870.4007,217.6069,61.9800,91.4951
867.4276,221.5898,68.5989,92.9217
859.5936,237.7293,67.7795,92.0705
855.4825,238.8474,70.7347,101.6849
847.4507,238.8072,87.7381,105.2022
840.6207,239.1009,95.8069,112.3923
841.2172,250.3095,102.6032,100.5731
844.9006,244.2604,108.0552,82.3201
856.9376,245.8183,99.8803,81.6040
867.5615,234.8815,84.5279,95.2464
875.4841,223.8994,74.1220,100.6245
872.9979,217.7130,79.4687,109.0685
864.0883,208.0287,78.5029,116.2556
859.5618,205.8129,78.5281,126.6523
855.2115,233.1573,65.3550,96.8781
844.4293,229.2517,72.4893,84.3011
840.5432,222.1137,74.0247,88.8325
829.5660,219.7493,73.7692,89.1652
821.5838,229.8883,81.8812,73.7194
808.4590,236.7677,84.8241,61.3874
809.6978,228.7348,68.9936,61.2010
820.1685,230.2594,66.5501,76.5368
830.9175,232.6242,66.6461,75.9931
844.5178,236.1751,62.9665,77.6751
856.7205,241.0487,75.2980,75.1641
864.0299,241.4232,91.0626,74.0884
909.5424,236.5475,84.5435,78.4191
929.1364,231.6397,85.1849,77.4363
958.2567,226.6507,92.9156,77.4222
1020.1939,222.0251,74.9139,80.8435
2
0
0
0
0
1
696.0383,229.4106,290.1372,211.5723
691.0054,223.8062,318.2866,233.1623
682.2816,222.5433,334.6894,220.6999
744.3706,229.2023,286.5237,222.6462
751.8698,239.2030,281.2943,217.8443
747.5005,239.2384,287.7051,223.7771
733.1278,240.9603,270.7385,224.8633
737.6636,243.7141,289.5627,229.4017
737.8915,243.0457,321.4236,231.6087
788.9470,245.6690,263.5678,243.2287
791.6440,256.0231,264.5345,240.4712
792.5999,265.0311,283.2458,238.6867
2
0
0
0
0
1
582.9106,155.0422,155.7943,295.2682
590.0794,155.4086,170.8603,302.5620
595.1484,164.1216,194.9679,286.5582
608.7676,167.8080,185.3151,278.9655
625.8364,163.2959,206.0461,277.2273
639.9836,149.5238,216.4822,278.2225
648.1169,136.3976,218.7383,274.9306
674.7102,90.0220,220.0075,290.8618
699.9370,63.6296,223.9007,292.6354
713.4800,46.7035,239.8780,284.0763
743.3058,31.6769,218.3845,284.0765
731.3483,56.6394,256.7285,244.3601
2
0
0
0
0
1
589.7975,192.8815,117.8099,302.5962
585.9886,185.2072,132.6514,315.8073
568.0121,198.7649,147.7717,311.2980
589.0148,224.5352,151.1444,286.6236
582.1207,238.8439,165.2055,278.6498
570.9837,261.4694,187.4234,259.6725
574.9954,268.8889,190.9757,259.2829
576.2060,268.3672,201.6017,261.0088
583.4909,268.7290,139.9940,255.1638
576.8464,271.5720,139.4719,254.4589
564.4496,260.8232,156.6035,275.0858
545.9332,216.9362,183.6710,323.5020
