1
665.0000,684.0000,40.0000,24.0000
665.0000,684.0000,41.0000,23.0000
668.0000,682.0000,41.0000,24.0000
668.0000,681.0000,42.0000,25.0000
2
0
0
0
0
1
685.0000,603.0000,46.0000,13.0000
688.0000,595.0000,45.0000,12.0000
692.0000,590.0000,45.0000,13.0000
694.0000,590.0000,44.0000,13.0000
2
0
0
0
0
1
727.0000,514.0000,16.0000,39.0000
730.0000,509.0000,16.0000,39.0000
733.0000,505.0000,16.0000,39.0000
735.0000,502.0000,17.0000,39.0000
737.0000,498.0000,17.0000,39.0000
739.0000,492.0000,17.0000,40.0000
743.0000,489.0000,18.0000,39.0000
750.0000,487.0000,18.0000,39.0000
757.0000,482.0000,17.0000,40.0000
760.0000,479.0000,18.0000,40.0000
765.0000,477.0000,18.0000,41.0000
771.0000,476.0000,18.0000,40.0000
776.0000,475.0000,18.0000,42.0000
783.0000,471.0000,18.0000,42.0000
789.0000,467.0000,17.0000,42.0000
796.0000,460.0000,17.0000,42.0000
804.0000,450.0000,18.0000,41.0000
813.0000,431.0000,17.0000,41.0000
816.0000,421.0000,17.0000,41.0000
818.0000,417.0000,17.0000,41.0000
821.0000,412.0000,17.0000,40.0000
824.0000,408.0000,17.0000,41.0000
825.0000,405.0000,17.0000,40.0000
824.0000,406.0000,17.0000,40.0000
826.0000,406.0000,17.0000,40.0000
832.0000,403.0000,17.0000,40.0000
839.0000,398.0000,16.0000,41.0000
843.0000,397.0000,16.0000,41.0000
845.0000,395.0000,16.0000,41.0000
849.0000,395.0000,17.0000,41.0000
854.0000,396.0000,16.0000,41.0000
859.0000,397.0000,16.0000,39.0000
864.0000,398.0000,15.0000,40.0000
868.0000,399.0000,14.0000,40.0000
870.0000,401.0000,15.0000,40.0000
870.0000,402.0000,15.0000,40.0000
872.0000,407.0000,15.0000,40.0000
871.0000,411.0000,15.0000,40.0000
869.0000,413.0000,15.0000,39.0000
871.0000,409.0000,15.0000,38.0000
878.0000,401.0000,15.0000,38.0000
2
0
0
0
0
1
826.0000,471.0000,20.0000,20.0000
820.0000,475.0000,20.0000,20.0000
814.0000,476.0000,20.0000,21.0000
808.0000,479.0000,20.0000,20.0000
802.0000,480.0000,20.0000,21.0000
795.0000,482.0000,20.0000,20.0000
789.0000,481.0000,20.0000,20.0000
784.0000,477.0000,20.0000,20.0000
775.0000,481.0000,19.0000,19.0000
767.0000,482.0000,19.0000,18.0000
759.0000,480.0000,19.0000,18.0000
751.0000,479.0000,19.0000,18.0000
746.0000,476.0000,19.0000,18.0000
737.0000,475.0000,20.0000,18.0000
734.0000,470.0000,19.0000,18.0000
728.0000,467.0000,19.0000,19.0000
720.0000,464.0000,20.0000,18.0000
714.0000,460.0000,20.0000,19.0000
707.0000,458.0000,20.0000,18.0000
699.0000,458.0000,20.0000,18.0000
694.0000,458.0000,19.0000,18.0000
693.0000,461.0000,20.0000,17.0000
696.0000,460.0000,20.0000,17.0000
2
0
0
0
0
1
653.0000,425.0000,20.0000,17.0000
650.0000,423.0000,20.0000,17.0000
647.0000,419.0000,20.0000,17.0000
644.0000,416.0000,21.0000,17.0000
643.0000,413.0000,20.0000,17.0000
640.0000,411.0000,19.0000,16.0000
638.0000,407.0000,18.0000,17.0000
636.0000,404.0000,17.0000,16.0000
634.0000,401.0000,18.0000,16.0000
633.0000,399.0000,18.0000,16.0000
632.0000,395.0000,18.0000,16.0000
633.0000,393.0000,17.0000,16.0000
633.0000,390.0000,18.0000,16.0000
633.0000,388.0000,18.0000,16.0000
633.0000,385.0000,18.0000,16.0000
634.0000,384.0000,18.0000,16.0000
