1
391.6289,182.2110,40.8232,40.3705
390.1948,181.9785,42.4741,41.4094
390.8995,182.1908,42.1100,41.1076
389.7573,182.0806,44.2994,41.6604
388.9604,181.2966,46.1527,41.9917
388.4864,180.5937,46.4236,44.6950
387.5290,179.2211,47.6198,45.0084
388.7330,179.0632,47.0111,46.7817
388.0687,178.6380,48.1901,46.1775
385.9440,179.0520,50.0749,46.8237
384.6030,179.7853,52.9652,46.0076
389.4782,178.9513,48.4375,46.0181
387.9400,178.1297,49.7517,47.4379
384.9191,179.6909,52.1961,45.2656
386.8160,175.9541,49.6945,46.2426
385.9677,175.8186,50.2004,45.7934
384.4615,174.7998,51.7435,46.6728
385.1381,177.7921,51.2067,44.4859
388.0510,177.8176,52.2587,45.9094
387.0708,178.3866,52.1945,46.1710
384.5074,178.7461,54.5881,46.1359
383.8909,178.1939,51.9128,47.2274
385.0907,178.0493,50.6007,46.8870
383.8247,177.8817,52.1209,44.3980
385.0245,173.7802,55.0404,48.7400
383.4601,173.7367,56.5840,46.5672
382.0417,173.7463,56.7596,46.7827
385.7082,176.8823,54.5287,43.3200
384.6117,175.6757,55.5026,44.4068
383.8441,175.5445,56.8411,44.3437
381.0912,175.2220,52.9142,44.3211
381.1701,174.9657,54.7291,45.9367
380.9599,175.0389,55.4185,46.0359
375.9319,171.2990,60.0210,49.7168
373.8103,171.3148,60.9488,46.7942
373.5568,171.7942,57.2352,46.9896
374.1065,171.9323,58.1508,48.9691
375.2625,176.5177,56.5943,45.1443
373.9806,173.9752,52.2458,45.4222
370.6060,174.5784,57.9256,45.3935
369.6626,174.3154,56.4248,44.3080
364.5650,174.3821,58.6559,42.9165
364.0667,170.9946,60.2703,44.1998
364.9675,170.3929,50.4254,44.4517
358.8856,173.7380,56.3947,39.9576
357.8837,173.6212,58.8541,39.3416
353.9901,173.9103,61.9461,39.0955
352.8832,172.4234,62.0299,40.8493
352.3745,172.3728,53.4769,40.6332
350.2158,172.1079,55.5484,40.2270
350.5703,173.0899,55.4978,38.9562
349.6292,173.3477,55.6239,37.7514
348.9384,173.0562,56.5766,37.6885
348.1584,172.6222,57.9570,38.4327
348.1328,172.6780,57.0411,39.3726
348.0594,173.4960,57.5169,39.8167
347.4734,172.4549,57.8315,41.4180
343.4752,172.4470,61.3566,40.1216
343.2307,176.1903,58.4470,36.7058
350.3610,171.4720,50.5132,41.1035
343.7695,171.9328,55.4089,40.9995
342.4238,169.0641,57.4704,42.0277
342.4801,169.6560,55.0348,40.9177
339.9411,169.6333,57.5573,40.3565
337.0172,170.3193,62.3238,40.1609
335.8557,170.8386,62.6752,40.0012
340.5388,170.2837,58.8000,39.2317
340.8805,170.8865,58.4007,38.8291
339.7569,170.7961,58.7498,40.8611
342.9301,170.2702,56.4653,44.4339
343.2329,170.2854,55.8079,43.7255
339.9754,169.5849,63.0000,44.7360
340.6344,169.2776,63.7118,41.0036
339.2054,168.6431,66.5387,42.4826
341.6556,169.3261,52.5926,41.1245
336.4722,168.7882,58.8000,43.3217
338.8427,168.4565,56.3596,40.0860
336.7504,168.2931,57.7554,40.8917
337.5150,167.1379,53.4609,45.6764
335.8962,167.5829,54.9059,48.3058
336.3245,167.3502,53.3483,45.1883
331.2069,167.3806,57.0757,45.8000
330.7342,167.4786,62.4278,45.0605
328.7940,166.9972,64.4625,36.2818
328.9513,165.9209,63.5699,36.8244
328.2811,165.8692,54.3689,36.4636
328.5163,165.2424,58.1755,40.2817
329.3085,166.6367,56.1155,41.0373
326.8090,166.1713,58.6640,40.9711
322.8506,165.8907,62.4396,38.3106
323.1768,166.2112,55.9113,38.5678
320.4881,165.7818,58.1185,39.0841
318.5327,164.7842,56.5783,37.8921
318.1663,165.5660,55.3455,37.8808
317.8300,165.2699,56.0000,38.4279
317.4914,163.2253,55.8704,40.5112
314.5028,163.2235,56.7948,40.8863
313.7877,162.8546,56.3190,41.2741
315.3217,163.2718,53.1678,40.0974
313.8520,163.6922,53.0383,39.7243
312.1569,163.8734,52.4875,40.1230
310.1529,163.6032,54.1088,41.9090
305.7489,165.0735,56.4389,39.8649
305.3526,166.9136,55.7514,40.5638
304.6780,167.4348,55.6971,38.5731
303.3739,166.6254,56.9354,40.8476
302.2722,166.7708,57.0238,39.2044
298.3935,167.2306,58.2902,38.7369
297.2099,167.3092,58.7049,38.9970
293.8703,167.8147,60.9721,37.3900
293.0242,169.8492,62.3418,36.0951
293.7991,167.5925,58.6202,37.7166
293.7561,166.7433,55.4877,38.8414
290.8590,166.8234,58.2554,39.2935
289.6380,167.1534,57.1100,38.9745
283.5219,166.8354,60.4200,39.4480
283.2252,166.7782,58.4945,39.1275
281.1915,169.1676,59.2172,35.8197
281.3827,169.8330,57.6838,34.9413
281.1346,170.1503,51.0626,35.4084
279.1220,170.1721,53.0915,36.0236
277.3968,170.3600,53.7059,35.9035
273.6952,170.6523,55.7352,35.9866
273.0721,170.3531,56.0742,36.2801
274.6153,170.1915,54.1598,36.8806
273.1728,170.0235,54.2803,36.1965
272.9127,168.8133,52.8666,38.0985
271.8408,168.7319,52.5546,37.9950
268.0269,169.4888,55.6706,36.2774
267.9045,168.8180,55.3332,36.6812
264.9031,168.5576,58.1126,36.2951
262.0411,168.0802,59.7884,37.2011
257.2704,167.3437,63.1712,38.5410
268.4936,166.8570,52.4804,39.9070
269.5882,167.0616,50.5686,36.1126
270.3366,167.4399,48.0202,36.6934
267.6295,163.6820,49.3297,42.4941
266.4406,163.6985,50.4636,41.9462
266.2064,163.5807,49.7602,44.5209
263.5220,163.8790,50.4053,42.5769
259.7174,164.1900,55.7354,41.2150
256.8172,164.0473,57.3036,39.7278
255.0529,163.3908,56.8173,40.1320
252.9763,163.0727,57.0454,41.0981
251.7813,163.3611,58.0639,40.9483
251.4422,163.2585,56.8376,42.2734
246.0874,163.1694,58.6163,42.4973
2
0
0
0
0
1
255.7134,202.7227,69.3707,39.1758
253.9752,200.8462,68.1480,42.5465
252.4491,199.6006,71.6884,44.8658
250.1883,198.1068,71.1217,46.2266
247.4000,197.7763,69.3399,45.1591
244.0070,196.2393,70.7155,48.5125
241.1049,196.5676,71.1031,50.3841
237.9151,195.5588,70.7825,52.6617
235.4042,194.2618,74.7425,57.1257
234.0678,196.1725,73.9983,52.7986
232.2208,196.4928,73.3074,51.4806
224.5729,198.4846,73.8040,49.0096
223.4677,197.3391,72.9393,47.7775
220.4790,196.3953,74.1303,49.9679
218.5282,193.9810,76.5472,52.5745
216.3556,193.0836,76.5134,53.9107
213.7074,193.2886,76.6694,50.3904
215.1191,193.3158,73.5577,52.2729
210.6337,193.1536,75.8358,59.2989
209.0927,193.9459,76.9613,59.4761
210.1419,193.9288,76.7961,63.0357
207.4709,194.5088,78.6746,54.5319
206.6795,193.7892,68.1783,55.1688
205.0037,193.4337,69.6678,57.8286
202.1838,194.6367,69.9301,60.5620
200.6160,194.0088,69.6886,62.9870
199.2327,195.4258,68.9851,63.0845
197.1494,197.3736,70.0510,61.7016
193.3840,196.5239,68.5500,61.1821
192.4007,199.7711,70.3895,57.2160
188.3993,198.9216,67.4744,57.7556
185.0652,199.1413,70.7842,56.0460
183.2898,195.5223,67.1706,63.3686
169.2865,195.5534,81.1980,64.8174
165.4652,188.0784,75.4255,71.8858
161.4837,189.3528,76.5674,62.9298
167.0863,187.8407,69.4203,69.1234
161.0593,189.9162,67.3483,72.7951
155.5889,190.6728,70.7407,62.9315
151.1512,190.2314,69.6931,66.9355
147.1965,190.1693,70.7034,64.7485
154.6068,192.0579,62.7083,61.8528
154.4833,192.2716,62.1401,61.4754
149.8308,191.3666,65.5766,64.4702
147.0156,190.9327,67.6448,63.6572
142.3858,189.9504,68.4103,64.9461
139.5176,190.4482,70.1980,65.1110
137.8972,189.9046,67.1004,65.8578
138.7795,190.3061,62.5068,66.2587
136.5034,189.9261,63.4669,66.8158
126.6281,188.8097,72.0508,68.1180
125.5910,188.9134,72.4707,68.4174
121.2920,187.6790,70.1743,69.6516
124.1210,186.7821,64.7186,69.3104
116.9966,187.3209,68.8153,65.7981
114.0876,186.7820,68.6914,66.2120
111.8438,186.7524,70.3350,66.4780
116.7778,185.5796,63.2622,67.1436
110.1950,187.9245,67.6496,64.6818
106.5358,187.0441,69.1989,67.6450
102.0521,188.1305,71.6766,66.3559
103.9152,187.9270,66.5977,65.2635
107.9214,187.3572,61.8750,59.2417
105.6051,188.0759,62.6792,56.4198
103.4740,184.6923,62.2640,62.5893
99.7027,182.8609,63.4217,65.1157
95.9286,183.4954,66.4277,64.9877
92.9553,183.4498,67.4845,65.2714
93.0452,183.3665,65.3819,65.7110
92.1331,182.9511,62.5024,65.9989
90.6969,185.9644,63.2251,65.2485
88.2103,190.9313,63.1349,61.5532
85.4349,190.6080,64.6754,59.5311
82.7105,190.5284,65.4511,60.7554
78.9483,195.0529,69.5857,56.8221
75.5167,194.1685,72.1653,58.2364
72.2796,194.5952,67.7719,57.1229
78.7074,193.7604,59.1904,58.5822
77.2043,195.1334,59.6191,55.9802
74.2522,192.9841,60.8141,57.2229
71.2682,192.9465,62.2599,57.8622
66.6324,193.4604,65.4261,57.0949
61.2798,192.3941,68.2022,59.7733
60.4628,191.7742,68.0037,58.1078
57.5258,193.2572,68.7521,54.2471
53.2942,193.7133,71.3381,55.6630
50.7734,193.5941,72.4655,55.8122
48.2820,191.4631,72.2684,58.4149
52.7701,191.5266,64.3672,58.8446
55.7680,190.5628,58.5988,60.5452
52.3104,189.8550,59.5870,61.2959
50.4766,190.1118,58.1763,60.0831
47.6475,190.3280,58.0505,58.8421
42.4813,189.5785,64.1983,60.3747
40.9619,187.8480,65.2228,57.8161
37.3164,188.4083,67.1129,57.4888
35.3674,188.1881,67.1536,59.1157
