1
34.0000,596.0000,99.0000,60.0000
56.0000,596.0000,101.0000,61.0000
80.0000,604.0000,99.0000,60.0000
102.0000,604.0000,101.0000,61.0000
110.0000,604.0000,101.0000,61.0000
133.0000,596.0000,103.0000,62.0000
149.0000,596.0000,103.0000,62.0000
140.0000,580.0000,105.0000,63.0000
157.0000,596.0000,103.0000,62.0000
2
0
0
0
0
1
447.0000,582.0000,148.0000,65.0000
476.0000,582.0000,151.0000,66.0000
517.0000,582.0000,148.0000,65.0000
536.0000,582.0000,151.0000,66.0000
558.0000,582.0000,148.0000,65.0000
579.0000,582.0000,145.0000,64.0000
588.0000,582.0000,148.0000,65.0000
598.0000,582.0000,148.0000,65.0000
619.0000,582.0000,145.0000,64.0000
629.0000,573.0000,142.0000,63.0000
648.0000,564.0000,142.0000,63.0000
659.0000,555.0000,139.0000,62.0000
660.0000,547.0000,136.0000,61.0000
667.0000,564.0000,139.0000,62.0000
2
0
0
0
0
1
711.0000,374.0000,98.0000,99.0000
701.0000,374.0000,98.0000,99.0000
690.0000,363.0000,100.0000,101.0000
681.0000,364.0000,98.0000,99.0000
680.0000,363.0000,100.0000,101.0000
670.0000,363.0000,100.0000,101.0000
670.0000,363.0000,100.0000,101.0000
659.0000,362.0000,102.0000,103.0000
658.0000,361.0000,104.0000,105.0000
657.0000,360.0000,106.0000,107.0000
657.0000,360.0000,106.0000,107.0000
657.0000,360.0000,106.0000,107.0000
657.0000,360.0000,106.0000,107.0000
657.0000,360.0000,106.0000,107.0000
667.0000,359.0000,108.0000,109.0000
666.0000,358.0000,110.0000,111.0000
687.0000,357.0000,112.0000,113.0000
697.0000,356.0000,114.0000,115.0000
697.0000,356.0000,114.0000,115.0000
708.0000,355.0000,116.0000,117.0000
719.0000,354.0000,118.0000,119.0000
718.0000,353.0000,120.0000,121.0000
719.0000,354.0000,118.0000,119.0000
730.0000,353.0000,120.0000,121.0000
729.0000,352.0000,122.0000,123.0000
729.0000,352.0000,122.0000,123.0000
729.0000,352.0000,122.0000,123.0000
729.0000,352.0000,122.0000,123.0000
729.0000,352.0000,122.0000,123.0000
730.0000,353.0000,120.0000,121.0000
730.0000,353.0000,120.0000,121.0000
730.0000,353.0000,120.0000,121.0000
730.0000,353.0000,120.0000,121.0000
730.0000,353.0000,120.0000,121.0000
717.0000,352.0000,122.0000,123.0000
704.0000,351.0000,124.0000,125.0000
681.0000,352.0000,122.0000,123.0000
658.0000,353.0000,120.0000,121.0000
635.0000,354.0000,118.0000,119.0000
610.0000,353.0000,120.0000,121.0000
586.0000,353.0000,120.0000,121.0000
561.0000,352.0000,122.0000,123.0000
548.0000,351.0000,124.0000,125.0000
547.0000,350.0000,126.0000,127.0000
482.0000,335.0000,129.0000,130.0000
459.0000,349.0000,126.0000,127.0000
434.0000,349.0000,126.0000,127.0000
448.0000,350.0000,123.0000,124.0000
449.0000,351.0000,121.0000,122.0000
450.0000,352.0000,119.0000,120.0000
450.0000,352.0000,119.0000,120.0000
451.0000,353.0000,117.0000,118.0000
451.0000,353.0000,117.0000,118.0000
439.0000,353.0000,117.0000,118.0000
2
0
0
0
0
1
726.0000,302.0000,105.0000,122.0000
761.0000,303.0000,103.0000,120.0000
796.0000,304.0000,101.0000,118.0000
808.0000,305.0000,99.0000,116.0000
818.0000,304.0000,101.0000,118.0000
840.0000,304.0000,101.0000,118.0000
839.0000,291.0000,103.0000,120.0000
815.0000,278.0000,105.0000,122.0000
814.0000,277.0000,107.0000,124.0000
803.0000,266.0000,105.0000,122.0000
802.0000,228.0000,107.0000,124.0000
801.0000,214.0000,109.0000,126.0000
801.0000,214.0000,109.0000,126.0000
788.0000,212.0000,111.0000,129.0000
789.0000,176.0000,109.0000,126.0000
777.0000,176.0000,109.0000,126.0000
778.0000,178.0000,107.0000,123.0000
791.0000,191.0000,105.0000,121.0000
791.0000,179.0000,105.0000,121.0000
781.0000,204.0000,103.0000,119.0000
804.0000,204.0000,103.0000,119.0000
839.0000,205.0000,101.0000,117.0000
861.0000,205.0000,101.0000,117.0000
871.0000,168.0000,103.0000,119.0000
894.0000,157.0000,101.0000,117.0000
904.0000,156.0000,103.0000,119.0000
904.0000,120.0000,103.0000,119.0000
904.0000,108.0000,103.0000,119.0000
903.0000,119.0000,105.0000,121.0000
902.0000,118.0000,107.0000,123.0000
903.0000,95.0000,105.0000,121.0000
902.0000,94.0000,107.0000,123.0000
950.0000,82.0000,107.0000,123.0000
949.0000,68.0000,109.0000,125.0000
961.0000,80.0000,109.0000,125.0000
2
0
0
0
0
1
801.0000,122.0000,96.0000,29.0000
796.0000,122.0000,96.0000,29.0000
791.0000,122.0000,96.0000,29.0000
775.0000,122.0000,96.0000,29.0000
755.0000,122.0000,94.0000,28.0000
736.0000,122.0000,92.0000,27.0000
721.0000,122.0000,92.0000,27.0000
699.0000,122.0000,94.0000,28.0000
690.0000,127.0000,92.0000,27.0000
690.0000,127.0000,92.0000,27.0000
684.0000,126.0000,94.0000,28.0000
680.0000,126.0000,92.0000,27.0000
675.0000,126.0000,92.0000,27.0000
676.0000,126.0000,90.0000,26.0000
667.0000,126.0000,88.0000,25.0000
668.0000,126.0000,86.0000,24.0000
655.0000,126.0000,84.0000,23.0000
642.0000,126.0000,82.0000,22.0000
624.0000,126.0000,82.0000,22.0000
607.0000,126.0000,80.0000,21.0000
592.0000,122.0000,82.0000,22.0000
582.0000,122.0000,84.0000,23.0000
581.0000,122.0000,86.0000,24.0000
