1
291.6845,135.4735,47.1009,168.4405
291.2459,135.6856,48.5823,167.6231
291.8080,136.3785,49.4253,166.1299
292.2389,137.1363,49.9557,164.3696
292.7963,136.3909,50.5083,165.6557
294.4200,135.4493,48.9311,167.7870
296.0929,134.0231,46.3792,171.5087
297.3920,134.0750,44.0867,173.5411
297.6003,135.5016,42.9011,173.0324
297.1671,135.1007,42.6085,172.7514
296.2809,134.9504,42.7588,173.1792
294.6392,136.7330,43.2575,173.1337
292.1574,135.7275,42.7437,172.0025
290.0507,137.5990,42.3353,167.7461
288.1110,139.1842,42.3737,166.7815
286.2308,139.3512,42.0632,164.6714
284.3475,140.6282,43.1686,164.2292
283.1152,142.2864,42.1668,162.7433
281.0615,143.8681,42.4711,159.3796
279.4165,143.7144,42.7238,159.2284
277.8085,145.1326,42.5614,159.7675
277.8508,145.3565,41.1559,160.0279
277.2389,146.6951,40.8933,159.5517
276.4618,147.2890,41.2545,159.5343
275.2054,148.1321,42.1038,158.9586
274.1229,150.0681,42.4132,157.1353
273.4931,148.9570,43.2255,158.7240
272.5407,149.3757,42.7664,158.9698
272.2424,150.9519,42.4040,156.5994
271.0178,152.7296,41.2449,154.8226
270.3806,153.4385,40.8829,153.9197
269.5994,155.6343,41.0569,151.7774
269.0052,157.2224,39.9314,151.9010
267.6857,158.1267,39.8736,153.3539
265.5669,159.0068,41.1216,150.6546
263.9355,159.9424,41.2145,148.0589
262.3648,160.3837,41.7199,148.1703
259.5688,162.3792,42.9922,146.4809
257.1182,163.3793,42.7111,145.6386
253.6766,169.8517,43.5884,139.5597
251.3931,170.9057,43.5844,137.8355
252.4804,171.7714,43.2603,139.1386
251.2674,170.1795,44.1392,140.5685
252.6139,171.3635,43.5479,137.8634
252.0625,173.4859,43.5861,134.9460
254.4011,172.8108,42.5554,136.2608
257.2970,171.2840,41.0487,136.3773
257.8047,171.4088,40.1414,133.4729
258.3781,171.6624,39.2724,133.0834
254.6719,173.7745,40.4567,132.5300
249.2516,176.3224,42.1114,131.2960
251.5411,171.3631,42.3234,132.0387
249.4425,168.9484,42.9275,133.1343
248.4026,166.8260,43.3949,135.1433
248.4964,168.3477,43.2043,134.0853
246.5076,168.6006,45.1282,136.0573
246.0000,162.8814,45.8900,138.0487
249.3470,155.7182,44.5140,143.1541
244.9800,153.4074,46.2671,147.7708
246.3651,154.8553,47.1637,147.8762
242.0466,148.2866,47.5483,149.3510
246.0239,150.3604,44.7118,148.4240
245.7691,147.8208,43.5443,145.3425
246.3363,151.2965,44.0357,145.0517
248.1658,150.1082,44.7489,145.5166
251.5640,146.9035,42.6585,147.9347
252.3970,146.0211,41.2501,146.7360
253.5555,143.9084,41.9088,148.0453
255.5674,144.8334,42.1832,146.9222
253.3325,145.4084,44.1185,141.1796
255.1636,145.0562,46.0559,142.2440
254.2802,148.3801,43.6884,139.7478
254.1260,152.0244,44.2339,137.6981
254.5175,153.6051,45.0548,135.7333
254.2914,153.4937,46.0076,133.3110
251.7966,156.1395,47.9341,130.5422
251.9214,156.3774,48.9526,125.7258
251.1111,156.9865,50.0420,127.0098
250.2099,157.1509,51.1745,127.3647
250.5848,158.6089,51.9273,126.0514
252.2114,157.6698,52.0872,125.3424
251.7497,158.4533,51.2026,122.7379
252.9699,161.6450,49.2562,121.4656
255.7353,159.6044,45.8347,121.8990
256.8255,157.7369,42.9528,126.6744
260.2466,156.8569,39.9834,126.5562
261.4271,155.8215,37.7975,125.6944
262.4175,155.8948,37.0293,122.9014
264.2179,155.8012,36.1127,123.6703
263.4272,156.1246,37.3199,122.4978
264.1514,155.0895,39.3746,122.5022
263.8566,156.9935,39.7551,119.8483
263.6020,156.3487,42.1084,120.9792
264.0509,156.2958,43.2414,120.1351
265.2490,158.1184,44.3915,121.4144
264.1439,158.0671,44.6492,121.7824
266.2566,155.7475,43.9882,121.0623
268.2257,155.5307,44.6109,122.8043
269.7856,155.3756,42.6207,122.9952
272.0802,161.2114,42.6893,121.7653
273.6354,158.6114,42.7342,119.5480
273.8748,162.6656,42.6128,118.4126
279.1569,164.0573,40.2944,120.4666
282.2364,164.6206,40.2834,116.4289
287.9987,167.0441,39.2345,116.2179
289.4000,184.8000,39.0000,115.4000
265.8000,202.6000,39.8000,117.6000
263.8000,213.8000,39.8000,118.0000
273.2000,215.4000,40.4000,119.4000
280.6000,213.8000,41.0000,120.6000
281.2000,219.0000,41.0000,121.0000
270.0000,220.0000,40.8000,120.2000
271.6000,213.2000,40.8000,120.2000
275.2000,207.2000,41.2000,121.0000
270.8000,199.4000,41.0000,120.8000
274.8000,192.6000,40.2000,118.8000
277.8000,189.6000,40.2000,119.0000
278.8000,184.0000,40.4000,119.6000
280.2000,174.4000,40.2000,118.8000
285.5872,173.4477,38.8376,115.3030
287.9626,175.2827,38.9260,111.2260
291.4940,174.6288,39.7778,108.0143
288.2464,174.0154,42.2711,110.6234
288.4747,175.5672,41.8620,109.2890
287.8769,171.4908,41.2722,110.6282
289.5534,176.2656,41.2891,109.7664
288.2580,177.4631,42.6219,108.9616
287.1112,175.5872,42.3599,110.8558
287.0378,176.0527,41.4425,113.2994
285.4587,174.7312,42.8878,115.1934
288.0530,175.2413,41.8686,116.9692
289.6151,180.5490,41.7451,117.6482
287.7514,183.7414,41.8414,117.0874
285.1028,182.5315,43.4298,118.1820
286.3824,186.2903,43.0328,115.1033
284.1447,185.7852,42.5799,114.2146
286.1700,185.3813,41.5188,114.4328
286.0849,184.9026,40.1233,113.5805
286.2431,183.7530,39.4394,115.0367
286.8485,187.1399,37.2576,113.9604
285.7464,183.6274,37.0294,116.7345
286.7918,185.3414,35.6174,115.6145
290.0011,182.5249,34.1072,115.5477
289.6396,184.5267,34.2080,116.4115
290.1920,184.4059,33.7504,114.0429
292.6371,185.2386,33.1050,109.5557
292.2118,186.8635,33.6904,108.0121
287.3129,181.3336,36.4188,110.3373
291.6995,187.2506,35.5529,110.4539
291.3263,185.7830,35.5590,111.9821
293.1771,186.0623,35.3327,115.8092
295.8183,183.5524,33.8522,120.3580
295.9438,182.3617,33.7251,121.6636
294.8034,179.1910,35.0958,120.7593
299.1081,181.5239,33.2557,118.1247
298.3717,183.9966,32.4139,115.5165
298.5974,191.2607,30.8607,114.0526
290.5096,186.7939,32.0881,111.9697
286.6404,188.7828,33.5973,110.3897
283.0583,189.0305,34.2091,112.1294
282.5333,193.6932,35.1329,112.9415
278.5265,189.5431,36.9876,114.0649
276.0080,192.2133,38.0791,116.7167
274.8815,188.7475,39.9074,121.3613
272.9961,182.7781,41.1073,127.1812
273.4422,185.8825,42.8444,129.5497
271.9988,182.4765,45.6154,131.6819
272.3418,182.7929,47.4006,134.5848
273.1890,179.6880,46.6123,138.2550
274.5894,177.0762,49.8934,137.8983
276.3510,176.8632,50.3669,136.9062
277.3525,178.2962,51.4511,134.6557
277.7328,180.9723,52.6697,131.9172
278.3234,181.9225,49.8145,130.3161
278.8327,182.9785,49.7570,129.9221
279.7355,181.1064,50.7214,130.8560
280.4958,182.4024,48.9924,130.7259
281.8571,184.0069,49.3047,132.8096
284.5194,181.8409,47.7291,133.3300
286.3420,177.9969,44.5906,133.4383
289.0175,176.6425,44.2934,136.8155
292.4220,179.1182,42.9963,136.4819
293.4323,172.5972,41.6585,138.8152
296.7605,171.2637,40.3770,140.2570
296.2756,169.1009,39.1137,142.7864
297.8862,171.0162,38.4222,142.8225
297.6539,173.5480,38.8098,141.4087
297.5331,174.6790,37.9785,139.0613
298.8979,174.5171,37.3612,138.7047
296.6403,173.6839,38.8032,138.2434
297.4822,178.1413,40.1664,140.9756
296.8140,176.6972,41.6624,143.3540
296.4141,179.4358,44.4753,142.9188
295.9958,180.3914,48.1200,142.1707
294.5703,185.0717,51.0668,139.5768
291.9305,184.2640,53.4118,137.3100
289.4936,183.1292,53.0208,139.5578
288.1391,181.6821,52.4698,139.5960
288.8774,181.7308,52.7969,136.6253
287.3883,178.8707,52.4426,139.4150
288.0412,178.9331,55.6878,138.8096
288.7554,177.4561,58.0599,136.0205
290.9803,182.2491,59.3393,132.9668
292.9244,181.3898,60.5417,133.1681
295.1529,184.2585,60.8918,130.9060
297.3791,183.9722,59.1715,132.0152
303.0987,186.4942,56.2964,130.4841
308.0977,189.3383,51.5709,130.3947
310.7804,182.1009,47.6698,133.9051
313.1924,182.0239,47.2258,132.2626
315.3590,179.4675,47.8009,129.3118
313.9088,179.2731,48.6641,127.8626
326.0590,189.9185,45.9587,126.8213
324.0363,189.8092,46.1930,126.2278
325.9733,191.9707,46.7083,125.9367
328.4893,193.6893,47.7822,125.7607
319.8280,187.2138,50.6603,124.1809
322.2140,192.0079,54.9934,125.3137
317.3710,190.8342,58.6285,124.5151
316.2701,190.4973,60.1094,127.5349
314.8131,186.8224,60.1561,126.8942
314.0710,189.5392,58.5925,128.6555
313.6628,184.2988,56.0844,128.8802
314.3336,188.2176,53.2058,129.9958
314.7113,183.9708,49.7039,128.9234
315.5256,187.3065,47.6604,128.6917
318.6332,187.7688,45.3821,130.5094
319.3326,191.4342,43.7210,129.4728
320.8872,192.6559,41.1850,125.9642
322.9083,193.8688,38.6994,121.5179
324.7057,195.3910,37.9772,121.0014
326.3007,196.1468,37.2882,122.1420
325.3945,194.7998,36.7980,120.8772
327.0065,196.3383,36.0982,123.3456
330.3334,199.5518,35.1312,122.4465
332.5257,196.8057,35.8413,123.8452
333.8297,198.0103,35.2845,123.9216
337.3130,198.8817,35.9272,121.3683
339.8719,199.2989,35.8845,121.3902
342.2294,197.3416,37.6134,119.9327
344.8721,200.2901,38.0307,119.6478
346.1527,207.0396,38.5303,116.0897
350.4970,205.9057,37.9246,115.3609
352.4064,209.7760,38.1957,113.4451
355.3281,212.4476,37.8451,110.0443
356.5688,213.3696,37.3888,108.5859
359.2417,216.0704,38.2281,108.7742
358.4073,210.7401,39.1955,113.2513
359.1047,207.3336,39.9279,117.5351
359.9484,205.5029,39.8165,115.7029
358.9448,199.9794,40.5345,116.7093
360.6668,200.2647,42.8349,118.7039
363.9847,201.5782,43.6335,119.7071
367.7258,200.3814,46.3250,120.6920
368.2926,199.4698,47.5814,124.1572
372.8499,197.9811,49.8062,127.3872
375.6939,200.7758,49.9518,127.9585
375.9497,196.0035,51.1055,130.9525
379.8447,192.9579,52.0222,134.1377
385.0473,192.6676,52.0068,138.3356
386.0100,190.7076,51.3506,139.9788
389.6646,189.5680,50.5681,143.5239
390.9589,188.4789,49.4850,144.9789
393.0819,186.2892,46.6518,146.7801
394.4969,184.5204,44.9806,148.3446
393.9320,185.5591,44.2326,147.9926
395.5932,189.7038,42.3438,144.4583
396.3663,190.8256,41.4436,140.8502
397.1232,196.1824,41.5427,137.9524
394.6408,196.2372,41.5961,137.5964
394.4908,198.1865,45.1759,135.2139
394.6776,199.9084,49.9993,133.6781
394.1566,198.5038,51.2490,133.6011
394.6074,197.8514,52.1881,135.8898
395.4985,194.5730,55.0554,136.8941
398.0549,192.7419,59.6563,139.3157
401.8307,190.9519,65.5226,142.1743
402.1602,188.9777,70.0231,143.4162
406.7786,192.0711,70.6303,140.0231
408.7325,191.0318,69.7150,141.3124
411.8056,186.5326,68.0180,145.4619
417.0299,189.1385,64.5529,145.4680
418.8374,189.0453,61.5928,142.9440
421.5373,190.8915,58.0186,143.3021
424.9756,192.4750,53.8934,138.8258
427.6486,190.0459,51.1503,141.4880
429.2328,187.3025,49.5636,142.7939
432.8938,185.6214,47.2474,138.7693
437.1873,192.1433,46.1075,138.8405
438.2590,194.9549,46.2672,137.0814
438.0304,193.0555,45.6451,137.3562
436.6347,197.0826,46.5700,135.6273
434.0019,196.1134,48.5008,136.0955
430.2013,195.4002,51.7590,139.8357
430.1592,193.1221,53.5976,139.5740
425.2521,190.6807,56.1843,141.7860
423.2664,190.1543,58.2699,144.5882
423.0524,194.0274,58.2938,142.4254
419.5467,196.4252,59.5109,142.8395
412.8970,188.3691,61.1425,143.4716
409.5711,187.5846,58.9889,144.6585
407.5454,183.0250,56.3438,143.9706
404.5051,184.5968,53.5490,146.8199
403.9323,186.5459,50.0523,143.6253
401.2625,192.0967,48.4976,139.5078
401.2728,194.1287,46.6605,138.5243
397.2604,197.7024,45.5280,135.7007
396.3611,197.3543,45.2510,135.1464
396.9454,197.6277,43.6574,133.4923
397.9313,198.5311,43.3864,131.5943
398.0394,198.6919,42.4355,128.9837
398.7879,195.2260,42.6812,131.6958
403.2731,198.7444,40.1277,130.1109
401.0832,195.7937,40.0574,130.0261
404.6853,203.5462,38.6312,125.4284
403.5373,196.5428,38.8310,127.6740
404.9904,189.7482,39.1278,127.0415
404.5715,193.4131,39.9228,127.2682
406.3615,196.3410,39.8814,127.8888
406.1263,196.6245,39.9880,127.4909
407.8042,197.3875,38.6052,124.7793
409.6240,198.3721,37.3627,124.2554
409.7037,199.8692,36.6611,123.7574
407.6260,201.0047,36.0287,122.8461
405.6343,201.2096,36.1789,120.4422
410.2209,203.5609,35.5469,120.5155
410.4598,204.7538,33.8279,119.3345
413.4809,207.8012,32.4204,118.3056
411.7341,204.5131,31.7351,117.7087
411.8906,205.0857,31.8654,116.8450
412.2435,204.3293,32.5996,113.4571
410.7612,202.3797,34.0947,112.0151
407.1341,198.7530,36.0302,114.9871
407.1964,199.8610,37.8028,118.3740
405.9767,195.3940,40.6868,120.7899
402.9988,184.9601,43.0234,130.7879
403.7623,184.5322,45.3202,134.7566
403.4531,181.1661,45.9650,137.5279
404.0271,175.6718,46.9044,142.3029
404.9821,179.2096,47.8667,143.1497
406.6854,177.1784,48.3641,146.1505
407.7912,173.6626,50.7070,150.4484
407.4129,167.0450,51.3462,150.3805
407.9090,163.8459,49.9082,148.0636
407.4091,164.4676,48.3614,148.8480
407.9005,166.1536,45.1332,148.4266
407.9968,165.7176,45.0179,149.1200
405.0055,164.0686,44.1742,154.9649
403.9286,158.7844,42.5543,159.7760
401.7054,160.7254,43.1118,162.1444
396.1403,152.5683,45.3568,168.3694
394.5755,148.9404,47.9890,174.1513
389.6052,151.7301,50.7514,175.5143
384.6039,149.7970,52.0027,177.0939
382.3519,146.4144,53.9945,182.1705
377.7099,146.6053,55.3254,180.7132
374.1778,143.7159,56.7026,182.0241
372.5874,144.3786,55.6413,181.7094
370.2112,142.8365,57.0472,181.9072
366.7122,142.4936,57.8682,181.4880
364.1457,142.0998,58.0404,182.0503
362.4930,141.0363,58.1447,179.4789
361.7531,141.2282,54.8562,177.1729
361.4597,141.5942,51.8816,177.1212
362.0186,140.6778,49.9884,177.1787
363.5224,138.9667,45.4570,178.0267
363.9223,137.6325,46.2833,173.8034
363.4614,135.4323,46.1336,172.6629
363.7408,135.8510,44.8197,170.8933
362.4018,134.6767,45.2057,170.7703
363.7192,135.0844,46.4290,170.4881
363.2109,134.8542,47.9827,170.9762
359.9893,133.7178,50.0525,170.8177
359.1306,131.7332,51.0124,172.6000
356.9219,130.9681,52.1511,172.7690
354.9298,129.7402,51.7377,171.7249
356.7606,130.4946,51.1187,172.4783
355.7940,131.4361,49.5659,169.1225
354.9300,131.0615,49.6754,168.7119
355.9455,135.0038,48.8615,168.4309
352.4549,133.3859,48.6869,170.7622
352.0962,133.2206,48.7363,168.6766
351.0579,132.3758,50.0611,170.7539
351.6652,133.1534,50.2267,170.1028
350.2563,134.9910,49.3743,170.8653
349.0183,135.0266,49.0742,171.0272
346.0453,132.6984,50.3298,173.5864
346.1454,135.1940,49.5519,174.1278
346.0674,139.4783,50.9380,169.9523
343.6792,139.6402,49.1790,168.0631
343.1266,142.1001,49.8872,163.1264
340.4532,148.5360,49.3567,157.5768
339.8058,149.5069,48.2536,154.5283
337.8678,151.9903,49.2201,148.7247
335.2700,153.4584,48.8738,143.9171
331.8604,153.2409,49.5352,138.9197
329.0950,158.1416,49.8786,132.8895
325.0196,157.4078,50.0279,130.0280
321.7610,157.7557,51.8306,132.5071
321.2265,164.3091,49.8605,132.1496
317.0161,162.9651,50.2956,135.0266
315.7870,166.5663,48.3783,137.0774
313.8253,172.6495,46.2638,134.9943
314.3546,172.7703,44.6396,132.6142
312.1701,176.4926,43.3754,130.7990
309.5081,180.5446,42.7605,126.9327
307.2543,179.8777,39.9340,124.9643
304.6995,179.3073,38.0341,119.9528
301.3320,182.2796,37.4150,114.4356
299.5488,182.4288,36.2907,112.7174
298.9202,182.2878,35.3119,111.6161
299.1137,180.3474,36.1463,112.3772
300.1022,178.6459,38.2805,114.7773
297.5178,181.1875,39.5315,113.6771
294.4393,177.8642,39.7987,116.6863
293.6225,175.9879,41.4802,118.0138
289.9818,175.5435,41.4772,120.4235
289.1769,181.1929,41.5584,122.0686
289.7452,177.0574,41.2017,124.6947
286.9782,179.4282,40.7245,124.9645
288.7728,177.1519,41.7237,130.1492
288.3831,178.0706,42.0051,133.6766
285.4612,170.7040,42.6371,136.1695
284.7209,171.6045,43.0730,138.3651
282.3331,171.8452,44.8038,138.0701
279.2584,175.3080,45.9195,136.4483
279.2515,176.0558,47.2492,136.8144
276.3981,177.3333,48.9043,137.3768
274.1633,176.2846,51.4938,136.0934
271.5444,175.1813,53.5464,136.2967
268.2399,175.5029,55.7642,136.8781
268.2864,174.2037,57.0220,135.9690
265.4029,175.0079,58.0462,135.9177
262.7344,172.4206,58.2309,136.8847
263.4032,173.8785,60.1406,136.4730
260.3651,174.5120,58.2183,135.6158
261.3428,175.1298,57.2840,135.9365
261.7319,175.3187,58.4373,134.4868
262.3356,176.8358,56.7199,131.3206
261.3622,176.6004,59.2987,133.2277
263.9540,176.8611,59.1457,131.8372
264.3894,178.8964,59.3895,132.1854
263.9478,177.6429,60.1262,133.7697
265.4499,179.5429,61.0448,134.9687
267.5560,179.1757,63.3836,134.1291
267.7686,178.7969,66.5037,134.0346
269.3951,180.7505,67.2142,131.2684
269.8902,180.4958,63.5906,133.8908
275.7797,175.9053,58.9231,135.5229
277.4150,174.6242,55.5515,138.0991
278.5070,175.9394,53.9874,140.8123
280.8708,176.9496,52.9342,139.9793
281.8028,175.8966,51.5385,137.5223
282.2413,173.9418,50.8121,137.6119
282.3792,172.9230,50.8159,133.4508
277.2107,171.8730,50.2200,132.3718
279.5231,173.7787,48.2150,132.1579
280.5288,176.4248,47.1923,131.4292
277.9294,183.7904,47.2659,129.9099
275.9803,182.3986,47.3461,128.6105
273.2188,184.5391,46.8326,126.7309
271.7949,182.3578,48.2523,126.6102
268.4772,183.6787,49.4866,123.5921
264.3192,182.4756,50.8244,122.3462
265.1157,187.2403,49.3904,119.4483
261.6242,181.2035,50.4957,121.8056
261.1277,181.9462,49.3912,121.8714
259.6828,177.9711,50.5100,127.9224
259.2984,178.5010,50.8325,129.9911
258.9375,176.5207,51.0375,131.2473
259.5241,179.3839,50.1464,130.7907
259.3792,178.3527,49.8475,133.4805
259.7795,179.8609,48.7066,133.4445
262.0870,183.6568,47.3156,131.5915
262.1929,182.8439,47.5981,133.9646
262.6671,184.2276,47.6058,133.5179
263.7889,189.0530,46.5153,130.3592
266.2483,196.0500,45.2684,125.6255
266.3185,191.7838,46.6857,127.8495
268.0569,198.6269,45.1438,123.5189
267.9801,195.4613,45.8700,123.4124
267.4168,194.2730,45.9709,123.1248
266.2944,194.3187,46.2323,123.6228
264.5494,193.6191,46.9746,123.9224
264.6687,190.9091,47.0075,124.2417
261.4917,188.6919,47.5138,124.6909
260.4935,188.2754,47.0491,128.4003
259.3166,180.0118,48.7028,133.2519
257.8841,185.9291,47.5296,130.5279
255.6310,179.0452,48.5002,133.3683
251.7006,169.4306,51.2457,139.1394
246.8824,164.9337,53.5821,141.1793
246.1620,167.8924,52.5454,137.5509
244.6246,167.0839,52.5098,136.5820
243.5423,168.9641,50.9209,133.5759
241.6055,165.8891,51.6095,134.3913
239.9060,163.0051,53.6820,136.9192
238.6806,160.4256,54.0684,139.2225
238.8615,159.5964,53.6237,140.1541
239.4436,163.4133,51.4743,134.9704
240.9892,160.4978,52.0452,134.7788
241.8609,160.2003,52.7010,136.7295
242.5556,160.2794,51.8437,138.2097
244.0753,160.4286,51.4678,139.1451
244.4841,162.3250,50.4049,135.4608
247.4376,164.9745,50.4563,134.0470
249.6264,166.4445,50.0790,131.2815
249.7039,166.2587,50.2214,130.3589
250.1318,160.6071,51.5297,132.2391
251.4219,159.3507,52.1254,133.7751
251.5253,151.1035,52.3031,136.6954
252.7527,152.8539,51.7813,137.6944
253.6125,151.9675,50.4462,136.9980
255.0536,147.1801,49.4514,137.3407
254.4953,141.0057,49.1341,139.8729
257.5886,142.7036,46.5849,138.9888
259.3496,143.4185,45.2272,135.7958
260.6649,141.0569,45.6746,132.8663
258.7751,142.3154,46.2953,129.8437
260.0943,147.1035,45.5611,124.7612
261.3158,145.0275,46.1099,123.4329
259.2996,148.0502,45.4399,119.9368
258.5155,144.2720,45.9005,119.2210
260.0983,146.5563,45.4223,118.8849
258.9407,142.5508,46.3296,119.2966
258.7468,144.9818,45.5321,117.0463
257.7526,140.9859,45.5409,116.7890
257.9656,143.7102,44.4177,115.5574
256.0187,142.6006,43.9075,115.3304
255.6391,141.9954,42.6402,113.9760
254.4842,140.4350,41.6631,113.0426
255.2204,138.3617,40.7573,113.9969
256.7559,135.5676,40.2577,111.1371
257.3325,135.6723,39.6496,109.6531
258.8513,133.6712,38.7416,108.7753
258.8508,140.4914,37.8980,105.6507
260.4529,141.9477,36.7412,102.6534
260.8902,142.8238,36.5371,100.9487
257.9528,138.3187,37.6444,102.1943
255.7085,133.6433,39.7059,103.8795
250.9150,127.0912,41.2477,109.0186
247.5366,123.1082,42.9646,113.5540
244.1069,123.4138,42.8361,114.3951
243.6380,124.6405,43.4592,112.0214
240.6783,121.5499,45.2301,111.6019
239.8081,113.4588,47.3380,116.0756
237.7727,112.1908,48.5687,120.6752
236.6756,112.4798,47.7724,121.7088
237.9500,110.6664,46.1170,123.2887
238.7572,117.7272,43.3995,116.7676
236.8601,119.3079,41.8350,112.6011
237.4205,112.6157,42.9666,115.2335
236.2999,108.7721,43.3467,115.9054
236.9274,110.0125,41.9171,113.3857
236.8936,109.2994,41.9741,111.4656
237.3662,107.8096,41.1750,111.0123
237.3790,99.4340,42.2376,113.4433
236.9393,101.0808,41.9246,111.5182
235.5527,98.1202,42.3944,110.2106
234.1644,98.2150,43.2619,108.6213
234.4368,90.8130,43.7030,110.1632
232.1880,87.4816,46.0719,111.2657
228.2483,85.5547,47.9632,111.4183
229.8120,92.4473,46.3577,105.4846
227.9986,85.4767,47.5906,107.9710
228.0261,90.9579,45.6159,104.8465
223.3518,80.2301,47.5607,111.5537
223.0953,79.0043,47.4775,116.9580
223.1786,75.1934,47.8649,123.5844
223.1021,77.7322,47.4044,124.6683
221.6196,70.3339,47.9240,128.4727
222.8135,73.6052,46.0274,128.1915
221.8214,69.6092,46.0488,129.2808
220.7018,66.0168,45.7255,132.3024
220.7839,64.4722,45.1569,132.8994
222.9595,68.4875,42.5126,130.6524
222.8578,62.7291,43.7248,131.0267
220.8243,60.0677,44.7690,131.1693
221.8042,59.4437,45.0469,132.7356
221.2125,58.4475,45.2182,131.0709
220.3271,50.6539,47.4337,134.2286
218.8190,54.9575,46.8282,135.1945
219.9482,50.8437,45.8324,136.2497
219.5254,48.3813,46.4560,136.4496
217.3022,47.3483,48.8463,135.8009
218.2560,53.4556,47.0245,131.8984
221.1217,53.8736,46.0673,129.4707
219.8383,51.6784,47.5355,129.6287
220.7776,54.2913,47.4638,128.3246
219.6943,58.0437,47.4300,126.1521
222.0564,57.6711,48.4300,123.1716
222.7755,63.0227,46.4580,121.6203
222.7180,62.0962,48.3459,122.4763
221.0096,60.4251,50.5742,122.8360
220.3055,59.3456,53.0354,123.1026
217.8664,56.6779,54.5102,123.2690
217.2577,52.6696,55.1998,126.6356
212.3805,47.6384,57.3409,132.8696
210.8727,42.7524,58.0503,137.8796
210.8994,41.7858,57.1854,141.5609
211.6715,42.9541,55.0796,142.9123
213.9703,41.0995,54.4559,144.1121
215.8294,43.9821,52.7028,139.7893
215.7211,43.4201,52.8928,139.4398
215.3181,42.4202,53.3628,140.0137
214.9876,42.2745,54.4400,138.3315
214.9098,45.5482,54.3596,133.1399
216.0941,50.8147,52.6821,126.7488
215.9250,53.3473,51.4268,123.2901
219.5649,58.5306,51.0813,121.0370
220.9598,59.7685,50.6408,122.8641
219.9835,64.2651,51.6985,122.7759
221.4404,64.7211,54.2249,125.9037
222.1518,67.1777,53.9643,130.4546
223.0139,69.7736,54.0779,131.8405
223.6355,70.7833,56.2018,128.5753
226.4908,75.5283,57.7169,125.5772
228.9364,76.2042,59.2537,122.1022
229.8056,79.2266,57.2896,122.7581
232.7353,79.8545,57.5011,121.6696
238.0133,81.7618,55.7039,119.8390
238.5037,74.9041,54.7421,124.9356
240.6792,75.7939,52.7784,125.9273
244.1224,74.8005,52.3612,128.4129
245.0676,72.2787,52.0537,130.8519
246.2197,70.3337,49.5424,134.6920
248.8751,70.4514,48.3898,136.1147
250.5087,68.7027,50.2864,137.3699
251.1162,72.1368,53.9237,137.3625
249.7985,72.7781,56.4226,138.0854
248.4610,71.4541,61.0937,140.1748
248.3982,70.9484,67.1028,140.2312
246.1277,73.1311,68.2540,141.1570
249.1300,69.2802,68.2941,144.3286
249.7054,73.1000,64.9298,140.2929
249.6262,68.8414,60.1147,141.9435
250.6349,68.1389,57.5809,141.1627
252.5150,69.0266,53.1994,138.0349
254.0727,67.1210,51.5349,142.2625
253.8666,62.1369,48.4775,145.7038
256.5129,57.6261,46.4394,150.3559
256.6772,56.9398,46.7240,153.2540
259.7915,52.2584,47.3750,156.3986
261.9050,49.9345,48.9946,156.7064
264.4365,47.1873,47.7910,157.9285
266.8705,44.1023,48.4444,160.6000
264.1714,40.2701,50.1568,161.5079
270.4808,38.9000,47.5408,162.6513
267.8476,41.1335,48.3976,159.7934
273.4317,42.1721,46.8992,158.9166
274.6986,41.0191,45.7609,157.4331
278.7861,43.6552,43.8126,155.7932
281.8828,44.8193,43.0163,152.0656
283.4368,45.9702,41.4142,150.5710
286.9673,48.8516,41.6129,146.2716
290.6650,52.0640,40.9273,146.3878
292.0780,50.9659,43.1785,146.0595
293.7294,50.4506,44.7225,147.5559
296.0403,51.5513,46.4536,148.6745
294.6121,47.5506,48.1002,154.0655
295.7166,49.5197,49.7452,152.7181
295.8605,47.6059,52.3448,153.6088
296.5276,49.2354,51.0010,151.6068
297.8095,49.8097,50.4907,149.4123
299.5073,51.0988,51.3245,145.3345
298.5004,51.6356,51.5662,148.2312
298.2853,51.4315,52.9707,149.3993
298.3236,51.8921,52.9188,150.0796
302.7777,52.9062,55.7892,147.1969
301.1808,53.6998,54.2809,146.1457
304.9642,55.9851,52.8122,145.4054
308.0821,56.3824,52.4554,139.9576
306.6148,55.8746,51.7267,140.2404
309.2473,57.2585,50.1275,135.9147
308.8984,55.0201,49.5194,137.8776
309.8876,52.0304,51.3065,141.6163
310.4171,50.9806,52.3826,142.4033
310.3492,46.5464,53.8388,146.4610
312.0165,45.1367,52.6580,148.7123
313.0711,45.0990,51.1841,149.1363
313.9041,42.0813,50.4212,152.8038
315.2853,40.9669,50.8519,154.4888
314.3331,41.8653,49.6721,156.3054
315.7125,40.4603,48.5670,157.3193
315.2618,42.3309,46.8177,156.4014
315.3825,41.7532,45.9420,157.3087
315.0733,42.6851,45.1417,157.8053
314.9038,44.7978,44.5512,159.1093
316.3672,47.2964,46.3921,159.1824
315.9577,51.8582,45.8524,156.5670
318.5994,54.3409,47.9814,153.1931
318.9056,60.5708,49.1699,147.3321
317.5439,62.7443,47.1270,147.9636
321.9177,65.3935,48.1604,144.3724
323.7863,65.3482,49.9735,144.1139
327.1486,62.3219,52.1211,142.2459
328.6666,63.9998,54.2935,137.3890
331.2614,60.0069,53.9305,137.0675
333.3474,60.4194,51.6241,133.8796
337.1470,54.5934,52.7516,137.6019
336.6341,50.4782,54.0197,141.9771
337.0982,48.5738,54.8458,146.1736
339.3542,44.9264,55.2801,152.8372
340.1060,46.6519,51.9145,153.3298
341.7362,46.8140,49.7607,156.5193
343.2616,45.5021,47.5487,157.6381
341.1073,44.5471,47.2523,158.8139
341.0217,46.3225,47.6278,156.3896
342.7177,50.2817,47.2168,152.4124
343.9988,54.1655,45.7197,150.3111
343.6275,57.2403,45.4917,145.4376
346.0023,58.5510,44.5926,143.0447
346.2748,56.6411,44.2343,146.1797
348.7440,52.3129,44.0938,145.7472
348.0751,49.0561,45.3363,147.7486
349.2772,45.7782,46.3253,148.5842
348.8414,42.3266,46.4615,149.9440
350.6166,37.8983,45.8551,150.5490
354.0229,37.0418,44.9369,147.4287
352.5157,33.8964,46.2255,150.2913
354.2234,32.5386,46.7413,148.9837
352.6253,28.4972,47.7431,151.3075
354.0616,26.8007,47.0716,151.6891
353.8414,23.8362,47.9197,155.3309
356.3403,22.7509,46.4590,155.8594
358.7676,22.0064,44.5599,155.3732
358.0786,22.0882,43.4853,157.2970
359.6557,23.8495,42.3650,153.1784
361.0367,24.0074,40.6467,152.2216
363.4093,27.6679,39.2520,150.5758
361.7979,27.2799,39.1828,150.8319
361.8188,26.0627,39.0619,152.3687
360.8887,26.7732,40.0840,151.8007
359.1885,27.3996,40.9775,150.8727
360.4965,27.9763,39.9218,149.6709
360.4644,28.6784,40.0975,151.0016
362.4285,30.3503,39.1343,150.5934
360.7170,30.2075,39.1673,150.3441
360.6863,31.3783,39.6409,150.2530
361.3454,33.3739,39.6466,147.4391
360.5057,34.5071,40.1578,146.7187
360.1653,34.5769,40.6935,147.7424
359.1683,37.0411,41.0781,145.8804
359.3259,37.4251,40.8232,146.5509
358.8001,36.0943,41.4164,147.9593
360.1096,38.1408,39.6709,145.4901
360.6366,38.7817,38.9804,145.3508
362.0766,38.8446,37.2277,144.9302
362.0538,37.6480,37.2979,145.0924
363.2130,39.6735,36.7324,142.9522
362.4811,40.5114,36.2125,142.8947
363.4274,41.1120,36.7781,141.0736
363.5390,40.9274,37.0353,140.9665
362.9815,41.5492,37.2185,140.8861
363.1703,43.1860,37.3818,140.3475
364.1549,43.0285,37.4725,140.2890
363.8960,44.6834,37.0386,138.1539
364.7311,45.2825,36.4114,137.7788
363.6483,45.5719,36.2412,136.1375
362.8981,43.5515,37.2320,137.8828
362.8655,44.1066,36.9598,138.6276
362.8642,43.3544,37.9301,141.0677
362.2639,44.5125,37.8025,140.7197
362.6764,43.5338,37.4611,141.5944
363.3645,43.7249,36.4443,142.0686
363.7836,45.2090,35.9824,141.3126
361.1781,45.9056,38.1193,141.4616
361.1000,45.0198,38.9329,142.6869
360.7398,45.5666,37.8538,142.1139
360.3192,46.4624,37.5014,142.4619
358.6781,46.3922,38.3321,141.3022
357.2633,47.5934,38.7755,137.4420
355.9228,48.3306,37.5042,136.8758
354.9707,47.7494,36.6671,136.2629
354.4220,47.9673,35.3608,136.1217
353.4767,47.4277,35.8557,136.9272
353.3502,48.8745,35.0953,136.0201
352.0955,49.0168,34.1098,133.4236
350.2065,49.5320,35.0082,134.1785
348.2736,50.0502,35.3321,135.0512
346.5191,47.6812,35.9234,136.8248
345.5175,44.2964,37.1543,143.1780
344.0555,41.0856,38.2131,144.0573
343.0788,44.9184,37.5409,140.8286
341.4025,42.3150,37.2023,137.9806
340.5281,42.5243,36.3922,136.0994
338.4352,43.6536,36.2062,131.9198
337.4603,42.0911,34.9459,131.4373
335.8763,41.3552,35.5577,130.3169
334.4699,41.1735,35.4515,130.3667
331.8563,42.8152,35.4406,124.6313
329.0500,45.1813,36.1243,121.2184
328.3561,44.8484,36.7049,120.7098
326.3407,45.6605,37.8161,118.3308
324.4647,47.6045,37.7728,117.4973
324.5289,47.8310,36.4804,117.1255
324.0250,45.7696,34.3145,118.5331
322.5692,49.4846,33.1858,114.2190
321.2173,46.6863,33.5853,115.5928
319.0466,49.6037,33.7446,115.1563
318.3262,46.6366,33.3974,117.7919
314.9671,47.4258,35.0292,116.0021
313.8867,47.7766,35.4820,117.5209
311.3090,43.3327,37.8110,123.4067
308.1839,42.8433,39.5584,125.3823
304.6223,40.4074,41.4341,126.5687
301.8249,39.8692,42.1085,127.8585
301.4282,39.1763,41.3806,128.9818
300.0509,40.0557,41.1622,128.9526
299.1613,39.2798,40.7156,129.6830
298.4295,38.5733,39.7359,132.1362
296.7205,37.6221,39.7677,132.9597
295.7661,39.6958,38.9141,131.4121
295.0968,40.5808,38.3220,131.5776
293.2657,40.4524,39.5089,133.1448
289.5807,40.9895,41.2655,134.3160
288.6320,41.4675,40.7953,134.9930
287.6526,43.7151,39.8390,135.1764
288.1948,46.8479,38.7064,131.2438
284.2245,48.1728,40.5023,127.5712
285.4869,51.2902,39.0185,125.2330
283.0376,51.8830,39.5397,125.2551
281.9062,52.6644,40.3289,125.3859
282.2073,51.5961,39.6365,128.6365
283.1183,53.5386,38.9365,128.2382
281.5166,54.0035,38.9818,128.2941
281.1169,54.7128,38.3156,129.1783
282.0846,55.0631,39.0987,128.8983
280.7659,57.9168,37.4610,126.8139
280.6738,59.7167,36.9215,127.7600
281.8293,60.4816,35.7266,127.6475
281.3118,63.2712,34.6073,124.0694
282.9737,65.9046,35.4120,120.4328
284.4665,70.4947,35.9129,113.0680
283.6511,72.7028,35.3484,111.0774
283.8138,75.5548,34.5869,107.3040
283.6528,75.5376,33.9833,106.5328
283.1417,73.1557,32.9833,106.9201
283.4389,72.0177,32.8919,105.8871
283.6546,71.9885,30.8275,107.1716
284.6885,71.1604,28.6426,107.1180
285.4067,68.2326,28.1733,109.6033
283.6490,65.1362,30.2976,113.4060
283.0854,61.6755,30.4497,120.6696
283.6841,58.5248,30.4990,124.4481
283.3929,57.9460,31.0099,125.5045
282.9691,56.6838,32.6873,128.6683
282.1472,57.2863,34.2668,130.1801
282.5914,59.3943,35.5731,126.2728
283.9060,60.7822,34.7438,122.8275
283.3050,61.8413,36.8959,121.7666
286.3238,62.3796,36.6127,117.9854
288.8325,64.2514,34.8201,116.5950
291.0953,61.9929,35.6187,117.7706
294.0594,61.7574,33.9150,119.0062
297.4758,62.4319,32.4236,117.6394
301.1997,62.1908,30.9529,115.2297
303.0074,61.2960,29.6682,117.2685
305.4359,62.1497,29.0906,117.1465
308.6797,60.4717,28.6870,116.2262
311.8279,61.6883,27.5657,114.3527
312.5936,60.4853,27.2193,116.9331
313.9627,60.3696,27.9762,120.7845
315.2301,60.8272,28.7313,120.6607
316.8491,62.0186,28.8697,118.2843
317.9186,60.3564,29.4970,120.8355
320.1936,61.4790,29.1996,121.7950
320.8323,60.0899,30.1625,123.2165
323.3178,59.7145,30.8616,122.5350
323.8460,59.5321,31.2423,124.4533
327.2750,59.6240,31.4482,123.8062
328.4800,59.8585,32.2788,123.3915
328.7893,60.4088,33.3651,121.1009
328.8758,59.9310,34.8430,121.4072
329.2501,58.2365,35.5496,122.1271
329.6252,59.8896,36.1161,118.4840
330.3570,60.5974,36.8117,119.0197
330.4711,61.0075,38.9800,118.8047
330.0823,62.2746,41.7357,115.5265
329.7391,62.9192,41.7920,116.0081
330.6815,64.4128,42.2740,113.9231
330.9877,65.3500,42.8318,115.7218
331.3921,65.7063,42.4818,117.0765
333.3047,63.4431,41.9104,118.2921
334.9335,63.6099,41.7785,117.8342
337.2357,65.2964,37.8464,116.5094
338.5284,63.3089,35.9503,117.4326
338.7777,63.7574,34.9881,118.1932
343.7331,63.1226,36.0753,118.7437
342.6793,63.7845,37.1660,117.5223
344.8044,63.5368,37.4743,116.6539
346.6162,66.9510,36.7361,112.8925
348.3898,68.9075,35.7796,110.3433
350.8958,67.0456,34.5225,111.0029
354.7637,67.8884,33.4934,107.6522
356.6807,67.8463,33.7272,105.6516
359.0959,69.4949,34.6919,106.2727
360.7678,69.5888,35.5986,105.7819
363.4562,73.6172,37.7220,104.8000
368.5144,74.7343,36.4578,99.9642
371.1584,77.5352,35.3658,95.1245
375.3588,77.6120,33.5128,92.6766
377.6878,78.9394,31.9288,91.3928
379.0219,78.9554,31.7942,91.4162
383.6450,80.6451,29.9141,87.9325
384.9129,79.9547,28.1403,89.8757
387.1172,77.7780,28.1432,93.4256
390.0728,74.5748,27.8904,98.8772
391.0413,73.9687,28.0581,103.2093
393.5894,73.3996,28.2968,105.6430
394.8329,73.8383,29.2412,107.6237
396.3765,71.3399,29.7293,109.9982
395.9675,71.3781,30.2084,110.0844
397.4420,69.2033,30.9320,113.1195
396.7359,69.2388,31.5263,111.5849
396.9933,67.5488,32.1272,112.6414
396.7187,70.1162,32.6704,111.0126
397.7223,67.8366,33.3019,114.0156
396.9595,68.0701,32.7375,116.0043
396.8713,68.1043,33.4962,115.8951
394.4152,68.9174,33.4264,115.4734
393.4882,70.2572,33.0150,113.3301
391.8569,70.9144,33.0772,112.6564
389.9283,73.3636,34.4017,111.4675
388.3629,75.3186,34.5097,110.5039
388.5481,73.0554,33.8341,111.5485
387.5269,73.1962,35.3838,114.6634
385.1076,74.3334,37.1000,116.7333
387.8633,75.8531,35.5862,113.6695
387.5197,76.7166,34.7140,113.4264
388.5057,80.5297,33.6912,112.3026
389.6280,80.7413,33.3960,114.5968
390.9422,85.5213,32.7456,111.2535
389.5226,88.2925,31.9331,109.1801
390.3120,90.1032,30.7202,107.8786
390.3528,92.7813,30.7406,106.2735
389.8126,96.3396,31.0291,104.2800
388.7757,93.3151,30.9336,107.7379
388.2070,95.5355,30.7415,108.3451
388.7036,97.7690,30.5715,106.9293
388.7264,99.1705,30.7555,108.1257
388.4472,99.6808,29.9464,109.0320
388.1436,100.1179,31.2480,109.7298
386.9763,100.1485,30.9781,111.3627
385.4538,102.0087,31.1980,110.7063
384.9141,102.5082,31.1397,111.7162
384.9492,104.2029,31.2691,111.2620
384.9969,105.1385,31.8170,110.2929
385.2690,106.1753,31.5328,109.2896
382.9254,106.1527,31.7654,109.7719
385.8309,106.4354,30.9749,109.4644
386.3616,108.4925,31.7294,107.7420
387.7247,109.9276,32.5267,106.1652
388.3627,110.9104,34.1588,107.2281
387.6482,110.9842,35.1474,108.0976
388.2405,112.6767,36.6464,106.6707
389.2250,113.7898,37.5465,105.8687
389.5126,115.1981,37.0302,103.9653
389.0815,117.7198,38.3545,100.0856
386.7902,119.7503,38.3257,98.2261
387.6819,120.0372,38.2189,97.5917
388.2694,119.7036,37.9957,97.6087
386.9651,120.4528,36.9067,97.5937
387.3465,120.3944,35.6056,100.2979
385.1422,122.5055,34.5973,100.9225
386.3607,125.2882,32.2979,98.8970
383.8889,126.8574,31.8060,100.9174
383.2735,129.5296,30.7122,99.6095
380.3091,132.9078,31.7619,98.1936
379.1595,134.6709,32.7013,98.7699
381.8688,136.2381,34.1432,98.0730
378.0329,140.9176,33.7682,98.6161
380.2984,143.1789,33.4305,95.9900
381.1024,147.4400,34.4687,92.7217
379.2666,151.7237,34.2918,88.8626
382.0443,154.6849,34.9444,85.5258
380.8292,155.1562,35.6258,86.1401
378.2685,152.6522,35.1046,90.3699
377.4637,154.1573,35.8445,90.1041
374.7267,151.9312,36.9098,94.0004
373.8925,150.4325,37.4225,96.1270
371.5389,149.4275,37.4929,96.6487
370.0295,150.0565,38.2050,95.5532
366.8200,152.9501,39.0659,93.0633
366.5469,151.9815,39.9140,93.0427
366.2851,151.1880,40.1566,95.2966
366.2900,151.5122,39.1577,96.3380
366.7087,152.1803,39.6330,93.5304
364.3377,151.7002,40.1451,92.7841
364.1624,150.6187,40.3441,94.0888
362.6367,150.4449,40.7597,92.4780
361.5756,150.0487,42.0112,92.2583
361.7276,147.3198,41.7616,94.0272
360.3036,143.7959,42.5003,96.4580
359.8165,141.6765,43.2442,97.8292
361.9542,141.1194,42.4953,98.6954
359.9061,139.9995,42.0872,102.3824
362.0912,138.7122,40.1974,103.2796
361.5372,139.7163,39.5797,103.6076
361.0797,138.2258,39.5774,105.8859
359.9644,135.3145,39.0822,111.0119
362.8416,136.1797,40.1101,111.7167
363.0885,136.9423,40.7406,113.2724
362.6378,138.3580,40.2105,113.8187
364.5695,138.6684,41.4673,113.0144
364.5353,137.7579,40.9071,116.4155
365.9413,139.1919,41.6146,116.9627
367.5474,139.4896,42.4345,118.1036
367.3000,141.9842,42.6152,118.8127
368.2814,143.3845,43.4929,119.6871
368.5688,143.5793,43.0798,120.2984
369.4778,144.2822,43.4942,121.6687
368.9483,144.2801,42.3785,122.0552
372.5197,143.3224,43.3014,121.6893
371.0562,144.1053,41.7438,123.2293
371.1149,144.0401,41.3070,123.7469
373.1292,143.6993,41.3791,126.3897
371.6486,144.4264,40.4516,127.3234
373.5421,144.7902,40.0304,128.1635
373.7396,139.9526,41.0890,131.6060
375.9352,138.6783,42.4018,133.0123
376.5727,137.7808,43.0837,134.8026
380.4095,138.2450,45.7216,130.6460
382.3199,140.3604,47.6492,130.6880
383.1027,141.2143,52.4596,130.2228
384.9095,140.0597,55.9434,129.2217
384.9634,140.0885,56.9821,132.1493
387.2853,139.4365,59.5995,132.6721
390.7718,137.5641,59.1644,138.2595
392.0108,135.5934,57.8901,142.1013
393.7428,133.9975,58.2757,142.7489
392.5226,132.4473,58.8106,146.8623
394.0811,132.3863,58.9364,149.1375
397.1634,131.8291,59.2188,153.4821
394.1318,132.8504,59.9000,154.6288
393.7020,133.3388,61.1201,155.6874
392.5328,133.9965,60.2491,155.0914
391.0627,133.1942,60.2729,157.0780
391.8418,129.4194,60.0724,159.8743
387.6963,126.5855,58.4785,163.9693
389.7666,124.3729,56.3614,163.7847
390.4015,124.0650,55.7294,165.6474
389.0166,120.8762,54.7980,168.0621
388.0495,120.8435,53.8655,174.6846
392.8593,119.2453,53.3304,172.7073
391.5805,117.8566,52.4641,174.7232
391.1551,117.9318,52.0692,173.3517
394.0064,117.2624,50.9538,172.6314
393.0373,114.5108,50.6113,177.5580
396.2865,112.5019,53.8345,178.7752
398.6737,111.9992,56.0006,176.5355
399.1010,112.2943,56.8191,178.5173
399.4428,116.5673,56.5463,178.4177
401.7495,119.0025,59.3026,174.1983
402.5811,117.5526,58.0395,177.5114
405.5425,117.0604,58.7891,176.3178
403.7197,116.9619,58.2934,177.3749
404.1702,113.8280,59.3333,176.9807
402.2262,115.8282,61.2060,176.6267
404.7679,113.3866,62.1946,178.0548
402.7033,114.0397,59.8315,180.4509
403.1181,116.6036,59.6810,179.1422
404.8113,117.2679,57.7815,176.0968
403.6402,118.8424,57.0819,175.9508
404.9758,119.0023,56.5226,177.9273
409.0311,125.6350,58.6483,171.2169
408.7543,129.5930,60.2553,169.6287
409.3771,133.4959,63.1530,166.3608
408.2805,139.5151,67.8084,156.6065
410.0197,140.6867,70.5827,152.2590
411.8777,143.9782,69.1791,152.5366
415.4018,143.7426,70.7026,151.7528
419.1577,141.9277,68.2739,154.3452
418.1882,142.0515,66.6438,155.0054
418.4564,140.1530,65.9828,158.7455
422.7853,136.1267,65.9457,160.8567
421.4305,133.6144,65.9024,161.3810
426.2787,127.0527,65.3137,162.7645
422.6220,126.4256,67.9913,163.6077
424.7726,125.3131,64.6908,161.0294
424.3040,124.6636,64.8877,160.1357
419.9455,126.7509,62.1303,159.7465
421.0025,122.2492,64.4066,165.7377
423.2005,121.0431,64.0714,171.5039
423.5397,120.8770,62.5192,177.0658
420.8712,126.8439,62.4973,176.2402
420.6153,128.8273,60.0410,174.2748
422.3442,135.4114,58.5010,170.2994
424.6991,136.7582,57.3939,174.0494
421.9860,139.5421,53.5456,172.2341
422.2533,141.3733,52.8640,170.4963
421.6509,142.1533,51.4008,167.2464
422.4800,146.8457,51.8859,164.3609
421.9587,150.6379,50.7105,161.8322
423.2129,149.3312,51.3526,161.5390
421.7614,154.4059,50.9768,156.7598
421.6454,155.9182,52.4539,153.4712
423.2543,155.3559,51.9624,153.3516
424.6247,156.0063,52.9330,152.8315
424.8878,156.5905,52.0372,152.1093
426.8707,155.7345,52.3167,151.3995
428.4533,155.4431,50.7373,151.5013
429.7521,152.3641,51.2259,152.0539
429.7046,151.2333,51.4103,154.5563
429.6728,151.8230,51.4486,153.5342
432.0272,153.4246,51.1986,152.3607
433.8176,151.0829,50.6941,154.5232
433.6552,152.8005,50.7671,153.8076
435.0399,152.4117,52.4858,154.6477
434.7044,152.6928,53.3277,154.8038
433.5443,153.0609,53.5013,157.6970
435.6992,146.3812,54.5665,167.0212
433.6001,144.8201,55.5104,168.1059
434.9125,142.4861,53.3384,170.3301
432.6649,145.8754,54.2808,169.0254
433.4254,145.2403,53.2728,170.3282
433.6835,145.9499,54.1725,169.9337
433.4949,146.2046,55.4051,168.5225
432.4073,147.3385,53.6170,166.5521
431.9760,147.8864,50.0509,164.5186
430.5395,150.7413,48.2505,161.9029
430.2035,148.7352,49.3998,163.2832
428.2368,146.6167,49.2882,166.5671
426.5439,151.3363,50.6102,164.2210
423.1721,143.4313,50.7232,172.0758
423.8076,141.4959,47.2478,174.7285
421.0798,139.7601,48.1311,175.1206
419.7086,139.3973,48.1050,175.2841
420.1759,137.5734,46.4325,175.4715
416.1581,141.1605,47.4445,174.0948
413.7070,134.0858,47.7737,174.0858
412.5819,133.4123,45.1855,174.2032
409.4312,134.0339,44.5814,170.1387
409.4684,127.6749,45.0169,176.0868
407.7958,126.9703,45.4224,174.5124
407.3047,122.9365,45.2627,172.5356
407.2754,120.2215,45.6453,174.0270
408.8718,120.1160,44.6719,171.5500
410.9186,116.2439,45.8496,167.7325
411.6806,114.6325,46.3191,169.7128
413.3090,110.7220,49.6209,172.4557
413.2542,111.3039,47.0661,169.5778
413.2410,112.2696,49.1087,164.2775
416.2564,110.0781,47.9585,164.3028
417.2772,106.1716,47.5417,167.2508
417.3842,103.8619,48.4432,167.4767
417.9880,104.1066,48.5742,167.7890
416.6337,102.4199,49.1251,166.6155
416.1937,104.9945,50.0993,165.7377
415.7575,105.1705,49.6170,161.8360
415.6168,105.2396,49.6692,159.0476
415.9793,105.4614,50.0005,159.4291
415.5048,103.0459,49.0400,161.9872
416.7444,101.4115,47.6712,161.3845
416.2135,103.3827,46.0178,159.0519
417.1650,100.9556,46.7231,160.2976
417.4256,100.0607,46.2030,159.9270
418.7375,97.5473,47.0330,160.6904
419.6925,95.4103,46.8181,160.6686
418.2664,98.4385,47.9545,159.1459
420.4053,97.8933,49.2822,159.2729
419.5366,99.7122,50.0035,158.7203
420.2148,99.3038,51.2425,156.9406
421.0370,100.8215,50.5361,156.3092
421.3091,98.8358,50.4276,158.0736
422.2447,97.9582,49.3686,159.1407
424.0764,98.5560,47.6376,159.5770
423.1630,99.8199,46.0839,159.1816
425.1449,100.3870,45.6434,158.4232
425.8424,101.9528,45.7006,157.1973
424.0138,106.0610,44.3796,155.4387
425.5749,105.3583,45.4001,155.7387
425.1002,106.6462,46.2207,158.0949
426.2191,107.3692,47.0853,156.7898
425.6445,110.0266,45.7792,155.6690
424.5790,111.3404,47.0620,157.3830
426.6100,110.5833,46.7429,156.6035
426.7389,113.0817,45.9297,155.7240
426.2109,117.2588,46.0346,155.2397
427.9393,117.8712,46.2533,157.5054
428.2401,120.4512,45.0977,155.1358
427.1069,124.5220,45.7836,154.4532
426.2598,127.3033,44.9294,154.4666
426.8576,130.2145,45.5162,155.1978
425.5972,131.3675,46.5563,154.8068
424.8625,131.6381,47.5713,156.0957
423.4880,135.8943,47.1453,154.0287
422.2766,137.4493,47.4286,154.9043
420.9350,141.7104,46.6790,152.6446
421.1999,143.3922,47.8003,152.5091
420.6754,145.0608,49.2383,155.3432
418.8815,147.4831,47.9680,154.9738
419.0008,151.9387,46.6430,153.1940
418.3098,151.5754,47.8619,154.4757
417.2101,153.8781,47.6118,150.6606
418.2196,154.3736,47.8135,150.9597
417.3754,155.1231,47.5059,151.0345
418.7979,156.4579,47.0491,149.4529
418.9294,157.3636,46.8855,149.4749
420.5735,157.3837,46.0535,148.1639
418.8669,158.7865,46.5418,148.9786
419.2607,158.8545,47.2416,147.4715
421.1489,155.8739,47.8664,150.7439
418.7698,157.5740,47.2769,148.0773
422.1780,154.0177,46.9806,150.4922
421.1160,155.5131,47.0976,151.5683
418.9300,157.5937,47.7588,153.5986
421.1324,151.3357,49.2977,157.9121
421.1907,149.2547,48.7026,162.6343
420.2007,148.9306,49.1064,165.4302
422.7868,149.1858,48.7086,167.8838
419.7123,152.9153,49.3110,159.9452
420.7419,150.4376,51.6275,161.3309
420.1734,148.2325,51.6561,165.4838
420.8127,149.2020,50.0122,168.1392
423.2079,147.7995,50.4757,167.6481
421.1101,151.4380,49.5852,165.8451
422.5310,147.6259,49.9706,165.7951
421.4865,148.1404,49.6662,164.5544
420.7472,148.7342,49.2594,164.9132
422.9145,148.0752,49.1587,164.0269
421.7779,152.0945,48.3157,159.0269
422.4449,151.3310,47.7971,160.5972
422.5920,149.0177,48.0340,161.6857
424.0163,146.7302,48.4838,165.1355
421.2625,146.1702,49.1455,164.5099
421.9007,147.0794,49.1681,165.8519
422.0240,147.6992,50.5570,165.0478
420.0348,149.5407,47.3150,161.8430
418.9061,151.0525,49.6035,156.7428
418.1494,150.1425,51.7210,156.5524
417.0576,146.5352,53.4858,162.5600
414.8592,146.8048,52.2890,162.4959
412.4725,147.4060,54.6901,163.5662
410.4982,150.7675,57.7290,161.4562
407.1340,149.9767,59.6236,155.9901
410.0187,153.0647,59.9821,158.6815
408.1726,151.1452,61.3701,159.0212
410.7755,150.4565,61.3862,159.2367
405.9543,152.9590,63.3315,156.4769
406.8116,153.7845,63.4314,153.8280
407.3751,154.6839,62.5319,151.3109
407.5416,153.1188,63.2787,151.9039
406.3675,157.6299,62.9235,147.0463
407.0701,155.1244,62.3375,146.3321
405.7828,157.3913,63.5285,147.7816
404.0936,159.9445,65.2291,147.6925
404.3171,161.5504,65.3697,144.9012
406.3471,163.3094,64.4899,144.3095
408.0038,164.2957,64.6890,143.6364
407.6888,166.5547,64.0772,141.7604
408.5886,168.4349,64.7807,137.6578
407.0471,167.7602,66.8814,136.9554
408.1972,169.5710,66.2897,134.3783
405.9076,171.9695,66.5898,132.8350
407.3704,172.2593,66.9943,134.0020
408.4355,172.6463,65.4815,132.8108
409.3339,173.6678,63.5247,133.0989
410.6230,173.4784,61.1928,134.7698
411.0683,169.7498,60.7304,137.9240
411.1542,166.1183,61.2932,139.7931
410.2773,167.5417,60.1578,140.4251
408.1566,165.2201,60.7405,142.9907
410.0518,165.1377,60.5876,144.5661
407.5141,163.9640,59.0057,145.0138
408.4045,162.4354,57.1176,148.5858
408.2916,160.2299,55.9920,148.8354
408.9832,157.7143,56.8035,155.0439
407.7719,157.4833,55.7586,155.4905
406.0042,159.6137,57.0055,153.4853
405.9331,154.2458,58.9369,156.7291
404.8621,156.2996,60.6097,158.6421
402.8827,154.7375,59.7967,157.9630
403.6688,154.6807,60.0461,157.9280
402.4824,157.1306,61.0781,155.9913
402.5531,150.8566,61.4550,157.8643
400.2983,153.5152,61.4575,158.8671
399.9184,153.0187,59.9346,158.3927
399.5742,152.7079,58.7855,158.1099
399.8756,150.9705,57.8102,161.0125
399.1269,149.5758,56.5345,162.7751
398.8574,147.5158,57.6768,165.1674
399.2333,146.7662,56.5120,165.3773
398.7916,146.6531,57.2415,166.1397
397.7981,145.9553,57.7885,165.8167
397.3359,138.4754,58.0922,170.6650
398.3498,138.7161,57.7178,171.7679
398.2685,136.6702,57.5384,173.5350
397.7373,134.2574,58.2477,172.1819
394.4217,135.4542,57.4048,169.8536
395.4098,135.6906,54.8337,170.0742
393.6338,133.6565,56.4161,170.6938
391.3238,135.2478,57.8599,172.6621
390.2145,134.2906,61.5275,169.8985
387.4774,134.7043,67.2664,167.1013
383.3821,136.1758,70.8008,165.1896
381.1395,136.8412,73.1584,162.9121
375.3574,133.9829,77.0536,161.1292
374.3026,133.1056,79.7922,162.9385
367.9555,133.2828,84.8583,167.1129
366.3705,134.0956,92.5702,166.7091
360.4627,132.6926,100.7685,166.3721
350.4092,135.1676,107.2634,165.3695
348.8808,137.0966,106.5097,163.8461
348.6583,139.7095,101.5844,161.3597
347.1583,137.6285,96.9031,162.8119
351.7974,137.5209,86.8437,161.3092
352.4824,136.7115,77.3828,162.4005
354.2755,135.1370,69.5956,164.4165
357.6233,133.3195,64.1648,163.2644
356.6390,129.1452,60.5301,166.0618
353.2076,124.0307,61.1399,172.3428
350.4581,120.7947,61.6823,177.3801
348.8095,122.1454,63.2761,175.6051
349.7998,124.6998,64.3805,175.5066
349.6211,124.7264,67.4933,174.7387
350.9301,128.2663,66.9899,172.6331
355.6929,135.4777,65.3462,167.3973
357.9025,137.8842,64.3216,166.1594
360.0042,140.3972,66.2090,164.9767
363.7990,141.9005,64.5630,164.5413
364.6744,140.5806,66.0037,168.7592
367.0084,142.8049,64.9376,169.4911
370.4946,143.3593,62.8088,170.1219
372.4507,146.4680,62.0844,167.8327
374.8353,146.1054,61.2182,172.7986
376.4994,149.2758,58.4461,170.9964
379.1220,148.3993,56.2041,171.6947
377.5841,151.8979,54.6531,173.6705
378.2335,151.9757,53.4885,172.7341
378.1124,150.7108,53.8221,175.3789
377.0090,152.4619,54.5867,176.7562
376.2140,154.6052,53.8361,173.2679
377.5597,156.1044,55.6792,166.7417
378.4405,160.2482,54.3945,161.9893
381.0125,159.4650,53.1979,163.7915
383.3139,158.5314,51.8217,166.4974
384.6053,164.9310,54.9707,159.2062
387.1675,166.8331,54.1968,159.8547
388.5256,168.8661,56.5643,159.5553
389.5101,172.1896,55.7385,158.8488
392.1602,173.5178,54.1019,160.9293
391.3659,174.4058,55.8488,163.9638
392.2719,177.9711,56.8621,161.0587
392.4303,185.5275,60.4555,156.7312
390.3249,189.2230,63.0278,151.7639
390.8847,191.6244,63.3844,150.4869
390.6046,194.6235,64.1911,146.2573
388.3900,193.3909,66.7261,145.5555
389.4343,190.5013,67.0924,149.1515
392.1531,190.2522,63.9764,146.9110
389.5673,188.5745,64.1875,149.0887
385.7144,191.1796,67.1040,146.7598
388.7877,190.4729,65.2999,148.6927
389.1490,188.1977,64.3254,152.6255
391.8886,189.4212,63.0607,151.4212
389.1974,187.7255,62.8794,154.0098
387.4476,187.9912,63.4851,153.1294
387.6888,188.8849,63.2305,152.5897
383.9264,190.0610,65.8664,152.5451
381.7037,195.5497,69.3732,148.0299
379.6113,199.8513,70.2860,142.2747
377.8763,196.4601,67.5905,143.3121
377.8372,199.1973,66.2565,139.5703
378.0850,199.8360,64.6435,135.6411
379.0097,199.7220,61.9623,129.8542
380.3820,200.8113,60.2526,125.0445
381.4131,198.0054,56.0999,124.4093
380.0324,193.2959,51.8748,127.0439
380.2891,192.7701,48.5456,126.0636
381.6803,188.6686,46.6012,127.4711
380.0349,183.9718,47.4319,128.0065
379.2737,183.3243,47.0753,127.6817
378.8930,179.1432,47.1654,127.2808
378.8506,175.4543,49.2854,126.6009
378.1141,171.3311,48.3621,127.8155
377.0807,169.2026,48.7928,129.2898
376.4032,162.2540,49.0466,132.0565
375.0898,158.8555,50.5699,133.3305
375.7171,155.5701,52.1665,133.7670
372.6903,154.7171,54.9105,131.7047
371.4793,151.9762,52.5578,131.3230
379.1797,158.1439,48.8586,123.3809
381.8880,160.9140,45.2088,117.7879
386.4293,162.8560,40.7269,114.9502
389.6509,161.9054,37.8889,116.8594
393.0138,163.3756,34.1739,114.9900
395.3013,163.8082,33.2076,114.4774
395.3865,167.3819,32.8819,110.0630
398.6340,172.1759,32.4347,103.7623
395.0000,180.8000,32.2000,103.0000
381.8000,158.8000,32.0000,102.4000
398.0000,168.6000,32.2000,102.4000
399.2000,167.2000,32.0000,102.0000
398.2000,164.8000,32.4000,103.4000
397.2000,171.0000,32.6000,104.4000
383.7424,149.7465,36.5952,102.6011
379.8489,148.6346,40.0610,101.0635
378.4599,147.3366,43.8089,108.2582
379.9421,150.9905,42.7213,113.8259
378.6923,152.7297,43.7909,115.1825
375.6697,152.7036,43.6992,117.0196
375.2121,154.2303,43.7432,115.6792
371.5138,151.8620,44.8349,117.9216
370.9053,147.1111,43.7723,122.3102
368.6415,146.6640,43.6220,124.2375
369.2893,147.6002,43.0326,123.2207
367.7916,147.3443,42.1620,123.4633
365.3045,142.4088,42.5103,129.8103
364.4529,140.7994,41.9929,133.6731
360.6763,138.7915,44.8722,139.1716
360.6699,136.9955,45.4978,142.9450
357.3991,135.8625,47.4587,148.3778
356.6075,133.2820,48.5085,156.8459
354.8372,134.0161,50.9493,159.6536
353.1089,132.4364,52.9389,166.1083
352.4217,136.3731,54.4402,168.3758
351.3349,136.3705,55.9857,168.4043
350.2180,137.9933,58.6862,166.7927
348.7263,140.8753,58.9839,162.7273
349.0021,145.4391,59.1119,158.3839
347.9711,147.7834,57.8823,156.1862
348.8030,147.5127,55.6981,156.6999
350.3682,147.6637,52.1404,157.5203
349.7445,146.9433,51.2388,159.9542
350.0099,149.8506,51.6075,158.8844
349.9932,153.6983,50.8630,156.1427
350.3788,158.0167,48.9293,153.0923
350.5301,157.9339,49.5523,154.1850
349.2208,160.7985,48.6785,152.0490
350.2866,161.1519,48.3473,152.5982
349.1862,163.4757,48.1775,153.5097
348.9566,163.2070,48.8050,153.4838
347.0301,165.0227,48.5458,152.2249
348.3357,165.9180,47.8084,152.0616
347.0101,164.8879,47.6563,155.2216
347.5848,161.7920,47.4397,162.3371
345.7698,164.6481,49.9579,163.7665
344.8067,164.7156,50.0970,163.8929
342.6884,167.4817,51.6790,161.1109
342.8333,166.5276,50.3561,162.1165
342.3551,163.4561,51.3517,166.0668
340.1968,160.7755,52.0648,168.0070
339.2045,164.7074,50.4967,164.7852
339.4950,163.0868,50.3394,167.6016
337.4488,165.0833,50.9148,166.4301
335.6208,166.6983,50.0437,164.1947
335.2820,166.5996,50.2592,164.6582
332.9542,171.0349,51.7618,162.4163
332.3426,171.5930,50.5995,161.7938
330.9383,173.7977,50.0932,161.1346
328.7631,175.5261,48.1290,158.7437
327.7307,172.4918,49.1737,163.4471
326.8151,171.4360,47.9178,166.3721
327.1881,173.8416,46.7717,166.8164
326.0580,175.0380,47.7405,169.2413
324.3045,180.4087,46.0334,162.1372
324.2810,176.6780,47.0573,166.2182
320.9743,180.2919,47.3012,165.0484
319.8647,181.3503,45.4870,162.9382
319.0584,180.7856,45.9846,162.6833
315.6890,183.0201,47.0307,161.9411
314.3747,185.8968,46.1355,157.6919
311.9455,186.2021,47.6132,158.0934
308.7381,184.2437,48.2430,159.8196
306.6913,185.5180,46.7072,157.5354
303.6086,188.6938,47.7557,156.1263
300.6109,187.0845,47.9656,158.0293
299.5456,184.3327,47.2065,161.4867
295.9071,187.5804,47.5683,157.4892
293.4157,187.2547,46.6939,157.4315
289.9167,187.5339,48.5398,157.5547
288.4439,185.9750,48.1425,159.7599
283.6850,184.9517,51.3595,162.7908
281.4232,182.6764,50.3608,165.6367
278.6553,182.4952,51.7433,166.2223
275.8389,187.1164,50.3012,160.7085
274.2112,184.6816,51.7817,162.0963
272.4832,186.9274,49.9375,159.4095
271.8072,188.1393,47.7567,156.6525
269.8964,186.8542,48.2513,156.7834
268.3336,189.3110,45.7750,154.0209
265.9125,188.9060,47.2561,156.4365
263.5663,192.3363,45.5794,153.1682
261.1520,193.3145,47.0698,150.9391
257.0081,194.3103,48.4296,150.0546
253.3247,197.6679,49.2946,145.8307
250.2598,198.2599,51.0644,144.8114
247.8176,198.9798,50.9665,146.1863
246.8814,199.1335,50.7077,145.6994
242.0286,200.7683,53.0070,146.3255
238.9656,200.9002,54.4879,144.5605
238.2743,202.3317,54.5464,144.5527
233.9618,204.9781,54.2451,141.8421
233.0599,204.3515,55.2582,141.3982
229.1366,206.5200,55.8580,138.8079
226.1073,205.9955,54.4733,137.3868
225.5824,205.6548,53.4860,139.4158
223.5886,205.1068,52.5875,141.2947
