45.049,45.398,45.394,45.973,45.53,45.382,45.254,45.847,46.444,45.322,45.295,45.825,45.311,45.863,45.784
0.46919,0.4401,0.42897,0.46193,0.45531,0.45278,0.44973,0.45432,0.4455,0.45822,0.46317,0.45373,0.45436,0.45053,0.44755
0.4269,0.42108,0.40869,0.4405,0.42812,0.43364,0.43316,0.42915,0.42743,0.44015,0.44142,0.42807,0.43116,0.43223,0.4279
0.41938,0.4228,0.4103,0.42984,0.42538,0.42416,0.42501,0.42787,0.42894,0.43161,0.43588,0.42471,0.43097,0.42672,0.43043
0.41418,0.43606,0.40468,0.45524,0.43218,0.42171,0.42813,0.43081,0.42825,0.42768,0.43623,0.42025,0.4261,0.43065,0.42304
0.42943,0.41332,0.42365,0.48464,0.43095,0.42402,0.43397,0.4385,0.42621,0.43127,0.43883,0.42115,0.43124,0.43064,0.4352
0.41191,0.40457,0.4298,0.44298,0.43691,0.426,0.43287,0.43749,0.43146,0.43538,0.42457,0.4205,0.42912,0.4348,0.42534
0.41784,0.4006,0.43404,0.44782,0.42754,0.42774,0.42859,0.44086,0.43262,0.42553,0.43007,0.42532,0.43402,0.43259,0.42251
0.40937,0.39788,0.42604,0.43616,0.42844,0.42813,0.43548,0.42649,0.42993,0.43404,0.42212,0.42946,0.43138,0.43172,0.42937
0.40612,0.40371,0.42679,0.44285,0.43343,0.42361,0.43254,0.43332,0.43157,0.44009,0.43067,0.43286,0.42868,0.42835,0.43008
0.41939,0.40947,0.43798,0.44103,0.44335,0.4319,0.44741,0.44364,0.44153,0.44982,0.43449,0.44066,0.441,0.43689,0.44522
0.40562,0.3994,0.40856,0.43891,0.4379,0.42294,0.43026,0.42941,0.42953,0.43384,0.42788,0.43003,0.42536,0.43504,0.43612
0.40062,0.39798,0.41381,0.43633,0.43914,0.43686,0.42232,0.43077,0.42389,0.4364,0.43028,0.42581,0.42446,0.42872,0.44129
0.40444,0.39694,0.40086,0.43707,0.43367,0.42687,0.41654,0.42326,0.42396,0.43525,0.42351,0.42893,0.42533,0.4246,0.43312
0.40741,0.40231,0.39642,0.42846,0.43356,0.42781,0.42107,0.42333,0.42255,0.42536,0.41926,0.42207,0.42753,0.42682,0.43838
0.451,0.41114,0.40984,0.43937,0.4449,0.42612,0.43562,0.43105,0.42842,0.43578,0.43337,0.43533,0.43749,0.43251,0.4441
0.43278,0.40232,0.39548,0.43231,0.43733,0.425,0.43301,0.42102,0.43161,0.42451,0.42967,0.42598,0.42607,0.4268,0.43645
0.4296,0.39842,0.39853,0.4325,0.43715,0.45697,0.42605,0.42977,0.42689,0.42894,0.42691,0.42562,0.43248,0.43748,0.43321
0.43015,0.40168,0.39666,0.43185,0.43553,0.42789,0.43627,0.4197,0.42872,0.43184,0.42857,0.42371,0.43007,0.42641,0.4361
0.42219,0.40139,0.39748,0.44576,0.43604,0.4229,0.42892,0.42974,0.42204,0.44052,0.42679,0.41881,0.42898,0.42487,0.43521
0.41779,0.40002,0.39876,0.44319,0.43632,0.42833,0.43367,0.4253,0.42971,0.43814,0.426,0.42409,0.43114,0.4346,0.43564
0.41615,0.39739,0.39863,0.4378,0.43345,0.4261,0.43393,0.42535,0.42583,0.42713,0.42802,0.42917,0.42695,0.4332,0.42959
0.42413,0.39692,0.39905,0.44138,0.4365,0.42841,0.4271,0.4288,0.42282,0.42977,0.43067,0.42819,0.43082,0.42963,0.42841
0.42899,0.39847,0.39895,0.4329,0.43774,0.42638,0.43866,0.43519,0.429,0.43128,0.42589,0.42689,0.42811,0.42447,0.43655
0.43703,0.3955,0.39887,0.43031,0.43365,0.4281,0.42911,0.43088,0.42452,0.42711,0.4284,0.4274,0.42764,0.42798,0.42982
0.43682,0.40114,0.39875,0.43153,0.4397,0.43191,0.42877,0.42427,0.43723,0.43729,0.42789,0.42517,0.42745,0.43072,0.43117
0.43511,0.39867,0.39446,0.43355,0.42766,0.42718,0.42725,0.42317,0.42981,0.42621,0.41936,0.42738,0.4244,0.42736,0.42472
0.41771,0.3953,0.39598,0.90836,0.43601,0.42523,0.42841,0.42963,0.43741,0.44047,0.43308,0.43312,0.42361,0.43965,0.42636
0.42758,0.39692,0.39894,0.42625,0.4356,0.4285,0.43085,0.42477,0.43375,0.4237,0.42891,0.42661,0.42564,0.43336,0.42721
0.42979,0.3982,0.39984,0.44076,0.44256,0.42843,0.42369,0.4311,0.42784,0.42523,0.42449,0.42385,0.42364,0.43335,0.42711
0.44732,0.3991,0.40641,0.4342,0.43217,0.43092,0.43395,0.43306,0.42566,0.42426,0.42972,0.42223,0.43431,0.43535,0.43039
0.42603,0.39851,0.40105,0.43358,0.43446,0.42992,0.4281,0.42193,0.42807,0.42824,0.43136,0.42106,0.42648,0.42761,0.42957
0.4204,0.4008,0.39869,0.43054,0.43411,0.42851,0.4305,0.42334,0.42789,0.42203,0.43502,0.42088,0.42414,0.43142,0.42744
0.40985,0.4057,0.40287,0.43804,0.43231,0.42588,0.43437,0.42295,0.43016,0.42518,0.43221,0.43111,0.42435,0.42202,0.43839
0.41452,0.4059,0.40538,0.43689,0.42899,0.42415,0.4242,0.42441,0.428,0.42838,0.4334,0.42367,0.42808,0.42421,0.43049
0.40815,0.40624,0.41229,0.44682,0.43525,0.4325,0.43242,0.43469,0.43361,0.43078,0.43656,0.42653,0.42715,0.42263,0.43431
0.41041,0.40921,0.41307,0.43494,0.43092,0.42672,0.41961,0.42753,0.4319,0.42695,0.43113,0.42275,0.42072,0.41939,0.43238
0.44972,0.40546,0.40875,0.4318,0.42689,0.42692,0.41997,0.42718,0.43653,0.43103,0.43058,0.42663,0.42966,0.42026,0.42853
0.43608,0.40836,0.41969,0.44192,0.4268,0.42661,0.41977,0.42969,0.431,0.43024,0.43281,0.42914,0.43083,0.42491,0.42893
0.42452,0.41242,0.41202,0.42944,0.43391,0.42106,0.42001,0.42503,0.43203,0.42795,0.43086,0.42993,0.42412,0.42189,0.42737
0.41605,0.41056,0.41383,0.42947,0.43158,0.42778,0.42891,0.43462,0.42794,0.43308,0.4373,0.42638,0.43413,0.42556,0.42969
0.40729,0.41065,0.41051,0.43465,0.42604,0.42145,0.42525,0.42234,0.42835,0.42312,0.43278,0.42333,0.42645,0.42773,0.42609
0.40552,0.41472,0.41783,0.42225,0.4273,0.42445,0.42098,0.42648,0.42593,0.42705,0.43436,0.42307,0.42339,0.42606,0.42549
0.40535,0.41549,0.41221,0.43602,0.42943,0.42793,0.42016,0.42694,0.42406,0.42736,0.43198,0.42388,0.42227,0.42636,0.4304
0.40654,0.41425,0.41412,0.43691,0.42779,0.43189,0.42401,0.43055,0.42427,0.41973,0.43319,0.42285,0.42536,0.42641,0.43458
0.41381,0.41405,0.41824,0.44319,0.43252,0.43592,0.42875,0.43399,0.43062,0.42319,0.43481,0.43132,0.42426,0.43203,0.43519
0.40927,0.41208,0.41835,0.4379,0.43007,0.4307,0.42708,0.42557,0.43088,0.42041,0.43212,0.4283,0.42377,0.42884,0.43296
0.40717,0.41232,0.41628,0.43221,0.43265,0.4393,0.42676,0.43247,0.42377,0.42783,0.42882,0.42642,0.42788,0.42537,0.43342
0.40711,0.41274,0.41391,0.43585,0.42611,0.43222,0.42143,0.42967,0.42756,0.43198,0.43076,0.42934,0.42903,0.42639,0.42927
0.40873,0.413,0.40816,0.42994,0.4279,0.43088,0.42116,0.42899,0.43246,0.4259,0.43188,0.42752,0.42897,0.41966,0.42698
0.41957,0.4087,0.4155,0.4324,0.43686,0.42345,0.42559,0.42708,0.42992,0.42922,0.43706,0.43211,0.43145,0.42142,0.43171
0.41892,0.4091,0.40931,0.43051,0.42573,0.42527,0.42561,0.42123,0.43345,0.42661,0.43322,0.4256,0.42428,0.42106,0.42562
0.42663,0.40829,0.41036,0.43497,0.43034,0.42673,0.42194,0.4296,0.42406,0.42969,0.43813,0.42306,0.42764,0.43063,0.42629
0.41436,0.40595,0.40695,0.44855,0.42538,0.42351,0.42428,0.42515,0.42573,0.43008,0.4298,0.42659,0.43064,0.42827,0.42306
0.4125,0.40765,0.41022,0.44642,0.42395,0.43003,0.42401,0.42448,0.42583,0.42857,0.43024,0.42384,0.42878,0.43119,0.42851
0.42209,0.41321,0.41326,0.44337,0.42651,0.4244,0.42511,0.42113,0.42976,0.42931,0.43448,0.42493,0.43735,0.43079,0.43582
0.4237,0.4089,0.41143,0.43047,0.4234,0.42129,0.42648,0.42157,0.4283,0.42715,0.43132,0.42985,0.43076,0.42451,0.43123
0.4114,0.40602,0.41369,0.43083,0.42539,0.42534,0.42691,0.42342,0.42342,0.42224,0.43105,0.42463,0.42256,0.4327,0.43177
0.41235,0.40505,0.41,0.43571,0.43251,0.42355,0.42489,0.42257,0.42567,0.42458,0.43296,0.43049,0.4195,0.42693,0.43111
0.40806,0.40361,0.41105,0.42867,0.43581,0.42919,0.42992,0.42493,0.42955,0.42335,0.43068,0.42763,0.42507,0.42949,0.4359
0.40711,0.40659,0.40977,0.42749,0.43612,0.42853,0.43233,0.42374,0.43075,0.43787,0.43358,0.43254,0.43455,0.4292,0.43405
0.40387,0.4069,0.40545,0.42322,0.42949,0.42492,0.4265,0.42308,0.42547,0.42888,0.43189,0.42946,0.42886,0.42482,0.43143
0.40802,0.40296,0.40619,0.43332,0.43073,0.4244,0.42441,0.42296,0.42708,0.43104,0.43055,0.43015,0.42663,0.42116,0.42857
0.42165,0.40557,0.40511,0.43184,0.43053,0.42274,0.42316,0.42667,0.43216,0.42631,0.43282,0.42337,0.43012,0.42012,0.42824
0.40646,0.40853,0.40514,0.44536,0.42641,0.42856,0.41872,0.42915,0.43376,0.42471,0.43242,0.42651,0.41819,0.43,0.43012
0.41046,0.40947,0.4073,0.4465,0.4289,0.42814,0.42833,0.42453,0.43538,0.4259,0.43498,0.42935,0.43014,0.42861,0.42949
0.41206,0.41225,0.40703,0.44053,0.42856,0.43246,0.42556,0.43145,0.43428,0.42504,0.42328,0.42491,0.4286,0.43351,0.42796
0.41292,0.41213,0.40898,0.43935,0.42733,0.42696,0.42099,0.4234,0.43023,0.42517,0.42909,0.42426,0.43088,0.43823,0.42424
0.41168,0.41096,0.40831,0.44608,0.4382,0.42232,0.42677,0.42101,0.43561,0.42096,0.42656,0.42991,0.4235,0.43519,0.42912
0.40949,0.41181,0.40888,0.44247,0.43114,0.42176,0.42629,0.42405,0.42995,0.42366,0.43049,0.42522,0.42675,0.43855,0.43033
0.4138,0.41239,0.4093,0.43232,0.43788,0.42484,0.42988,0.43456,0.42532,0.42552,0.42572,0.42488,0.43051,0.43289,0.43388
0.40626,0.40856,0.40641,0.42952,0.41872,0.42178,0.42612,0.43567,0.42659,0.42339,0.42165,0.4235,0.42188,0.4324,0.43421
0.40761,0.40774,0.40746,0.43184,0.41977,0.43355,0.4252,0.43222,0.43107,0.43072,0.42611,0.42351,0.42093,0.43268,0.4326
0.40859,0.41115,0.4034,0.43432,0.42515,0.41971,0.42961,0.43448,0.42372,0.43158,0.42434,0.4266,0.42824,0.42963,0.42834
0.42271,0.40808,0.40586,0.43678,0.42907,0.42724,0.42714,0.43253,0.42992,0.43154,0.42653,0.4315,0.42139,0.4314,0.42535
0.44129,0.40935,0.40584,0.44837,0.43027,0.43024,0.43329,0.4323,0.42747,0.43044,0.42491,0.42699,0.42292,0.43691,0.42603
0.43031,0.40763,0.40461,0.43436,0.42947,0.43133,0.42908,0.42391,0.42611,0.43296,0.42123,0.4311,0.42119,0.42231,0.42602
0.42579,0.40932,0.40679,0.42872,0.42176,0.43009,0.42535,0.43367,0.41718,0.42868,0.42522,0.43233,0.42706,0.42818,0.424
0.44595,0.41241,0.40474,0.42753,0.42467,0.43225,0.42124,0.42232,0.42668,0.43007,0.4254,0.42905,0.42873,0.42964,0.4271
0.45657,0.41275,0.4064,0.42744,0.42424,0.42954,0.42725,0.42345,0.42286,0.4224,0.42964,0.4304,0.42913,0.4263,0.42235
0.47763,0.42186,0.41526,0.43606,0.43846,0.4428,0.44168,0.44219,0.43257,0.4348,0.4372,0.44438,0.43873,0.44346,0.44994
0.43687,0.42002,0.42502,0.44853,0.44316,0.44393,0.43663,0.43707,0.44076,0.4331,0.44486,0.43407,0.43678,0.437,0.43778
0.42805,0.42071,0.42287,0.44107,0.43983,0.44712,0.44003,0.43999,0.43521,0.43366,0.4423,0.43644,0.43288,0.43032,0.44124
0.42623,0.4188,0.41806,0.43924,0.43929,0.44078,0.4404,0.43582,0.43836,0.43856,0.44245,0.44302,0.43458,0.43568,0.43857
0.42691,0.41413,0.41957,0.44045,0.43715,0.44748,0.43671,0.43658,0.43688,0.4407,0.44203,0.43645,0.4397,0.44039,0.43714
0.42739,0.41514,0.41844,0.45599,0.44882,0.44528,0.44079,0.44424,0.43816,0.44521,0.44422,0.44345,0.44923,0.43632,0.44657
0.42457,0.41227,0.41953,0.44484,0.44033,0.44195,0.45226,0.43926,0.44219,0.43814,0.44132,0.43543,0.441,0.42973,0.44101
0.42846,0.41278,0.41472,0.45003,0.44284,0.44395,0.44309,0.4432,0.4392,0.43602,0.44501,0.43575,0.43841,0.44075,0.43512
0.42729,0.41604,0.41273,0.43235,0.43673,0.44549,0.44823,0.43557,0.43931,0.43709,0.44781,0.43867,0.44069,0.43243,0.43879
0.42765,0.41484,0.41282,0.44118,0.44267,0.45093,0.43921,0.44199,0.43937,0.43757,0.44277,0.43698,0.4317,0.43964,0.44072
0.42395,0.42246,0.41495,0.44328,0.44554,0.44977,0.44603,0.44111,0.44635,0.44177,0.45208,0.43547,0.43438,0.44453,0.43201
0.42263,0.42021,0.41318,0.44072,0.44789,0.44193,0.44613,0.43244,0.44199,0.43872,0.4449,0.44071,0.4276,0.43897,0.44247
0.42899,0.42481,0.41063,0.45003,0.44762,0.44185,0.44254,0.43665,0.43562,0.43613,0.45482,0.44565,0.44233,0.4369,0.4595
0.43962,0.4345,0.42233,0.44866,0.45593,0.45468,0.4539,0.44956,0.44984,0.44221,0.45627,0.45464,0.45386,0.44318,0.45804
0.43815,0.44168,0.42923,0.44431,0.44813,0.45582,0.45232,0.45656,0.45508,0.45023,0.45375,0.45499,0.45743,0.44954,0.46204
0.43888,0.44771,0.42756,0.688,0.46033,0.4624,0.45494,0.44627,0.45826,0.45313,0.45501,0.44804,0.45161,0.44971,0.46138
0.44174,0.43555,0.43147,0.46933,0.46065,0.45553,0.44319,0.44988,0.46012,0.44252,0.44531,0.44931,0.44595,0.43404,0.45462
0.43134,0.42498,0.42889,0.46125,0.44853,0.44667,0.44023,0.44831,0.455,0.43387,0.42995,0.4427,0.43633,0.42778,0.44537
0.41994,0.42287,0.4217,0.45032,0.44336,0.44395,0.43857,0.44697,0.43862,0.43647,0.43416,0.43642,0.4342,0.43467,0.44488
0.41836,0.42063,0.42453,0.44147,0.43037,0.43588,0.43755,0.43748,0.43483,0.4408,0.43245,0.43858,0.43542,0.43133,0.43802
0.42233,0.42129,0.42328,0.43903,0.43652,0.4325,0.44213,0.44325,0.43855,0.43794,0.4391,0.43802,0.43727,0.43031,0.44014
0.41961,0.41998,0.42317,0.43713,0.42723,0.42736,0.44369,0.43075,0.43785,0.4421,0.43458,0.43878,0.43407,0.43748,0.43978
0.41645,0.42521,0.4272,0.43169,0.43182,0.43416,0.44265,0.43629,0.44275,0.43828,0.43624,0.43864,0.43741,0.4426,0.43641
0.42671,0.43395,0.43049,0.4495,0.44423,0.44174,0.44922,0.44888,0.44461,0.44783,0.43962,0.4468,0.43682,0.45915,0.44531
0.43239,0.44422,0.43055,0.45034,0.45539,0.4571,0.45679,0.45408,0.45527,0.45061,0.44555,0.45149,0.43938,0.45503,0.44983
0.43765,0.44807,0.43821,0.45767,0.45021,0.45469,0.45749,0.4539,0.45259,0.45043,0.45106,0.44681,0.44853,0.45926,0.46969
0.44152,0.44841,0.43658,0.47199,0.44842,0.46093,0.45414,0.45353,0.456,0.44726,0.44994,0.45563,0.44476,0.45025,0.45667
0.44156,0.44595,0.4363,0.45369,0.44548,0.45395,0.45316,0.45174,0.45038,0.4434,0.44757,0.44929,0.44821,0.45249,0.44988
0.44745,0.44604,0.43704,0.46433,0.45158,0.45077,0.45321,0.4598,0.46188,0.44919,0.44555,0.45922,0.45288,0.45249,0.45153
0.4428,0.44233,0.44303,0.46071,0.45414,0.45994,0.45998,0.46359,0.45175,0.44887,0.44904,0.45355,0.44354,0.44969,0.45746
0.44416,0.44628,0.44518,0.45711,0.46071,0.46068,0.46205,0.45907,0.44842,0.45492,0.45292,0.45638,0.44573,0.46326,0.4515
0.43858,0.44067,0.43762,0.46095,0.45017,0.45858,0.45609,0.45854,0.4466,0.45419,0.4551,0.45091,0.44434,0.45795,0.44894
0.44044,0.43567,0.43775,0.45419,0.46014,0.4531,0.45632,0.44745,0.45012,0.44964,0.45246,0.45174,0.44386,0.46086,0.44676
0.43951,0.43481,0.43148,0.44591,0.45319,0.45131,0.46243,0.45296,0.45631,0.44432,0.45094,0.45165,0.44832,0.45812,0.4452
0.44132,0.43199,0.43624,0.45115,0.44742,0.4532,0.45676,0.45723,0.4529,0.44621,0.45196,0.45594,0.44482,0.45997,0.45692
0.44378,0.43519,0.44023,0.45266,0.47469,0.46131,0.46001,0.45619,0.44728,0.44967,0.45083,0.4595,0.44687,0.45645,0.45264
0.44032,0.43683,0.43659,0.44828,0.4638,0.45015,0.4523,0.44592,0.44393,0.44727,0.44763,0.44772,0.44035,0.45373,0.45696
0.43801,0.43796,0.43984,0.46806,0.45151,0.44743,0.44826,0.44448,0.44988,0.44723,0.44834,0.44946,0.43654,0.45336,0.45067
0.44322,0.43665,0.43438,0.46739,0.45862,0.44814,0.4451,0.43992,0.44971,0.44868,0.44888,0.44666,0.44904,0.4556,0.44396
0.44494,0.44011,0.43481,0.46471,0.45642,0.44891,0.44743,0.44797,0.4566,0.45297,0.44879,0.45564,0.44564,0.45209,0.44861
0.44277,0.43516,0.43024,0.50612,0.45074,0.45161,0.45268,0.44789,0.46161,0.45151,0.45411,0.45779,0.44256,0.45585,0.44571
0.43663,0.4245,0.43122,0.44875,0.45717,0.444,0.45264,0.44089,0.45023,0.44647,0.44614,0.44976,0.43707,0.45884,0.4479
0.43658,0.42442,0.43628,0.44699,0.44307,0.44226,0.44377,0.45011,0.45171,0.44033,0.45872,0.45063,0.43962,0.46567,0.44605
0.42339,0.41754,0.42906,0.44725,0.44231,0.42641,0.439,0.43351,0.44749,0.43562,0.43966,0.44641,0.43986,0.4501,0.43285
0.42147,0.40939,0.42299,0.43429,0.4345,0.42179,0.43485,0.4233,0.446,0.42571,0.42959,0.43116,0.43695,0.43659,0.43266
0.42834,0.41629,0.42106,0.43817,0.43345,0.42186,0.44066,0.4316,0.44509,0.43211,0.4308,0.43571,0.43814,0.4404,0.44081
0.42397,0.41291,0.42153,0.44695,0.43149,0.42575,0.44083,0.42919,0.44362,0.43362,0.42933,0.42778,0.44021,0.43254,0.43666
0.43503,0.41852,0.4218,0.43747,0.43886,0.43345,0.43807,0.42721,0.43741,0.42827,0.42473,0.42281,0.44049,0.43699,0.43544
0.42334,0.42178,0.42257,0.4473,0.43578,0.4319,0.43905,0.42453,0.43926,0.43445,0.42744,0.42887,0.43691,0.43855,0.43271
0.41703,0.41388,0.41244,0.46123,0.43173,0.42336,0.43704,0.42167,0.43742,0.43195,0.42034,0.42249,0.4274,0.43462,0.42192
0.40919,0.41249,0.40536,0.44407,0.4262,0.42314,0.4325,0.41813,0.43574,0.43333,0.41882,0.42449,0.42469,0.43292,0.42295
0.41019,0.41123,0.40437,0.42892,0.41902,0.42582,0.43476,0.42076,0.42872,0.42634,0.42098,0.41562,0.41694,0.42654,0.4232
0.41399,0.41022,0.40459,0.42532,0.424,0.42761,0.43051,0.42109,0.42022,0.43063,0.42333,0.42665,0.42483,0.43117,0.41681
0.40964,0.41245,0.40426,0.4147,0.41501,0.42317,0.43262,0.41393,0.4226,0.42288,0.42008,0.42566,0.42209,0.4249,0.4259
0.41128,0.40931,0.3999,0.42589,0.42339,0.42202,0.42578,0.4219,0.42119,0.41965,0.42141,0.43077,0.4227,0.42779,0.42038
0.41357,0.41276,0.40281,0.43384,0.41821,0.42556,0.42818,0.41704,0.4185,0.42731,0.42463,0.43601,0.4244,0.43576,0.41452
0.40842,0.41649,0.40158,0.44607,0.42394,0.41693,0.43086,0.41874,0.42991,0.41995,0.42192,0.4363,0.423,0.43002,0.42354
0.4107,0.40929,0.40527,0.42996,0.42384,0.41784,0.42984,0.42824,0.42394,0.41528,0.42229,0.43067,0.41584,0.42948,0.42829
0.40867,0.40998,0.40637,0.42255,0.42784,0.41832,0.43393,0.41837,0.42494,0.41957,0.41827,0.43556,0.42108,0.42094,0.42507
0.41218,0.41249,0.40493,0.43292,0.42207,0.41913,0.43198,0.42525,0.42225,0.42148,0.41751,0.42108,0.42624,0.42308,0.42969
0.41313,0.41174,0.40614,0.45252,0.41952,0.41907,0.43433,0.42327,0.43287,0.43036,0.42421,0.43132,0.42931,0.42551,0.42833
0.41118,0.41433,0.40852,0.43852,0.42326,0.42014,0.43338,0.4199,0.42366,0.4253,0.41887,0.41953,0.42873,0.42215,0.4203
0.41354,0.41166,0.40942,0.43652,0.43112,0.42414,0.42966,0.42444,0.42635,0.43357,0.41865,0.42466,0.42389,0.41845,0.42357
0.40978,0.41313,0.41061,0.43549,0.42673,0.42065,0.43032,0.42144,0.42456,0.42142,0.42116,0.42246,0.42283,0.42229,0.42088
0.41127,0.41513,0.40937,0.43931,0.4254,0.42591,0.42531,0.43236,0.42139,0.42636,0.42716,0.42381,0.42579,0.42604,0.4261
0.41828,0.41617,0.41499,0.43969,0.42449,0.42454,0.42533,0.42566,0.42557,0.42763,0.42857,0.42217,0.4248,0.42586,0.43175
0.41293,0.41255,0.41121,0.44382,0.42148,0.42953,0.42053,0.42547,0.42536,0.42652,0.42346,0.42573,0.42561,0.42552,0.42946
0.40825,0.41252,0.4092,0.4299,0.42912,0.42149,0.42226,0.42244,0.4263,0.42917,0.42311,0.42721,0.42627,0.42108,0.42876
0.40808,0.40857,0.41081,0.43206,0.43212,0.42386,0.42593,0.42203,0.42258,0.42203,0.42706,0.43317,0.42242,0.42357,0.43563
0.40897,0.40887,0.41,0.43634,0.42301,0.42545,0.42639,0.42391,0.42585,0.42128,0.42319,0.42173,0.41828,0.42114,0.43141
0.41339,0.41009,0.41205,0.46506,0.43408,0.42829,0.42531,0.42868,0.42258,0.42435,0.42878,0.42414,0.42195,0.42408,0.43081
0.41277,0.41037,0.41051,0.44743,0.42454,0.42545,0.42407,0.42441,0.4272,0.42441,0.42549,0.42002,0.42578,0.42857,0.43264
0.41416,0.40734,0.40986,0.43739,0.42067,0.43182,0.41927,0.42115,0.4291,0.4297,0.41826,0.42581,0.42558,0.42706,0.42186
0.40707,0.40862,0.40974,0.42667,0.4291,0.41743,0.42164,0.42217,0.42628,0.42501,0.4237,0.42782,0.42819,0.42593,0.42414
0.40747,0.40861,0.41096,0.42563,0.42933,0.41825,0.42896,0.41906,0.42638,0.43148,0.42079,0.42433,0.43032,0.42945,0.4266
0.40877,0.40865,0.41313,0.42374,0.4343,0.42765,0.43071,0.42113,0.43014,0.4323,0.42467,0.41917,0.42147,0.44288,0.42463
0.41026,0.40764,0.41355,0.41888,0.42568,0.42888,0.43105,0.42024,0.42729,0.42816,0.42298,0.42143,0.42157,0.43275,0.42671
0.40353,0.40528,0.41009,0.4285,0.42239,0.43061,0.42998,0.41496,0.42673,0.42831,0.42324,0.42089,0.41986,0.43844,0.43251
0.40412,0.40428,0.41112,0.43655,0.42582,0.4333,0.42728,0.42427,0.42318,0.42417,0.42249,0.42245,0.42307,0.43217,0.4282
0.40589,0.40283,0.40693,0.43972,0.42848,0.43157,0.42871,0.41765,0.42751,0.42296,0.42999,0.42772,0.42597,0.4302,0.4246
0.40498,0.40449,0.40941,0.43321,0.43085,0.43229,0.42534,0.42843,0.42445,0.42407,0.43123,0.43546,0.41875,0.43588,0.43124
0.40404,0.40485,0.41002,0.43362,0.43243,0.4279,0.42813,0.42248,0.4274,0.42051,0.42539,0.42218,0.41804,0.42982,0.42755
0.40308,0.40338,0.40519,0.43287,0.42522,0.43942,0.42529,0.42405,0.42379,0.42287,0.42078,0.4262,0.42095,0.42903,0.42318
0.40528,0.40661,0.40718,0.43747,0.43222,0.42923,0.41689,0.43041,0.41946,0.4238,0.42458,0.42605,0.42526,0.42989,0.43063
0.40764,0.40614,0.40748,0.42606,0.4278,0.4328,0.41616,0.42151,0.42691,0.42796,0.4332,0.42415,0.42324,0.42486,0.42773
0.40862,0.40788,0.41164,0.43025,0.4317,0.43454,0.42469,0.42967,0.43153,0.42329,0.42737,0.43117,0.43356,0.42965,0.43378
0.40813,0.40725,0.41269,0.42214,0.43144,0.43053,0.42565,0.42392,0.42746,0.42124,0.42304,0.42575,0.42782,0.4268,0.42803
0.41049,0.40461,0.40836,0.42112,0.42905,0.43572,0.4249,0.41995,0.42743,0.42321,0.4263,0.42344,0.42846,0.43168,0.42328
0.40792,0.41154,0.41083,0.43995,0.42748,0.43109,0.4334,0.42728,0.42245,0.43404,0.42384,0.4252,0.41573,0.42962,0.42377
0.41087,0.40716,0.40674,0.44422,0.42536,0.43415,0.43222,0.42681,0.4195,0.43097,0.42712,0.42361,0.41877,0.4381,0.42056
0.41066,0.40801,0.40838,0.42197,0.42866,0.43202,0.43251,0.42192,0.42095,0.43285,0.4193,0.42522,0.42305,0.43947,0.42468
0.40758,0.40718,0.40703,0.43327,0.42757,0.42834,0.43522,0.42012,0.43242,0.42629,0.42495,0.42335,0.41723,0.43473,0.42792
0.408,0.40504,0.41098,0.42413,0.42563,0.42863,0.43069,0.42722,0.42743,0.42663,0.42498,0.42874,0.4161,0.43644,0.42984
0.40933,0.40567,0.40943,0.42134,0.43287,0.4305,0.43603,0.42238,0.42577,0.42356,0.42259,0.42536,0.42393,0.42879,0.42561
0.41318,0.4055,0.40824,0.42103,0.42317,0.43436,0.43022,0.42564,0.42502,0.42664,0.42201,0.42296,0.41782,0.42823,0.43903
0.41468,0.41009,0.40973,0.42093,0.42786,0.43959,0.43444,0.42781,0.42757,0.42986,0.42523,0.42703,0.42068,0.43269,0.43625
0.41321,0.40988,0.41395,0.4236,0.43371,0.42833,0.43089,0.42044,0.4237,0.42208,0.41589,0.42306,0.41865,0.42174,0.43318
0.41631,0.40507,0.41071,0.42296,0.42945,0.43299,0.43206,0.41818,0.42781,0.42698,0.42566,0.42581,0.41862,0.42078,0.43145
0.41389,0.40515,0.41626,0.42187,0.4319,0.43317,0.43337,0.41761,0.42356,0.42469,0.41918,0.41877,0.42309,0.41974,0.43174
0.41447,0.40464,0.4106,0.44248,0.43072,0.42202,0.4327,0.42787,0.42213,0.42925,0.43151,0.42145,0.42708,0.4276,0.43373
0.41325,0.40561,0.41389,0.42961,0.42618,0.41983,0.4354,0.42661,0.42356,0.42653,0.42734,0.42793,0.42814,0.43188,0.43736
0.4133,0.40328,0.41541,0.43717,0.4189,0.42167,0.43099,0.42838,0.41849,0.4285,0.42698,0.42413,0.43091,0.42752,0.43651
0.40696,0.40198,0.42533,0.43643,0.41911,0.42102,0.42732,0.41533,0.4228,0.42971,0.42441,0.42169,0.421,0.42226,0.4351
0.41128,0.40641,0.43419,0.4214,0.42879,0.41987,0.42646,0.42024,0.42634,0.42392,0.43142,0.42452,0.42395,0.42445,0.44678
0.4071,0.39931,0.42365,0.42397,0.42119,0.41827,0.42359,0.4251,0.42124,0.42049,0.43226,0.42343,0.42176,0.42179,0.43523
0.40951,0.40311,0.42959,0.42557,0.43112,0.43407,0.43308,0.42524,0.42667,0.41591,0.43665,0.4295,0.42304,0.42054,0.4373
0.4065,0.39644,0.40426,0.42302,0.429,0.41938,0.42137,0.42494,0.42034,0.41532,0.42882,0.42226,0.42536,0.42249,0.43456
0.40876,0.39781,0.41998,0.42624,0.43015,0.42633,0.42664,0.42512,0.4305,0.41945,0.42877,0.42462,0.42481,0.41555,0.43113
0.40777,0.39926,0.41529,0.43021,0.429,0.42254,0.42403,0.41853,0.42804,0.41379,0.42787,0.42469,0.4216,0.41549,0.42588
0.40764,0.3957,0.42227,0.43388,0.42619,0.42178,0.42644,0.41778,0.43094,0.42392,0.42855,0.42805,0.43331,0.41599,0.42377
0.41107,0.40135,0.4247,0.42946,0.43001,0.42522,0.42717,0.42118,0.42924,0.42695,0.43164,0.42138,0.43286,0.42964,0.42552
0.414,0.4123,0.43234,0.41889,0.42545,0.4224,0.42663,0.42501,0.42706,0.42912,0.42779,0.42487,0.43528,0.41929,0.42405
0.40531,0.39825,0.44891,0.43612,0.42708,0.42539,0.42779,0.42229,0.42528,0.42953,0.42729,0.42496,0.43115,0.4229,0.42431
0.4114,0.40216,0.45213,0.42948,0.42848,0.41917,0.42189,0.43058,0.42778,0.42571,0.42468,0.42171,0.42332,0.43032,0.43193
0.41069,0.40287,0.4445,0.43633,0.42991,0.42237,0.42418,0.42239,0.43059,0.42042,0.42724,0.42325,0.42529,0.42433,0.43233
0.41102,0.40373,0.45115,0.4309,0.42812,0.42314,0.4268,0.42106,0.43226,0.42542,0.42927,0.42233,0.42812,0.42761,0.43353
0.40748,0.40194,0.42699,0.42994,0.43385,0.42096,0.43165,0.42365,0.42309,0.42635,0.42698,0.42182,0.41897,0.42114,0.43275
0.40804,0.40078,0.43238,0.43115,0.4241,0.4285,0.42434,0.42356,0.41538,0.42139,0.42939,0.4243,0.4201,0.42542,0.42916
0.40675,0.40256,0.4075,0.44269,0.42477,0.42059,0.42243,0.42612,0.42265,0.41973,0.42415,0.41855,0.42251,0.42367,0.42682
0.40829,0.40382,0.41385,0.42768,0.42383,0.43134,0.42423,0.41605,0.42863,0.42783,0.42372,0.4247,0.42186,0.42353,0.42744
0.4085,0.40595,0.41451,0.43637,0.43173,0.4315,0.42169,0.42164,0.42772,0.42252,0.42931,0.42626,0.42864,0.42728,0.42547
0.40893,0.41136,0.41589,0.43855,0.42905,0.42843,0.42484,0.41898,0.43037,0.42692,0.42305,0.42686,0.43167,0.42279,0.42743
0.4094,0.4064,0.41513,0.43076,0.43122,0.43308,0.42085,0.41651,0.42181,0.42089,0.42933,0.42342,0.4248,0.42585,0.42711
0.40916,0.40908,0.43223,0.42746,0.42438,0.4328,0.42522,0.4241,0.42473,0.42868,0.42334,0.41969,0.42475,0.42478,0.42857
0.41041,0.40847,0.44262,0.43005,0.41716,0.4334,0.424,0.41486,0.42386,0.4237,0.42654,0.42099,0.42349,0.42731,0.42792
0.42017,0.42164,0.44424,0.42906,0.43023,0.43158,0.43111,0.42934,0.43401,0.43385,0.43163,0.42907,0.43591,0.43576,0.43158
0.40882,0.41214,0.44005,0.42209,0.428,0.43225,0.43169,0.42146,0.42716,0.42982,0.43192,0.42564,0.42908,0.4356,0.42359
0.4101,0.41262,0.45124,0.43275,0.41976,0.42452,0.42326,0.42329,0.42855,0.42243,0.42584,0.42616,0.4222,0.43615,0.43149
0.40714,0.41062,0.43259,0.43301,0.42177,0.42189,0.42234,0.42639,0.43172,0.42213,0.42745,0.42207,0.41813,0.43287,0.4334
0.40754,0.40798,0.43507,0.47035,0.42206,0.42332,0.41805,0.42306,0.42584,0.4231,0.42422,0.41967,0.42138,0.42725,0.43446
0.41128,0.41057,0.41139,0.4389,0.4264,0.42617,0.42136,0.42795,0.4263,0.42927,0.42512,0.42533,0.41808,0.42708,0.43342
0.40847,0.40879,0.41915,0.4368,0.42984,0.42922,0.41892,0.4176,0.42928,0.43192,0.42389,0.41998,0.42234,0.42306,0.4288
0.40935,0.4078,0.42068,0.43142,0.42852,0.43243,0.41947,0.42207,0.42572,0.42773,0.42491,0.41854,0.42608,0.42221,0.468
0.41807,0.40732,0.41292,0.42971,0.42828,0.43044,0.42952,0.42083,0.42319,0.42686,0.42164,0.42863,0.43095,0.42317,0.43157
0.42777,0.40891,0.41469,0.43094,0.4308,0.43351,0.42149,0.42199,0.42415,0.41981,0.42193,0.42484,0.42648,0.42203,0.42686
0.41102,0.40967,0.42916,0.43782,0.42789,0.43488,0.42965,0.4284,0.42317,0.43169,0.41888,0.42468,0.43025,0.4213,0.41918
0.40859,0.40776,0.43807,0.44508,0.42688,0.43154,0.41572,0.41996,0.42273,0.42679,0.4185,0.42091,0.42881,0.41962,0.434
0.40682,0.4094,0.44081,0.43211,0.43997,0.42451,0.41836,0.4218,0.42343,0.42739,0.41385,0.42657,0.43302,0.42336,0.43415
0.40361,0.40786,0.44029,0.43401,0.46137,0.42048,0.42343,0.41641,0.43265,0.4239,0.42149,0.42845,0.48769,0.4206,0.44528
0.40753,0.40894,0.45394,0.44123,0.44597,0.421,0.42335,0.42068,0.42684,0.42551,0.42114,0.42976,0.43829,0.42347,0.43311
0.40729,0.41354,0.43528,0.44147,0.44772,0.42615,0.42989,0.42178,0.42903,0.42512,0.42857,0.43038,0.43611,0.42582,0.43909
0.4059,0.41011,0.43903,0.44288,0.42954,0.42414,0.42069,0.42048,0.41952,0.42523,0.42196,0.42739,0.43513,0.43027,0.43666
0.40821,0.40685,0.40714,0.42326,0.42869,0.42133,0.41698,0.42349,0.4249,0.42981,0.42302,0.42052,0.43947,0.42725,0.43722
0.40969,0.40611,0.40967,0.42709,0.43278,0.42263,0.4234,0.4186,0.42519,0.42993,0.4238,0.42274,0.42943,0.42984,0.44729
0.40851,0.40644,0.40816,0.42153,0.43801,0.42312,0.41968,0.41895,0.42133,0.42604,0.4189,0.42439,0.43036,0.43125,0.44225
0.4103,0.40965,0.41452,0.43228,0.4442,0.43358,0.42846,0.4254,0.42951,0.42445,0.42086,0.42144,0.43241,0.43353,0.44352
0.40751,0.40791,0.41046,0.42816,0.43146,0.42814,0.42444,0.41812,0.42265,0.42424,0.43169,0.42178,0.43489,0.42952,0.4412
0.40738,0.43109,0.4261,0.43133,0.43686,0.425,0.425,0.42175,0.42145,0.4255,0.42621,0.42012,0.43555,0.4275,0.45214
0.40753,0.43431,0.44013,0.42587,0.43607,0.42788,0.41893,0.42709,0.42365,0.42726,0.43177,0.42559,0.43222,0.42315,0.44162
0.40691,0.41538,0.44836,0.4296,0.44425,0.42163,0.41795,0.42269,0.42529,0.42569,0.43026,0.42456,0.4362,0.42368,0.43931
0.40863,0.42658,0.44973,0.4331,0.43368,0.42505,0.42933,0.42752,0.43194,0.42699,0.43577,0.42603,0.43719,0.45763,0.44427
0.41019,0.42265,0.45872,0.42034,0.43364,0.42056,0.42423,0.4226,0.41954,0.42597,0.43186,0.42773,0.43207,0.43029,0.44449
0.40878,0.42713,0.43228,0.4191,0.43549,0.42898,0.41951,0.42537,0.42863,0.43299,0.43507,0.42832,0.42273,0.42145,0.44514
0.41217,0.43063,0.41577,0.42552,0.4328,0.42744,0.42302,0.42803,0.42638,0.43113,0.42912,0.41906,0.42995,0.42312,0.4428
0.40709,0.43167,0.43855,0.42406,0.43444,0.4327,0.42041,0.42333,0.4362,0.43578,0.4291,0.43387,0.43121,0.41846,0.443
0.41037,0.43653,0.42502,0.42774,0.43374,0.42602,0.42093,0.42537,0.42645,0.43774,0.4329,0.42692,0.43747,0.42538,0.45071
0.40942,0.43478,0.40935,0.41791,0.43572,0.4295,0.42597,0.42282,0.43029,0.43138,0.43191,0.42174,0.43408,0.42514,0.43827
0.40692,0.42997,0.40664,0.42019,0.43309,0.4319,0.43288,0.4231,0.42329,0.42795,0.43045,0.41807,0.43357,0.43288,0.44133
0.40898,0.43804,0.40683,0.42215,0.42399,0.4266,0.4303,0.41769,0.41944,0.4335,0.43604,0.41885,0.43141,0.42714,0.44215
0.40957,0.4386,0.42636,0.42226,0.42385,0.42555,0.42752,0.42639,0.42268,0.43602,0.43018,0.42642,0.43485,0.42838,0.43509
0.40714,0.43317,0.44939,0.43315,0.43743,0.42145,0.42811,0.42866,0.4255,0.43992,0.42361,0.4282,0.44369,0.42735,0.43648
0.40754,0.43055,0.45476,0.42773,0.43429,0.41818,0.43587,0.42109,0.42567,0.42909,0.42061,0.4227,0.44288,0.42727,0.43699
0.40599,0.42406,0.44674,0.42905,0.4236,0.41615,0.43703,0.41522,0.42088,0.43208,0.41967,0.42449,0.4363,0.4298,0.43023
0.40691,0.43078,0.45977,0.41855,0.42967,0.42077,0.43163,0.42742,0.42843,0.42801,0.42167,0.43043,0.43231,0.4217,0.44155
0.40603,0.43734,0.43777,0.42957,0.43635,0.42567,0.48623,0.42561,0.42814,0.42768,0.41774,0.43273,0.42921,0.42231,0.43332
0.41171,0.4389,0.40713,0.4282,0.43381,0.42197,0.44163,0.43446,0.42698,0.4271,0.42676,0.42079,0.43472,0.42073,0.43376
0.41058,0.44151,0.40377,0.42727,0.43562,0.42679,0.41832,0.41601,0.42745,0.43366,0.42554,0.42633,0.43367,0.42166,0.43344
0.41017,0.42783,0.41158,0.42607,0.43196,0.42378,0.43793,0.41459,0.42053,0.43501,0.42643,0.42572,0.44008,0.42684,0.4302
0.42628,0.42599,0.41407,0.43463,0.43155,0.42233,0.42928,0.41525,0.49978,0.42985,0.42254,0.43233,0.42972,0.42604,0.43838
0.41167,0.43039,0.41551,0.43539,0.43017,0.42792,0.42522,0.41624,0.42074,0.43274,0.42877,0.42569,0.43178,0.43556,0.43281
0.41146,0.42854,0.41763,0.43745,0.43434,0.4279,0.42968,0.42541,0.42329,0.43959,0.42494,0.42569,0.43686,0.42755,0.43624
0.40855,0.42373,0.40982,0.44186,0.433,0.4299,0.42871,0.41777,0.41838,0.43624,0.43113,0.42338,0.4288,0.42974,0.45632
0.4068,0.42161,0.43268,0.43951,0.436,0.42342,0.43116,0.42178,0.41824,0.42526,0.4209,0.4267,0.42901,0.42845,0.441
0.40906,0.43756,0.44781,0.43932,0.44217,0.42152,0.44864,0.42103,0.44831,0.42814,0.42731,0.42789,0.45189,0.4231,0.43987
0.40733,0.43609,0.45378,0.43752,0.4367,0.41892,0.4351,0.42718,0.49993,0.42053,0.41934,0.43232,0.42309,0.42545,0.43776
0.41173,0.44227,0.45694,0.42975,0.43519,0.4208,0.44886,0.43227,0.43967,0.42523,0.42523,0.42632,0.43233,0.45077,0.43037
0.4095,0.43462,0.45624,0.43241,0.42152,0.42818,0.43112,0.42377,0.44544,0.4291,0.42086,0.43121,0.43352,0.4187,0.4302
0.40842,0.42992,0.44359,0.42962,0.42059,0.4189,0.43583,0.42841,0.42508,0.43775,0.42438,0.42886,0.42438,0.43581,0.4385
0.4103,0.42697,0.41268,0.42761,0.42264,0.4308,0.42866,0.42188,0.4365,0.43111,0.4219,0.42255,0.42994,0.42162,0.44291
0.40765,0.43406,0.41414,0.42573,0.42575,0.4275,0.43077,0.42271,0.42321,0.43123,0.42745,0.42399,0.43683,0.45197,0.44024
0.41089,0.42822,0.42255,0.44267,0.43926,0.42639,0.49816,0.42633,0.42074,0.42305,0.4254,0.42882,0.42902,0.43103,0.44726
0.41029,0.42964,0.42198,0.42947,0.43418,0.43232,0.43323,0.42008,0.44722,0.43207,0.43433,0.41954,0.44072,0.43267,0.44178
0.41352,0.43116,0.42552,0.43419,0.43655,0.42679,0.43369,0.42267,0.42218,0.43342,0.41515,0.41759,0.4393,0.43088,0.4386
0.41116,0.437,0.42472,0.43637,0.42505,0.42889,0.42769,0.4253,0.42564,0.4361,0.42334,0.41834,0.43502,0.43279,0.4468
0.40802,0.43914,0.43868,0.44084,0.43012,0.4206,0.44272,0.42813,0.45032,0.43358,0.42147,0.41639,0.43703,0.43096,0.44585
0.41977,0.4395,0.45697,0.42781,0.42766,0.42211,0.42798,0.4271,0.42988,0.43248,0.42074,0.42232,0.43907,0.45441,0.444
0.41774,0.44075,0.45523,0.42601,0.43242,0.42238,0.43534,0.42662,0.45175,0.43155,0.41627,0.42496,0.44087,0.42761,0.44061
0.42364,0.42868,0.44872,0.42647,0.42921,0.42447,0.43966,0.43013,0.42307,0.43366,0.42564,0.41594,0.4368,0.42696,0.44071
0.4321,0.42949,0.44881,0.42739,0.43243,0.42307,0.42978,0.4296,0.41945,0.42862,0.41927,0.43237,0.43543,0.42479,0.43848
0.43227,0.43388,0.46091,0.42486,0.42914,0.42647,0.43427,0.43539,0.42152,0.44146,0.42654,0.42973,0.43294,0.42669,0.43579
0.42195,0.43238,0.43961,0.45201,0.43065,0.42501,0.4295,0.42996,0.44697,0.4437,0.42459,0.42916,0.44004,0.42773,0.43544
0.42848,0.44081,0.41585,0.43022,0.42786,0.42214,0.43931,0.42747,0.43039,0.43494,0.42282,0.42766,0.43521,0.42059,0.42348
0.42287,0.43173,0.40412,0.42673,0.42729,0.42236,0.45933,0.43104,0.45065,0.42807,0.423,0.41895,0.43188,0.421,0.4377
0.42504,0.43872,0.41102,0.42728,0.421,0.42944,0.4344,0.42925,0.42725,0.42937,0.42738,0.4153,0.43193,0.44119,0.4306
0.42216,0.43925,0.41273,0.43492,0.42594,0.4249,0.4264,0.43352,0.42651,0.43094,0.42411,0.41974,0.43749,0.43482,0.43628
0.43603,0.43599,0.41078,0.42803,0.42842,0.4266,0.4392,0.4313,0.42892,0.4378,0.42137,0.4196,0.4409,0.43027,0.44677
0.4478,0.42979,0.42286,0.4387,0.43272,0.42029,0.43262,0.43082,0.4264,0.43122,0.42054,0.42197,0.42931,0.42222,0.43019
0.44602,0.42782,0.4497,0.42038,0.42841,0.4207,0.43214,0.43053,0.42438,0.42865,0.42533,0.42459,0.43255,0.44325,0.43411
0.44491,0.43387,0.41393,0.42971,0.43211,0.41874,0.43494,0.43455,0.44519,0.42741,0.42374,0.42009,0.43011,0.41488,0.43141
0.45034,0.43966,0.41132,0.41926,0.42778,0.42746,0.43256,0.42977,0.4245,0.43201,0.42869,0.42872,0.43203,0.42264,0.4305
0.4651,0.43416,0.4182,0.41893,0.42937,0.42779,0.45261,0.43187,0.4261,0.43823,0.42541,0.42439,0.43467,0.42837,0.43575
0.44028,0.4336,0.4233,0.44669,0.43133,0.42636,0.43135,0.43081,0.44366,0.42961,0.41914,0.42917,0.42987,0.42969,0.42844
0.4191,0.43183,0.42991,0.42004,0.43094,0.41686,0.42598,0.42843,0.42697,0.43231,0.41461,0.42292,0.43621,0.43013,0.42588
0.41226,0.43021,0.42429,0.43675,0.4311,0.41885,0.45095,0.42058,0.42262,0.43568,0.4221,0.42182,0.42934,0.4327,0.42899
0.41486,0.43059,0.41403,0.42029,0.42341,0.42382,0.43804,0.41863,0.4385,0.4371,0.42609,0.41919,0.4311,0.46066,0.43704
0.42067,0.4309,0.42599,0.44158,0.43019,0.42303,0.43673,0.42688,0.42415,0.43194,0.43368,0.42136,0.44185,0.44626,0.43072
0.41456,0.43315,0.42481,0.43494,0.43351,0.42646,0.43093,0.42774,0.42559,0.44038,0.42768,0.41986,0.43984,0.43541,0.44494
0.43159,0.43153,0.4182,0.45761,0.4343,0.42706,0.43376,0.42623,0.43918,0.43999,0.43133,0.41927,0.43849,0.45194,0.43004
0.45054,0.43199,0.43667,0.42841,0.43095,0.42097,0.43261,0.42091,0.42977,0.43432,0.42496,0.41991,0.43248,0.42989,0.42967
0.45962,0.43484,0.44753,0.42614,0.43413,0.4264,0.43432,0.42583,0.42655,0.43347,0.42601,0.42432,0.43477,0.43204,0.43262
0.45438,0.43165,0.45343,0.4336,0.43135,0.42578,0.43929,0.43658,0.44466,0.43318,0.4281,0.43302,0.43461,0.43974,0.43289
0.45309,0.43144,0.45307,0.43241,0.43264,0.42837,0.43404,0.43025,0.42793,0.42748,0.42146,0.42575,0.42889,0.43404,0.43627
0.46372,0.43061,0.45826,0.44354,0.43059,0.42613,0.44454,0.42881,0.42678,0.4402,0.42031,0.42026,0.43047,0.43072,0.43624
0.44216,0.43368,0.47272,0.4441,0.4329,0.42985,0.43623,0.42374,0.44402,0.43405,0.42404,0.42888,0.43028,0.4313,0.43255
0.4261,0.43193,0.44822,0.44244,0.43078,0.42394,0.437,0.4233,0.42571,0.43874,0.42294,0.42894,0.42373,0.42882,0.43333
0.42021,0.438,0.42033,0.43012,0.43621,0.43012,0.4525,0.42621,0.42297,0.43666,0.4248,0.43083,0.42917,0.43924,0.42923
0.42114,0.43303,0.41173,0.42663,0.42323,0.4253,0.43969,0.42408,0.42993,0.43357,0.42166,0.432,0.42626,0.42973,0.43125
0.4247,0.42768,0.41637,0.43213,0.42435,0.42669,0.43813,0.42183,0.41548,0.43324,0.41991,0.43366,0.43378,0.43158,0.43386
0.41855,0.43191,0.42316,0.434,0.42685,0.42735,0.43927,0.4201,0.41598,0.43485,0.41883,0.43285,0.42524,0.43299,0.44612
0.43247,0.43361,0.42107,0.44051,0.44027,0.41863,0.43573,0.42866,0.44019,0.43115,0.41736,0.4278,0.43078,0.42729,0.43651
0.45216,0.42785,0.44016,0.43856,0.43357,0.42348,0.43543,0.42716,0.42557,0.43339,0.42619,0.43117,0.43484,0.42619,0.43546
0.45243,0.43152,0.45451,0.43133,0.44433,0.42131,0.43514,0.42262,0.42494,0.42792,0.42467,0.43782,0.43363,0.42444,0.43038
0.45252,0.42403,0.44986,0.43778,0.42271,0.42371,0.42979,0.42193,0.4324,0.42395,0.42825,0.42763,0.43531,0.42145,0.42569
0.45145,0.43142,0.45258,0.42868,0.43041,0.42734,0.43238,0.4236,0.41957,0.42749,0.4274,0.43019,0.43614,0.42534,0.43276
0.45997,0.4322,0.45356,0.43239,0.44099,0.42135,0.43343,0.41987,0.42145,0.43004,0.42477,0.43011,0.43361,0.42133,0.4311
0.43946,0.43656,0.4726,0.41869,0.42984,0.43295,0.43373,0.42161,0.43939,0.43217,0.41874,0.42884,0.44012,0.42211,0.42893
0.41942,0.43615,0.44678,0.42618,0.43324,0.44679,0.42736,0.42183,0.42627,0.42505,0.42048,0.41933,0.43562,0.42308,0.42979
0.41615,0.42874,0.41806,0.43164,0.42588,0.42171,0.43229,0.41532,0.42004,0.42618,0.41998,0.42014,0.43895,0.43667,0.43331
0.42086,0.43281,0.4106,0.42932,0.42318,0.43721,0.4191,0.41856,0.436,0.42596,0.42176,0.42139,0.43267,0.42175,0.43561
0.42285,0.43259,0.41157,0.42961,0.43468,0.42588,0.42254,0.42242,0.41958,0.43054,0.41419,0.42053,0.42918,0.4289,0.43534
0.42055,0.42723,0.42177,0.43835,0.43704,0.44088,0.43419,0.42307,0.43718,0.43523,0.42323,0.42657,0.43583,0.43181,0.44096
0.43395,0.42678,0.41658,0.42145,0.42857,0.42831,0.42416,0.42632,0.42887,0.42779,0.424,0.42498,0.42533,0.4244,0.43646
0.45005,0.42458,0.43619,0.43489,0.43268,0.46631,0.43242,0.4219,0.42128,0.43447,0.42899,0.42462,0.42962,0.42746,0.43969
0.45292,0.43307,0.4545,0.41925,0.44148,0.43688,0.42914,0.41997,0.42509,0.42884,0.4324,0.42349,0.43233,0.4268,0.43579
0.4467,0.43422,0.45543,0.42412,0.42604,0.43537,0.42956,0.42066,0.43624,0.42948,0.43041,0.41551,0.43251,0.4259,0.43234
0.45214,0.44117,0.45254,0.42081,0.41959,0.44257,0.43062,0.42457,0.42955,0.43246,0.43107,0.41749,0.43513,0.42978,0.44288
0.46403,0.43698,0.45446,0.42043,0.42795,0.43383,0.43117,0.42698,0.43813,0.42492,0.42756,0.41954,0.43259,0.42906,0.43808
0.44132,0.4345,0.47585,0.43309,0.4339,0.4342,0.44236,0.41804,0.4228,0.43454,0.43,0.42644,0.43027,0.42103,0.43095
0.41766,0.43326,0.4404,0.41946,0.43377,0.42771,0.43283,0.42258,0.42198,0.42614,0.42582,0.42176,0.43753,0.42153,0.4335
0.40832,0.43507,0.41839,0.4258,0.43149,0.43894,0.43258,0.42418,0.43698,0.43834,0.42847,0.42789,0.43784,0.42626,0.4357
0.41946,0.428,0.40936,0.43133,0.42668,0.43122,0.43206,0.428,0.42449,0.4355,0.43619,0.4293,0.4378,0.43656,0.43579
0.42145,0.42973,0.42137,0.42429,0.43267,0.42419,0.43113,0.42635,0.41435,0.4287,0.42833,0.42325,0.44018,0.43617,0.43233
0.41416,0.43219,0.41856,0.42761,0.44055,0.42731,0.43458,0.41913,0.41794,0.42784,0.43679,0.42635,0.43345,0.43016,0.43447
0.42931,0.43584,0.41378,0.41704,0.42716,0.42967,0.4349,0.4275,0.42672,0.42275,0.42898,0.42464,0.43402,0.42571,0.43877
0.44727,0.43725,0.4294,0.42196,0.43002,0.4278,0.44009,0.41921,0.42568,0.42813,0.43385,0.42187,0.43485,0.431,0.43083
0.45585,0.43741,0.44658,0.42826,0.42275,0.45377,0.43915,0.42567,0.4345,0.43699,0.42916,0.42359,0.43059,0.45879,0.43619
0.4493,0.4373,0.45256,0.43269,0.4233,0.43906,0.43447,0.42093,0.41919,0.43187,0.42939,0.4221,0.43099,0.42771,0.42603
0.44774,0.43017,0.45097,0.42382,0.42659,0.42152,0.43133,0.42016,0.42417,0.43471,0.4266,0.42405,0.4291,0.4287,0.43197
0.45321,0.43124,0.45544,0.42958,0.4304,0.43122,0.42756,0.41738,0.42986,0.43183,0.42665,0.42548,0.43457,0.44145,0.42587
0.43618,0.43622,0.45781,0.42888,0.43214,0.42738,0.43768,0.41653,0.42481,0.43897,0.42556,0.42048,0.43135,0.43599,0.43016
0.42046,0.42937,0.44092,0.42322,0.43828,0.42517,0.44212,0.41598,0.4266,0.43911,0.42479,0.42976,0.43875,0.44235,0.43635
0.41097,0.43023,0.41581,0.43095,0.43079,0.42751,0.4327,0.41685,0.42921,0.43636,0.42626,0.42755,0.4367,0.43316,0.43479
0.42196,0.42567,0.41354,0.44058,0.42376,0.42794,0.43071,0.42716,0.42379,0.43732,0.42729,0.43151,0.43171,0.43448,0.43881
0.41794,0.43839,0.41765,0.44149,0.42902,0.42503,0.43187,0.43252,0.42742,0.43673,0.42959,0.43013,0.4387,0.43695,0.4371
0.42091,0.43593,0.42253,0.4255,0.42503,0.43372,0.43641,0.43125,0.44712,0.43272,0.42835,0.42844,0.43501,0.43422,0.44133
0.43814,0.43878,0.42057,0.42727,0.42039,0.43602,0.43329,0.43426,0.43021,0.43576,0.43374,0.43417,0.43533,0.43832,0.44793
0.47391,0.4305,0.43543,0.44066,0.42191,0.42211,0.42792,0.42825,0.42868,0.43747,0.42903,0.43176,0.43416,0.43026,0.43936
0.45026,0.4229,0.44638,0.42555,0.42516,0.42858,0.43054,0.43588,0.42611,0.43675,0.42918,0.42974,0.42948,0.43085,0.43823
0.44849,0.42942,0.44823,0.42188,0.43774,0.42613,0.43634,0.43051,0.42629,0.44007,0.43181,0.43525,0.43222,0.42696,0.43439
0.4511,0.4394,0.44018,0.42909,0.43803,0.43768,0.43636,0.43021,0.42134,0.43085,0.42798,0.4285,0.43733,0.42683,0.42931
0.46229,0.43543,0.44694,0.42099,0.43395,0.42474,0.44005,0.43167,0.43989,0.44749,0.43121,0.43751,0.44186,0.42454,0.43532
0.44237,0.43467,0.46282,0.43769,0.44034,0.43178,0.43819,0.42854,0.43222,0.43356,0.42692,0.42981,0.43585,0.42368,0.43275
0.4169,0.43224,0.43808,0.4258,0.43847,0.42549,0.43363,0.42731,0.42759,0.4407,0.43238,0.42971,0.43426,0.4241,0.43251
0.40553,0.43431,0.41476,0.43012,0.44014,0.43224,0.4353,0.42927,0.42901,0.43664,0.43181,0.42842,0.42808,0.41736,0.42764
0.41187,0.43378,0.40973,0.42436,0.44342,0.42965,0.44215,0.42588,0.42763,0.4372,0.42937,0.43072,0.42479,0.42178,0.43964
0.41544,0.43222,0.41366,0.43681,0.44788,0.43769,0.43858,0.43273,0.43244,0.436,0.43626,0.43209,0.43054,0.42697,0.43596
0.41529,0.43273,0.42335,0.43262,0.44493,0.42342,0.43909,0.42593,0.43431,0.43165,0.42992,0.42978,0.43111,0.42231,0.43961
0.42564,0.42974,0.41582,0.43462,0.44247,0.4333,0.44018,0.41734,0.43086,0.42586,0.4348,0.42895,0.43734,0.42781,0.42937
0.45142,0.43809,0.42862,0.42926,0.43702,0.42417,0.43523,0.4199,0.434,0.43353,0.43361,0.43672,0.42862,0.42249,0.43135
0.4557,0.43819,0.44129,0.429,0.4346,0.42554,0.42931,0.42206,0.43129,0.42915,0.42768,0.42947,0.43695,0.41905,0.42843
0.45044,0.43801,0.4501,0.42741,0.43939,0.43577,0.43591,0.42356,0.43094,0.43306,0.41917,0.43577,0.44071,0.42526,0.43946
0.44748,0.43603,0.44703,0.42882,0.43916,0.42917,0.4328,0.42358,0.42449,0.43304,0.41418,0.43363,0.44278,0.42406,0.43674
0.45677,0.4348,0.45193,0.44594,0.42362,0.43556,0.43648,0.41887,0.43214,0.42941,0.41463,0.43105,0.42925,0.42156,0.43389
0.43899,0.43166,0.46185,0.4315,0.43954,0.42439,0.43658,0.42244,0.42672,0.42897,0.42423,0.43389,0.43172,0.42702,0.44273
0.41898,0.43409,0.44311,0.4274,0.42816,0.43447,0.44259,0.42507,0.42729,0.43448,0.42253,0.43515,0.43564,0.42662,0.43721
