1
289.2354,225.4026,406.5861,276.9940,442.2794,195.8190,324.9182,144.2288
266.0628,227.9638,390.3810,280.9642,427.0494,194.9695,302.7200,141.9705
266.0628,227.9638,390.3810,280.9642,427.0494,194.9695,302.7200,141.9705
266.0628,227.9638,390.3810,280.9642,427.0494,194.9695,302.7200,141.9705
266.0628,227.9638,390.3810,280.9642,427.0494,194.9695,302.7200,141.9705
266.0628,227.9638,390.3810,280.9642,427.0494,194.9695,302.7200,141.9705
266.0628,227.9638,390.3810,280.9642,427.0494,194.9695,302.7200,141.9705
266.0628,227.9638,390.3810,280.9642,427.0494,194.9695,302.7200,141.9705
266.0628,227.9638,390.3810,280.9642,427.0494,194.9695,302.7200,141.9705
266.0628,227.9638,390.3810,280.9642,427.0494,194.9695,302.7200,141.9705
266.0628,227.9638,390.3810,280.9642,427.0494,194.9695,302.7200,141.9705
266.0628,227.9638,390.3810,280.9642,427.0494,194.9695,302.7200,141.9705
266.0628,227.9638,390.3810,280.9642,427.0494,194.9695,302.7200,141.9705
266.0628,227.9638,390.3810,280.9642,427.0494,194.9695,302.7200,141.9705
266.0628,227.9638,390.3810,280.9642,427.0494,194.9695,302.7200,141.9705
266.0628,227.9638,390.3810,280.9642,427.0494,194.9695,302.7200,141.9705
266.0628,227.9638,390.3810,280.9642,427.0494,194.9695,302.7200,141.9705
266.0628,227.9638,390.3810,280.9642,427.0494,194.9695,302.7200,141.9705
279.6999,224.3320,407.3629,267.5375,437.2558,179.2286,309.5818,136.0253
279.6999,224.3320,407.3629,267.5375,437.2558,179.2286,309.5818,136.0253
279.6999,224.3320,407.3629,267.5375,437.2558,179.2286,309.5818,136.0253
279.6999,224.3320,407.3629,267.5375,437.2558,179.2286,309.5818,136.0253
279.6999,224.3320,407.3629,267.5375,437.2558,179.2286,309.5818,136.0253
279.6999,224.3320,407.3629,267.5375,437.2558,179.2286,309.5818,136.0253
279.6999,224.3320,407.3629,267.5375,437.2558,179.2286,309.5818,136.0253
279.6999,224.3320,407.3629,267.5375,437.2558,179.2286,309.5818,136.0253
279.6999,224.3320,407.3629,267.5375,437.2558,179.2286,309.5818,136.0253
279.6999,224.3320,407.3629,267.5375,437.2558,179.2286,309.5818,136.0253
279.6999,224.3320,407.3629,267.5375,437.2558,179.2286,309.5818,136.0253
279.6999,224.3320,407.3629,267.5375,437.2558,179.2286,309.5818,136.0253
279.6999,224.3320,407.3629,267.5375,437.2558,179.2286,309.5818,136.0253
279.6999,224.3320,407.3629,267.5375,437.2558,179.2286,309.5818,136.0253
279.6999,224.3320,407.3629,267.5375,437.2558,179.2286,309.5818,136.0253
279.6999,224.3320,407.3629,267.5375,437.2558,179.2286,309.5818,136.0253
279.6999,224.3320,407.3629,267.5375,437.2558,179.2286,309.5818,136.0253
279.6999,224.3320,407.3629,267.5375,437.2558,179.2286,309.5818,136.0253
279.6999,224.3320,407.3629,267.5375,437.2558,179.2286,309.5818,136.0253
279.6999,224.3320,407.3629,267.5375,437.2558,179.2286,309.5818,136.0253
279.6999,224.3320,407.3629,267.5375,437.2558,179.2286,309.5818,136.0253
279.6999,224.3320,407.3629,267.5375,437.2558,179.2286,309.5818,136.0253
279.6999,224.3320,407.3629,267.5375,437.2558,179.2286,309.5818,136.0253
279.6999,224.3320,407.3629,267.5375,437.2558,179.2286,309.5818,136.0253
269.8748,210.2660,355.5523,320.8546,432.0556,261.5920,346.3674,150.9990
269.8748,210.2660,355.5523,320.8546,432.0556,261.5920,346.3674,150.9990
269.8748,210.2660,355.5523,320.8546,432.0556,261.5920,346.3674,150.9990
269.8748,210.2660,355.5523,320.8546,432.0556,261.5920,346.3674,150.9990
269.8748,210.2660,355.5523,320.8546,432.0556,261.5920,346.3674,150.9990
269.8748,210.2660,355.5523,320.8546,432.0556,261.5920,346.3674,150.9990
269.8748,210.2660,355.5523,320.8546,432.0556,261.5920,346.3674,150.9990
0
0
0
0
0
0
0
0
0
0
0
0
0
0
0
0
0
0
2
0
0
0
0
1
139.4572,141.6700,197.4018,158.5520,216.5331,92.9263,158.5984,76.0360
135.9340,150.6567,193.1815,170.5292,215.6996,105.6935,158.4624,85.8132
140.1215,151.2551,195.4939,172.7112,219.8053,109.9995,164.4433,88.5361
140.1215,151.2551,195.4939,172.7112,219.8053,109.9995,164.4433,88.5361
140.1215,151.2551,195.4939,172.7112,219.8053,109.9995,164.4433,88.5361
140.1215,151.2551,195.4939,172.7112,219.8053,109.9995,164.4433,88.5361
140.1215,151.2551,195.4939,172.7112,219.8053,109.9995,164.4433,88.5361
147.6934,156.3064,205.3464,175.4360,227.0232,110.1410,169.3806,91.0034
147.6934,156.3064,205.3464,175.4360,227.0232,110.1410,169.3806,91.0034
147.6934,156.3064,205.3464,175.4360,227.0232,110.1410,169.3806,91.0034
147.6934,156.3064,205.3464,175.4360,227.0232,110.1410,169.3806,91.0034
147.6934,156.3064,205.3464,175.4360,227.0232,110.1410,169.3806,91.0034
147.6934,156.3064,205.3464,175.4360,227.0232,110.1410,169.3806,91.0034
147.6934,156.3064,205.3464,175.4360,227.0232,110.1410,169.3806,91.0034
147.6934,156.3064,205.3464,175.4360,227.0232,110.1410,169.3806,91.0034
147.6934,156.3064,205.3464,175.4360,227.0232,110.1410,169.3806,91.0034
147.6934,156.3064,205.3464,175.4360,227.0232,110.1410,169.3806,91.0034
147.6934,156.3064,205.3464,175.4360,227.0232,110.1410,169.3806,91.0034
147.6934,156.3064,205.3464,175.4360,227.0232,110.1410,169.3806,91.0034
147.6934,156.3064,205.3464,175.4360,227.0232,110.1410,169.3806,91.0034
145.0342,179.9280,205.2529,182.5611,208.2460,114.3571,148.0350,111.7136
145.0342,179.9280,205.2529,182.5611,208.2460,114.3571,148.0350,111.7136
145.0342,179.9280,205.2529,182.5611,208.2460,114.3571,148.0350,111.7136
145.0342,179.9280,205.2529,182.5611,208.2460,114.3571,148.0350,111.7136
145.0342,179.9280,205.2529,182.5611,208.2460,114.3571,148.0350,111.7136
145.0342,179.9280,205.2529,182.5611,208.2460,114.3571,148.0350,111.7136
145.0342,179.9280,205.2529,182.5611,208.2460,114.3571,148.0350,111.7136
145.0342,179.9280,205.2529,182.5611,208.2460,114.3571,148.0350,111.7136
145.0342,179.9280,205.2529,182.5611,208.2460,114.3571,148.0350,111.7136
145.0342,179.9280,205.2529,182.5611,208.2460,114.3571,148.0350,111.7136
145.0342,179.9280,205.2529,182.5611,208.2460,114.3571,148.0350,111.7136
145.0342,179.9280,205.2529,182.5611,208.2460,114.3571,148.0350,111.7136
145.0342,179.9280,205.2529,182.5611,208.2460,114.3571,148.0350,111.7136
145.0342,179.9280,205.2529,182.5611,208.2460,114.3571,148.0350,111.7136
145.0342,179.9280,205.2529,182.5611,208.2460,114.3571,148.0350,111.7136
145.0342,179.9280,205.2529,182.5611,208.2460,114.3571,148.0350,111.7136
145.0342,179.9280,205.2529,182.5611,208.2460,114.3571,148.0350,111.7136
145.0342,179.9280,205.2529,182.5611,208.2460,114.3571,148.0350,111.7136
145.0342,179.9280,205.2529,182.5611,208.2460,114.3571,148.0350,111.7136
145.0342,179.9280,205.2529,182.5611,208.2460,114.3571,148.0350,111.7136
145.0342,179.9280,205.2529,182.5611,208.2460,114.3571,148.0350,111.7136
145.0342,179.9280,205.2529,182.5611,208.2460,114.3571,148.0350,111.7136
145.0342,179.9280,205.2529,182.5611,208.2460,114.3571,148.0350,111.7136
145.0848,180.0789,204.4682,186.6432,211.9136,119.3859,152.5384,112.8119
145.0848,180.0789,204.4682,186.6432,211.9136,119.3859,152.5384,112.8119
145.0848,180.0789,204.4682,186.6432,211.9136,119.3859,152.5384,112.8119
145.0848,180.0789,204.4682,186.6432,211.9136,119.3859,152.5384,112.8119
145.0848,180.0789,204.4682,186.6432,211.9136,119.3859,152.5384,112.8119
145.0848,180.0789,204.4682,186.6432,211.9136,119.3859,152.5384,112.8119
145.0848,180.0789,204.4682,186.6432,211.9136,119.3859,152.5384,112.8119
145.0848,180.0789,204.4682,186.6432,211.9136,119.3859,152.5384,112.8119
145.0848,180.0789,204.4682,186.6432,211.9136,119.3859,152.5384,112.8119
145.0848,180.0789,204.4682,186.6432,211.9136,119.3859,152.5384,112.8119
145.0848,180.0789,204.4682,186.6432,211.9136,119.3859,152.5384,112.8119
145.0848,180.0789,204.4682,186.6432,211.9136,119.3859,152.5384,112.8119
145.0848,180.0789,204.4682,186.6432,211.9136,119.3859,152.5384,112.8119
145.0848,180.0789,204.4682,186.6432,211.9136,119.3859,152.5384,112.8119
145.0848,180.0789,204.4682,186.6432,211.9136,119.3859,152.5384,112.8119
145.0848,180.0789,204.4682,186.6432,211.9136,119.3859,152.5384,112.8119
145.0848,180.0789,204.4682,186.6432,211.9136,119.3859,152.5384,112.8119
145.0848,180.0789,204.4682,186.6432,211.9136,119.3859,152.5384,112.8119
145.0848,180.0789,204.4682,186.6432,211.9136,119.3859,152.5384,112.8119
143.7297,210.6766,215.5634,202.5614,206.3850,121.2002,134.5584,129.3017
143.7297,210.6766,215.5634,202.5614,206.3850,121.2002,134.5584,129.3017
143.7297,210.6766,215.5634,202.5614,206.3850,121.2002,134.5584,129.3017
143.7297,210.6766,215.5634,202.5614,206.3850,121.2002,134.5584,129.3017
143.7297,210.6766,215.5634,202.5614,206.3850,121.2002,134.5584,129.3017
143.7297,210.6766,215.5634,202.5614,206.3850,121.2002,134.5584,129.3017
143.7297,210.6766,215.5634,202.5614,206.3850,121.2002,134.5584,129.3017
143.7297,210.6766,215.5634,202.5614,206.3850,121.2002,134.5584,129.3017
143.7297,210.6766,215.5634,202.5614,206.3850,121.2002,134.5584,129.3017
143.7297,210.6766,215.5634,202.5614,206.3850,121.2002,134.5584,129.3017
143.7297,210.6766,215.5634,202.5614,206.3850,121.2002,134.5584,129.3017
143.7297,210.6766,215.5634,202.5614,206.3850,121.2002,134.5584,129.3017
143.7297,210.6766,215.5634,202.5614,206.3850,121.2002,134.5584,129.3017
143.7297,210.6766,215.5634,202.5614,206.3850,121.2002,134.5584,129.3017
143.7297,210.6766,215.5634,202.5614,206.3850,121.2002,134.5584,129.3017
143.7297,210.6766,215.5634,202.5614,206.3850,121.2002,134.5584,129.3017
143.7297,210.6766,215.5634,202.5614,206.3850,121.2002,134.5584,129.3017
143.7297,210.6766,215.5634,202.5614,206.3850,121.2002,134.5584,129.3017
143.7297,210.6766,215.5634,202.5614,206.3850,121.2002,134.5584,129.3017
143.7297,210.6766,215.5634,202.5614,206.3850,121.2002,134.5584,129.3017
143.7297,210.6766,215.5634,202.5614,206.3850,121.2002,134.5584,129.3017
143.7297,210.6766,215.5634,202.5614,206.3850,121.2002,134.5584,129.3017
143.7297,210.6766,215.5634,202.5614,206.3850,121.2002,134.5584,129.3017
143.7297,210.6766,215.5634,202.5614,206.3850,121.2002,134.5584,129.3017
143.7297,210.6766,215.5634,202.5614,206.3850,121.2002,134.5584,129.3017
143.7297,210.6766,215.5634,202.5614,206.3850,121.2002,134.5584,129.3017
143.7297,210.6766,215.5634,202.5614,206.3850,121.2002,134.5584,129.3017
143.7297,210.6766,215.5634,202.5614,206.3850,121.2002,134.5584,129.3017
143.7297,210.6766,215.5634,202.5614,206.3850,121.2002,134.5584,129.3017
143.7297,210.6766,215.5634,202.5614,206.3850,121.2002,134.5584,129.3017
143.7297,210.6766,215.5634,202.5614,206.3850,121.2002,134.5584,129.3017
143.7297,210.6766,215.5634,202.5614,206.3850,121.2002,134.5584,129.3017
118.1597,214.4714,193.7162,220.9551,201.0733,135.3800,125.5269,128.8837
118.1597,214.4714,193.7162,220.9551,201.0733,135.3800,125.5269,128.8837
118.1597,214.4714,193.7162,220.9551,201.0733,135.3800,125.5269,128.8837
118.1597,214.4714,193.7162,220.9551,201.0733,135.3800,125.5269,128.8837
118.1597,214.4714,193.7162,220.9551,201.0733,135.3800,125.5269,128.8837
118.1597,214.4714,193.7162,220.9551,201.0733,135.3800,125.5269,128.8837
118.1597,214.4714,193.7162,220.9551,201.0733,135.3800,125.5269,128.8837
118.1597,214.4714,193.7162,220.9551,201.0733,135.3800,125.5269,128.8837
118.1597,214.4714,193.7162,220.9551,201.0733,135.3800,125.5269,128.8837
118.1597,214.4714,193.7162,220.9551,201.0733,135.3800,125.5269,128.8837
118.1597,214.4714,193.7162,220.9551,201.0733,135.3800,125.5269,128.8837
118.1597,214.4714,193.7162,220.9551,201.0733,135.3800,125.5269,128.8837
118.1597,214.4714,193.7162,220.9551,201.0733,135.3800,125.5269,128.8837
118.1597,214.4714,193.7162,220.9551,201.0733,135.3800,125.5269,128.8837
118.1597,214.4714,193.7162,220.9551,201.0733,135.3800,125.5269,128.8837
118.1597,214.4714,193.7162,220.9551,201.0733,135.3800,125.5269,128.8837
118.1597,214.4714,193.7162,220.9551,201.0733,135.3800,125.5269,128.8837
118.1597,214.4714,193.7162,220.9551,201.0733,135.3800,125.5269,128.8837
118.1597,214.4714,193.7162,220.9551,201.0733,135.3800,125.5269,128.8837
118.1597,214.4714,193.7162,220.9551,201.0733,135.3800,125.5269,128.8837
104.1087,143.4143,132.7774,203.8035,201.1801,171.3438,172.5256,110.9567
104.1087,143.4143,132.7774,203.8035,201.1801,171.3438,172.5256,110.9567
104.1087,143.4143,132.7774,203.8035,201.1801,171.3438,172.5256,110.9567
104.1087,143.4143,132.7774,203.8035,201.1801,171.3438,172.5256,110.9567
104.1087,143.4143,132.7774,203.8035,201.1801,171.3438,172.5256,110.9567
104.1087,143.4143,132.7774,203.8035,201.1801,171.3438,172.5256,110.9567
104.1087,143.4143,132.7774,203.8035,201.1801,171.3438,172.5256,110.9567
104.1087,143.4143,132.7774,203.8035,201.1801,171.3438,172.5256,110.9567
