1
237.0466,167.8154,121.8539,115.1349
231.5606,172.3762,124.6460,119.4716
216.5185,196.7947,123.9618,108.5832
206.8301,209.5072,128.3141,108.9326
212.6121,207.3863,125.5866,108.5028
207.1104,196.7457,127.5383,110.8727
202.1285,198.1837,132.0686,109.9778
170.2512,207.6919,131.1711,116.6123
148.8468,247.4599,124.8233,130.6835
162.2802,253.7216,148.1150,120.4745
148.8064,189.0979,126.7272,119.1475
135.4390,177.8719,139.5365,122.3697
121.6774,172.2826,139.7765,125.5838
108.2601,168.0559,168.8224,107.6064
91.1997,177.8718,185.3132,106.9367
102.8459,192.9319,176.7464,101.8126
113.5707,188.4604,179.3329,100.0420
116.4651,188.1485,160.1536,116.3144
129.8194,150.3297,107.6036,123.0591
110.4544,138.3200,114.0642,129.4626
110.9723,161.9320,123.9938,127.2251
136.8792,189.2938,118.5129,130.8363
165.4422,220.9378,120.9826,134.5090
174.2347,241.0704,138.4635,130.7795
170.7750,239.3478,126.1633,131.5042
146.4666,239.6021,142.5012,134.4580
125.1537,238.8146,154.5895,137.7468
118.2242,222.2300,168.1131,145.9167
112.3542,235.7583,169.0874,118.3589
136.2535,226.6846,139.7295,119.1392
156.6582,216.8672,123.7707,117.5693
168.7962,206.4813,125.3941,116.5209
162.4143,184.9711,120.7437,113.9240
150.3805,162.8837,123.5972,117.1458
149.0020,138.4155,124.9596,117.3799
155.3649,128.9253,114.9674,114.2773
167.9750,132.4021,123.2623,110.2871
183.8809,141.1983,111.5017,110.9206
183.8367,149.2724,127.8157,111.5930
185.9748,183.0820,127.3632,110.0770
196.6734,218.1662,119.5745,112.9720
203.9328,235.4865,121.9747,112.6353
207.5679,247.9448,108.3469,114.2508
200.7049,236.0718,109.7934,122.4648
194.7152,222.5658,111.2614,124.6215
195.4320,219.2694,110.1548,124.4662
196.0430,200.6764,118.2782,125.1737
197.5379,172.1474,120.7290,122.7868
198.6594,167.9094,122.2097,122.1595
202.1931,180.3345,120.4387,125.4416
197.6934,188.2132,108.0333,122.8771
189.6822,186.8080,113.9179,119.7673
192.2391,186.6829,116.1110,119.6235
196.2226,193.8112,119.2545,120.7019
204.1075,196.0588,121.2457,127.7123
200.2068,210.1549,117.7412,129.1538
180.9074,207.7235,110.3745,139.0521
147.4299,191.8938,112.4489,153.5895
124.4257,184.8316,112.0892,159.8159
126.3363,182.3740,116.0729,163.9881
140.4979,203.1827,123.2528,150.0985
176.1606,206.5764,121.7146,144.8813
215.9910,210.5111,121.7326,139.8812
240.5139,218.8793,118.7790,138.8707
251.1096,223.9579,121.3211,125.8607
220.0696,210.3318,139.6198,130.1647
190.3022,194.7522,154.2512,127.2048
159.6176,173.2836,149.2966,125.5838
142.3322,168.6689,149.9102,120.2113
131.5829,176.2164,143.4372,126.2087
167.2212,189.4259,121.1632,128.8015
174.1859,203.2093,129.0594,127.6266
191.1148,219.0901,125.1461,124.7231
214.1779,229.7637,124.1599,125.9501
227.1072,236.1283,125.3411,129.4849
222.7011,249.1579,129.4611,130.6324
215.8671,248.7949,134.0561,137.8058
207.7862,243.8709,130.1324,155.9520
180.8433,234.0477,151.0204,154.9758
147.7946,229.5356,160.5193,154.7313
127.9588,229.7985,162.6023,131.0875
126.9647,235.6513,129.1705,131.5825
133.3017,234.4365,137.0400,128.3430
150.9528,214.2657,135.0882,126.0372
168.8976,182.1632,136.4368,132.7582
181.1221,144.4613,135.9584,141.2505
209.2758,124.8004,135.2113,153.5573
233.5737,125.8683,134.4319,152.5598
248.1827,132.5805,135.8449,159.2337
241.8565,173.9572,124.9756,126.1138
232.5433,184.3874,122.4079,127.2049
209.1963,189.4934,143.5860,130.8808
184.2650,210.3505,144.9146,127.9965
166.3920,224.0949,147.4970,129.7504
154.6941,217.9214,137.7100,138.2452
140.1761,193.5498,140.0985,148.2842
126.3495,182.8684,119.3595,147.4399
117.3795,162.3886,121.4151,165.9488
126.7814,153.0404,127.6071,169.2612
138.4977,149.7342,135.8030,155.2901
155.9165,137.6591,128.1930,154.6907
174.2018,144.1558,121.7143,153.2754
184.3833,144.2617,128.8167,170.2656
203.3096,169.2400,129.8379,160.5504
211.0261,173.8513,129.5646,168.1028
196.0999,177.0497,142.3709,168.6985
163.0276,169.5380,160.8639,165.2394
118.8959,172.1104,168.9697,164.9556
90.5649,168.9440,137.3707,179.2990
77.8097,171.1457,98.4718,178.1294
74.4311,193.9629,112.1480,161.9940
79.6771,200.0314,115.9029,154.5586
97.9860,169.9305,115.7025,160.1727
123.9970,146.6513,110.8308,162.7370
132.6886,137.3533,109.8003,170.9665
144.8256,154.8755,103.8853,173.2952
141.9132,174.3280,106.9537,167.8880
141.2659,169.8831,109.2267,172.6780
146.1967,165.0985,106.1536,167.9310
157.2685,153.3001,101.1475,158.3025
151.0539,163.8413,97.5250,156.9060
135.8829,170.0758,107.8812,168.3214
119.3497,178.2281,122.3551,159.4790
102.9499,158.2234,122.0642,170.1028
102.0433,139.2068,128.5425,168.8014
102.7662,131.0228,144.2988,170.9350
112.9697,148.8067,132.0467,163.9999
121.4182,172.3173,144.8418,158.1043
121.2959,217.1916,130.2199,145.0071
112.0606,214.0486,135.5186,150.1829
112.9217,191.9418,134.9720,145.2368
121.9130,166.2169,130.2049,149.7110
102.5015,149.1046,118.0700,148.9806
84.2226,142.8292,115.6134,141.1306
69.2825,155.1977,125.0740,141.3672
81.1900,166.3848,118.6381,141.9904
94.3122,156.5888,117.6365,166.0237
112.7519,152.1151,118.0355,166.4784
133.8983,156.1882,120.7442,168.0086
160.8295,180.8724,119.4801,157.2889
184.8311,196.1514,125.3478,155.3519
204.1351,194.1401,149.1329,172.2902
193.6767,216.4125,151.0281,121.8007
167.7677,205.7721,155.9925,115.6841
123.2565,201.4149,137.4549,112.2740
88.2059,199.8977,137.8842,106.4247
53.5703,189.8418,135.3152,126.4538
25.6155,190.1729,136.2787,122.9762
33.5409,179.8914,134.4980,125.5621
76.8713,173.2260,135.6185,125.0549
131.8286,159.8419,118.5553,137.2406
144.1568,156.7904,146.3399,139.6608
150.1653,155.5010,157.8004,147.1111
166.2339,164.3749,145.7849,143.1464
167.7947,184.3619,149.8735,128.5907
148.0134,188.3714,165.4532,130.5634
126.0644,190.3474,156.4517,130.2957
100.1304,192.7571,153.6755,132.0352
102.1480,201.3276,133.3993,126.1143
123.7771,203.8835,132.7954,119.8370
168.7306,199.2490,122.1121,127.6207
190.8925,197.4154,117.3491,125.1684
179.0145,190.5778,127.9546,131.6291
165.7460,176.3695,132.6768,135.5523
161.7978,165.6365,134.6187,138.5983
162.6903,148.9896,131.4450,149.7200
171.3992,140.5606,117.6811,140.7063
184.0143,151.1677,116.7621,143.7772
192.5051,162.6208,119.8683,147.7603
178.2015,158.2950,123.7941,149.5873
149.8310,177.2228,150.2273,136.6607
118.8148,197.4461,151.5906,128.7010
95.7825,211.3992,150.6414,131.5433
81.7220,208.3345,128.7192,146.8157
83.0904,212.5282,135.5686,137.6118
108.9912,212.9591,145.5030,143.7013
120.9734,221.3964,148.8028,134.0944
107.7804,213.1136,149.6953,136.9833
94.3549,196.0341,139.2564,134.2106
89.9640,199.5799,145.3580,127.2690
108.5963,190.3969,147.4153,134.7107
147.6334,188.4753,135.9798,136.0373
192.8916,178.7597,120.8066,122.1190
194.2309,175.4532,132.2548,120.9521
155.6735,163.9995,163.4637,131.0757
127.5579,147.9367,160.4235,138.5147
110.2535,144.9531,156.4569,141.3129
95.7790,148.0132,147.4652,142.5439
85.8079,158.9369,148.1400,133.0540
90.4202,166.8887,117.8742,123.5534
120.4302,159.9234,128.2142,131.8049
176.3645,163.7859,135.1501,130.6404
208.1030,162.8006,125.0809,141.4872
210.5275,158.9790,137.3222,141.3441
193.8493,162.9497,156.5345,137.9742
172.3392,167.3112,125.6698,140.1266
150.3125,172.8858,135.3429,138.7694
122.4966,178.1784,147.4551,138.8156
76.3093,161.9744,164.3859,146.3915
66.0060,154.3515,134.8582,137.3135
61.4681,149.7947,104.8356,138.0718
82.4846,130.2559,98.2423,149.5688
105.9176,136.7355,104.6803,154.4928
116.0170,145.2096,121.8673,147.5462
114.9939,150.8676,121.5559,138.6454
117.5965,140.6613,122.9894,139.1974
128.9176,136.2931,122.2378,135.8815
136.4264,134.9424,124.4871,138.3557
138.9330,144.2283,129.5990,138.3467
130.3272,151.2833,108.0787,142.3114
124.4555,170.7727,117.1900,137.6884
131.9090,189.3881,121.2915,140.8218
142.5173,204.7123,116.6249,143.6765
129.9519,210.5890,116.0626,148.1575
112.2195,197.5985,116.5126,151.3360
106.4828,178.8852,110.9828,142.6676
102.2122,147.1906,114.5521,138.8362
110.0616,116.3951,111.5081,156.0303
123.9983,105.3311,111.3064,161.6670
133.1721,107.1549,118.0161,173.9867
155.0819,141.8108,121.8951,154.6471
166.3877,139.0016,117.2694,158.8702
155.9939,147.2114,113.5392,137.4470
133.4551,154.2038,117.1329,136.0851
114.3964,161.3042,113.4060,137.6945
111.2241,171.2818,109.6991,140.8916
111.6731,172.3479,117.2745,144.2927
111.7647,162.1867,116.8656,149.6764
110.4938,141.0485,115.1019,145.3159
124.4400,127.4932,100.1108,144.8379
152.5103,112.3758,99.4203,153.6897
190.8790,118.3373,97.3442,152.4993
214.9696,136.1546,104.7453,154.0385
222.1198,160.2949,116.7147,153.6914
213.9751,168.4551,118.9282,157.9867
214.2212,170.3389,115.9429,158.9780
217.9906,172.8219,114.9186,159.5400
207.2614,160.7341,115.0566,177.6299
176.4038,165.4218,125.3928,179.5679
155.0483,178.9724,126.1686,166.8579
149.2532,186.0295,109.4635,157.2022
130.0581,187.9790,120.4096,164.7031
124.8855,176.0541,113.8235,164.7625
127.0588,164.3804,114.4854,162.5750
134.4670,143.5023,111.6983,163.3918
139.5056,141.6154,117.4279,160.6904
154.2410,139.8242,116.1467,160.4820
171.0950,137.3577,116.1610,154.8624
179.1693,124.4801,122.7672,154.1620
183.8402,112.0521,112.4340,156.3366
193.4373,128.3365,122.5851,150.4935
205.6537,156.5843,112.7923,161.0725
199.6158,188.8908,108.1267,161.7557
182.0432,209.1788,116.2147,150.3743
174.7230,181.1923,113.6431,153.0215
167.7353,144.4278,118.9430,146.1364
164.2670,116.4009,110.4464,158.1442
159.3369,98.3671,112.9980,164.1594
147.2535,101.8892,115.1041,156.1291
132.6933,105.6433,113.1946,163.0797
140.2003,102.5508,113.9486,162.1281
167.7567,90.0480,113.0974,166.5326
190.7852,83.4865,113.4772,161.6142
203.8352,81.8378,113.3304,170.6178
204.0574,88.1426,114.1884,174.0378
186.2593,107.8222,116.0737,162.1490
170.9078,125.7713,112.7540,158.6115
167.2576,124.9227,108.5202,165.9883
168.7444,129.1147,110.7397,154.0597
174.1608,131.1562,112.4498,156.5236
160.8412,149.5249,116.4756,154.1176
137.8065,158.9090,115.3084,156.4549
131.9203,145.4868,108.7398,172.7618
140.4562,129.9887,110.2986,174.5182
150.1156,113.9222,114.3725,176.0614
164.3090,111.9231,110.8043,168.1866
166.7639,120.4056,111.3143,166.1276
166.7474,128.1637,110.3440,167.8330
167.7813,134.4258,108.6706,169.5113
152.4034,143.4178,117.5997,165.6408
140.3902,156.2673,110.9283,166.1812
134.9551,175.9256,111.0345,158.3168
144.3276,179.5356,110.1943,152.7003
149.6911,174.5841,108.8757,151.7570
143.8319,163.5484,124.5633,164.6141
142.1339,157.2782,121.9909,163.0139
145.1279,140.0371,133.6369,170.6215
170.1215,119.9355,133.5866,165.6700
192.9515,106.5048,122.5134,156.7877
208.6076,81.2079,109.2608,177.1081
205.9445,86.1177,106.4062,185.2700
198.6581,106.9848,112.9218,185.4399
191.2049,134.3300,114.4902,166.9974
181.8134,158.2544,116.6687,163.5285
158.3823,145.8679,118.5260,166.0952
139.0210,146.5402,112.3870,171.5446
137.0567,164.4603,116.1852,167.9838
152.8733,177.0945,112.5336,165.0063
164.3506,177.1950,125.0636,158.7095
164.4025,154.5005,125.4253,171.6624
164.1080,141.7859,128.8881,158.6829
175.9989,136.6493,129.0801,166.4922
204.2424,141.5948,130.2160,160.2551
224.8503,139.2831,115.3281,162.8438
213.0246,128.4291,116.9241,168.3889
201.2023,126.2718,112.6365,170.6397
191.7093,142.2338,119.7653,161.8305
184.7777,156.2772,120.9531,163.4705
176.5766,166.8575,119.3178,168.9638
174.7327,168.0384,116.9576,177.4883
182.0793,169.1728,119.9764,169.6826
190.7526,153.3784,117.0868,176.1142
183.3825,145.1188,133.4173,168.3691
181.7476,133.6346,131.3273,171.4816
180.6189,133.6259,125.5657,166.8248
183.9450,132.8631,127.8881,166.7728
187.6308,126.0391,133.3001,165.9306
194.3383,116.5094,127.3415,165.8048
190.1878,126.6772,134.1742,168.8223
197.6643,139.1688,131.6334,167.9353
207.3686,152.2370,126.3636,166.4684
213.2174,155.3065,129.0264,169.5113
197.5193,160.4739,133.4567,166.6633
168.3733,158.8143,137.5988,171.7495
146.9128,172.3071,135.6623,171.7467
133.9015,164.7140,128.1641,166.3441
124.7366,142.2787,125.2886,158.1342
126.4992,115.1444,124.1115,156.1200
126.1861,86.7618,121.9885,173.1987
136.3330,87.0147,125.8361,168.0294
152.1894,99.4611,128.0605,169.0282
165.7960,94.5723,119.8420,180.5253
166.1610,98.8796,116.3499,169.1406
178.9122,126.3559,123.3196,157.0373
195.8948,141.3846,126.5190,172.9722
201.1212,160.3485,126.5841,178.0955
198.5873,157.2358,124.2737,176.0903
200.3078,182.6220,119.8987,158.3894
194.0619,165.8456,124.8002,152.1407
176.2058,147.1913,129.1855,161.6378
154.3301,152.8500,124.2907,160.9273
148.1650,163.3637,124.6683,162.3191
156.6405,186.2954,121.8784,146.6850
174.2278,136.2070,125.1607,191.0706
198.1120,142.3701,118.2037,191.7462
201.3208,162.7382,101.6116,165.9210
200.4527,194.2759,108.8390,146.1149
199.8484,202.2217,103.0328,140.0558
200.2103,200.2466,123.9246,146.3981
201.7398,200.4325,124.1630,145.8096
197.6990,197.0243,127.4679,142.7722
200.2287,185.7903,127.9909,143.9210
201.5186,180.6364,126.5861,142.2448
197.6347,179.7831,127.9474,141.8157
186.2793,187.1649,106.5414,139.2845
178.6074,188.2095,110.2130,140.5348
175.0572,171.3224,111.7304,154.5231
177.2053,154.3435,109.8262,157.7127
172.1665,158.9472,111.0250,144.1162
167.9320,157.5989,109.7616,150.7514
170.3078,153.3592,110.5726,157.0450
181.3456,151.4956,112.5418,164.7953
193.4953,160.8676,119.3040,150.4495
211.1535,147.4840,116.9954,160.3558
213.0665,126.6326,132.0251,156.8224
206.8510,122.2967,130.6889,162.8122
211.1175,119.6968,122.7287,169.7610
198.5973,124.7184,121.9249,169.3516
182.8645,128.9728,121.1969,167.0663
172.0138,122.1457,111.9759,166.4282
150.7240,128.7982,124.3714,161.5924
144.8218,140.0172,124.9301,157.9289
147.7999,158.2362,120.7687,143.1306
164.0479,196.1939,113.4575,136.6530
188.3140,221.0823,128.0041,139.9578
215.4659,213.8492,132.6790,126.8325
232.2280,187.5456,138.1854,139.5975
230.7561,184.8811,129.4066,132.6334
209.5984,156.4702,129.7686,153.0871
184.7374,163.2363,135.7228,146.2679
155.8600,170.7912,131.9661,149.5587
138.2673,172.3797,128.5880,147.9506
151.6596,175.1380,131.3861,155.5515
174.0819,176.6731,128.2066,169.4833
202.2159,178.5619,121.3558,167.6873
231.0769,182.5915,112.2317,149.6844
240.0133,183.1411,111.5353,141.4095
257.6670,188.1379,102.1960,141.9442
263.9352,184.6386,115.1785,146.8248
272.0063,175.7452,108.3269,149.0035
259.7667,168.9259,109.4528,155.2202
229.9117,188.8088,117.4708,152.0191
211.9939,187.0211,111.7632,167.2631
209.6633,171.3610,114.0060,179.7865
221.2416,170.2656,114.8705,171.7522
229.5603,192.7998,114.5494,148.7154
245.9987,195.0893,116.6199,144.5210
262.9623,207.1178,116.0570,145.3286
273.6284,195.7268,110.7801,150.4020
256.0155,172.7008,112.8317,155.5515
224.0086,138.4159,130.1308,152.8483
203.1017,109.8100,123.0518,158.6141
155.3672,62.2956,150.9857,159.5400
2
0
0
0
0
1
227.5820,246.6226,97.9679,86.1773
243.5071,242.1526,106.9910,84.0977
276.7891,217.1346,119.4219,104.0745
286.2694,191.8869,116.7756,99.9272
310.0550,168.8352,144.6707,115.5281
2
0
0
0
0
1
178.8813,241.4252,106.5790,85.2606
194.5076,239.3255,113.6140,87.3036
222.3875,238.5934,121.1103,80.8464
261.6303,231.6683,111.5007,80.7391
293.5153,214.0180,105.6705,94.1934
316.7619,230.0869,107.6490,94.1485
321.1191,241.9778,103.3686,99.7852
283.5840,244.1939,112.3942,83.9147
254.1174,236.2006,116.6181,81.4158
218.1289,214.0725,118.5294,86.1873
193.9059,212.0154,109.2453,86.0503
186.2836,224.1803,102.8060,86.5013
194.7851,220.9260,106.6475,92.1586
199.2294,207.9994,122.0575,95.4874
212.6417,188.8522,128.0999,94.8388
225.4833,182.3079,116.4986,94.1541
245.8761,187.8582,129.7846,89.0503
287.4877,194.0183,119.4329,88.9629
305.7968,197.3632,111.1083,89.4305
295.0453,194.4470,121.6533,90.2216
263.4009,187.8112,126.3482,89.7111
240.4124,168.9460,124.2744,97.2583
216.5386,153.8126,118.5684,81.8118
225.3709,137.7387,117.0791,88.3899
243.5701,127.5794,107.4067,76.8923
256.8354,103.3639,120.2721,87.5353
259.5889,93.4654,112.9171,83.6688
264.9183,97.8015,112.1922,84.3947
272.1638,112.2559,109.3744,99.8944
270.1892,151.0133,113.4916,105.6738
277.4214,196.1560,101.4050,97.6348
293.3850,216.6144,93.8303,102.9246
260.8676,237.7236,125.2983,128.6299
260.4181,266.7202,111.6937,114.8133
236.3047,265.5374,92.6445,97.2588
221.5248,251.3096,102.3711,93.8227
214.5143,226.4628,106.0830,94.3829
217.1213,184.8326,100.0641,99.6345
224.2838,163.7536,107.7943,103.3356
2
0
0
0
0
1
265.6671,234.6084,101.0436,76.3223
262.1579,237.5380,101.7532,77.2735
264.6815,240.2165,104.9150,76.4507
272.2942,237.6888,104.0163,71.2726
283.7773,228.8423,99.6721,69.7106
292.1465,219.5425,95.3007,74.3024
301.2593,206.2526,100.8182,72.9478
309.6515,194.9891,106.0431,68.8672
318.0791,197.4090,110.0098,68.9075
320.3464,209.4721,110.0458,68.7362
313.8892,226.8408,119.9987,66.3830
303.4454,241.4879,117.1122,74.9987
283.4569,257.4531,117.5783,76.5047
253.3941,266.7169,124.8614,71.3195
254.7642,266.9800,108.5752,69.3027
252.5215,262.8394,111.6108,75.6974
257.7752,226.2755,117.1706,80.3316
252.0312,192.2940,112.9580,80.1186
237.4588,169.1508,114.6569,85.8485
255.2702,161.9713,117.8595,89.6837
264.0680,165.6487,101.5766,93.6174
279.7136,179.9138,98.4314,97.9850
295.9458,195.5912,96.6537,99.6139
311.7460,214.9174,96.5635,97.1718
320.0352,238.2011,94.6803,103.8602
336.7289,261.3214,98.3584,93.0920
370.9887,277.8665,97.9875,89.0567
2
0
0
0
0
1
230.4010,191.3266,103.3111,99.1726
244.2892,175.6580,122.6146,113.2589
272.3954,177.6115,125.6189,110.5065
288.3622,178.6700,120.3253,94.3224
295.9445,181.8594,120.1233,97.3800
303.2233,188.0463,121.3458,101.9604
297.5796,203.7721,131.1171,98.6976
288.6548,223.9683,124.8319,89.4770
257.6678,227.0484,126.4083,96.1253
216.0649,225.4352,122.0121,100.4700
175.5392,224.9961,122.4887,97.2230
149.6330,222.5207,126.4526,86.3925
156.9550,182.9396,113.1889,116.4277
165.9163,188.1341,122.3532,103.5622
195.0869,183.6520,110.0912,112.3533
211.6436,179.6345,116.9455,111.7216
242.7441,182.4879,120.3898,104.7179
302.5694,172.8053,101.1133,102.1886
331.9346,165.1123,99.5302,106.1190
335.0977,190.2014,81.7423,74.5627
342.9711,196.8864,77.3660,93.8690
2
0
0
0
0
1
221.5310,160.6397,101.2734,99.9946
228.8136,185.1279,106.4405,104.4723
235.0561,214.9021,103.9542,101.3043
230.8136,239.6718,100.0180,92.2349
236.9879,254.3292,100.9499,103.3050
235.3104,259.6931,115.8094,107.2257
229.3553,250.5469,116.1483,104.3325
209.7543,247.4795,118.0993,82.1324
214.3566,268.8954,121.0414,81.6315
220.7018,280.1468,109.7056,89.6811
241.1765,278.6729,105.1409,92.2209
250.9043,263.9146,101.0697,84.5841
244.6700,235.0583,116.4333,83.5033
339.8016,220.0292,100.9897,90.8379
2
0
0
0
0
1
227.7312,263.3536,106.0848,84.9668
229.2849,256.5381,118.9075,83.3221
233.3783,243.9881,120.2949,80.5677
228.3077,234.5433,129.6332,98.7463
254.5595,231.0698,113.2123,98.6358
271.2095,224.2962,105.6449,88.7903
274.7715,208.6948,102.8265,88.8617
262.5865,196.0542,101.5667,94.4231
268.7166,189.8476,105.6359,91.8488
286.7854,182.6666,101.1565,95.3004
286.9058,203.6754,105.9456,90.3409
273.5675,220.6123,105.3961,102.9609
263.7037,242.3499,100.8082,102.9639
270.1548,249.5573,99.4597,110.5289
278.2193,268.3856,103.3277,85.8192
275.6248,253.3033,103.1987,93.4511
269.0739,245.4972,100.8389,95.5546
272.5811,247.1717,110.7624,91.7937
273.8794,260.2380,111.9789,75.2362
272.8346,254.2025,106.1768,74.2833
262.5589,245.4553,106.6270,74.9779
263.3025,245.9136,100.9694,76.0165
243.5674,250.9665,115.4992,76.3789
238.2114,252.8338,111.1796,77.6544
236.6239,250.0832,112.5640,74.8523
261.5559,246.1196,110.3721,74.1912
285.0539,248.5275,113.6645,74.8817
289.6455,254.0664,112.8844,78.7583
284.9444,260.0619,105.0911,80.1961
275.4810,260.1851,109.6687,86.8500
282.6055,237.5468,99.8928,99.7977
272.1812,222.6082,118.0922,101.7025
275.6117,222.4596,117.6105,98.8320
276.5143,238.4798,116.2039,87.4028
277.8524,241.9333,111.2974,87.6025
276.3240,244.0037,112.6257,86.6427
269.0229,242.0855,112.7005,86.4402
268.7944,235.9105,111.0903,88.5981
271.7019,239.8437,101.5632,88.1677
269.3681,248.5475,109.4918,90.3857
260.7274,262.5048,104.5186,90.1681
260.3323,268.3162,100.8918,88.6339
265.0659,254.1579,105.0563,92.9947
278.1703,241.1305,105.4820,89.7135
279.0307,236.4177,101.3540,88.7054
265.7469,246.3834,106.1392,91.2319
265.8142,259.4734,100.7742,85.8844
255.1236,243.4024,109.3475,99.0674
256.7690,226.0609,112.0157,103.5976
262.5924,214.6985,107.2817,104.9082
268.9738,225.0244,106.0189,104.8224
272.9813,245.3940,101.4000,84.2011
267.5320,252.5213,106.9244,85.6235
252.5495,255.1940,114.4762,85.5260
254.7081,250.9617,115.9690,85.1149
258.6716,247.8127,113.1213,82.7836
251.0666,245.5835,111.2637,84.6377
241.8199,260.0921,108.4904,83.2503
231.5019,271.5831,119.6771,80.5383
233.3480,269.7986,119.6210,80.6311
224.9373,258.5612,127.1834,81.6610
225.5394,258.1230,127.2265,79.4125
223.8824,260.8607,127.5041,83.0106
222.2851,272.5020,131.5016,82.1575
225.3484,277.3085,127.7931,84.4628
217.8442,279.4853,124.1931,84.6006
231.8698,276.6494,114.2864,88.4098
230.7240,275.6435,119.0019,83.3728
226.5789,261.1923,114.3910,91.1657
228.0998,254.5757,112.5164,97.9141
227.9102,239.4178,114.2108,101.2134
227.7200,231.2268,106.0492,100.1240
227.7694,229.6473,111.5469,92.9296
229.7629,233.5802,112.4219,92.3147
232.5283,230.5249,111.7518,90.7935
236.3796,219.5481,112.2497,92.7532
238.4540,218.7945,110.2202,90.5891
238.4724,230.1773,114.1750,94.9701
238.4092,245.0082,117.0122,95.3244
237.6573,253.1111,115.3684,93.9773
238.2557,249.4698,114.3341,93.0297
222.4438,240.8432,130.3918,93.5335
227.8383,234.3321,135.1175,92.3845
229.0578,230.3576,140.9521,98.3851
244.6356,235.1276,125.4686,102.2693
235.0907,245.8022,113.9806,95.3367
231.0283,256.4340,116.3833,84.8735
233.8138,239.1362,115.3832,92.6356
230.7668,233.5041,119.2440,92.7403
219.1075,242.9791,118.3982,96.3573
216.1890,255.8060,117.1182,96.1731
218.4261,261.5794,115.3448,94.2056
214.2892,262.3467,125.0154,94.5205
235.5486,251.2837,128.2473,97.7109
248.8695,239.8580,131.7886,95.5731
247.4154,243.6792,109.0730,99.1270
226.3883,245.1978,123.7793,109.6616
236.5037,250.6709,139.2730,115.2573
253.0248,238.2566,135.9219,114.1053
253.2343,230.7520,120.6257,105.6385
262.5796,223.4492,112.7099,105.4522
240.4446,222.5307,129.7396,107.8588
239.3911,239.8162,116.2800,92.9953
262.6184,240.3111,98.0639,91.4239
267.3103,220.5729,94.2306,107.6987
251.2479,239.0228,104.3024,90.4113
248.7257,241.2401,105.9036,88.0766
259.1520,242.6386,101.2368,92.6068
259.8112,244.5421,102.2828,100.8121
270.2899,256.4985,101.0785,88.9722
297.3029,253.4581,119.3802,87.5044
328.8937,245.7441,135.1005,92.3393
326.7494,221.9792,114.8675,117.5519
315.5794,246.9957,122.5142,102.3820
300.2219,264.6608,122.3589,93.4121
295.1466,272.3860,114.8688,88.2247
309.1187,263.4946,126.7864,97.8730
324.9984,260.7506,121.1222,96.7554
305.2551,261.5130,118.4873,99.3945
281.7359,263.6822,111.1315,98.2041
265.9400,271.3043,113.8759,92.3939
265.3343,273.3742,117.5920,92.0743
291.2361,275.8059,106.8907,90.3696
298.6726,268.4173,105.4607,91.0767
298.6771,259.8807,106.0270,93.1580
290.1049,256.8236,107.4083,93.1871
284.4963,252.9075,104.3778,91.5142
293.8784,245.5391,105.0414,90.2975
283.8126,242.4082,122.3128,85.3867
278.4072,230.6941,124.4256,92.1692
276.7697,227.7670,124.4850,87.3099
277.0396,213.2605,136.9320,96.0679
283.1677,216.6354,135.4387,104.2123
298.1393,239.0186,112.4312,113.5601
292.9825,271.6835,116.5789,111.0024
280.5682,271.3770,108.5856,100.3688
280.8016,271.3618,113.8250,86.7480
289.3657,252.5610,111.1725,82.8608
301.1538,234.9824,108.0460,84.9312
311.7447,213.5421,103.8021,89.9916
303.0036,199.4274,107.2777,88.3130
298.6946,185.3098,105.6335,90.2199
299.7074,174.0798,106.3582,84.5007
313.5760,164.4349,95.5836,86.3723
311.4319,173.3158,109.3980,85.6395
312.9691,181.7105,119.2426,92.8364
333.1967,213.9321,103.6810,89.4807
336.1780,250.9098,103.9833,81.6839
342.0039,242.2469,101.1215,92.7797
334.4078,235.8595,110.8127,73.7508
327.6196,219.0471,119.2562,83.1411
346.8551,217.3803,111.0307,83.0686
371.0954,222.0550,110.6816,88.4924
370.8736,234.7502,124.7644,87.9233
359.6019,233.3318,131.9514,93.2313
359.4564,237.2235,119.8721,93.4469
359.1182,243.4881,121.5555,95.1195
364.3626,267.0153,107.9544,89.8722
370.2703,285.6728,115.4354,99.6386
379.2801,298.1128,112.0567,95.4218
372.9664,288.5097,113.9715,99.4377
367.4096,267.5279,116.3157,100.8081
356.9674,243.3842,126.0534,86.1321
355.6879,217.6936,121.4657,92.7349
347.2195,213.4231,124.7215,92.4069
357.3403,223.3970,115.6580,91.4822
377.8588,223.3946,104.2200,103.9248
392.9762,233.5682,105.8667,103.9674
394.0090,235.5906,110.4228,107.1466
387.0102,241.9781,114.2197,108.5858
385.4013,251.7235,111.4575,108.1561
379.5542,246.6887,115.8057,116.3920
380.2799,253.9485,114.7003,101.3567
385.9515,241.1086,114.3525,100.3221
2
0
0
0
0
1
329.1236,240.3179,89.1727,80.2973
301.6825,253.1687,98.9233,83.4854
279.2445,255.2415,89.7078,96.4916
258.7308,248.4315,91.5402,100.7378
241.6494,243.1208,95.7813,98.5619
232.0618,219.1363,94.7968,100.6581
228.1127,191.6198,97.4069,98.0918
216.8204,176.5493,98.5077,94.9982
204.5862,172.0359,115.1481,104.2505
208.9218,195.7845,118.4187,108.8457
217.5476,211.5908,113.3545,96.2514
218.2852,226.3598,126.0927,85.5809
223.5010,229.5357,126.6403,79.2673
238.4325,230.7299,122.5815,79.4090
239.6269,232.8730,123.6434,79.1539
258.2257,233.6311,102.1304,78.4659
