1.478,0,0,0,0,0,0,0,0,0,0,0,0,0,0
0.040021,0,0,0,0,0,0,0,0,0,0,0,0,0,0
0.0382,0,0,0,0,0,0,0,0,0,0,0,0,0,0
0.0387,0,0,0,0,0,0,0,0,0,0,0,0,0,0
0.039244,0,0,0,0,0,0,0,0,0,0,0,0,0,0
0.037726,0,0,0,0,0,0,0,0,0,0,0,0,0,0
0.036495,0,0,0,0,0,0,0,0,0,0,0,0,0,0
0.036404,0,0,0,0,0,0,0,0,0,0,0,0,0,0
0.036614,0,0,0,0,0,0,0,0,0,0,0,0,0,0
0.037115,0,0,0,0,0,0,0,0,0,0,0,0,0,0
0.036793,0,0,0,0,0,0,0,0,0,0,0,0,0,0
0.040144,0,0,0,0,0,0,0,0,0,0,0,0,0,0
0.035171,0,0,0,0,0,0,0,0,0,0,0,0,0,0
0.035997,0,0,0,0,0,0,0,0,0,0,0,0,0,0
0.036357,0,0,0,0,0,0,0,0,0,0,0,0,0,0
0.040632,0,0,0,0,0,0,0,0,0,0,0,0,0,0
0.041248,0,0,0,0,0,0,0,0,0,0,0,0,0,0
0.040835,0,0,0,0,0,0,0,0,0,0,0,0,0,0
0.038152,0,0,0,0,0,0,0,0,0,0,0,0,0,0
0.039467,0,0,0,0,0,0,0,0,0,0,0,0,0,0
0.038449,0,0,0,0,0,0,0,0,0,0,0,0,0,0
0.035877,0,0,0,0,0,0,0,0,0,0,0,0,0,0
0.036618,0,0,0,0,0,0,0,0,0,0,0,0,0,0
0.034392,0,0,0,0,0,0,0,0,0,0,0,0,0,0
0.038132,0,0,0,0,0,0,0,0,0,0,0,0,0,0
0.035216,0,0,0,0,0,0,0,0,0,0,0,0,0,0
0.040744,0,0,0,0,0,0,0,0,0,0,0,0,0,0
0.040989,0,0,0,0,0,0,0,0,0,0,0,0,0,0
0.053132,0,0,0,0,0,0,0,0,0,0,0,0,0,0
0.067378,0,0,0,0,0,0,0,0,0,0,0,0,0,0
0.039425,0,0,0,0,0,0,0,0,0,0,0,0,0,0
0.035125,0,0,0,0,0,0,0,0,0,0,0,0,0,0
0.037463,0,0,0,0,0,0,0,0,0,0,0,0,0,0
0.036953,0,0,0,0,0,0,0,0,0,0,0,0,0,0
0.038476,0,0,0,0,0,0,0,0,0,0,0,0,0,0
0.038572,0,0,0,0,0,0,0,0,0,0,0,0,0,0
0.039782,0,0,0,0,0,0,0,0,0,0,0,0,0,0
0.039354,0,0,0,0,0,0,0,0,0,0,0,0,0,0
0.040652,0,0,0,0,0,0,0,0,0,0,0,0,0,0
0.040305,0,0,0,0,0,0,0,0,0,0,0,0,0,0
0.039233,0,0,0,0,0,0,0,0,0,0,0,0,0,0
0.040492,0,0,0,0,0,0,0,0,0,0,0,0,0,0
0.041208,0,0,0,0,0,0,0,0,0,0,0,0,0,0
0.040363,0,0,0,0,0,0,0,0,0,0,0,0,0,0
0.040446,0,0,0,0,0,0,0,0,0,0,0,0,0,0
0.04041,0,0,0,0,0,0,0,0,0,0,0,0,0,0
0.041681,0,0,0,0,0,0,0,0,0,0,0,0,0,0
0.040541,0,0,0,0,0,0,0,0,0,0,0,0,0,0
0.04162,0,0,0,0,0,0,0,0,0,0,0,0,0,0
0.04129,0,0,0,0,0,0,0,0,0,0,0,0,0,0
0.042288,0,0,0,0,0,0,0,0,0,0,0,0,0,0
0.038245,0,0,0,0,0,0,0,0,0,0,0,0,0,0
0.038733,0,0,0,0,0,0,0,0,0,0,0,0,0,0
0.039719,0,0,0,0,0,0,0,0,0,0,0,0,0,0
0.043234,0,0,0,0,0,0,0,0,0,0,0,0,0,0
0.045114,0,0,0,0,0,0,0,0,0,0,0,0,0,0
0.04153,0,0,0,0,0,0,0,0,0,0,0,0,0,0
0.042473,0,0,0,0,0,0,0,0,0,0,0,0,0,0
0.039259,0,0,0,0,0,0,0,0,0,0,0,0,0,0
0.0384,0,0,0,0,0,0,0,0,0,0,0,0,0,0
0.039885,0,0,0,0,0,0,0,0,0,0,0,0,0,0
0.038811,0,0,0,0,0,0,0,0,0,0,0,0,0,0
0.03749,0,0,0,0,0,0,0,0,0,0,0,0,0,0
0.042168,0,0,0,0,0,0,0,0,0,0,0,0,0,0
0.041845,0,0,0,0,0,0,0,0,0,0,0,0,0,0
0.039865,0,0,0,0,0,0,0,0,0,0,0,0,0,0
0.042338,0,0,0,0,0,0,0,0,0,0,0,0,0,0
0.040903,0,0,0,0,0,0,0,0,0,0,0,0,0,0
0.043022,0,0,0,0,0,0,0,0,0,0,0,0,0,0
0.039978,0,0,0,0,0,0,0,0,0,0,0,0,0,0
0.038701,0,0,0,0,0,0,0,0,0,0,0,0,0,0
0.037826,0,0,0,0,0,0,0,0,0,0,0,0,0,0
0.038716,0,0,0,0,0,0,0,0,0,0,0,0,0,0
0.039213,0,0,0,0,0,0,0,0,0,0,0,0,0,0
0.040504,0,0,0,0,0,0,0,0,0,0,0,0,0,0
0.037619,0,0,0,0,0,0,0,0,0,0,0,0,0,0
0.043134,0,0,0,0,0,0,0,0,0,0,0,0,0,0
0.038928,0,0,0,0,0,0,0,0,0,0,0,0,0,0
0.040346,0,0,0,0,0,0,0,0,0,0,0,0,0,0
0.038662,0,0,0,0,0,0,0,0,0,0,0,0,0,0
0.038571,0,0,0,0,0,0,0,0,0,0,0,0,0,0
0.039702,0,0,0,0,0,0,0,0,0,0,0,0,0,0
0.0385,0,0,0,0,0,0,0,0,0,0,0,0,0,0
0.042238,0,0,0,0,0,0,0,0,0,0,0,0,0,0
0.036525,0,0,0,0,0,0,0,0,0,0,0,0,0,0
0.044501,0,0,0,0,0,0,0,0,0,0,0,0,0,0
0.038407,0,0,0,0,0,0,0,0,0,0,0,0,0,0
0.029256,0,0,0,0,0,0,0,0,0,0,0,0,0,0
0.040124,0,0,0,0,0,0,0,0,0,0,0,0,0,0
0.038272,0,0,0,0,0,0,0,0,0,0,0,0,0,0
0.037502,0,0,0,0,0,0,0,0,0,0,0,0,0,0
0.035986,0,0,0,0,0,0,0,0,0,0,0,0,0,0
0.039801,0,0,0,0,0,0,0,0,0,0,0,0,0,0
0.035545,0,0,0,0,0,0,0,0,0,0,0,0,0,0
0.035438,0,0,0,0,0,0,0,0,0,0,0,0,0,0
0.038739,0,0,0,0,0,0,0,0,0,0,0,0,0,0
0.039398,0,0,0,0,0,0,0,0,0,0,0,0,0,0
0.036309,0,0,0,0,0,0,0,0,0,0,0,0,0,0
0.041971,0,0,0,0,0,0,0,0,0,0,0,0,0,0
0.037806,0,0,0,0,0,0,0,0,0,0,0,0,0,0
0.038365,0,0,0,0,0,0,0,0,0,0,0,0,0,0
0.038025,0,0,0,0,0,0,0,0,0,0,0,0,0,0
0.037854,0,0,0,0,0,0,0,0,0,0,0,0,0,0
0.038469,0,0,0,0,0,0,0,0,0,0,0,0,0,0
0.038672,0,0,0,0,0,0,0,0,0,0,0,0,0,0
0.03821,0,0,0,0,0,0,0,0,0,0,0,0,0,0
0.038468,0,0,0,0,0,0,0,0,0,0,0,0,0,0
0.037825,0,0,0,0,0,0,0,0,0,0,0,0,0,0
0.037139,0,0,0,0,0,0,0,0,0,0,0,0,0,0
0.036509,0,0,0,0,0,0,0,0,0,0,0,0,0,0
0.037875,0,0,0,0,0,0,0,0,0,0,0,0,0,0
0.041607,0,0,0,0,0,0,0,0,0,0,0,0,0,0
0.036594,0,0,0,0,0,0,0,0,0,0,0,0,0,0
0.037049,0,0,0,0,0,0,0,0,0,0,0,0,0,0
0.036183,0,0,0,0,0,0,0,0,0,0,0,0,0,0
0.036306,0,0,0,0,0,0,0,0,0,0,0,0,0,0
0.036353,0,0,0,0,0,0,0,0,0,0,0,0,0,0
0.036382,0,0,0,0,0,0,0,0,0,0,0,0,0,0
0.036383,0,0,0,0,0,0,0,0,0,0,0,0,0,0
0.035329,0,0,0,0,0,0,0,0,0,0,0,0,0,0
0.034253,0,0,0,0,0,0,0,0,0,0,0,0,0,0
0.034557,0,0,0,0,0,0,0,0,0,0,0,0,0,0
0.032905,0,0,0,0,0,0,0,0,0,0,0,0,0,0
0.03728,0,0,0,0,0,0,0,0,0,0,0,0,0,0
0.037815,0,0,0,0,0,0,0,0,0,0,0,0,0,0
0.03856,0,0,0,0,0,0,0,0,0,0,0,0,0,0
0.038458,0,0,0,0,0,0,0,0,0,0,0,0,0,0
0.039201,0,0,0,0,0,0,0,0,0,0,0,0,0,0
0.038813,0,0,0,0,0,0,0,0,0,0,0,0,0,0
0.038785,0,0,0,0,0,0,0,0,0,0,0,0,0,0
0.035837,0,0,0,0,0,0,0,0,0,0,0,0,0,0
0.036796,0,0,0,0,0,0,0,0,0,0,0,0,0,0
0.038265,0,0,0,0,0,0,0,0,0,0,0,0,0,0
0.039023,0,0,0,0,0,0,0,0,0,0,0,0,0,0
0.039613,0,0,0,0,0,0,0,0,0,0,0,0,0,0
0.038176,0,0,0,0,0,0,0,0,0,0,0,0,0,0
0.03475,0,0,0,0,0,0,0,0,0,0,0,0,0,0
0.036494,0,0,0,0,0,0,0,0,0,0,0,0,0,0
0.036665,0,0,0,0,0,0,0,0,0,0,0,0,0,0
0.035297,0,0,0,0,0,0,0,0,0,0,0,0,0,0
0.037942,0,0,0,0,0,0,0,0,0,0,0,0,0,0
0.038713,0,0,0,0,0,0,0,0,0,0,0,0,0,0
0.038156,0,0,0,0,0,0,0,0,0,0,0,0,0,0
0.035957,0,0,0,0,0,0,0,0,0,0,0,0,0,0
0.036086,0,0,0,0,0,0,0,0,0,0,0,0,0,0
0.035639,0,0,0,0,0,0,0,0,0,0,0,0,0,0
0.042197,0,0,0,0,0,0,0,0,0,0,0,0,0,0
0.037253,0,0,0,0,0,0,0,0,0,0,0,0,0,0
0.036667,0,0,0,0,0,0,0,0,0,0,0,0,0,0
0.039264,0,0,0,0,0,0,0,0,0,0,0,0,0,0
0.040803,0,0,0,0,0,0,0,0,0,0,0,0,0,0
0.037402,0,0,0,0,0,0,0,0,0,0,0,0,0,0
0.035865,0,0,0,0,0,0,0,0,0,0,0,0,0,0
0.039209,0,0,0,0,0,0,0,0,0,0,0,0,0,0
0.037727,0,0,0,0,0,0,0,0,0,0,0,0,0,0
0.037731,0,0,0,0,0,0,0,0,0,0,0,0,0,0
0.038781,0,0,0,0,0,0,0,0,0,0,0,0,0,0
0.037522,0,0,0,0,0,0,0,0,0,0,0,0,0,0
0.033451,0,0,0,0,0,0,0,0,0,0,0,0,0,0
0.034339,0,0,0,0,0,0,0,0,0,0,0,0,0,0
0.033791,0,0,0,0,0,0,0,0,0,0,0,0,0,0
0.037101,0,0,0,0,0,0,0,0,0,0,0,0,0,0
0.036832,0,0,0,0,0,0,0,0,0,0,0,0,0,0
0.038781,0,0,0,0,0,0,0,0,0,0,0,0,0,0
0.036315,0,0,0,0,0,0,0,0,0,0,0,0,0,0
0.037845,0,0,0,0,0,0,0,0,0,0,0,0,0,0
0.038934,0,0,0,0,0,0,0,0,0,0,0,0,0,0
0.042452,0,0,0,0,0,0,0,0,0,0,0,0,0,0
0.040366,0,0,0,0,0,0,0,0,0,0,0,0,0,0
0.042022,0,0,0,0,0,0,0,0,0,0,0,0,0,0
0.040584,0,0,0,0,0,0,0,0,0,0,0,0,0,0
0.039365,0,0,0,0,0,0,0,0,0,0,0,0,0,0
0.039611,0,0,0,0,0,0,0,0,0,0,0,0,0,0
0.039201,0,0,0,0,0,0,0,0,0,0,0,0,0,0
0.036892,0,0,0,0,0,0,0,0,0,0,0,0,0,0
0.039159,0,0,0,0,0,0,0,0,0,0,0,0,0,0
0.040384,0,0,0,0,0,0,0,0,0,0,0,0,0,0
0.041422,0,0,0,0,0,0,0,0,0,0,0,0,0,0
0.04182,0,0,0,0,0,0,0,0,0,0,0,0,0,0
0.040315,0,0,0,0,0,0,0,0,0,0,0,0,0,0
0.039628,0,0,0,0,0,0,0,0,0,0,0,0,0,0
0.039781,0,0,0,0,0,0,0,0,0,0,0,0,0,0
0.03928,0,0,0,0,0,0,0,0,0,0,0,0,0,0
0.039847,0,0,0,0,0,0,0,0,0,0,0,0,0,0
0.040518,0,0,0,0,0,0,0,0,0,0,0,0,0,0
0.040884,0,0,0,0,0,0,0,0,0,0,0,0,0,0
0.03888,0,0,0,0,0,0,0,0,0,0,0,0,0,0
0.039659,0,0,0,0,0,0,0,0,0,0,0,0,0,0
0.040357,0,0,0,0,0,0,0,0,0,0,0,0,0,0
0.037092,0,0,0,0,0,0,0,0,0,0,0,0,0,0
0.037205,0,0,0,0,0,0,0,0,0,0,0,0,0,0
0.040732,0,0,0,0,0,0,0,0,0,0,0,0,0,0
0.045659,0,0,0,0,0,0,0,0,0,0,0,0,0,0
0.043128,0,0,0,0,0,0,0,0,0,0,0,0,0,0
0.044204,0,0,0,0,0,0,0,0,0,0,0,0,0,0
0.041103,0,0,0,0,0,0,0,0,0,0,0,0,0,0
0.03701,0,0,0,0,0,0,0,0,0,0,0,0,0,0
0.038126,0,0,0,0,0,0,0,0,0,0,0,0,0,0
0.036381,0,0,0,0,0,0,0,0,0,0,0,0,0,0
0.036405,0,0,0,0,0,0,0,0,0,0,0,0,0,0
0.037653,0,0,0,0,0,0,0,0,0,0,0,0,0,0
0.040478,0,0,0,0,0,0,0,0,0,0,0,0,0,0
0.040412,0,0,0,0,0,0,0,0,0,0,0,0,0,0
0.037906,0,0,0,0,0,0,0,0,0,0,0,0,0,0
0.038268,0,0,0,0,0,0,0,0,0,0,0,0,0,0
0.041054,0,0,0,0,0,0,0,0,0,0,0,0,0,0
0.040402,0,0,0,0,0,0,0,0,0,0,0,0,0,0
0.038006,0,0,0,0,0,0,0,0,0,0,0,0,0,0
0.038929,0,0,0,0,0,0,0,0,0,0,0,0,0,0
0.040253,0,0,0,0,0,0,0,0,0,0,0,0,0,0
0.042117,0,0,0,0,0,0,0,0,0,0,0,0,0,0
0.041309,0,0,0,0,0,0,0,0,0,0,0,0,0,0
0.038902,0,0,0,0,0,0,0,0,0,0,0,0,0,0
0.041164,0,0,0,0,0,0,0,0,0,0,0,0,0,0
0.030828,0,0,0,0,0,0,0,0,0,0,0,0,0,0
0.037437,0,0,0,0,0,0,0,0,0,0,0,0,0,0
0.042575,0,0,0,0,0,0,0,0,0,0,0,0,0,0
0.040729,0,0,0,0,0,0,0,0,0,0,0,0,0,0
0.040711,0,0,0,0,0,0,0,0,0,0,0,0,0,0
0.037971,0,0,0,0,0,0,0,0,0,0,0,0,0,0
0.036128,0,0,0,0,0,0,0,0,0,0,0,0,0,0
0.037709,0,0,0,0,0,0,0,0,0,0,0,0,0,0
0.034881,0,0,0,0,0,0,0,0,0,0,0,0,0,0
0.035396,0,0,0,0,0,0,0,0,0,0,0,0,0,0
0.035182,0,0,0,0,0,0,0,0,0,0,0,0,0,0
0.038741,0,0,0,0,0,0,0,0,0,0,0,0,0,0
0.035274,0,0,0,0,0,0,0,0,0,0,0,0,0,0
0.036325,0,0,0,0,0,0,0,0,0,0,0,0,0,0
0.03673,0,0,0,0,0,0,0,0,0,0,0,0,0,0
0.036348,0,0,0,0,0,0,0,0,0,0,0,0,0,0
0.035147,0,0,0,0,0,0,0,0,0,0,0,0,0,0
0.039325,0,0,0,0,0,0,0,0,0,0,0,0,0,0
0.035582,0,0,0,0,0,0,0,0,0,0,0,0,0,0
0.035153,0,0,0,0,0,0,0,0,0,0,0,0,0,0
0.039905,0,0,0,0,0,0,0,0,0,0,0,0,0,0
0.035858,0,0,0,0,0,0,0,0,0,0,0,0,0,0
0.03686,0,0,0,0,0,0,0,0,0,0,0,0,0,0
0.036928,0,0,0,0,0,0,0,0,0,0,0,0,0,0
0.037743,0,0,0,0,0,0,0,0,0,0,0,0,0,0
0.034884,0,0,0,0,0,0,0,0,0,0,0,0,0,0
0.037336,0,0,0,0,0,0,0,0,0,0,0,0,0,0
0.038356,0,0,0,0,0,0,0,0,0,0,0,0,0,0
0.037912,0,0,0,0,0,0,0,0,0,0,0,0,0,0
0.037466,0,0,0,0,0,0,0,0,0,0,0,0,0,0
0.039096,0,0,0,0,0,0,0,0,0,0,0,0,0,0
0.037948,0,0,0,0,0,0,0,0,0,0,0,0,0,0
0.036881,0,0,0,0,0,0,0,0,0,0,0,0,0,0
0.035323,0,0,0,0,0,0,0,0,0,0,0,0,0,0
0.034513,0,0,0,0,0,0,0,0,0,0,0,0,0,0
0.03361,0,0,0,0,0,0,0,0,0,0,0,0,0,0
0.033143,0,0,0,0,0,0,0,0,0,0,0,0,0,0
0.034144,0,0,0,0,0,0,0,0,0,0,0,0,0,0
0.035682,0,0,0,0,0,0,0,0,0,0,0,0,0,0
0.037518,0,0,0,0,0,0,0,0,0,0,0,0,0,0
0.037882,0,0,0,0,0,0,0,0,0,0,0,0,0,0
0.036118,0,0,0,0,0,0,0,0,0,0,0,0,0,0
0.034927,0,0,0,0,0,0,0,0,0,0,0,0,0,0
0.040174,0,0,0,0,0,0,0,0,0,0,0,0,0,0
0.033638,0,0,0,0,0,0,0,0,0,0,0,0,0,0
0.032092,0,0,0,0,0,0,0,0,0,0,0,0,0,0
0.034361,0,0,0,0,0,0,0,0,0,0,0,0,0,0
0.035556,0,0,0,0,0,0,0,0,0,0,0,0,0,0
0.032921,0,0,0,0,0,0,0,0,0,0,0,0,0,0
0.037031,0,0,0,0,0,0,0,0,0,0,0,0,0,0
0.03482,0,0,0,0,0,0,0,0,0,0,0,0,0,0
0.036193,0,0,0,0,0,0,0,0,0,0,0,0,0,0
0.034568,0,0,0,0,0,0,0,0,0,0,0,0,0,0
0.03381,0,0,0,0,0,0,0,0,0,0,0,0,0,0
0.033712,0,0,0,0,0,0,0,0,0,0,0,0,0,0
0.034809,0,0,0,0,0,0,0,0,0,0,0,0,0,0
0.034031,0,0,0,0,0,0,0,0,0,0,0,0,0,0
0.034189,0,0,0,0,0,0,0,0,0,0,0,0,0,0
0.033325,0,0,0,0,0,0,0,0,0,0,0,0,0,0
0.03257,0,0,0,0,0,0,0,0,0,0,0,0,0,0
0.032263,0,0,0,0,0,0,0,0,0,0,0,0,0,0
0.035719,0,0,0,0,0,0,0,0,0,0,0,0,0,0
0.034603,0,0,0,0,0,0,0,0,0,0,0,0,0,0
0.033268,0,0,0,0,0,0,0,0,0,0,0,0,0,0
0.035381,0,0,0,0,0,0,0,0,0,0,0,0,0,0
0.039115,0,0,0,0,0,0,0,0,0,0,0,0,0,0
0.036741,0,0,0,0,0,0,0,0,0,0,0,0,0,0
0.038126,0,0,0,0,0,0,0,0,0,0,0,0,0,0
0.036323,0,0,0,0,0,0,0,0,0,0,0,0,0,0
0.0339,0,0,0,0,0,0,0,0,0,0,0,0,0,0
0.034729,0,0,0,0,0,0,0,0,0,0,0,0,0,0
0.033961,0,0,0,0,0,0,0,0,0,0,0,0,0,0
0.034555,0,0,0,0,0,0,0,0,0,0,0,0,0,0
0.034949,0,0,0,0,0,0,0,0,0,0,0,0,0,0
0.034741,0,0,0,0,0,0,0,0,0,0,0,0,0,0
0.037606,0,0,0,0,0,0,0,0,0,0,0,0,0,0
0.038171,0,0,0,0,0,0,0,0,0,0,0,0,0,0
0.035123,0,0,0,0,0,0,0,0,0,0,0,0,0,0
0.036898,0,0,0,0,0,0,0,0,0,0,0,0,0,0
0.035425,0,0,0,0,0,0,0,0,0,0,0,0,0,0
0.030524,0,0,0,0,0,0,0,0,0,0,0,0,0,0
0.033281,0,0,0,0,0,0,0,0,0,0,0,0,0,0
0.038789,0,0,0,0,0,0,0,0,0,0,0,0,0,0
0.033195,0,0,0,0,0,0,0,0,0,0,0,0,0,0
0.0355,0,0,0,0,0,0,0,0,0,0,0,0,0,0
0.033066,0,0,0,0,0,0,0,0,0,0,0,0,0,0
0.034429,0,0,0,0,0,0,0,0,0,0,0,0,0,0
0.033532,0,0,0,0,0,0,0,0,0,0,0,0,0,0
0.030569,0,0,0,0,0,0,0,0,0,0,0,0,0,0
0.031988,0,0,0,0,0,0,0,0,0,0,0,0,0,0
0.031825,0,0,0,0,0,0,0,0,0,0,0,0,0,0
0.031955,0,0,0,0,0,0,0,0,0,0,0,0,0,0
0.030978,0,0,0,0,0,0,0,0,0,0,0,0,0,0
0.032654,0,0,0,0,0,0,0,0,0,0,0,0,0,0
0.038262,0,0,0,0,0,0,0,0,0,0,0,0,0,0
0.034777,0,0,0,0,0,0,0,0,0,0,0,0,0,0
0.034264,0,0,0,0,0,0,0,0,0,0,0,0,0,0
0.03329,0,0,0,0,0,0,0,0,0,0,0,0,0,0
0.03112,0,0,0,0,0,0,0,0,0,0,0,0,0,0
0.031953,0,0,0,0,0,0,0,0,0,0,0,0,0,0
0.030519,0,0,0,0,0,0,0,0,0,0,0,0,0,0
0.031283,0,0,0,0,0,0,0,0,0,0,0,0,0,0
0.032311,0,0,0,0,0,0,0,0,0,0,0,0,0,0
0.029908,0,0,0,0,0,0,0,0,0,0,0,0,0,0
0.031117,0,0,0,0,0,0,0,0,0,0,0,0,0,0
0.029632,0,0,0,0,0,0,0,0,0,0,0,0,0,0
0.052508,0,0,0,0,0,0,0,0,0,0,0,0,0,0
0.039986,0,0,0,0,0,0,0,0,0,0,0,0,0,0
0.035873,0,0,0,0,0,0,0,0,0,0,0,0,0,0
0.033862,0,0,0,0,0,0,0,0,0,0,0,0,0,0
0.031476,0,0,0,0,0,0,0,0,0,0,0,0,0,0
0.030606,0,0,0,0,0,0,0,0,0,0,0,0,0,0
0.034406,0,0,0,0,0,0,0,0,0,0,0,0,0,0
0.030859,0,0,0,0,0,0,0,0,0,0,0,0,0,0
0.030532,0,0,0,0,0,0,0,0,0,0,0,0,0,0
0.030201,0,0,0,0,0,0,0,0,0,0,0,0,0,0
0.02852,0,0,0,0,0,0,0,0,0,0,0,0,0,0
0.030131,0,0,0,0,0,0,0,0,0,0,0,0,0,0
0.03244,0,0,0,0,0,0,0,0,0,0,0,0,0,0
0.030623,0,0,0,0,0,0,0,0,0,0,0,0,0,0
0.03432,0,0,0,0,0,0,0,0,0,0,0,0,0,0
0.031154,0,0,0,0,0,0,0,0,0,0,0,0,0,0
0.029544,0,0,0,0,0,0,0,0,0,0,0,0,0,0
0.030327,0,0,0,0,0,0,0,0,0,0,0,0,0,0
0.028708,0,0,0,0,0,0,0,0,0,0,0,0,0,0
0.027111,0,0,0,0,0,0,0,0,0,0,0,0,0,0
0.026275,0,0,0,0,0,0,0,0,0,0,0,0,0,0
0.02556,0,0,0,0,0,0,0,0,0,0,0,0,0,0
0.023546,0,0,0,0,0,0,0,0,0,0,0,0,0,0
0.025081,0,0,0,0,0,0,0,0,0,0,0,0,0,0
0.025954,0,0,0,0,0,0,0,0,0,0,0,0,0,0
0.024373,0,0,0,0,0,0,0,0,0,0,0,0,0,0
0.024437,0,0,0,0,0,0,0,0,0,0,0,0,0,0
0.025636,0,0,0,0,0,0,0,0,0,0,0,0,0,0
0.025337,0,0,0,0,0,0,0,0,0,0,0,0,0,0
0.02478,0,0,0,0,0,0,0,0,0,0,0,0,0,0
0.025658,0,0,0,0,0,0,0,0,0,0,0,0,0,0
0.024493,0,0,0,0,0,0,0,0,0,0,0,0,0,0
0.026054,0,0,0,0,0,0,0,0,0,0,0,0,0,0
0.027081,0,0,0,0,0,0,0,0,0,0,0,0,0,0
0.023141,0,0,0,0,0,0,0,0,0,0,0,0,0,0
0.022699,0,0,0,0,0,0,0,0,0,0,0,0,0,0
0.025607,0,0,0,0,0,0,0,0,0,0,0,0,0,0
0.02417,0,0,0,0,0,0,0,0,0,0,0,0,0,0
4.5e-05,0,0,0,0,0,0,0,0,0,0,0,0,0,0
0.028529,0,0,0,0,0,0,0,0,0,0,0,0,0,0
0.028463,0,0,0,0,0,0,0,0,0,0,0,0,0,0
0.026243,0,0,0,0,0,0,0,0,0,0,0,0,0,0
0.026029,0,0,0,0,0,0,0,0,0,0,0,0,0,0
0.024161,0,0,0,0,0,0,0,0,0,0,0,0,0,0
0.023825,0,0,0,0,0,0,0,0,0,0,0,0,0,0
0.025019,0,0,0,0,0,0,0,0,0,0,0,0,0,0
0.027288,0,0,0,0,0,0,0,0,0,0,0,0,0,0
0.027267,0,0,0,0,0,0,0,0,0,0,0,0,0,0
0.026214,0,0,0,0,0,0,0,0,0,0,0,0,0,0
0.027389,0,0,0,0,0,0,0,0,0,0,0,0,0,0
0.022625,0,0,0,0,0,0,0,0,0,0,0,0,0,0
0.025793,0,0,0,0,0,0,0,0,0,0,0,0,0,0
0.028546,0,0,0,0,0,0,0,0,0,0,0,0,0,0
0.029462,0,0,0,0,0,0,0,0,0,0,0,0,0,0
0.027321,0,0,0,0,0,0,0,0,0,0,0,0,0,0
0.026069,0,0,0,0,0,0,0,0,0,0,0,0,0,0
0.02674,0,0,0,0,0,0,0,0,0,0,0,0,0,0
0.024675,0,0,0,0,0,0,0,0,0,0,0,0,0,0
0.025092,0,0,0,0,0,0,0,0,0,0,0,0,0,0
0.025091,0,0,0,0,0,0,0,0,0,0,0,0,0,0
0.024016,0,0,0,0,0,0,0,0,0,0,0,0,0,0
0.024618,0,0,0,0,0,0,0,0,0,0,0,0,0,0
0.022436,0,0,0,0,0,0,0,0,0,0,0,0,0,0
0.022514,0,0,0,0,0,0,0,0,0,0,0,0,0,0
0.023441,0,0,0,0,0,0,0,0,0,0,0,0,0,0
0.023628,0,0,0,0,0,0,0,0,0,0,0,0,0,0
0.024169,0,0,0,0,0,0,0,0,0,0,0,0,0,0
0.022967,0,0,0,0,0,0,0,0,0,0,0,0,0,0
0.022231,0,0,0,0,0,0,0,0,0,0,0,0,0,0
0.024279,0,0,0,0,0,0,0,0,0,0,0,0,0,0
0.024664,0,0,0,0,0,0,0,0,0,0,0,0,0,0
0.025476,0,0,0,0,0,0,0,0,0,0,0,0,0,0
0.023502,0,0,0,0,0,0,0,0,0,0,0,0,0,0
0.022142,0,0,0,0,0,0,0,0,0,0,0,0,0,0
0.021079,0,0,0,0,0,0,0,0,0,0,0,0,0,0
0.022853,0,0,0,0,0,0,0,0,0,0,0,0,0,0
0.021658,0,0,0,0,0,0,0,0,0,0,0,0,0,0
0.022946,0,0,0,0,0,0,0,0,0,0,0,0,0,0
0.020926,0,0,0,0,0,0,0,0,0,0,0,0,0,0
0.021552,0,0,0,0,0,0,0,0,0,0,0,0,0,0
0.025232,0,0,0,0,0,0,0,0,0,0,0,0,0,0
0.023118,0,0,0,0,0,0,0,0,0,0,0,0,0,0
0.020112,0,0,0,0,0,0,0,0,0,0,0,0,0,0
0.024374,0,0,0,0,0,0,0,0,0,0,0,0,0,0
0.022492,0,0,0,0,0,0,0,0,0,0,0,0,0,0
0.021592,0,0,0,0,0,0,0,0,0,0,0,0,0,0
0.02162,0,0,0,0,0,0,0,0,0,0,0,0,0,0
0.020326,0,0,0,0,0,0,0,0,0,0,0,0,0,0
0.022036,0,0,0,0,0,0,0,0,0,0,0,0,0,0
0.022035,0,0,0,0,0,0,0,0,0,0,0,0,0,0
0.023507,0,0,0,0,0,0,0,0,0,0,0,0,0,0
0.021079,0,0,0,0,0,0,0,0,0,0,0,0,0,0
0.020299,0,0,0,0,0,0,0,0,0,0,0,0,0,0
0.023287,0,0,0,0,0,0,0,0,0,0,0,0,0,0
0.021459,0,0,0,0,0,0,0,0,0,0,0,0,0,0
0.020883,0,0,0,0,0,0,0,0,0,0,0,0,0,0
0.021872,0,0,0,0,0,0,0,0,0,0,0,0,0,0
0.020425,0,0,0,0,0,0,0,0,0,0,0,0,0,0
0.021047,0,0,0,0,0,0,0,0,0,0,0,0,0,0
0.020908,0,0,0,0,0,0,0,0,0,0,0,0,0,0
0.02101,0,0,0,0,0,0,0,0,0,0,0,0,0,0
0.020887,0,0,0,0,0,0,0,0,0,0,0,0,0,0
0.021316,0,0,0,0,0,0,0,0,0,0,0,0,0,0
0.021073,0,0,0,0,0,0,0,0,0,0,0,0,0,0
0.020196,0,0,0,0,0,0,0,0,0,0,0,0,0,0
0.020155,0,0,0,0,0,0,0,0,0,0,0,0,0,0
0.019313,0,0,0,0,0,0,0,0,0,0,0,0,0,0
0.018908,0,0,0,0,0,0,0,0,0,0,0,0,0,0
0.01848,0,0,0,0,0,0,0,0,0,0,0,0,0,0
0.020172,0,0,0,0,0,0,0,0,0,0,0,0,0,0
0.020926,0,0,0,0,0,0,0,0,0,0,0,0,0,0
0.019043,0,0,0,0,0,0,0,0,0,0,0,0,0,0
0.018585,0,0,0,0,0,0,0,0,0,0,0,0,0,0
0.018193,0,0,0,0,0,0,0,0,0,0,0,0,0,0
0.018711,0,0,0,0,0,0,0,0,0,0,0,0,0,0
0.018647,0,0,0,0,0,0,0,0,0,0,0,0,0,0
0.01833,0,0,0,0,0,0,0,0,0,0,0,0,0,0
0.020273,0,0,0,0,0,0,0,0,0,0,0,0,0,0
0.018782,0,0,0,0,0,0,0,0,0,0,0,0,0,0
0.017298,0,0,0,0,0,0,0,0,0,0,0,0,0,0
0.017556,0,0,0,0,0,0,0,0,0,0,0,0,0,0
0.020781,0,0,0,0,0,0,0,0,0,0,0,0,0,0
0.017547,0,0,0,0,0,0,0,0,0,0,0,0,0,0
0.017837,0,0,0,0,0,0,0,0,0,0,0,0,0,0
0.018915,0,0,0,0,0,0,0,0,0,0,0,0,0,0
0.019079,0,0,0,0,0,0,0,0,0,0,0,0,0,0
0.018507,0,0,0,0,0,0,0,0,0,0,0,0,0,0
0.018827,0,0,0,0,0,0,0,0,0,0,0,0,0,0
0.01751,0,0,0,0,0,0,0,0,0,0,0,0,0,0
0.016617,0,0,0,0,0,0,0,0,0,0,0,0,0,0
0.017963,0,0,0,0,0,0,0,0,0,0,0,0,0,0
0.017872,0,0,0,0,0,0,0,0,0,0,0,0,0,0
0.017232,0,0,0,0,0,0,0,0,0,0,0,0,0,0
0.018122,0,0,0,0,0,0,0,0,0,0,0,0,0,0
0.016166,0,0,0,0,0,0,0,0,0,0,0,0,0,0
0.018389,0,0,0,0,0,0,0,0,0,0,0,0,0,0
0.01725,0,0,0,0,0,0,0,0,0,0,0,0,0,0
0.015049,0,0,0,0,0,0,0,0,0,0,0,0,0,0
0.014432,0,0,0,0,0,0,0,0,0,0,0,0,0,0
0.015987,0,0,0,0,0,0,0,0,0,0,0,0,0,0
0.014977,0,0,0,0,0,0,0,0,0,0,0,0,0,0
0.016175,0,0,0,0,0,0,0,0,0,0,0,0,0,0
0.015738,0,0,0,0,0,0,0,0,0,0,0,0,0,0
0.013337,0,0,0,0,0,0,0,0,0,0,0,0,0,0
0.015962,0,0,0,0,0,0,0,0,0,0,0,0,0,0
0.016621,0,0,0,0,0,0,0,0,0,0,0,0,0,0
0.015155,0,0,0,0,0,0,0,0,0,0,0,0,0,0
0.015134,0,0,0,0,0,0,0,0,0,0,0,0,0,0
0.015608,0,0,0,0,0,0,0,0,0,0,0,0,0,0
0.016265,0,0,0,0,0,0,0,0,0,0,0,0,0,0
0.013385,0,0,0,0,0,0,0,0,0,0,0,0,0,0
0.014507,0,0,0,0,0,0,0,0,0,0,0,0,0,0
0.014209,0,0,0,0,0,0,0,0,0,0,0,0,0,0
0.013762,0,0,0,0,0,0,0,0,0,0,0,0,0,0
0.014167,0,0,0,0,0,0,0,0,0,0,0,0,0,0
0.014743,0,0,0,0,0,0,0,0,0,0,0,0,0,0
0.014784,0,0,0,0,0,0,0,0,0,0,0,0,0,0
0.014514,0,0,0,0,0,0,0,0,0,0,0,0,0,0
0.014943,0,0,0,0,0,0,0,0,0,0,0,0,0,0
0.013204,0,0,0,0,0,0,0,0,0,0,0,0,0,0
0.013738,0,0,0,0,0,0,0,0,0,0,0,0,0,0
0.015524,0,0,0,0,0,0,0,0,0,0,0,0,0,0
0.014024,0,0,0,0,0,0,0,0,0,0,0,0,0,0
0.012711,0,0,0,0,0,0,0,0,0,0,0,0,0,0
0.012744,0,0,0,0,0,0,0,0,0,0,0,0,0,0
0.012939,0,0,0,0,0,0,0,0,0,0,0,0,0,0
0.012898,0,0,0,0,0,0,0,0,0,0,0,0,0,0
0.014284,0,0,0,0,0,0,0,0,0,0,0,0,0,0
0.015489,0,0,0,0,0,0,0,0,0,0,0,0,0,0
0.014264,0,0,0,0,0,0,0,0,0,0,0,0,0,0
0.012572,0,0,0,0,0,0,0,0,0,0,0,0,0,0
0.014481,0,0,0,0,0,0,0,0,0,0,0,0,0,0
0.013436,0,0,0,0,0,0,0,0,0,0,0,0,0,0
0.021788,0,0,0,0,0,0,0,0,0,0,0,0,0,0
0.016269,0,0,0,0,0,0,0,0,0,0,0,0,0,0
0.015244,0,0,0,0,0,0,0,0,0,0,0,0,0,0
0.013982,0,0,0,0,0,0,0,0,0,0,0,0,0,0
0.013975,0,0,0,0,0,0,0,0,0,0,0,0,0,0
0.014136,0,0,0,0,0,0,0,0,0,0,0,0,0,0
0.014755,0,0,0,0,0,0,0,0,0,0,0,0,0,0
0.014251,0,0,0,0,0,0,0,0,0,0,0,0,0,0
0.016687,0,0,0,0,0,0,0,0,0,0,0,0,0,0
0.015304,0,0,0,0,0,0,0,0,0,0,0,0,0,0
0.013026,0,0,0,0,0,0,0,0,0,0,0,0,0,0
0.012589,0,0,0,0,0,0,0,0,0,0,0,0,0,0
0.013343,0,0,0,0,0,0,0,0,0,0,0,0,0,0
0.012469,0,0,0,0,0,0,0,0,0,0,0,0,0,0
0.013864,0,0,0,0,0,0,0,0,0,0,0,0,0,0
0.014166,0,0,0,0,0,0,0,0,0,0,0,0,0,0
0.0139,0,0,0,0,0,0,0,0,0,0,0,0,0,0
0.012612,0,0,0,0,0,0,0,0,0,0,0,0,0,0
0.013037,0,0,0,0,0,0,0,0,0,0,0,0,0,0
0.012909,0,0,0,0,0,0,0,0,0,0,0,0,0,0
0.012944,0,0,0,0,0,0,0,0,0,0,0,0,0,0
0.0128,0,0,0,0,0,0,0,0,0,0,0,0,0,0
0.013789,0,0,0,0,0,0,0,0,0,0,0,0,0,0
0.013668,0,0,0,0,0,0,0,0,0,0,0,0,0,0
0.01303,0,0,0,0,0,0,0,0,0,0,0,0,0,0
0.011922,0,0,0,0,0,0,0,0,0,0,0,0,0,0
0.01244,0,0,0,0,0,0,0,0,0,0,0,0,0,0
0.012491,0,0,0,0,0,0,0,0,0,0,0,0,0,0
0.011808,0,0,0,0,0,0,0,0,0,0,0,0,0,0
0.00925,0,0,0,0,0,0,0,0,0,0,0,0,0,0
0.007071,0,0,0,0,0,0,0,0,0,0,0,0,0,0
0.009597,0,0,0,0,0,0,0,0,0,0,0,0,0,0
0.007495,0,0,0,0,0,0,0,0,0,0,0,0,0,0
0.007231,0,0,0,0,0,0,0,0,0,0,0,0,0,0
0.006929,0,0,0,0,0,0,0,0,0,0,0,0,0,0
0.007154,0,0,0,0,0,0,0,0,0,0,0,0,0,0
0.007501,0,0,0,0,0,0,0,0,0,0,0,0,0,0
0.007576,0,0,0,0,0,0,0,0,0,0,0,0,0,0
0.007575,0,0,0,0,0,0,0,0,0,0,0,0,0,0
0.007958,0,0,0,0,0,0,0,0,0,0,0,0,0,0
0.007935,0,0,0,0,0,0,0,0,0,0,0,0,0,0
0.0085,0,0,0,0,0,0,0,0,0,0,0,0,0,0
0.008359,0,0,0,0,0,0,0,0,0,0,0,0,0,0
0.009114,0,0,0,0,0,0,0,0,0,0,0,0,0,0
0.011075,0,0,0,0,0,0,0,0,0,0,0,0,0,0
0.008582,0,0,0,0,0,0,0,0,0,0,0,0,0,0
0.008582,0,0,0,0,0,0,0,0,0,0,0,0,0,0
0.008361,0,0,0,0,0,0,0,0,0,0,0,0,0,0
0.008863,0,0,0,0,0,0,0,0,0,0,0,0,0,0
0.007994,0,0,0,0,0,0,0,0,0,0,0,0,0,0
0.007995,0,0,0,0,0,0,0,0,0,0,0,0,0,0
0.007451,0,0,0,0,0,0,0,0,0,0,0,0,0,0
0.007823,0,0,0,0,0,0,0,0,0,0,0,0,0,0
0.008282,0,0,0,0,0,0,0,0,0,0,0,0,0,0
0.007756,0,0,0,0,0,0,0,0,0,0,0,0,0,0
0.008016,0,0,0,0,0,0,0,0,0,0,0,0,0,0
0.00784,0,0,0,0,0,0,0,0,0,0,0,0,0,0
0.00742,0,0,0,0,0,0,0,0,0,0,0,0,0,0
0.007328,0,0,0,0,0,0,0,0,0,0,0,0,0,0
0.007239,0,0,0,0,0,0,0,0,0,0,0,0,0,0
0.007246,0,0,0,0,0,0,0,0,0,0,0,0,0,0
0.007242,0,0,0,0,0,0,0,0,0,0,0,0,0,0
0.007271,0,0,0,0,0,0,0,0,0,0,0,0,0,0
0.007546,0,0,0,0,0,0,0,0,0,0,0,0,0,0
0.007934,0,0,0,0,0,0,0,0,0,0,0,0,0,0
0.007351,0,0,0,0,0,0,0,0,0,0,0,0,0,0
0.007576,0,0,0,0,0,0,0,0,0,0,0,0,0,0
0.008389,0,0,0,0,0,0,0,0,0,0,0,0,0,0
0.00838,0,0,0,0,0,0,0,0,0,0,0,0,0,0
0.008295,0,0,0,0,0,0,0,0,0,0,0,0,0,0
0.00809,0,0,0,0,0,0,0,0,0,0,0,0,0,0
0.008377,0,0,0,0,0,0,0,0,0,0,0,0,0,0
0.008604,0,0,0,0,0,0,0,0,0,0,0,0,0,0
0.009651,0,0,0,0,0,0,0,0,0,0,0,0,0,0
0.010554,0,0,0,0,0,0,0,0,0,0,0,0,0,0
0.010138,0,0,0,0,0,0,0,0,0,0,0,0,0,0
0.011274,0,0,0,0,0,0,0,0,0,0,0,0,0,0
0.010368,0,0,0,0,0,0,0,0,0,0,0,0,0,0
0.010471,0,0,0,0,0,0,0,0,0,0,0,0,0,0
0.010527,0,0,0,0,0,0,0,0,0,0,0,0,0,0
0.010144,0,0,0,0,0,0,0,0,0,0,0,0,0,0
0.010205,0,0,0,0,0,0,0,0,0,0,0,0,0,0
0.00971,0,0,0,0,0,0,0,0,0,0,0,0,0,0
0.009897,0,0,0,0,0,0,0,0,0,0,0,0,0,0
0.00956,0,0,0,0,0,0,0,0,0,0,0,0,0,0
0.010324,0,0,0,0,0,0,0,0,0,0,0,0,0,0
0.009887,0,0,0,0,0,0,0,0,0,0,0,0,0,0
0.010078,0,0,0,0,0,0,0,0,0,0,0,0,0,0
0.010369,0,0,0,0,0,0,0,0,0,0,0,0,0,0
0.008701,0,0,0,0,0,0,0,0,0,0,0,0,0,0
0.008866,0,0,0,0,0,0,0,0,0,0,0,0,0,0
0.008756,0,0,0,0,0,0,0,0,0,0,0,0,0,0
0.00875,0,0,0,0,0,0,0,0,0,0,0,0,0,0
0.008618,0,0,0,0,0,0,0,0,0,0,0,0,0,0
0.009082,0,0,0,0,0,0,0,0,0,0,0,0,0,0
0.009545,0,0,0,0,0,0,0,0,0,0,0,0,0,0
0.008964,0,0,0,0,0,0,0,0,0,0,0,0,0,0
0.008915,0,0,0,0,0,0,0,0,0,0,0,0,0,0
0.0087,0,0,0,0,0,0,0,0,0,0,0,0,0,0
0.009872,0,0,0,0,0,0,0,0,0,0,0,0,0,0
0.009218,0,0,0,0,0,0,0,0,0,0,0,0,0,0
0.009375,0,0,0,0,0,0,0,0,0,0,0,0,0,0
0.009908,0,0,0,0,0,0,0,0,0,0,0,0,0,0
0.009762,0,0,0,0,0,0,0,0,0,0,0,0,0,0
0.010182,0,0,0,0,0,0,0,0,0,0,0,0,0,0
0.009701,0,0,0,0,0,0,0,0,0,0,0,0,0,0
0.010528,0,0,0,0,0,0,0,0,0,0,0,0,0,0
0.012533,0,0,0,0,0,0,0,0,0,0,0,0,0,0
0.012859,0,0,0,0,0,0,0,0,0,0,0,0,0,0
0.012516,0,0,0,0,0,0,0,0,0,0,0,0,0,0
0.013116,0,0,0,0,0,0,0,0,0,0,0,0,0,0
0.013269,0,0,0,0,0,0,0,0,0,0,0,0,0,0
0.0128,0,0,0,0,0,0,0,0,0,0,0,0,0,0
0.01241,0,0,0,0,0,0,0,0,0,0,0,0,0,0
0.013382,0,0,0,0,0,0,0,0,0,0,0,0,0,0
0.013565,0,0,0,0,0,0,0,0,0,0,0,0,0,0
0.01328,0,0,0,0,0,0,0,0,0,0,0,0,0,0
0.012946,0,0,0,0,0,0,0,0,0,0,0,0,0,0
0.013483,0,0,0,0,0,0,0,0,0,0,0,0,0,0
0.014367,0,0,0,0,0,0,0,0,0,0,0,0,0,0
0.014922,0,0,0,0,0,0,0,0,0,0,0,0,0,0
0.014907,0,0,0,0,0,0,0,0,0,0,0,0,0,0
0.015229,0,0,0,0,0,0,0,0,0,0,0,0,0,0
0.015708,0,0,0,0,0,0,0,0,0,0,0,0,0,0
0.01557,0,0,0,0,0,0,0,0,0,0,0,0,0,0
0.015811,0,0,0,0,0,0,0,0,0,0,0,0,0,0
0.01568,0,0,0,0,0,0,0,0,0,0,0,0,0,0
0.015825,0,0,0,0,0,0,0,0,0,0,0,0,0,0
0.016386,0,0,0,0,0,0,0,0,0,0,0,0,0,0
0.01599,0,0,0,0,0,0,0,0,0,0,0,0,0,0
0.016162,0,0,0,0,0,0,0,0,0,0,0,0,0,0
0.016692,0,0,0,0,0,0,0,0,0,0,0,0,0,0
0.016711,0,0,0,0,0,0,0,0,0,0,0,0,0,0
0.016659,0,0,0,0,0,0,0,0,0,0,0,0,0,0
0.016708,0,0,0,0,0,0,0,0,0,0,0,0,0,0
0.032064,0,0,0,0,0,0,0,0,0,0,0,0,0,0
NaN,0,0,0,0,0,0,0,0,0,0,0,0,0,0
NaN,0,0,0,0,0,0,0,0,0,0,0,0,0,0
NaN,0,0,0,0,0,0,0,0,0,0,0,0,0,0
NaN,0,0,0,0,0,0,0,0,0,0,0,0,0,0
1.4852,0,0,0,0,0,0,0,0,0,0,0,0,0,0
0.03493,0,0,0,0,0,0,0,0,0,0,0,0,0,0
0.034047,0,0,0,0,0,0,0,0,0,0,0,0,0,0
0.034878,0,0,0,0,0,0,0,0,0,0,0,0,0,0
0.034656,0,0,0,0,0,0,0,0,0,0,0,0,0,0
0.035495,0,0,0,0,0,0,0,0,0,0,0,0,0,0
0.035151,0,0,0,0,0,0,0,0,0,0,0,0,0,0
0.034952,0,0,0,0,0,0,0,0,0,0,0,0,0,0
0.033765,0,0,0,0,0,0,0,0,0,0,0,0,0,0
0.035361,0,0,0,0,0,0,0,0,0,0,0,0,0,0
0.035529,0,0,0,0,0,0,0,0,0,0,0,0,0,0
0.034071,0,0,0,0,0,0,0,0,0,0,0,0,0,0
0.033894,0,0,0,0,0,0,0,0,0,0,0,0,0,0
0.034175,0,0,0,0,0,0,0,0,0,0,0,0,0,0
0.038141,0,0,0,0,0,0,0,0,0,0,0,0,0,0
0.034283,0,0,0,0,0,0,0,0,0,0,0,0,0,0
NaN,0,0,0,0,0,0,0,0,0,0,0,0,0,0
NaN,0,0,0,0,0,0,0,0,0,0,0,0,0,0
NaN,0,0,0,0,0,0,0,0,0,0,0,0,0,0
NaN,0,0,0,0,0,0,0,0,0,0,0,0,0,0
1.4701,0,0,0,0,0,0,0,0,0,0,0,0,0,0
0.035554,0,0,0,0,0,0,0,0,0,0,0,0,0,0
0.033155,0,0,0,0,0,0,0,0,0,0,0,0,0,0
0.034309,0,0,0,0,0,0,0,0,0,0,0,0,0,0
0.034816,0,0,0,0,0,0,0,0,0,0,0,0,0,0
0.034049,0,0,0,0,0,0,0,0,0,0,0,0,0,0
0.036285,0,0,0,0,0,0,0,0,0,0,0,0,0,0
0.031906,0,0,0,0,0,0,0,0,0,0,0,0,0,0
0.033328,0,0,0,0,0,0,0,0,0,0,0,0,0,0
0.034655,0,0,0,0,0,0,0,0,0,0,0,0,0,0
0.038184,0,0,0,0,0,0,0,0,0,0,0,0,0,0
0.034514,0,0,0,0,0,0,0,0,0,0,0,0,0,0
0.035213,0,0,0,0,0,0,0,0,0,0,0,0,0,0
0.03343,0,0,0,0,0,0,0,0,0,0,0,0,0,0
0.033878,0,0,0,0,0,0,0,0,0,0,0,0,0,0
0.034748,0,0,0,0,0,0,0,0,0,0,0,0,0,0
0.034343,0,0,0,0,0,0,0,0,0,0,0,0,0,0
0.033342,0,0,0,0,0,0,0,0,0,0,0,0,0,0
0.033903,0,0,0,0,0,0,0,0,0,0,0,0,0,0
0.037918,0,0,0,0,0,0,0,0,0,0,0,0,0,0
0.04056,0,0,0,0,0,0,0,0,0,0,0,0,0,0
0.036408,0,0,0,0,0,0,0,0,0,0,0,0,0,0
0.034796,0,0,0,0,0,0,0,0,0,0,0,0,0,0
0.033382,0,0,0,0,0,0,0,0,0,0,0,0,0,0
0.036282,0,0,0,0,0,0,0,0,0,0,0,0,0,0
0.036636,0,0,0,0,0,0,0,0,0,0,0,0,0,0
0.036037,0,0,0,0,0,0,0,0,0,0,0,0,0,0
0.036646,0,0,0,0,0,0,0,0,0,0,0,0,0,0
0.035258,0,0,0,0,0,0,0,0,0,0,0,0,0,0
0.032668,0,0,0,0,0,0,0,0,0,0,0,0,0,0
0.034588,0,0,0,0,0,0,0,0,0,0,0,0,0,0
0.034522,0,0,0,0,0,0,0,0,0,0,0,0,0,0
0.034884,0,0,0,0,0,0,0,0,0,0,0,0,0,0
0.036013,0,0,0,0,0,0,0,0,0,0,0,0,0,0
0.036068,0,0,0,0,0,0,0,0,0,0,0,0,0,0
0.034541,0,0,0,0,0,0,0,0,0,0,0,0,0,0
0.032575,0,0,0,0,0,0,0,0,0,0,0,0,0,0
0.033258,0,0,0,0,0,0,0,0,0,0,0,0,0,0
0.032288,0,0,0,0,0,0,0,0,0,0,0,0,0,0
0.031577,0,0,0,0,0,0,0,0,0,0,0,0,0,0
0.032194,0,0,0,0,0,0,0,0,0,0,0,0,0,0
0.037342,0,0,0,0,0,0,0,0,0,0,0,0,0,0
0.036574,0,0,0,0,0,0,0,0,0,0,0,0,0,0
0.036552,0,0,0,0,0,0,0,0,0,0,0,0,0,0
0.033817,0,0,0,0,0,0,0,0,0,0,0,0,0,0
0.033285,0,0,0,0,0,0,0,0,0,0,0,0,0,0
0.034747,0,0,0,0,0,0,0,0,0,0,0,0,0,0
0.033832,0,0,0,0,0,0,0,0,0,0,0,0,0,0
0.034806,0,0,0,0,0,0,0,0,0,0,0,0,0,0
0.034882,0,0,0,0,0,0,0,0,0,0,0,0,0,0
0.039184,0,0,0,0,0,0,0,0,0,0,0,0,0,0
0.035168,0,0,0,0,0,0,0,0,0,0,0,0,0,0
0.036085,0,0,0,0,0,0,0,0,0,0,0,0,0,0
0.035311,0,0,0,0,0,0,0,0,0,0,0,0,0,0
0.0391,0,0,0,0,0,0,0,0,0,0,0,0,0,0
0.035914,0,0,0,0,0,0,0,0,0,0,0,0,0,0
0.038736,0,0,0,0,0,0,0,0,0,0,0,0,0,0
0.044875,0,0,0,0,0,0,0,0,0,0,0,0,0,0
0.040215,0,0,0,0,0,0,0,0,0,0,0,0,0,0
0.041577,0,0,0,0,0,0,0,0,0,0,0,0,0,0
0.038669,0,0,0,0,0,0,0,0,0,0,0,0,0,0
0.03869,0,0,0,0,0,0,0,0,0,0,0,0,0,0
0.038085,0,0,0,0,0,0,0,0,0,0,0,0,0,0
0.055125,0,0,0,0,0,0,0,0,0,0,0,0,0,0
0.037733,0,0,0,0,0,0,0,0,0,0,0,0,0,0
0.037984,0,0,0,0,0,0,0,0,0,0,0,0,0,0
0.0381,0,0,0,0,0,0,0,0,0,0,0,0,0,0
0.039506,0,0,0,0,0,0,0,0,0,0,0,0,0,0
0.038149,0,0,0,0,0,0,0,0,0,0,0,0,0,0
0.041336,0,0,0,0,0,0,0,0,0,0,0,0,0,0
0.037447,0,0,0,0,0,0,0,0,0,0,0,0,0,0
0.037487,0,0,0,0,0,0,0,0,0,0,0,0,0,0
0.039856,0,0,0,0,0,0,0,0,0,0,0,0,0,0
0.038545,0,0,0,0,0,0,0,0,0,0,0,0,0,0
0.038844,0,0,0,0,0,0,0,0,0,0,0,0,0,0
0.03995,0,0,0,0,0,0,0,0,0,0,0,0,0,0
0.042617,0,0,0,0,0,0,0,0,0,0,0,0,0,0
0.038453,0,0,0,0,0,0,0,0,0,0,0,0,0,0
0.041431,0,0,0,0,0,0,0,0,0,0,0,0,0,0
0.041157,0,0,0,0,0,0,0,0,0,0,0,0,0,0
0.042125,0,0,0,0,0,0,0,0,0,0,0,0,0,0
0.046233,0,0,0,0,0,0,0,0,0,0,0,0,0,0
0.053792,0,0,0,0,0,0,0,0,0,0,0,0,0,0
0.040658,0,0,0,0,0,0,0,0,0,0,0,0,0,0
0.036387,0,0,0,0,0,0,0,0,0,0,0,0,0,0
0.036711,0,0,0,0,0,0,0,0,0,0,0,0,0,0
0.036571,0,0,0,0,0,0,0,0,0,0,0,0,0,0
0.035684,0,0,0,0,0,0,0,0,0,0,0,0,0,0
0.036184,0,0,0,0,0,0,0,0,0,0,0,0,0,0
0.035818,0,0,0,0,0,0,0,0,0,0,0,0,0,0
0.035257,0,0,0,0,0,0,0,0,0,0,0,0,0,0
0.033629,0,0,0,0,0,0,0,0,0,0,0,0,0,0
0.03491,0,0,0,0,0,0,0,0,0,0,0,0,0,0
0.034601,0,0,0,0,0,0,0,0,0,0,0,0,0,0
0.035517,0,0,0,0,0,0,0,0,0,0,0,0,0,0
0.03532,0,0,0,0,0,0,0,0,0,0,0,0,0,0
0.035095,0,0,0,0,0,0,0,0,0,0,0,0,0,0
0.03414,0,0,0,0,0,0,0,0,0,0,0,0,0,0
0.040579,0,0,0,0,0,0,0,0,0,0,0,0,0,0
0.03668,0,0,0,0,0,0,0,0,0,0,0,0,0,0
0.037905,0,0,0,0,0,0,0,0,0,0,0,0,0,0
0.035203,0,0,0,0,0,0,0,0,0,0,0,0,0,0
0.028809,0,0,0,0,0,0,0,0,0,0,0,0,0,0
0.033757,0,0,0,0,0,0,0,0,0,0,0,0,0,0
0.035029,0,0,0,0,0,0,0,0,0,0,0,0,0,0
0.037504,0,0,0,0,0,0,0,0,0,0,0,0,0,0
0.035353,0,0,0,0,0,0,0,0,0,0,0,0,0,0
0.036758,0,0,0,0,0,0,0,0,0,0,0,0,0,0
0.035769,0,0,0,0,0,0,0,0,0,0,0,0,0,0
0.03777,0,0,0,0,0,0,0,0,0,0,0,0,0,0
0.035941,0,0,0,0,0,0,0,0,0,0,0,0,0,0
0.034449,0,0,0,0,0,0,0,0,0,0,0,0,0,0
0.033873,0,0,0,0,0,0,0,0,0,0,0,0,0,0
0.034097,0,0,0,0,0,0,0,0,0,0,0,0,0,0
0.036148,0,0,0,0,0,0,0,0,0,0,0,0,0,0
0.035447,0,0,0,0,0,0,0,0,0,0,0,0,0,0
0.036387,0,0,0,0,0,0,0,0,0,0,0,0,0,0
0.035949,0,0,0,0,0,0,0,0,0,0,0,0,0,0
0.037554,0,0,0,0,0,0,0,0,0,0,0,0,0,0
0.03765,0,0,0,0,0,0,0,0,0,0,0,0,0,0
0.03605,0,0,0,0,0,0,0,0,0,0,0,0,0,0
0.039657,0,0,0,0,0,0,0,0,0,0,0,0,0,0
0.037374,0,0,0,0,0,0,0,0,0,0,0,0,0,0
0.036279,0,0,0,0,0,0,0,0,0,0,0,0,0,0
0.03619,0,0,0,0,0,0,0,0,0,0,0,0,0,0
0.035734,0,0,0,0,0,0,0,0,0,0,0,0,0,0
0.035423,0,0,0,0,0,0,0,0,0,0,0,0,0,0
0.038249,0,0,0,0,0,0,0,0,0,0,0,0,0,0
0.037974,0,0,0,0,0,0,0,0,0,0,0,0,0,0
0.039789,0,0,0,0,0,0,0,0,0,0,0,0,0,0
0.051325,0,0,0,0,0,0,0,0,0,0,0,0,0,0
0.03662,0,0,0,0,0,0,0,0,0,0,0,0,0,0
0.036031,0,0,0,0,0,0,0,0,0,0,0,0,0,0
0.034909,0,0,0,0,0,0,0,0,0,0,0,0,0,0
0.035463,0,0,0,0,0,0,0,0,0,0,0,0,0,0
0.035503,0,0,0,0,0,0,0,0,0,0,0,0,0,0
0.035661,0,0,0,0,0,0,0,0,0,0,0,0,0,0
0.035329,0,0,0,0,0,0,0,0,0,0,0,0,0,0
0.035401,0,0,0,0,0,0,0,0,0,0,0,0,0,0
0.034932,0,0,0,0,0,0,0,0,0,0,0,0,0,0
0.049814,0,0,0,0,0,0,0,0,0,0,0,0,0,0
0.034828,0,0,0,0,0,0,0,0,0,0,0,0,0,0
0.038896,0,0,0,0,0,0,0,0,0,0,0,0,0,0
0.036167,0,0,0,0,0,0,0,0,0,0,0,0,0,0
0.033836,0,0,0,0,0,0,0,0,0,0,0,0,0,0
0.035636,0,0,0,0,0,0,0,0,0,0,0,0,0,0
0.03595,0,0,0,0,0,0,0,0,0,0,0,0,0,0
0.036147,0,0,0,0,0,0,0,0,0,0,0,0,0,0
0.035893,0,0,0,0,0,0,0,0,0,0,0,0,0,0
0.01857,0,0,0,0,0,0,0,0,0,0,0,0,0,0
0.018235,0,0,0,0,0,0,0,0,0,0,0,0,0,0
0.019067,0,0,0,0,0,0,0,0,0,0,0,0,0,0
0.019079,0,0,0,0,0,0,0,0,0,0,0,0,0,0
0.018969,0,0,0,0,0,0,0,0,0,0,0,0,0,0
0.01849,0,0,0,0,0,0,0,0,0,0,0,0,0,0
0.018423,0,0,0,0,0,0,0,0,0,0,0,0,0,0
0.018437,0,0,0,0,0,0,0,0,0,0,0,0,0,0
0.018426,0,0,0,0,0,0,0,0,0,0,0,0,0,0
0.019108,0,0,0,0,0,0,0,0,0,0,0,0,0,0
0.018925,0,0,0,0,0,0,0,0,0,0,0,0,0,0
0.018636,0,0,0,0,0,0,0,0,0,0,0,0,0,0
0.018672,0,0,0,0,0,0,0,0,0,0,0,0,0,0
0.018785,0,0,0,0,0,0,0,0,0,0,0,0,0,0
0.018855,0,0,0,0,0,0,0,0,0,0,0,0,0,0
0.018687,0,0,0,0,0,0,0,0,0,0,0,0,0,0
0.018424,0,0,0,0,0,0,0,0,0,0,0,0,0,0
0.018491,0,0,0,0,0,0,0,0,0,0,0,0,0,0
0.017973,0,0,0,0,0,0,0,0,0,0,0,0,0,0
0.018175,0,0,0,0,0,0,0,0,0,0,0,0,0,0
0.017585,0,0,0,0,0,0,0,0,0,0,0,0,0,0
0.018589,0,0,0,0,0,0,0,0,0,0,0,0,0,0
0.018456,0,0,0,0,0,0,0,0,0,0,0,0,0,0
0.018315,0,0,0,0,0,0,0,0,0,0,0,0,0,0
0.0182,0,0,0,0,0,0,0,0,0,0,0,0,0,0
0.018758,0,0,0,0,0,0,0,0,0,0,0,0,0,0
0.017869,0,0,0,0,0,0,0,0,0,0,0,0,0,0
0.019331,0,0,0,0,0,0,0,0,0,0,0,0,0,0
0.018741,0,0,0,0,0,0,0,0,0,0,0,0,0,0
0.01862,0,0,0,0,0,0,0,0,0,0,0,0,0,0
0.018659,0,0,0,0,0,0,0,0,0,0,0,0,0,0
0.019406,0,0,0,0,0,0,0,0,0,0,0,0,0,0
0.018851,0,0,0,0,0,0,0,0,0,0,0,0,0,0
0.019677,0,0,0,0,0,0,0,0,0,0,0,0,0,0
0.018582,0,0,0,0,0,0,0,0,0,0,0,0,0,0
0.018159,0,0,0,0,0,0,0,0,0,0,0,0,0,0
0.017552,0,0,0,0,0,0,0,0,0,0,0,0,0,0
0.018849,0,0,0,0,0,0,0,0,0,0,0,0,0,0
0.020584,0,0,0,0,0,0,0,0,0,0,0,0,0,0
0.018441,0,0,0,0,0,0,0,0,0,0,0,0,0,0
0.018122,0,0,0,0,0,0,0,0,0,0,0,0,0,0
0.018841,0,0,0,0,0,0,0,0,0,0,0,0,0,0
