0.00040007,0.00040562,0.0003875,0,0,0,0,0,0,0,0,0,0,0,0
1.2478,1.212,1.193,0,0,0,0,0,0,0,0,0,0,0,0
0.60688,0.60455,0.60575,0,0,0,0,0,0,0,0,0,0,0,0
0.54379,0.55651,0.54684,0,0,0,0,0,0,0,0,0,0,0,0
0.54943,0.54672,0.55244,0,0,0,0,0,0,0,0,0,0,0,0
0.58022,0.59637,0.58798,0,0,0,0,0,0,0,0,0,0,0,0
0.53524,0.54326,0.5329,0,0,0,0,0,0,0,0,0,0,0,0
0.52269,0.52022,0.51766,0,0,0,0,0,0,0,0,0,0,0,0
0.5332,0.52031,0.53438,0,0,0,0,0,0,0,0,0,0,0,0
0.53052,0.53454,0.52691,0,0,0,0,0,0,0,0,0,0,0,0
0.51859,0.55491,0.54257,0,0,0,0,0,0,0,0,0,0,0,0
0.55306,0.53604,0.53207,0,0,0,0,0,0,0,0,0,0,0,0
0.54182,0.53125,0.55531,0,0,0,0,0,0,0,0,0,0,0,0
0.53407,0.5268,0.53151,0,0,0,0,0,0,0,0,0,0,0,0
0.52449,0.52877,0.52784,0,0,0,0,0,0,0,0,0,0,0,0
0.53186,0.53434,0.52698,0,0,0,0,0,0,0,0,0,0,0,0
0.53696,0.52108,0.52803,0,0,0,0,0,0,0,0,0,0,0,0
0.53145,0.53501,0.52054,0,0,0,0,0,0,0,0,0,0,0,0
0.5378,0.52678,0.53003,0,0,0,0,0,0,0,0,0,0,0,0
0.5324,0.52709,0.53946,0,0,0,0,0,0,0,0,0,0,0,0
0.53032,0.5403,0.52957,0,0,0,0,0,0,0,0,0,0,0,0
0.52422,0.52568,0.53056,0,0,0,0,0,0,0,0,0,0,0,0
0.53249,0.53551,0.53481,0,0,0,0,0,0,0,0,0,0,0,0
0.55064,0.53984,0.53528,0,0,0,0,0,0,0,0,0,0,0,0
0.53037,0.53612,0.53007,0,0,0,0,0,0,0,0,0,0,0,0
0.5373,0.53373,0.53356,0,0,0,0,0,0,0,0,0,0,0,0
0.53415,0.52812,0.54591,0,0,0,0,0,0,0,0,0,0,0,0
0.54255,0.54808,0.56778,0,0,0,0,0,0,0,0,0,0,0,0
0.53661,0.53412,0.52955,0,0,0,0,0,0,0,0,0,0,0,0
0.5438,0.52861,0.52582,0,0,0,0,0,0,0,0,0,0,0,0
0.54169,0.54953,0.53731,0,0,0,0,0,0,0,0,0,0,0,0
0.53491,0.5509,0.53103,0,0,0,0,0,0,0,0,0,0,0,0
0.52629,0.54101,0.52831,0,0,0,0,0,0,0,0,0,0,0,0
0.53137,0.53041,0.53744,0,0,0,0,0,0,0,0,0,0,0,0
NaN,NaN,NaN,0,0,0,0,0,0,0,0,0,0,0,0
NaN,NaN,NaN,0,0,0,0,0,0,0,0,0,0,0,0
NaN,NaN,NaN,0,0,0,0,0,0,0,0,0,0,0,0
NaN,NaN,NaN,0,0,0,0,0,0,0,0,0,0,0,0
0.00039423,0.00049826,0.00040738,0,0,0,0,0,0,0,0,0,0,0,0
1.1316,1.1496,1.1454,0,0,0,0,0,0,0,0,0,0,0,0
0.55313,0.53963,0.54091,0,0,0,0,0,0,0,0,0,0,0,0
0.49236,0.48866,0.48712,0,0,0,0,0,0,0,0,0,0,0,0
0.48918,0.48506,0.48291,0,0,0,0,0,0,0,0,0,0,0,0
0.53194,0.5273,0.55042,0,0,0,0,0,0,0,0,0,0,0,0
0.47511,0.47549,0.4741,0,0,0,0,0,0,0,0,0,0,0,0
0.47167,0.45999,0.46571,0,0,0,0,0,0,0,0,0,0,0,0
0.46977,0.46218,0.46026,0,0,0,0,0,0,0,0,0,0,0,0
0.46635,0.46397,0.48373,0,0,0,0,0,0,0,0,0,0,0,0
0.46936,0.47688,0.46842,0,0,0,0,0,0,0,0,0,0,0,0
0.48069,0.48535,0.47754,0,0,0,0,0,0,0,0,0,0,0,0
0.49924,0.46814,0.46803,0,0,0,0,0,0,0,0,0,0,0,0
0.47156,0.46706,0.47695,0,0,0,0,0,0,0,0,0,0,0,0
0.47501,0.46329,0.46646,0,0,0,0,0,0,0,0,0,0,0,0
0.47849,0.46805,0.47621,0,0,0,0,0,0,0,0,0,0,0,0
0.46721,0.47996,0.47308,0,0,0,0,0,0,0,0,0,0,0,0
0.46898,0.46817,0.46801,0,0,0,0,0,0,0,0,0,0,0,0
0.47201,0.47607,0.47211,0,0,0,0,0,0,0,0,0,0,0,0
0.47896,0.47,0.48969,0,0,0,0,0,0,0,0,0,0,0,0
0.47295,0.47611,0.47238,0,0,0,0,0,0,0,0,0,0,0,0
0.47099,0.4616,0.47268,0,0,0,0,0,0,0,0,0,0,0,0
0.4663,0.47498,0.46451,0,0,0,0,0,0,0,0,0,0,0,0
0.46105,0.48138,0.46292,0,0,0,0,0,0,0,0,0,0,0,0
0.48019,0.47041,0.47477,0,0,0,0,0,0,0,0,0,0,0,0
0.47561,0.46531,0.45867,0,0,0,0,0,0,0,0,0,0,0,0
0.46529,0.46892,0.46399,0,0,0,0,0,0,0,0,0,0,0,0
0.46839,0.46291,0.46557,0,0,0,0,0,0,0,0,0,0,0,0
0.46997,0.47015,0.48404,0,0,0,0,0,0,0,0,0,0,0,0
0.47221,0.46295,0.46329,0,0,0,0,0,0,0,0,0,0,0,0
0.47326,0.47978,0.48006,0,0,0,0,0,0,0,0,0,0,0,0
0.4786,0.47509,0.46892,0,0,0,0,0,0,0,0,0,0,0,0
0.47397,0.47266,0.4624,0,0,0,0,0,0,0,0,0,0,0,0
0.46878,0.47297,0.46013,0,0,0,0,0,0,0,0,0,0,0,0
0.47167,0.46556,0.46812,0,0,0,0,0,0,0,0,0,0,0,0
0.46579,0.45892,0.46083,0,0,0,0,0,0,0,0,0,0,0,0
0.47124,0.45766,0.47264,0,0,0,0,0,0,0,0,0,0,0,0
0.46551,0.46428,0.4756,0,0,0,0,0,0,0,0,0,0,0,0
0.46949,0.47137,0.46152,0,0,0,0,0,0,0,0,0,0,0,0
0.48561,0.48008,0.46839,0,0,0,0,0,0,0,0,0,0,0,0
0.47055,0.45695,0.47489,0,0,0,0,0,0,0,0,0,0,0,0
0.45729,0.4678,0.46593,0,0,0,0,0,0,0,0,0,0,0,0
0.46109,0.46049,0.45651,0,0,0,0,0,0,0,0,0,0,0,0
0.46395,0.47652,0.47489,0,0,0,0,0,0,0,0,0,0,0,0
0.464,0.47591,0.45663,0,0,0,0,0,0,0,0,0,0,0,0
0.49446,0.49656,0.48622,0,0,0,0,0,0,0,0,0,0,0,0
0.46154,0.46517,0.45701,0,0,0,0,0,0,0,0,0,0,0,0
0.46983,0.4658,0.46619,0,0,0,0,0,0,0,0,0,0,0,0
0.46354,0.4701,0.46703,0,0,0,0,0,0,0,0,0,0,0,0
0.46463,0.46452,0.46806,0,0,0,0,0,0,0,0,0,0,0,0
0.47806,0.45947,0.46673,0,0,0,0,0,0,0,0,0,0,0,0
0.46269,0.47324,0.46621,0,0,0,0,0,0,0,0,0,0,0,0
0.48208,0.47343,0.4605,0,0,0,0,0,0,0,0,0,0,0,0
0.4715,0.48363,0.48367,0,0,0,0,0,0,0,0,0,0,0,0
0.48084,0.46379,0.46862,0,0,0,0,0,0,0,0,0,0,0,0
0.47492,0.46557,0.4599,0,0,0,0,0,0,0,0,0,0,0,0
0.48922,0.463,0.47051,0,0,0,0,0,0,0,0,0,0,0,0
0.48065,0.4658,0.47491,0,0,0,0,0,0,0,0,0,0,0,0
0.46789,0.46855,0.46974,0,0,0,0,0,0,0,0,0,0,0,0
0.46561,0.47446,0.46484,0,0,0,0,0,0,0,0,0,0,0,0
0.47545,0.47329,0.47337,0,0,0,0,0,0,0,0,0,0,0,0
0.52453,0.47064,0.46604,0,0,0,0,0,0,0,0,0,0,0,0
0.51904,0.47036,0.48062,0,0,0,0,0,0,0,0,0,0,0,0
0.67214,0.4648,0.47136,0,0,0,0,0,0,0,0,0,0,0,0
0.55438,0.45949,0.47561,0,0,0,0,0,0,0,0,0,0,0,0
0.53078,0.46565,0.47688,0,0,0,0,0,0,0,0,0,0,0,0
0.52215,0.47077,0.4635,0,0,0,0,0,0,0,0,0,0,0,0
0.50938,0.47392,0.46157,0,0,0,0,0,0,0,0,0,0,0,0
0.52803,0.47338,0.4759,0,0,0,0,0,0,0,0,0,0,0,0
0.5065,0.47737,0.47795,0,0,0,0,0,0,0,0,0,0,0,0
0.49771,0.46048,0.48288,0,0,0,0,0,0,0,0,0,0,0,0
0.50302,0.47015,0.45981,0,0,0,0,0,0,0,0,0,0,0,0
0.51174,0.46877,0.46767,0,0,0,0,0,0,0,0,0,0,0,0
0.48834,0.46333,0.46878,0,0,0,0,0,0,0,0,0,0,0,0
0.49135,0.46509,0.45865,0,0,0,0,0,0,0,0,0,0,0,0
0.51388,0.46418,0.46339,0,0,0,0,0,0,0,0,0,0,0,0
0.48753,0.46952,0.4739,0,0,0,0,0,0,0,0,0,0,0,0
0.48572,0.48141,0.45893,0,0,0,0,0,0,0,0,0,0,0,0
0.49115,0.46924,0.46426,0,0,0,0,0,0,0,0,0,0,0,0
0.47196,0.46335,0.45932,0,0,0,0,0,0,0,0,0,0,0,0
0.48978,0.4717,0.47512,0,0,0,0,0,0,0,0,0,0,0,0
0.48115,0.46406,0.46707,0,0,0,0,0,0,0,0,0,0,0,0
0.48236,0.4696,0.46516,0,0,0,0,0,0,0,0,0,0,0,0
0.49484,0.46605,0.4815,0,0,0,0,0,0,0,0,0,0,0,0
0.48013,0.47054,0.46953,0,0,0,0,0,0,0,0,0,0,0,0
0.48235,0.47289,0.46484,0,0,0,0,0,0,0,0,0,0,0,0
0.4923,0.46449,0.46859,0,0,0,0,0,0,0,0,0,0,0,0
0.48083,0.47278,0.47218,0,0,0,0,0,0,0,0,0,0,0,0
0.47427,0.46829,0.46605,0,0,0,0,0,0,0,0,0,0,0,0
0.46841,0.46631,0.477,0,0,0,0,0,0,0,0,0,0,0,0
0.46337,0.46103,0.46297,0,0,0,0,0,0,0,0,0,0,0,0
0.46689,0.47156,0.46865,0,0,0,0,0,0,0,0,0,0,0,0
0.47231,0.47558,0.46625,0,0,0,0,0,0,0,0,0,0,0,0
0.46856,0.46953,0.46244,0,0,0,0,0,0,0,0,0,0,0,0
0.4612,0.475,0.4662,0,0,0,0,0,0,0,0,0,0,0,0
0.46594,0.46965,0.48395,0,0,0,0,0,0,0,0,0,0,0,0
0.47487,0.47128,0.47105,0,0,0,0,0,0,0,0,0,0,0,0
0.48347,0.46121,0.46383,0,0,0,0,0,0,0,0,0,0,0,0
0.46795,0.47368,0.46892,0,0,0,0,0,0,0,0,0,0,0,0
0.46829,0.45728,0.46738,0,0,0,0,0,0,0,0,0,0,0,0
0.46804,0.46992,0.46621,0,0,0,0,0,0,0,0,0,0,0,0
0.46475,0.46554,0.46009,0,0,0,0,0,0,0,0,0,0,0,0
0.47411,0.47057,0.46571,0,0,0,0,0,0,0,0,0,0,0,0
0.48112,0.46652,0.46743,0,0,0,0,0,0,0,0,0,0,0,0
0.47244,0.47566,0.48305,0,0,0,0,0,0,0,0,0,0,0,0
0.4674,0.46159,0.45959,0,0,0,0,0,0,0,0,0,0,0,0
0.46593,0.4692,0.47455,0,0,0,0,0,0,0,0,0,0,0,0
0.46873,0.46441,0.48315,0,0,0,0,0,0,0,0,0,0,0,0
0.46822,0.46817,0.4718,0,0,0,0,0,0,0,0,0,0,0,0
0.48279,0.47197,0.47306,0,0,0,0,0,0,0,0,0,0,0,0
0.46806,0.49955,0.47503,0,0,0,0,0,0,0,0,0,0,0,0
0.47699,0.47493,0.47558,0,0,0,0,0,0,0,0,0,0,0,0
0.4823,0.46619,0.47824,0,0,0,0,0,0,0,0,0,0,0,0
0.46879,0.47766,0.46457,0,0,0,0,0,0,0,0,0,0,0,0
0.47103,0.4665,0.47116,0,0,0,0,0,0,0,0,0,0,0,0
0.46951,0.46385,0.46567,0,0,0,0,0,0,0,0,0,0,0,0
0.49275,0.47387,0.49003,0,0,0,0,0,0,0,0,0,0,0,0
0.48687,0.48294,0.48075,0,0,0,0,0,0,0,0,0,0,0,0
0.46442,0.47879,0.47179,0,0,0,0,0,0,0,0,0,0,0,0
NaN,NaN,NaN,0,0,0,0,0,0,0,0,0,0,0,0
NaN,NaN,NaN,0,0,0,0,0,0,0,0,0,0,0,0
NaN,NaN,NaN,0,0,0,0,0,0,0,0,0,0,0,0
NaN,NaN,NaN,0,0,0,0,0,0,0,0,0,0,0,0
0.00036617,0.00043222,0.00039949,0,0,0,0,0,0,0,0,0,0,0,0
0.86482,0.87824,0.86028,0,0,0,0,0,0,0,0,0,0,0,0
0.29304,0.29265,0.28433,0,0,0,0,0,0,0,0,0,0,0,0
0.22017,0.22278,0.22329,0,0,0,0,0,0,0,0,0,0,0,0
0.22268,0.22051,0.21821,0,0,0,0,0,0,0,0,0,0,0,0
0.25591,0.25719,0.25,0,0,0,0,0,0,0,0,0,0,0,0
0.20286,0.20523,0.20584,0,0,0,0,0,0,0,0,0,0,0,0
0.19824,0.19426,0.19691,0,0,0,0,0,0,0,0,0,0,0,0
0.19827,0.20434,0.19948,0,0,0,0,0,0,0,0,0,0,0,0
0.20908,0.20102,0.19652,0,0,0,0,0,0,0,0,0,0,0,0
0.20135,0.19726,0.19813,0,0,0,0,0,0,0,0,0,0,0,0
0.20358,0.19872,0.20014,0,0,0,0,0,0,0,0,0,0,0,0
0.20581,0.20164,0.2037,0,0,0,0,0,0,0,0,0,0,0,0
0.20864,0.2043,0.20889,0,0,0,0,0,0,0,0,0,0,0,0
0.20088,0.20388,0.1999,0,0,0,0,0,0,0,0,0,0,0,0
0.19448,0.19692,0.20274,0,0,0,0,0,0,0,0,0,0,0,0
0.21029,0.1978,0.20016,0,0,0,0,0,0,0,0,0,0,0,0
0.19622,0.19738,0.211,0,0,0,0,0,0,0,0,0,0,0,0
0.19683,0.20019,0.20098,0,0,0,0,0,0,0,0,0,0,0,0
0.20078,0.20032,0.1996,0,0,0,0,0,0,0,0,0,0,0,0
0.20223,0.20383,0.19757,0,0,0,0,0,0,0,0,0,0,0,0
0.19464,0.21357,0.19737,0,0,0,0,0,0,0,0,0,0,0,0
0.19684,0.19962,0.20483,0,0,0,0,0,0,0,0,0,0,0,0
0.19288,0.19764,0.19747,0,0,0,0,0,0,0,0,0,0,0,0
0.19551,0.20333,0.21954,0,0,0,0,0,0,0,0,0,0,0,0
0.20454,0.1943,0.20127,0,0,0,0,0,0,0,0,0,0,0,0
0.1964,0.19818,0.19856,0,0,0,0,0,0,0,0,0,0,0,0
0.199,0.19847,0.20055,0,0,0,0,0,0,0,0,0,0,0,0
0.20718,0.20781,0.19971,0,0,0,0,0,0,0,0,0,0,0,0
0.19326,0.19863,0.20857,0,0,0,0,0,0,0,0,0,0,0,0
0.19497,0.1952,0.20265,0,0,0,0,0,0,0,0,0,0,0,0
0.19581,0.20213,0.19318,0,0,0,0,0,0,0,0,0,0,0,0
0.19688,0.19944,0.19892,0,0,0,0,0,0,0,0,0,0,0,0
0.21853,0.1954,0.20023,0,0,0,0,0,0,0,0,0,0,0,0
0.19526,0.19903,0.20158,0,0,0,0,0,0,0,0,0,0,0,0
0.19383,0.1945,0.19946,0,0,0,0,0,0,0,0,0,0,0,0
0.19938,0.20559,0.20001,0,0,0,0,0,0,0,0,0,0,0,0
0.19237,0.19809,0.20018,0,0,0,0,0,0,0,0,0,0,0,0
0.19504,0.19808,0.19875,0,0,0,0,0,0,0,0,0,0,0,0
0.21203,0.20741,0.20701,0,0,0,0,0,0,0,0,0,0,0,0
0.20452,0.19763,0.19733,0,0,0,0,0,0,0,0,0,0,0,0
0.20117,0.20034,0.19892,0,0,0,0,0,0,0,0,0,0,0,0
0.21197,0.20338,0.19616,0,0,0,0,0,0,0,0,0,0,0,0
0.20044,0.20262,0.20513,0,0,0,0,0,0,0,0,0,0,0,0
0.20736,0.19709,0.20641,0,0,0,0,0,0,0,0,0,0,0,0
0.23133,0.22289,0.22255,0,0,0,0,0,0,0,0,0,0,0,0
0.20277,0.20149,0.20822,0,0,0,0,0,0,0,0,0,0,0,0
0.19708,0.20499,0.1955,0,0,0,0,0,0,0,0,0,0,0,0
0.20773,0.20274,0.20394,0,0,0,0,0,0,0,0,0,0,0,0
0.20088,0.19728,0.2044,0,0,0,0,0,0,0,0,0,0,0,0
0.2004,0.20564,0.2035,0,0,0,0,0,0,0,0,0,0,0,0
0.21352,0.19682,0.19651,0,0,0,0,0,0,0,0,0,0,0,0
0.20063,0.19656,0.20271,0,0,0,0,0,0,0,0,0,0,0,0
0.19744,0.1984,0.20085,0,0,0,0,0,0,0,0,0,0,0,0
0.20282,0.20375,0.19595,0,0,0,0,0,0,0,0,0,0,0,0
0.19456,0.20002,0.19946,0,0,0,0,0,0,0,0,0,0,0,0
0.19986,0.19457,0.20168,0,0,0,0,0,0,0,0,0,0,0,0
0.19945,0.19676,0.20058,0,0,0,0,0,0,0,0,0,0,0,0
0.19726,0.19674,0.19685,0,0,0,0,0,0,0,0,0,0,0,0
0.20353,0.20357,0.20441,0,0,0,0,0,0,0,0,0,0,0,0
0.20413,0.1965,0.19624,0,0,0,0,0,0,0,0,0,0,0,0
0.20802,0.19687,0.20284,0,0,0,0,0,0,0,0,0,0,0,0
0.20317,0.20016,0.19664,0,0,0,0,0,0,0,0,0,0,0,0
0.20791,0.19909,0.20502,0,0,0,0,0,0,0,0,0,0,0,0
0.19931,0.19321,0.19563,0,0,0,0,0,0,0,0,0,0,0,0
0.20337,0.19685,0.19939,0,0,0,0,0,0,0,0,0,0,0,0
0.20493,0.19751,0.20167,0,0,0,0,0,0,0,0,0,0,0,0
0.19854,0.20283,0.19667,0,0,0,0,0,0,0,0,0,0,0,0
0.19576,0.19988,0.20225,0,0,0,0,0,0,0,0,0,0,0,0
0.20403,0.20027,0.20047,0,0,0,0,0,0,0,0,0,0,0,0
0.20205,0.19552,0.19596,0,0,0,0,0,0,0,0,0,0,0,0
0.1952,0.19676,0.19963,0,0,0,0,0,0,0,0,0,0,0,0
0.21219,0.2019,0.20482,0,0,0,0,0,0,0,0,0,0,0,0
0.21128,0.19872,0.20048,0,0,0,0,0,0,0,0,0,0,0,0
0.20527,0.20271,0.19967,0,0,0,0,0,0,0,0,0,0,0,0
0.21103,0.20799,0.2088,0,0,0,0,0,0,0,0,0,0,0,0
0.20909,0.20019,0.20201,0,0,0,0,0,0,0,0,0,0,0,0
0.21259,0.21017,0.20076,0,0,0,0,0,0,0,0,0,0,0,0
0.20461,0.20955,0.20641,0,0,0,0,0,0,0,0,0,0,0,0
0.2029,0.20429,0.19514,0,0,0,0,0,0,0,0,0,0,0,0
0.2066,0.20349,0.20216,0,0,0,0,0,0,0,0,0,0,0,0
0.20512,0.19759,0.20271,0,0,0,0,0,0,0,0,0,0,0,0
0.19493,0.19707,0.19836,0,0,0,0,0,0,0,0,0,0,0,0
0.19718,0.19997,0.2029,0,0,0,0,0,0,0,0,0,0,0,0
0.21133,0.20363,0.19867,0,0,0,0,0,0,0,0,0,0,0,0
0.19478,0.20134,0.19972,0,0,0,0,0,0,0,0,0,0,0,0
0.20117,0.20023,0.20222,0,0,0,0,0,0,0,0,0,0,0,0
0.19931,0.20496,0.20422,0,0,0,0,0,0,0,0,0,0,0,0
0.20772,0.19736,0.20305,0,0,0,0,0,0,0,0,0,0,0,0
0.19526,0.19519,0.20233,0,0,0,0,0,0,0,0,0,0,0,0
0.2014,0.20403,0.19918,0,0,0,0,0,0,0,0,0,0,0,0
0.20765,0.19765,0.20191,0,0,0,0,0,0,0,0,0,0,0,0
0.19415,0.20169,0.20189,0,0,0,0,0,0,0,0,0,0,0,0
0.19972,0.20467,0.1901,0,0,0,0,0,0,0,0,0,0,0,0
0.19408,0.19544,0.19894,0,0,0,0,0,0,0,0,0,0,0,0
0.19854,0.1956,0.19434,0,0,0,0,0,0,0,0,0,0,0,0
0.20515,0.19968,0.1984,0,0,0,0,0,0,0,0,0,0,0,0
0.19524,0.19276,0.19187,0,0,0,0,0,0,0,0,0,0,0,0
0.199,0.19519,0.19381,0,0,0,0,0,0,0,0,0,0,0,0
0.20433,0.19877,0.1924,0,0,0,0,0,0,0,0,0,0,0,0
0.2062,0.19802,0.20467,0,0,0,0,0,0,0,0,0,0,0,0
0.21311,0.20239,0.19651,0,0,0,0,0,0,0,0,0,0,0,0
0.21752,0.21457,0.20646,0,0,0,0,0,0,0,0,0,0,0,0
0.19516,0.20563,0.19721,0,0,0,0,0,0,0,0,0,0,0,0
0.20398,0.20319,0.19872,0,0,0,0,0,0,0,0,0,0,0,0
0.20265,0.19907,0.19934,0,0,0,0,0,0,0,0,0,0,0,0
0.20019,0.20357,0.20093,0,0,0,0,0,0,0,0,0,0,0,0
0.20063,0.19969,0.19807,0,0,0,0,0,0,0,0,0,0,0,0
0.20043,0.1997,0.19831,0,0,0,0,0,0,0,0,0,0,0,0
0.20217,0.20633,0.20179,0,0,0,0,0,0,0,0,0,0,0,0
0.20957,0.20053,0.20741,0,0,0,0,0,0,0,0,0,0,0,0
0.21745,0.19887,0.19825,0,0,0,0,0,0,0,0,0,0,0,0
0.20652,0.20261,0.19987,0,0,0,0,0,0,0,0,0,0,0,0
0.19657,0.20741,0.20586,0,0,0,0,0,0,0,0,0,0,0,0
0.19561,0.19444,0.195,0,0,0,0,0,0,0,0,0,0,0,0
0.20229,0.20583,0.19788,0,0,0,0,0,0,0,0,0,0,0,0
0.20248,0.21432,0.20216,0,0,0,0,0,0,0,0,0,0,0,0
0.20018,0.19663,0.19848,0,0,0,0,0,0,0,0,0,0,0,0
0.20428,0.20406,0.19779,0,0,0,0,0,0,0,0,0,0,0,0
0.19763,0.20835,0.2034,0,0,0,0,0,0,0,0,0,0,0,0
0.20085,0.20883,0.20384,0,0,0,0,0,0,0,0,0,0,0,0
0.20077,0.20492,0.19411,0,0,0,0,0,0,0,0,0,0,0,0
0.19542,0.20256,0.20234,0,0,0,0,0,0,0,0,0,0,0,0
0.1976,0.19789,0.20273,0,0,0,0,0,0,0,0,0,0,0,0
0.19768,0.20381,0.1963,0,0,0,0,0,0,0,0,0,0,0,0
0.19483,0.20021,0.1964,0,0,0,0,0,0,0,0,0,0,0,0
0.2288,0.24101,0.22798,0,0,0,0,0,0,0,0,0,0,0,0
0.20183,0.19806,0.19928,0,0,0,0,0,0,0,0,0,0,0,0
0.19579,0.20404,0.19695,0,0,0,0,0,0,0,0,0,0,0,0
0.19178,0.19585,0.19773,0,0,0,0,0,0,0,0,0,0,0,0
0.19594,0.19719,0.1969,0,0,0,0,0,0,0,0,0,0,0,0
0.19683,0.19507,0.19563,0,0,0,0,0,0,0,0,0,0,0,0
0.20417,0.19616,0.2022,0,0,0,0,0,0,0,0,0,0,0,0
0.19506,0.20461,0.20063,0,0,0,0,0,0,0,0,0,0,0,0
0.20547,0.19567,0.20173,0,0,0,0,0,0,0,0,0,0,0,0
0.19505,0.1944,0.1977,0,0,0,0,0,0,0,0,0,0,0,0
0.19978,0.19804,0.2006,0,0,0,0,0,0,0,0,0,0,0,0
0.20731,0.1988,0.19854,0,0,0,0,0,0,0,0,0,0,0,0
0.19793,0.19951,0.19658,0,0,0,0,0,0,0,0,0,0,0,0
0.19614,0.19792,0.20405,0,0,0,0,0,0,0,0,0,0,0,0
0.20193,0.20751,0.20215,0,0,0,0,0,0,0,0,0,0,0,0
0.19631,0.20344,0.19973,0,0,0,0,0,0,0,0,0,0,0,0
0.19496,0.20537,0.20174,0,0,0,0,0,0,0,0,0,0,0,0
0.19582,0.19599,0.19712,0,0,0,0,0,0,0,0,0,0,0,0
0.1971,0.20575,0.19952,0,0,0,0,0,0,0,0,0,0,0,0
0.21542,0.21146,0.20796,0,0,0,0,0,0,0,0,0,0,0,0
0.20424,0.20237,0.20252,0,0,0,0,0,0,0,0,0,0,0,0
0.20268,0.19683,0.19852,0,0,0,0,0,0,0,0,0,0,0,0
0.20249,0.20556,0.20266,0,0,0,0,0,0,0,0,0,0,0,0
