1
759.0000,259.0000,128.0000,184.0000
760.0000,258.0000,131.0000,182.0000
760.0000,258.0000,135.0000,180.0000
755.0000,255.0000,145.0000,184.0000
755.0000,252.0000,149.0000,175.0000
765.0000,248.0000,123.0000,184.0000
765.0000,251.0000,148.0000,165.0000
749.0000,251.0000,179.0000,166.0000
729.0000,271.0000,165.0000,178.0000
720.0000,262.0000,169.0000,188.0000
735.0000,315.0000,132.0000,161.0000
733.0000,323.0000,133.0000,155.0000
730.0000,329.0000,134.0000,152.0000
727.0000,316.0000,139.0000,162.0000
718.0000,298.0000,140.0000,173.0000
704.0000,322.0000,145.0000,158.0000
707.0000,278.0000,151.0000,180.0000
682.0000,282.0000,164.0000,169.0000
669.0000,274.0000,165.0000,171.0000
663.0000,225.0000,165.0000,173.0000
650.0000,205.0000,150.0000,163.0000
637.0000,203.0000,173.0000,147.0000
636.0000,198.0000,169.0000,159.0000
636.0000,191.0000,177.0000,167.0000
634.0000,207.0000,169.0000,160.0000
619.0000,224.0000,174.0000,156.0000
621.0000,210.0000,166.0000,158.0000
650.0000,171.0000,148.0000,178.0000
582.0000,213.0000,172.0000,152.0000
565.0000,186.0000,149.0000,141.0000
584.0000,107.0000,150.0000,180.0000
558.0000,95.0000,159.0000,156.0000
567.0000,82.0000,173.0000,163.0000
552.0000,8.0000,153.0000,183.0000
627.0000,102.0000,169.0000,170.0000
619.0000,123.0000,161.0000,172.0000
605.0000,139.0000,164.0000,170.0000
586.0000,147.0000,167.0000,163.0000
580.0000,141.0000,167.0000,171.0000
561.0000,140.0000,167.0000,166.0000
540.0000,150.0000,169.0000,155.0000
525.0000,154.0000,174.0000,148.0000
513.0000,149.0000,168.0000,147.0000
502.0000,150.0000,182.0000,152.0000
496.0000,135.0000,181.0000,156.0000
490.0000,117.0000,180.0000,166.0000
484.0000,85.0000,161.0000,192.0000
484.0000,78.0000,178.0000,189.0000
484.0000,64.0000,177.0000,199.0000
472.0000,29.0000,166.0000,198.0000
467.0000,-33.0000,165.0000,200.0000
2
0
0
0
0
1
563.0000,246.0000,296.0000,242.0000
565.0000,251.0000,279.0000,241.0000
565.0000,258.0000,261.0000,239.0000
560.0000,269.0000,247.0000,234.0000
549.0000,279.0000,247.0000,226.0000
544.0000,283.0000,241.0000,222.0000
545.0000,289.0000,229.0000,223.0000
532.0000,298.0000,231.0000,218.0000
526.0000,303.0000,227.0000,219.0000
519.0000,307.0000,228.0000,214.0000
513.0000,314.0000,228.0000,209.0000
511.0000,317.0000,224.0000,208.0000
501.0000,327.0000,229.0000,204.0000
499.0000,333.0000,228.0000,198.0000
492.0000,340.0000,233.0000,192.0000
491.0000,344.0000,234.0000,187.0000
491.0000,348.0000,235.0000,183.0000
489.0000,354.0000,238.0000,177.0000
