1.5059
0.17944
0.17772
0.16701
NaN
NaN
0.17363
NaN
NaN
NaN
0.13935
NaN
NaN
0.1561
NaN
NaN
0.16107
NaN
NaN
0.15145
NaN
NaN
0.14391
NaN
NaN
0.13998
NaN
NaN
0.1292
NaN
0.11308
NaN
0.11842
NaN
NaN
0.089053
NaN
0.083533
0.071567
NaN
0.021717
0.020855
0.058276
0.058639
0.064003
0.067118
NaN
0.075539
0.067029
NaN
0.068276
0.068815
0.069737
NaN
0.070392
0.076091
NaN
0.07668
0.025894
0.024598
0.080696
NaN
0.084967
0.081909
NaN
0.030952
0.028572
0.029209
0.014504
0.090428
NaN
0.092967
NaN
0.097923
NaN
0.098038
NaN
0.11147
NaN
0.10085
NaN
0.033504
0.09009
NaN
0.088959
NaN
0.088818
0.079661
NaN
0.024836
0.023069
0.068641
0.063606
NaN
0.062701
0.063882
0.06781
0.070012
NaN
0.082156
0.089575
NaN
0.097121
NaN
0.099211
NaN
0.097983
NaN
0.099651
NaN
0.10609
NaN
0.10984
NaN
0.12009
NaN
NaN
0.11583
NaN
0.11267
NaN
0.10836
NaN
NaN
0.09663
NaN
0.085904
0.081586
NaN
0.023853
0.021601
0.05706
0.052981
0.047383
0.055922
0.044591
0.049134
0.045125
0.052132
0.048759
0.049976
0.051418
0.051842
0.055466
0.056187
NaN
0.056191
0.065574
0.063581
0.060854
0.067464
NaN
0.067671
0.068985
NaN
0.067518
0.072608
0.078443
NaN
0.077979
0.082969
NaN
0.078039
NaN
