0.000165
0.05764
0.03033
0.031344
0.032523
0.032379
0.032639
0.033515
0.032338
0.03243
0.031579
0.031884
0.031584
0.030799
0.031288
0.032338
0.034291
0.033592
0.032746
0.033517
0.032637
0.033429
0.034229
0.034871
0.03399
0.033072
0.032473
0.032555
0.033819
0.032597
0.033003
0.032817
0.034274
0.034572
0.032414
0.032281
0.033174
0.032872
0.033861
0.035331
0.03478
0.035176
0.035964
0.034383
0.03513
0.034718
0.034346
0.032572
0.03273
0.034448
0.033338
0.033459
0.033471
0.032474
0.033046
0.033784
0.03249
0.032485
0.033729
0.031947
0.03184
0.032245
0.032149
0.031137
0.032346
0.031142
0.031128
0.030992
0.032116
0.033199
0.034547
0.032802
0.033543
0.033645
0.032143
0.032121
0.033189
0.032182
0.033111
0.033347
0.032995
0.032858
0.033496
0.032286
0.032046
0.033076
0.032187
0.032859
0.032933
0.032189
0.032202
0.032829
0.031947
0.032222
0.033157
0.032153
0.032326
0.034199
0.032686
0.031303
0.031495
0.030567
0.031188
0.031546
0.030585
0.031025
0.03059
0.030541
0.030533
0.030704
0.030763
0.030347
0.031262
0.02947
0.030027
0.030842
0.030119
0.0286
0.030724
0.029389
0.029275
0.030664
0.029446
0.028607
0.030761
0.029512
0.028631
0.030766
0.029306
0.028529
0.030897
0.02938
0.029575
0.031162
0.029837
0.028592
0.030666
0.030438
0.029946
0.030282
0.028663
0.028176
0.029748
0.027668
0.027745
0.02945
0.028899
0.02823
0.030861
0.02795
0.030167
0.030071
0.028524
0.027935
0.029244
0.027827
0.026103
0.026684
0.026523
0.026563
0.0285
0.025875
0.029337
0.029423
0.027595
0.027988
0.029965
0.029773
0.02946
0.031846
0.029887
0.029436
0.03223
0.030096
0.029371
0.032757
0.02985
0.029013
0.031646
0.030699
0.030192
0.031602
0.030836
0.030049
0.031505
0.030807
0.030171
0.031349
0.030662
0.03021
0.03151
0.029962
0.029938
0.031933
0.031645
0.0303
0.031688
0.030842
0.030431
0.031869
0.030312
0.03057
0.033226
0.030732
0.030621
0.033884
0.031089
0.031062
0.03227
0.032176
0.029547
0.031868
0.030057
0.029969
0.032093
0.030059
0.030719
0.034803
0.031956
0.031942
0.031924
0.032148
0.032028
0.032857
0.032891
0.031943
0.032715
0.031234
0.032036
0.032905
0.03166
0.031877
0.034118
0.031873
0.029113
0.033292
0.030397
0.028426
0.029717
0.029685
0.032138
0.030218
0.028731
0.02875
0.030123
0.028643
0.027906
0.02989
0.032105
NaN
NaN
NaN
NaN
0.000172
0.066533
0.035375
0.03742
0.037911
0.039836
0.040309
0.040845
0.039242
0.040159
0.040268
0.040951
0.041352
0.041023
0.036928
0.036853
0.038661
0.038555
0.040699
0.042137
0.042053
0.043555
0.043135
0.041649
0.043765
0.043487
0.042354
0.04245
0.042279
0.039324
0.038614
0.039656
0.037819
0.039853
0.038087
0.036983
0.037441
0.03963
0.035804
0.035007
0.038428
0.036681
0.038878
0.042491
0.039882
0.039482
0.041254
0.038907
0.03869
0.039685
0.039256
0.0398
0.040791
0.040506
0.037165
0.040219
0.037328
0.038626
0.04134
0.039548
0.036776
0.039563
0.036714
0.035892
0.039543
0.039929
0.03916
0.04058
0.040622
0.040989
0.041947
0.040655
0.039802
0.043124
0.040004
0.041607
0.041418
0.040043
0.040965
0.04305
0.042029
0.043057
0.041851
0.043697
0.043127
0.044636
0.042431
0.042965
0.042801
0.042004
0.04408
0.043874
0.043038
0.043389
0.043762
0.042121
0.043172
0.043032
0.042654
0.043853
0.042233
0.041393
0.043661
0.0437
0.044385
0.045081
0.047054
0.04605
0.046207
0.047131
0.048296
0.049233
0.047503
0.047345
0.048149
0.049901
0.050307
0.04893
0.048768
0.0478
0.048014
0.046826
0.04834
0.050179
0.04984
0.051171
0.051601
0.05033
0.051213
0.052472
0.051353
0.051213
0.05248
0.050775
0.051385
0.051998
0.053706
0.05307
0.053123
NaN
0.05157
0.052484
0.052894
0.052369
0.052757
0.052565
0.05104
0.051275
0.051539
0.050389
0.050293
0.050601
0.050646
0.050246
0.050361
0.048237
0.04945
0.051452
0.050643
0.051127
0.05141
0.0513
0.051055
0.051525
0.053346
0.0519
0.051937
0.052107
0.05071
0.051744
0.047878
0.047865
0.05015
0.049199
0.049885
0.050558
0.049022
0.049263
0.049006
0.049167
0.048385
0.050391
0.048304
0.046937
0.046861
0.047876
0.047118
0.044819
0.044936
0.043399
0.043623
0.045596
0.043238
0.041329
0.043131
0.040916
0.04051
0.043071
0.041022
0.040563
0.043051
0.040744
0.042332
0.044873
0.042082
0.041656
0.044433
0.042261
0.041434
0.0436
0.042683
0.042432
0.043991
0.042474
0.042506
0.045843
0.043588
0.041592
0.045865
0.044889
0.043742
0.046435
0.045242
0.044659
0.046788
0.044891
0.04451
0.046831
0.046768
0.045271
0.047143
0.046273
0.045608
0.046052
0.044751
0.044973
0.045977
0.044735
0.044608
0.047711
0.046878
0.044637
0.045709
0.04544
0.044792
0.046016
0.044783
0.044661
0.045966
0.044933
0.044728
0.046408
0.045796
0.044803
0.046098
0.045298
0.044988
0.0458
0.04491
0.045572
0.046334
0.043886
0.044585
0.045422
0.04507
0.044851
0.046479
0.04612
0.043965
0.047502
0.04364
0.043907
0.045878
0.045828
0.044295
0.046402
0.044051
0.042806
0.044701
0.043915
0.043883
0.047103
0.045307
0.04481
0.046958
0.043583
0.042929
0.044983
0.045242
0.04143
0.04541
0.042996
0.042651
0.046276
0.043447
0.042875
0.04595
0.045101
0.042508
0.046817
0.045846
0.045194
0.047654
0.044621
0.044559
0.046636
0.046529
0.045358
0.046573
0.044035
0.043488
0.046769
0.045016
0.044206
0.046768
0.044846
0.043938
0.046302
0.044094
0.042867
0.047001
0.044055
0.043919
0.046613
0.042912
0.043192
0.046361
0.045283
0.045263
0.047466
0.045839
0.045338
0.047841
0.045136
0.04293
0.046451
0.044656
0.045285
0.046291
0.045156
0.043016
0.046825
0.045641
0.044498
0.046169
0.04386
0.044003
0.046206
0.045386
0.046308
0.046151
0.045804
0.045404
0.046383
0.045569
0.045148
0.04688
0.04517
0.044902
0.046723
0.044061
0.043371
0.045827
0.046588
0.045198
0.045978
0.04661
0.046264
0.046016
0.044646
0.044658
0.045789
0.045347
0.045811
0.046055
0.047863
0.045886
0.048764
0.047879
0.045319
0.046233
0.046595
0.045751
0.047485
0.047756
0.046735
0.046029
0.047085
0.046327
0.047465
0.046355
0.047007
0.048054
0.047717
0.046898
0.046571
0.044222
0.042
0.046749
0.04393
0.043719
0.047138
0.044335
0.042817
0.046441
0.047167
0.047047
0.045803
0.045179
0.044704
0.046659
0.046517
0.046492
0.047843
0.044155
0.043926
0.046707
0.043781
0.042606
0.045719
0.044232
0.043098
0.046681
0.046417
0.044847
0.046322
0.046415
0.045028
0.046316
0.044967
0.043016
0.047028
0.044063
0.043747
0.047717
0.047164
0.047512
0.047053
0.046922
0.048342
0.048291
0.047267
0.045168
0.046637
0.045366
0.045278
0.047559
0.046129
0.044192
0.04575
0.045982
0.046112
0.045944
0.043235
0.04172
0.0469
0.040856
0.04073
0.044915
0.04497
0.043719
0.045676
0.045786
0.044635
0.044478
0.045199
0.046491
0.046998
0.046239
0.048058
0.048283
0.047761
0.048554
0.047998
0.047517
0.04901
0.048382
0.04754
0.050283
0.049181
0.049254
0.050291
0.048923
0.048883
0.050203
0.04899
0.049576
0.049875
0.049863
0.049581
0.049365
0.04987
0.049537
0.049601
0.049044
0.048611
0.050478
0.048891
0.049532
0.049052
0.049176
0.04777
0.050736
0.049452
0.049661
0.05119
0.049736
0.049835
0.049667
0.049351
0.049985
0.051036
0.051128
0.049561
0.053091
NaN
0.049203
0.049926
0.049789
0.049176
0.050342
0.049258
0.048732
0.051146
0.051948
0.051974
0.050858
0.051383
0.051174
0.051138
0.051778
0.052438
0.049919
0.05117
0.050252
0.051942
0.051638
0.051392
0.050836
0.051324
0.050371
0.051327
0.051413
0.050561
0.051137
0.051655
0.051214
0.050562
0.051451
0.050387
0.050995
0.051555
0.052174
0.050689
0.050316
0.049158
0.049638
0.051001
0.049492
0.050836
0.049283
0.049178
0.049002
0.049752
0.04925
0.049646
0.050665
0.050453
0.049912
0.049848
0.049042
0.047625
0.049183
0.049506
0.049971
0.050751
0.048399
0.048833
0.048993
0.048938
0.049057
0.049815
0.048336
0.04833
0.049327
0.049065
0.049168
0.049591
0.049369
0.048451
0.050353
0.048763
0.049819
0.049933
0.047233
0.049405
0.049186
0.047373
0.048531
0.049062
0.04782
0.048495
0.04902
0.050149
0.049477
0.049764
0.049677
0.048687
0.050155
0.049544
0.049118
0.050285
0.049753
0.049269
0.050018
0.04933
0.04883
0.049485
0.049232
0.048414
0.049612
0.048833
0.049472
0.049503
0.0491
0.049876
0.049275
0.049113
0.048648
0.048966
0.049128
0.049529
0.049069
0.048601
0.049265
0.050179
0.049589
0.048905
0.04975
0.04984
0.050467
0.051974
0.049263
0.050483
0.051783
NaN
0.051581
0.05151
0.052117
0.053262
0.050907
0.051985
0.053008
0.053821
0.054845
0.053471
0.051315
0.049354
0.052445
0.051191
0.05377
0.053436
0.053092
0.051886
0.05099
0.050194
0.04998
0.047029
0.049549
0.048249
0.048797
0.049058
0.049765
0.047185
0.052417
0.05225
0.050051
0.051539
NaN
0.052026
0.049965
0.0468
0.046876
0.046811
0.050151
0.046989
0.046831
0.049661
0.050571
0.045324
0.049464
0.043463
0.050972
0.046479
0.046626
0.052461
0.046864
0.05334
0.046618
NaN
NaN
NaN
NaN
0.000174
0.048795
0.02665
0.026218
0.026003
0.026911
0.02616
0.025936
NaN
NaN
NaN
NaN
0.000171
0.047838
0.025936
0.024619
0.025521
0.022173
0.020748
0.026504
0.023392
0.021507
0.022863
0.021591
0.020842
0.023571
0.021061
0.023685
0.025011
0.021016
0.020195
0.025231
0.021977
0.024669
0.021424
0.02459
0.026362
0.028408
0.025932
0.024295
0.026509
0.027148
0.027147
