6.6201
0.55702
0.068663
0.052537
0.060696
0.067097
0.042302
0.051886
0.053936
0.046242
0.042483
0.038718
0.037393
0.036877
0.036836
0.036838
0.039469
0.04111
0.036957
0.033896
0.036989
0.036173
0.036963
0.042002
0.040513
0.04204
0.037675
0.033574
0.031511
0.031479
0.03708
0.036567
0.033374
0.032725
0.035
0.034453
0.034397
0.034854
0.034137
0.032697
0.030837
0.031011
0.030768
0.027733
0.028247
0.030199
0.031433
0.030695
0.028251
0.030825
0.031308
0.031878
0.051015
0.05125
0.05844
0.052012
0.054333
0.052257
0.056654
0.050806
0.058424
0.051893
0.059142
0.052463
0.057243
0.060234
0.059531
0.060442
0.043991
0.044552
0.042851
0.045347
0.045344
0.03842
0.046104
0.043505
0.041258
0.044121
0.045594
0.038036
0.039342
0.041249
0.037745
0.034067
0.033637
0.041079
0.035579
0.033603
0.03595
0.033141
0.035631
0.033619
0.035098
0.032003
0.031178
0.030247
0.028671
0.034166
0.027919
0.030296
0.030027
0.027695
0.02949
0.033089
0.033262
0.032654
0.032771
0.032005
0.03608
0.030874
0.03248
0.031999
0.029137
0.031322
0.030739
0.030051
0.02931
0.030909
0.032048
0.032137
0.031216
0.034536
0.04331
0.047773
0.049667
0.043345
0.046459
0.04416
0.041717
0.046774
0.043892
0.041377
0.044646
0.039911
0.038253
0.043719
0.039165
0.039294
0.040163
0.044164
0.044676
0.040514
0.051821
0.052387
0.04958
0.047295
0.043821
0.04283
0.042614
0.041706
0.041665
0.043488
0.048128
0.041843
0.043083
0.046411
0.04271
0.041446
0.039622
0.039259
0.037634
0.038166
0.0371
0.036956
0.039075
0.036419
0.036187
0.037145
0.034603
0.03531
0.033735
0.03217
0.044247
0.042634
0.037124
0.035361
0.043706
0.044553
0.038938
0.035686
0.038205
0.051948
0.053563
0.045346
0.046105
0.046073
0.069805
0.048422
0.046802
0.046192
0.041829
0.039832
0.040486
0.043636
0.040826
0.032167
0.048042
0.034382
0.034881
0.03331
0.035313
0.03386
0.036232
0.035353
0.036649
0.039195
0.036972
0.039624
0.046682
0.04914
0.050157
0.049139
0.045839
0.044019
0.04275
0.044384
0.051797
0.048914
0.046976
0.047192
0.042803
0.038902
0.040876
0.035613
0.037085
0.03795
0.036628
0.032786
0.033664
0.036519
0.034788
0.035793
0.035752
0.03285
0.031854
0.030843
0.031475
0.030493
0.034416
0.035818
0.034502
0.034747
0.035611
0.03273
0.033129
0.032841
0.030808
0.03521
0.034965
0.040547
0.063904
0.040498
0.039061
0.039197
0.035513
0.031502
0.033497
0.032147
0.031664
0.031415
0.031966
0.031665
0.031885
0.030744
0.027849
0.028985
0.029636
0.028473
0.031802
0.035214
0.030149
0.02934
0.027514
0.02891
0.026412
0.026225
0.025822
0.025976
0.025931
0.025862
0.026074
0.025718
0.028688
0.027603
0.032954
0.031732
0.031041
0.031073
0.030339
0.029801
0.028573
0.026953
