1
664.0000,685.0000,41.0000,24.0000
666.0000,683.0000,41.0000,24.0000
669.0000,680.0000,41.0000,24.0000
670.0000,682.0000,41.0000,23.0000
2
0
0
0
0
1
685.0000,606.0000,44.0000,14.0000
691.0000,595.0000,43.0000,14.0000
695.0000,587.0000,43.0000,14.0000
696.0000,590.0000,42.0000,14.0000
2
0
0
0
0
1
728.0000,513.0000,16.0000,40.0000
730.0000,509.0000,16.0000,39.0000
732.0000,505.0000,16.0000,39.0000
734.0000,503.0000,16.0000,40.0000
738.0000,499.0000,16.0000,39.0000
742.0000,494.0000,16.0000,39.0000
747.0000,491.0000,17.0000,39.0000
751.0000,487.0000,17.0000,39.0000
758.0000,485.0000,16.0000,38.0000
759.0000,481.0000,17.0000,38.0000
764.0000,481.0000,17.0000,38.0000
768.0000,480.0000,18.0000,39.0000
776.0000,477.0000,17.0000,39.0000
783.0000,473.0000,18.0000,38.0000
789.0000,468.0000,17.0000,38.0000
795.0000,465.0000,17.0000,37.0000
801.0000,459.0000,18.0000,37.0000
809.0000,452.0000,17.0000,36.0000
815.0000,447.0000,17.0000,35.0000
820.0000,443.0000,17.0000,35.0000
828.0000,433.0000,16.0000,35.0000
834.0000,422.0000,17.0000,37.0000
840.0000,416.0000,17.0000,37.0000
845.0000,409.0000,18.0000,39.0000
849.0000,405.0000,16.0000,39.0000
854.0000,402.0000,16.0000,38.0000
856.0000,399.0000,17.0000,37.0000
852.0000,400.0000,16.0000,37.0000
847.0000,399.0000,16.0000,36.0000
848.0000,394.0000,16.0000,39.0000
853.0000,394.0000,15.0000,41.0000
858.0000,396.0000,15.0000,40.0000
863.0000,398.0000,15.0000,40.0000
866.0000,398.0000,17.0000,39.0000
868.0000,401.0000,17.0000,39.0000
870.0000,402.0000,17.0000,39.0000
872.0000,405.0000,16.0000,39.0000
869.0000,408.0000,17.0000,38.0000
868.0000,409.0000,16.0000,38.0000
866.0000,414.0000,17.0000,37.0000
865.0000,419.0000,16.0000,36.0000
861.0000,428.0000,18.0000,36.0000
856.0000,430.0000,19.0000,35.0000
856.0000,432.0000,18.0000,35.0000
851.0000,438.0000,19.0000,34.0000
845.0000,448.0000,19.0000,35.0000
843.0000,450.0000,18.0000,35.0000
837.0000,455.0000,17.0000,35.0000
835.0000,459.0000,16.0000,36.0000
2
0
0
0
0
1
777.0000,483.0000,22.0000,15.0000
767.0000,481.0000,21.0000,15.0000
760.0000,479.0000,21.0000,15.0000
754.0000,479.0000,22.0000,15.0000
746.0000,477.0000,22.0000,15.0000
740.0000,475.0000,21.0000,15.0000
733.0000,472.0000,21.0000,15.0000
725.0000,469.0000,20.0000,15.0000
720.0000,465.0000,20.0000,15.0000
714.0000,461.0000,20.0000,15.0000
708.0000,458.0000,20.0000,16.0000
703.0000,458.0000,19.0000,15.0000
704.0000,459.0000,20.0000,14.0000
689.0000,450.0000,19.0000,15.0000
685.0000,447.0000,20.0000,15.0000
678.0000,443.0000,21.0000,15.0000
675.0000,441.0000,19.0000,16.0000
669.0000,436.0000,19.0000,16.0000
666.0000,435.0000,20.0000,16.0000
662.0000,432.0000,22.0000,15.0000
656.0000,427.0000,23.0000,15.0000
654.0000,424.0000,22.0000,15.0000
651.0000,422.0000,21.0000,15.0000
648.0000,419.0000,21.0000,15.0000
645.0000,416.0000,21.0000,16.0000
643.0000,413.0000,21.0000,16.0000
640.0000,411.0000,21.0000,16.0000
639.0000,407.0000,20.0000,16.0000
636.0000,405.0000,20.0000,16.0000
635.0000,401.0000,20.0000,16.0000
634.0000,398.0000,19.0000,16.0000
634.0000,394.0000,19.0000,17.0000
633.0000,392.0000,20.0000,17.0000
633.0000,389.0000,19.0000,16.0000
634.0000,387.0000,19.0000,17.0000
634.0000,384.0000,19.0000,16.0000
635.0000,383.0000,18.0000,16.0000
