1
700.0000,241.0000,32.0000,70.0000
697.0000,241.0000,32.0000,70.0000
697.0000,241.0000,32.0000,70.0000
694.0000,238.0000,32.0000,70.0000
694.0000,238.0000,32.0000,70.0000
689.0000,239.0000,31.0000,68.0000
689.0000,239.0000,31.0000,68.0000
683.0000,235.0000,32.0000,70.0000
683.0000,235.0000,32.0000,70.0000
683.0000,235.0000,32.0000,70.0000
679.0000,235.0000,32.0000,70.0000
679.0000,235.0000,32.0000,70.0000
671.0000,244.0000,32.0000,70.0000
671.0000,244.0000,32.0000,70.0000
662.0000,242.0000,32.0000,72.0000
662.0000,242.0000,32.0000,72.0000
654.0000,242.0000,32.0000,72.0000
654.0000,242.0000,32.0000,72.0000
644.0000,245.0000,32.0000,72.0000
644.0000,245.0000,32.0000,72.0000
637.0000,245.0000,33.0000,73.0000
637.0000,245.0000,33.0000,73.0000
629.0000,245.0000,33.0000,73.0000
629.0000,245.0000,33.0000,73.0000
623.0000,241.0000,33.0000,74.0000
623.0000,241.0000,33.0000,74.0000
623.0000,241.0000,33.0000,74.0000
617.0000,241.0000,33.0000,74.0000
617.0000,241.0000,33.0000,74.0000
604.0000,244.0000,33.0000,74.0000
604.0000,244.0000,33.0000,74.0000
598.0000,244.0000,33.0000,74.0000
598.0000,244.0000,33.0000,74.0000
595.0000,241.0000,33.0000,74.0000
595.0000,241.0000,33.0000,74.0000
589.0000,242.0000,33.0000,73.0000
589.0000,242.0000,33.0000,73.0000
582.0000,242.0000,32.0000,72.0000
582.0000,242.0000,32.0000,72.0000
576.0000,242.0000,32.0000,72.0000
576.0000,242.0000,32.0000,72.0000
566.0000,242.0000,32.0000,72.0000
566.0000,242.0000,32.0000,72.0000
566.0000,242.0000,32.0000,72.0000
564.0000,245.0000,32.0000,72.0000
564.0000,245.0000,32.0000,72.0000
552.0000,246.0000,32.0000,70.0000
552.0000,246.0000,32.0000,70.0000
547.0000,244.0000,32.0000,70.0000
547.0000,244.0000,32.0000,70.0000
541.0000,245.0000,31.0000,68.0000
541.0000,245.0000,31.0000,68.0000
540.0000,242.0000,30.0000,67.0000
540.0000,242.0000,30.0000,67.0000
536.0000,244.0000,30.0000,66.0000
536.0000,244.0000,30.0000,66.0000
534.0000,244.0000,30.0000,66.0000
534.0000,244.0000,30.0000,66.0000
532.0000,244.0000,28.0000,64.0000
532.0000,244.0000,28.0000,64.0000
532.0000,244.0000,28.0000,64.0000
532.0000,245.0000,28.0000,63.0000
532.0000,245.0000,28.0000,63.0000
529.0000,245.0000,28.0000,63.0000
529.0000,245.0000,28.0000,63.0000
529.0000,245.0000,28.0000,63.0000
529.0000,245.0000,28.0000,63.0000
526.0000,240.0000,28.0000,64.0000
526.0000,240.0000,28.0000,64.0000
510.0000,236.0000,28.0000,63.0000
510.0000,236.0000,28.0000,63.0000
514.0000,234.0000,28.0000,63.0000
514.0000,234.0000,28.0000,63.0000
511.0000,234.0000,27.0000,62.0000
511.0000,234.0000,27.0000,62.0000
515.0000,234.0000,27.0000,62.0000
515.0000,234.0000,27.0000,62.0000
515.0000,234.0000,27.0000,62.0000
529.0000,239.0000,27.0000,62.0000
529.0000,239.0000,27.0000,62.0000
532.0000,264.0000,27.0000,62.0000
532.0000,264.0000,27.0000,62.0000
535.0000,276.0000,27.0000,61.0000
535.0000,276.0000,27.0000,61.0000
540.0000,275.0000,27.0000,62.0000
540.0000,275.0000,27.0000,62.0000
2
0
0
0
0
1
559.0000,240.0000,38.0000,48.0000
562.0000,240.0000,38.0000,48.0000
562.0000,240.0000,38.0000,48.0000
564.0000,240.0000,38.0000,48.0000
564.0000,240.0000,38.0000,48.0000
569.0000,240.0000,38.0000,48.0000
569.0000,240.0000,38.0000,48.0000
575.0000,240.0000,38.0000,48.0000
575.0000,240.0000,38.0000,48.0000
575.0000,240.0000,38.0000,48.0000
577.0000,240.0000,38.0000,48.0000
577.0000,240.0000,38.0000,48.0000
575.0000,236.0000,38.0000,48.0000
575.0000,236.0000,38.0000,48.0000
580.0000,240.0000,38.0000,48.0000
580.0000,240.0000,38.0000,48.0000
582.0000,240.0000,38.0000,48.0000
582.0000,240.0000,38.0000,48.0000
582.0000,236.0000,38.0000,48.0000
582.0000,236.0000,38.0000,48.0000
582.0000,236.0000,38.0000,48.0000
582.0000,236.0000,38.0000,48.0000
582.0000,236.0000,38.0000,48.0000
582.0000,236.0000,38.0000,48.0000
582.0000,236.0000,38.0000,48.0000
580.0000,236.0000,38.0000,48.0000
580.0000,236.0000,38.0000,48.0000
564.0000,245.0000,38.0000,48.0000
564.0000,245.0000,38.0000,48.0000
551.0000,229.0000,38.0000,48.0000
551.0000,229.0000,38.0000,48.0000
527.0000,223.0000,39.0000,49.0000
527.0000,223.0000,39.0000,49.0000
510.0000,223.0000,38.0000,48.0000
510.0000,223.0000,38.0000,48.0000
498.0000,223.0000,38.0000,48.0000
498.0000,223.0000,38.0000,48.0000
498.0000,223.0000,38.0000,48.0000
485.0000,229.0000,38.0000,48.0000
485.0000,229.0000,38.0000,48.0000
468.0000,247.0000,38.0000,48.0000
468.0000,247.0000,38.0000,48.0000
2
0
0
0
0
1
347.0000,250.0000,38.0000,43.0000
330.0000,250.0000,38.0000,43.0000
330.0000,250.0000,38.0000,43.0000
308.0000,250.0000,38.0000,43.0000
0
2
0
0
0
0
1
145.0000,253.0000,21.0000,40.0000
134.0000,253.0000,21.0000,40.0000
134.0000,253.0000,21.0000,40.0000
122.0000,254.0000,21.0000,40.0000
122.0000,254.0000,21.0000,40.0000
100.0000,259.0000,21.0000,40.0000
100.0000,259.0000,21.0000,40.0000
100.0000,259.0000,21.0000,40.0000
86.0000,259.0000,21.0000,40.0000
86.0000,259.0000,21.0000,40.0000
86.0000,263.0000,21.0000,40.0000
86.0000,263.0000,21.0000,40.0000
91.0000,264.0000,20.0000,39.0000
91.0000,264.0000,20.0000,39.0000
100.0000,268.0000,20.0000,39.0000
100.0000,268.0000,20.0000,39.0000
106.0000,271.0000,20.0000,39.0000
106.0000,271.0000,20.0000,39.0000
102.0000,270.0000,21.0000,40.0000
102.0000,270.0000,21.0000,40.0000
104.0000,270.0000,21.0000,40.0000
104.0000,270.0000,21.0000,40.0000
109.0000,272.0000,21.0000,40.0000
109.0000,272.0000,21.0000,40.0000
109.0000,272.0000,21.0000,40.0000
115.0000,274.0000,21.0000,42.0000
115.0000,274.0000,21.0000,42.0000
115.0000,272.0000,21.0000,42.0000
115.0000,272.0000,21.0000,42.0000
132.0000,269.0000,21.0000,42.0000
0
2
0
0
0
0
1
210.0000,260.0000,40.0000,54.0000
218.0000,260.0000,40.0000,54.0000
218.0000,260.0000,40.0000,54.0000
227.0000,260.0000,40.0000,54.0000
227.0000,260.0000,40.0000,54.0000
239.0000,260.0000,40.0000,54.0000
239.0000,260.0000,40.0000,54.0000
239.0000,260.0000,40.0000,54.0000
252.0000,257.0000,40.0000,54.0000
252.0000,257.0000,40.0000,54.0000
278.0000,260.0000,40.0000,54.0000
278.0000,260.0000,40.0000,54.0000
289.0000,257.0000,40.0000,54.0000
289.0000,257.0000,40.0000,54.0000
310.0000,257.0000,40.0000,54.0000
310.0000,257.0000,40.0000,54.0000
320.0000,257.0000,40.0000,54.0000
320.0000,257.0000,40.0000,54.0000
335.0000,254.0000,40.0000,54.0000
335.0000,254.0000,40.0000,54.0000
335.0000,254.0000,40.0000,54.0000
352.0000,254.0000,40.0000,54.0000
352.0000,254.0000,40.0000,54.0000
2
0
0
0
0
1
432.0000,256.0000,27.0000,50.0000
442.0000,256.0000,27.0000,50.0000
442.0000,256.0000,27.0000,50.0000
448.0000,256.0000,27.0000,50.0000
448.0000,256.0000,27.0000,50.0000
461.0000,257.0000,27.0000,50.0000
461.0000,257.0000,27.0000,50.0000
473.0000,257.0000,27.0000,51.0000
473.0000,257.0000,27.0000,51.0000
473.0000,257.0000,27.0000,51.0000
481.0000,260.0000,28.0000,52.0000
481.0000,260.0000,28.0000,52.0000
488.0000,260.0000,28.0000,52.0000
488.0000,260.0000,28.0000,52.0000
481.0000,287.0000,28.0000,52.0000
481.0000,287.0000,28.0000,52.0000
482.0000,288.0000,27.0000,51.0000
482.0000,288.0000,27.0000,51.0000
485.0000,288.0000,27.0000,51.0000
485.0000,288.0000,27.0000,51.0000
485.0000,288.0000,27.0000,51.0000
485.0000,288.0000,27.0000,51.0000
485.0000,288.0000,27.0000,51.0000
481.0000,289.0000,28.0000,52.0000
481.0000,289.0000,28.0000,52.0000
486.0000,275.0000,28.0000,52.0000
0
2
0
0
0
0
1
342.0000,258.0000,32.0000,46.0000
330.0000,259.0000,32.0000,46.0000
330.0000,259.0000,32.0000,46.0000
318.0000,262.0000,32.0000,46.0000
318.0000,262.0000,32.0000,46.0000
300.0000,264.0000,31.0000,45.0000
300.0000,264.0000,31.0000,45.0000
284.0000,266.0000,31.0000,45.0000
284.0000,266.0000,31.0000,45.0000
284.0000,266.0000,31.0000,45.0000
277.0000,269.0000,31.0000,45.0000
277.0000,269.0000,31.0000,45.0000
262.0000,278.0000,31.0000,45.0000
262.0000,278.0000,31.0000,45.0000
245.0000,281.0000,32.0000,46.0000
245.0000,281.0000,32.0000,46.0000
224.0000,287.0000,31.0000,45.0000
224.0000,287.0000,31.0000,45.0000
202.0000,292.0000,31.0000,45.0000
202.0000,292.0000,31.0000,45.0000
182.0000,306.0000,30.0000,44.0000
182.0000,306.0000,30.0000,44.0000
182.0000,306.0000,30.0000,44.0000
162.0000,306.0000,30.0000,44.0000
162.0000,306.0000,30.0000,44.0000
160.0000,308.0000,30.0000,44.0000
160.0000,308.0000,30.0000,44.0000
173.0000,311.0000,30.0000,44.0000
173.0000,311.0000,30.0000,44.0000
2
0
0
0
0
1
224.0000,301.0000,38.0000,43.0000
230.0000,302.0000,37.0000,42.0000
230.0000,302.0000,37.0000,42.0000
232.0000,298.0000,38.0000,43.0000
232.0000,298.0000,38.0000,43.0000
251.0000,288.0000,38.0000,43.0000
251.0000,288.0000,38.0000,43.0000
268.0000,286.0000,38.0000,43.0000
268.0000,286.0000,38.0000,43.0000
268.0000,286.0000,38.0000,43.0000
277.0000,271.0000,38.0000,43.0000
277.0000,271.0000,38.0000,43.0000
271.0000,294.0000,37.0000,42.0000
271.0000,294.0000,37.0000,42.0000
286.0000,293.0000,38.0000,43.0000
286.0000,293.0000,38.0000,43.0000
298.0000,288.0000,38.0000,43.0000
298.0000,288.0000,38.0000,43.0000
307.0000,288.0000,38.0000,43.0000
307.0000,288.0000,38.0000,43.0000
330.0000,296.0000,36.0000,40.0000
330.0000,296.0000,36.0000,40.0000
330.0000,296.0000,36.0000,40.0000
344.0000,284.0000,36.0000,40.0000
344.0000,284.0000,36.0000,40.0000
361.0000,284.0000,37.0000,42.0000
361.0000,284.0000,37.0000,42.0000
376.0000,282.0000,37.0000,42.0000
376.0000,282.0000,37.0000,42.0000
377.0000,283.0000,38.0000,43.0000
377.0000,283.0000,38.0000,43.0000
374.0000,288.0000,38.0000,43.0000
374.0000,288.0000,38.0000,43.0000
379.0000,286.0000,38.0000,43.0000
379.0000,286.0000,38.0000,43.0000
382.0000,283.0000,38.0000,43.0000
382.0000,283.0000,38.0000,43.0000
389.0000,283.0000,38.0000,43.0000
389.0000,283.0000,38.0000,43.0000
2
0
0
0
0
1
391.0000,281.0000,22.0000,25.0000
391.0000,281.0000,22.0000,25.0000
391.0000,281.0000,22.0000,25.0000
391.0000,278.0000,22.0000,25.0000
391.0000,278.0000,22.0000,25.0000
390.0000,281.0000,24.0000,25.0000
390.0000,281.0000,24.0000,25.0000
392.0000,281.0000,24.0000,25.0000
392.0000,281.0000,24.0000,25.0000
385.0000,274.0000,24.0000,25.0000
385.0000,274.0000,24.0000,25.0000
385.0000,274.0000,24.0000,25.0000
385.0000,276.0000,24.0000,25.0000
385.0000,276.0000,24.0000,25.0000
385.0000,280.0000,25.0000,26.0000
385.0000,280.0000,25.0000,26.0000
383.0000,278.0000,24.0000,25.0000
383.0000,278.0000,24.0000,25.0000
380.0000,281.0000,24.0000,25.0000
380.0000,281.0000,24.0000,25.0000
377.0000,281.0000,24.0000,25.0000
377.0000,281.0000,24.0000,25.0000
2
0
0
0
0
1
281.0000,295.0000,32.0000,22.0000
268.0000,300.0000,32.0000,22.0000
268.0000,300.0000,32.0000,22.0000
258.0000,301.0000,30.0000,21.0000
258.0000,301.0000,30.0000,21.0000
239.0000,307.0000,31.0000,21.0000
239.0000,307.0000,31.0000,21.0000
2
0
0
0
0
1
155.0000,293.0000,28.0000,37.0000
156.0000,293.0000,27.0000,36.0000
156.0000,293.0000,27.0000,36.0000
150.0000,290.0000,28.0000,37.0000
150.0000,290.0000,28.0000,37.0000
151.0000,288.0000,27.0000,36.0000
151.0000,288.0000,27.0000,36.0000
146.0000,293.0000,28.0000,37.0000
146.0000,293.0000,28.0000,37.0000
145.0000,293.0000,27.0000,36.0000
145.0000,293.0000,27.0000,36.0000
145.0000,293.0000,27.0000,36.0000
148.0000,294.0000,27.0000,34.0000
148.0000,294.0000,27.0000,34.0000
155.0000,293.0000,27.0000,36.0000
155.0000,293.0000,27.0000,36.0000
144.0000,293.0000,27.0000,36.0000
144.0000,293.0000,27.0000,36.0000
136.0000,287.0000,27.0000,36.0000
136.0000,287.0000,27.0000,36.0000
134.0000,284.0000,28.0000,37.0000
134.0000,284.0000,28.0000,37.0000
131.0000,284.0000,27.0000,36.0000
131.0000,284.0000,27.0000,36.0000
131.0000,268.0000,27.0000,36.0000
131.0000,268.0000,27.0000,36.0000
132.0000,268.0000,27.0000,36.0000
132.0000,268.0000,27.0000,36.0000
132.0000,268.0000,27.0000,36.0000
132.0000,269.0000,27.0000,34.0000
