1
96.0000,328.4000,114.2000,118.2000
91.8000,320.6000,115.6000,119.6000
96.5788,316.7585,98.8579,132.0914
91.6000,324.6000,97.2000,130.0000
93.4000,339.2000,95.2000,127.4000
115.6000,334.2000,95.8000,128.2000
103.4000,318.8000,96.8000,129.4000
86.6000,284.8000,94.6000,127.0000
89.4932,258.1077,96.9307,125.9250
99.8339,243.9666,95.4548,122.5898
110.3709,241.0710,92.4234,122.8130
115.2759,220.5622,87.5642,130.2361
116.8709,204.8258,83.0184,127.2883
110.1805,205.8803,82.2961,122.2454
107.2685,216.5872,82.1848,102.5617
90.0000,231.4000,82.4000,102.6000
80.8000,250.6000,81.0000,100.8000
154.4000,236.2000,79.0000,98.6000
140.5343,221.1990,84.6147,94.4987
137.2659,207.3669,90.4552,82.6997
120.5101,191.1901,89.8528,69.0172
116.2582,166.3475,85.4472,69.9614
125.5021,150.4041,82.6109,80.8748
137.1434,130.9072,79.5331,95.7852
145.4642,121.1681,83.5261,107.4229
146.6263,130.7796,95.3654,113.5663
143.1252,125.0386,109.7475,120.4485
145.1833,129.0337,108.0968,115.0743
152.4565,124.5323,105.1783,112.6189
171.4295,107.1343,94.2890,117.0848
164.2074,111.9440,82.3880,122.6420
164.5120,115.3632,71.4497,124.0342
164.3634,120.9466,66.8764,121.6746
162.2238,122.1781,64.4531,117.1366
159.6972,124.1845,66.2498,111.0681
157.5475,127.1774,65.0461,101.8943
155.6583,136.3948,66.3726,91.4076
156.1455,144.7005,64.7528,78.8908
160.5149,164.4005,61.1108,65.4821
167.4928,182.4660,60.2513,55.9333
184.6457,189.5077,64.0201,54.9222
196.2624,181.6009,68.8964,59.9986
196.9601,166.6656,71.2008,64.4981
192.9584,143.2954,75.7765,71.3523
183.1203,111.6241,82.3438,81.2285
181.6314,87.9409,91.0719,90.0933
196.3638,63.4499,91.6378,102.0199
218.3330,53.7221,88.7477,111.4328
231.4000,33.4000,89.0000,111.6000
228.6000,40.6000,89.2000,111.6000
224.8000,69.6000,89.2000,111.6000
272.2000,34.0000,89.0000,111.0000
221.0000,81.6000,88.4000,110.2000
248.6370,70.0175,82.4592,105.2052
257.8765,55.6649,77.7191,97.7803
261.1604,40.6547,77.5108,93.7167
232.8079,23.5224,74.4225,84.8143
215.2456,-10.7842,75.8005,85.2104
228.1185,-17.8622,78.7048,79.5895
242.4000,-21.6000,77.4000,78.0000
252.6000,-10.6000,76.6000,77.2000
249.2000,-14.8000,76.4000,77.2000
249.2000,-11.0000,75.0000,76.0000
247.8000,-15.2000,75.6000,76.6000
240.8000,-19.0000,76.8000,77.8000
242.4000,-16.2000,79.2000,80.2000
243.4000,-16.0000,78.4000,79.4000
239.6000,-13.4000,78.6000,79.6000
234.0000,-20.0000,77.8000,78.8000
238.4000,-12.0000,77.4000,78.4000
230.9425,-17.2297,72.3230,74.2354
230.8344,-14.4605,69.2439,75.6320
233.2217,-14.4588,65.3978,74.7672
236.0871,-9.5815,62.3308,73.2953
236.0636,-9.4914,58.4706,74.6181
235.3526,-5.1623,55.4146,73.8412
233.6759,-6.8008,54.5954,72.6721
232.7948,0.2975,57.0707,73.2006
232.2501,0.8857,57.9852,75.3824
230.5201,5.9636,63.1449,77.5641
228.8600,2.2397,61.5316,79.9576
227.4262,4.2566,61.0616,79.2424
226.4032,2.0343,58.3213,77.3420
226.5811,8.0780,56.7140,72.2792
225.6192,10.8093,52.6245,67.3968
227.5797,20.2685,49.2332,59.8163
228.2395,27.8362,45.4975,53.6268
228.9508,34.3526,44.5842,47.7858
229.2000,36.4000,44.8000,48.4000
223.0000,39.6000,45.0000,48.6000
211.6000,50.2000,44.4000,48.0000
215.2000,48.8000,44.0000,47.6000
221.6000,51.4000,43.6000,47.4000
229.2000,48.6000,43.6000,47.4000
267.6000,54.4000,44.6000,48.6000
276.4000,49.2000,45.2000,49.2000
274.2000,32.0000,45.6000,50.0000
262.0000,21.8000,45.2000,49.6000
260.2000,13.2000,46.0000,50.4000
250.6000,8.6000,46.2000,50.6000
252.4000,0.0000,46.0000,50.4000
261.2000,2.2000,46.6000,50.8000
257.2000,-7.6000,46.4000,50.4000
262.3248,-3.7760,47.5986,52.9757
264.6870,-5.6518,47.6952,53.8445
265.4764,-7.8556,47.9425,54.2853
266.6130,-7.4420,49.5075,56.3519
264.6255,-7.8588,48.7730,61.3286
264.6170,-10.2570,47.7883,62.6049
263.0641,-9.4033,52.8485,66.3954
261.5818,-11.9186,56.8569,67.8159
259.9479,-11.3362,63.2495,74.0837
258.3999,-12.1063,70.3117,82.0368
257.9714,-17.0013,77.3333,94.0456
253.6349,-16.9122,82.9456,106.1637
253.3711,-15.0942,89.4251,117.6819
249.5170,-14.1143,95.0914,122.9069
251.5587,-20.4307,95.7556,125.5644
253.5547,-14.0030,96.1306,126.9141
253.1811,-20.9288,91.7220,125.9981
252.0101,-13.4230,82.6327,123.7479
250.2988,-4.4208,78.5319,119.5858
248.4251,3.0378,75.5199,117.8055
245.5671,9.9438,79.0666,113.6659
241.7768,19.5083,82.2213,111.9639
240.0557,21.5411,84.0918,110.4974
237.9169,26.9092,87.5205,108.1978
235.9113,36.9484,87.8122,107.2975
234.9790,36.0372,91.6949,106.7874
234.1700,45.4011,93.0875,105.3764
237.0404,49.3953,88.7084,105.8982
239.4223,63.7380,80.1679,96.6832
243.2716,79.3499,68.1791,84.6798
245.5069,88.9254,58.5810,69.2444
255.1783,90.9245,53.6798,60.5850
269.6163,78.5767,50.9802,61.9277
288.4144,85.5003,54.3357,69.2005
295.9827,108.8420,59.7607,70.0860
304.5661,116.3100,61.3047,72.4483
313.7081,97.1405,61.5644,83.7622
310.3206,87.9373,61.8604,92.9430
305.8426,98.8779,62.8390,102.2506
304.5497,113.1553,59.2627,109.8988
302.8878,122.4159,57.6276,103.6723
300.3162,129.5068,61.0198,99.1395
299.8400,137.3483,62.0321,94.1205
300.9179,136.4329,65.7289,97.8598
301.4946,137.3570,68.6699,96.4703
303.6332,139.1436,71.1624,94.8154
303.7151,137.1251,77.2783,99.4795
