1
95.6000,327.0000,113.4000,117.8000
88.6000,321.4000,115.6000,120.4000
95.5604,311.5294,94.9816,132.5727
92.2000,324.0000,93.0000,129.8000
90.4000,341.2000,92.2000,128.6000
98.6000,338.2000,92.6000,129.2000
97.4000,323.2000,92.0000,128.4000
81.8000,279.4000,90.2000,125.6000
90.0595,258.2858,90.4915,126.4997
100.9559,239.4257,94.3655,123.5133
108.9081,238.9941,94.6494,123.8191
115.6001,217.9795,89.7357,131.4065
114.3107,199.6627,90.4740,135.6337
106.4216,205.5466,91.3210,130.1638
102.1221,218.1145,93.7405,108.4226
83.4000,230.2000,94.2000,109.0000
72.0000,254.0000,93.8000,108.6000
135.2000,240.0000,92.6000,107.2000
130.2310,217.2713,96.8625,101.1593
133.4171,202.0589,101.2621,89.2557
116.8410,188.2778,95.1925,80.3324
112.5218,162.9940,97.0197,82.1841
121.5181,140.9963,90.3229,92.1863
134.2423,127.0532,88.2801,105.7739
140.6237,117.7099,96.0348,117.7864
143.3501,121.4650,108.0937,123.4809
136.6750,128.0302,123.5273,123.4328
139.1578,125.0014,128.6046,120.9629
140.5954,123.9897,125.1217,120.1414
158.2655,112.3545,114.7527,127.0086
158.7944,111.7056,102.7655,132.9795
158.5405,111.6812,85.8548,132.4474
158.8089,117.2284,77.7278,128.7867
157.7167,121.9136,76.3205,124.2788
155.4368,125.2484,77.5944,117.8314
152.1288,130.7071,79.3050,110.3622
150.4091,137.0351,78.6309,96.4436
151.7437,145.9808,76.6204,83.6726
155.3895,163.5539,73.3411,72.1015
162.2485,177.8771,73.0188,65.3427
179.9386,180.7737,78.0435,67.4970
192.4295,172.3412,84.3546,71.5535
194.5950,159.6297,88.5850,77.2943
184.8767,133.2043,89.9564,85.3232
177.8729,106.4524,93.0759,91.5701
179.0999,78.2352,96.6352,97.7168
195.4392,57.5680,96.4480,106.2925
215.9838,53.6540,95.1048,114.7896
235.7366,36.4599,87.0783,122.3717
230.6000,32.8000,87.4000,123.0000
234.8000,55.0000,87.2000,122.8000
273.4000,23.8000,88.2000,124.2000
220.6000,81.0000,86.6000,122.0000
245.9495,72.9722,86.5684,122.4824
254.6641,49.8715,81.2649,118.9770
259.3954,33.2583,79.4874,112.0525
232.2000,13.8000,78.4000,110.6000
213.6178,-13.1502,75.4455,99.1415
230.2777,-21.7327,76.9707,90.1104
240.0000,-20.2000,75.0000,87.8000
252.4000,-9.6000,75.0000,87.6000
252.5029,-13.0512,75.3018,89.6248
252.0868,-12.7227,74.1745,87.4822
250.4000,-17.4000,74.6000,87.8000
244.6753,-13.9006,75.8848,88.8385
244.2035,-10.8319,78.1460,90.2836
240.4635,-13.8667,79.1708,91.6470
241.6021,-10.9874,76.9138,93.0757
239.9639,-13.0684,74.1380,96.7861
241.0000,-12.8000,75.6000,98.4000
234.9952,-12.8584,80.0767,101.7684
232.2047,-13.1625,84.0949,100.3869
231.4649,-14.5033,85.7245,98.8792
230.1444,-16.7079,84.9188,95.9547
230.7120,-15.9102,79.5736,92.7817
229.0623,-12.0776,72.5631,91.7994
227.8178,-11.6858,69.8755,90.4653
226.9549,-7.0656,71.2636,90.2650
225.6621,-6.7983,71.1438,87.0819
223.2778,-3.3387,75.4751,86.1046
224.4900,2.9274,73.9431,87.3170
221.8670,2.2390,73.9063,87.1002
220.9747,-2.1075,69.6242,84.7486
220.3568,2.1626,67.4152,80.7075
220.7400,3.9793,61.0952,73.5658
222.1702,15.7220,56.8185,66.3714
224.9464,23.6427,54.3823,59.3412
224.6746,30.9994,49.5839,55.4736
226.4000,34.2000,49.0000,55.0000
251.0000,47.8000,48.6000,54.4000
255.0000,48.2000,48.8000,54.6000
265.2000,52.8000,49.6000,55.6000
283.8000,59.2000,49.8000,55.8000
275.2000,56.6000,49.0000,55.0000
304.8000,62.6000,50.0000,56.2000
283.6000,45.4000,50.6000,57.0000
275.2000,30.2000,49.4000,56.0000
267.8000,23.2000,49.8000,56.4000
260.4000,18.0000,50.0000,57.0000
254.2000,8.2000,50.6000,57.8000
257.2000,6.2000,50.2000,57.2000
261.6236,3.9729,49.1536,54.9126
259.5860,-3.0994,47.1027,52.4514
263.2870,-3.0114,46.6932,53.5885
265.2343,-4.0243,45.8261,55.9854
267.0916,-5.7724,46.5767,56.1977
265.8593,-7.0433,47.6202,57.6411
265.8083,-6.8026,47.4281,62.2375
266.1325,-7.8369,47.6925,63.6889
263.6162,-8.5257,49.7912,67.4076
261.7699,-9.7904,53.3519,70.7340
261.9635,-11.3770,58.5216,75.8537
259.3768,-13.0747,67.3595,83.0536
259.9654,-16.8295,74.7771,90.3491
257.3651,-15.8498,82.1967,100.4312
255.5996,-14.2461,89.8238,108.7734
252.3440,-11.6466,94.6713,112.2048
252.4443,-16.9465,99.9777,116.4855
251.0687,-15.5300,101.6495,118.8117
249.3189,-18.3418,99.5027,119.2501
249.2923,-16.1253,90.0810,120.5816
246.9807,-4.9168,83.7577,120.3903
246.1367,-0.5942,82.1928,117.7243
242.7182,11.6458,84.3601,113.7445
239.8283,17.2407,89.1752,114.5209
236.5892,22.2171,91.6209,113.5835
234.0819,29.0711,94.2164,112.2817
233.0499,34.4945,94.4391,112.7598
230.5102,36.6816,104.0033,111.5314
230.3497,46.4261,102.5212,112.8508
234.7823,48.2333,94.8389,110.2068
237.5518,61.5285,85.0871,103.8500
239.0284,71.0509,74.9542,95.3196
242.1216,82.6391,65.6542,82.1929
250.3994,85.9033,62.8363,72.1349
265.7145,69.5076,58.0043,72.7681
285.4557,73.9958,63.1478,85.3359
291.2363,96.1963,71.7751,88.9514
302.1816,96.2888,80.8257,97.1291
310.3078,85.5099,76.6136,109.5271
303.4577,75.8864,80.7614,128.0960
299.7744,81.6589,81.7385,137.5355
297.9557,95.1142,71.5279,145.3445
297.7492,107.7642,63.2007,127.7732
297.0266,122.7285,63.5943,114.1524
296.6898,131.1671,65.9898,101.5160
298.1214,135.6574,71.9509,101.7922
298.5910,135.7398,75.8913,102.2010
300.0023,134.0003,78.6889,104.2890
301.0374,127.5021,82.5486,113.3240
