0.4696,0.46782,0.47015,0,0,0,0,0,0,0,0,0,0,0,0
0.059039,0.05882,0.059003,0,0,0,0,0,0,0,0,0,0,0,0
0.018499,0.019192,0.019359,0,0,0,0,0,0,0,0,0,0,0,0
0.043299,0.018409,0.018237,0,0,0,0,0,0,0,0,0,0,0,0
0.028409,0.018298,0.018448,0,0,0,0,0,0,0,0,0,0,0,0
0.01911,0.018235,0.018672,0,0,0,0,0,0,0,0,0,0,0,0
0.018814,0.018198,0.018276,0,0,0,0,0,0,0,0,0,0,0,0
0.018686,0.017603,0.018411,0,0,0,0,0,0,0,0,0,0,0,0
0.026011,0.018718,0.017842,0,0,0,0,0,0,0,0,0,0,0,0
0.01981,0.018427,0.018126,0,0,0,0,0,0,0,0,0,0,0,0
0.017787,0.018131,0.017136,0,0,0,0,0,0,0,0,0,0,0,0
0.017608,0.018109,0.017122,0,0,0,0,0,0,0,0,0,0,0,0
0.01688,0.017926,0.017384,0,0,0,0,0,0,0,0,0,0,0,0
0.017349,0.018006,0.016948,0,0,0,0,0,0,0,0,0,0,0,0
0.017018,0.017983,0.016921,0,0,0,0,0,0,0,0,0,0,0,0
0.017212,0.017919,0.017153,0,0,0,0,0,0,0,0,0,0,0,0
0.016983,0.017708,0.016983,0,0,0,0,0,0,0,0,0,0,0,0
0.021034,0.017997,0.017158,0,0,0,0,0,0,0,0,0,0,0,0
0.016949,0.017973,0.017158,0,0,0,0,0,0,0,0,0,0,0,0
0.019971,0.017922,0.016908,0,0,0,0,0,0,0,0,0,0,0,0
0.01696,0.017995,0.016816,0,0,0,0,0,0,0,0,0,0,0,0
0.016941,0.018056,0.017087,0,0,0,0,0,0,0,0,0,0,0,0
0.016821,0.017792,0.017024,0,0,0,0,0,0,0,0,0,0,0,0
0.017098,0.017781,0.016932,0,0,0,0,0,0,0,0,0,0,0,0
0.01724,0.017992,0.016907,0,0,0,0,0,0,0,0,0,0,0,0
0.016822,0.017817,0.016744,0,0,0,0,0,0,0,0,0,0,0,0
0.020661,0.017919,0.017448,0,0,0,0,0,0,0,0,0,0,0,0
0.016826,0.018072,0.01793,0,0,0,0,0,0,0,0,0,0,0,0
0.02633,0.017616,0.017663,0,0,0,0,0,0,0,0,0,0,0,0
0.016881,0.017686,0.017819,0,0,0,0,0,0,0,0,0,0,0,0
0.016396,0.01754,0.017695,0,0,0,0,0,0,0,0,0,0,0,0
0.017027,0.017878,0.017473,0,0,0,0,0,0,0,0,0,0,0,0
0.017018,0.017787,0.017202,0,0,0,0,0,0,0,0,0,0,0,0
NaN,NaN,NaN,0,0,0,0,0,0,0,0,0,0,0,0
NaN,NaN,NaN,0,0,0,0,0,0,0,0,0,0,0,0
NaN,NaN,NaN,0,0,0,0,0,0,0,0,0,0,0,0
NaN,NaN,NaN,0,0,0,0,0,0,0,0,0,0,0,0
0.42498,0.4213,0.41492,0,0,0,0,0,0,0,0,0,0,0,0
0.05847,0.058188,0.058048,0,0,0,0,0,0,0,0,0,0,0,0
0.017367,0.017174,0.017732,0,0,0,0,0,0,0,0,0,0,0,0
0.016641,0.017597,0.016981,0,0,0,0,0,0,0,0,0,0,0,0
0.016456,0.016293,0.016768,0,0,0,0,0,0,0,0,0,0,0,0
0.016534,0.016057,0.017113,0,0,0,0,0,0,0,0,0,0,0,0
0.021275,0.016093,0.016864,0,0,0,0,0,0,0,0,0,0,0,0
0.016253,0.016154,0.016572,0,0,0,0,0,0,0,0,0,0,0,0
0.016225,0.015893,0.016708,0,0,0,0,0,0,0,0,0,0,0,0
0.016043,0.015794,0.016291,0,0,0,0,0,0,0,0,0,0,0,0
0.016173,0.015908,0.016391,0,0,0,0,0,0,0,0,0,0,0,0
0.024978,0.015809,0.016517,0,0,0,0,0,0,0,0,0,0,0,0
0.015986,0.015919,0.016368,0,0,0,0,0,0,0,0,0,0,0,0
0.015935,0.016087,0.016389,0,0,0,0,0,0,0,0,0,0,0,0
0.015949,0.01572,0.0163,0,0,0,0,0,0,0,0,0,0,0,0
0.015925,0.015628,0.016392,0,0,0,0,0,0,0,0,0,0,0,0
0.015963,0.015732,0.016981,0,0,0,0,0,0,0,0,0,0,0,0
0.015687,0.015533,0.016026,0,0,0,0,0,0,0,0,0,0,0,0
0.015887,0.015322,0.015746,0,0,0,0,0,0,0,0,0,0,0,0
0.015912,0.015433,0.014961,0,0,0,0,0,0,0,0,0,0,0,0
0.023499,0.015506,0.015072,0,0,0,0,0,0,0,0,0,0,0,0
0.015684,0.015631,0.014799,0,0,0,0,0,0,0,0,0,0,0,0
0.01582,0.015656,0.015144,0,0,0,0,0,0,0,0,0,0,0,0
0.0159,0.015632,0.015009,0,0,0,0,0,0,0,0,0,0,0,0
0.015285,0.015437,0.015038,0,0,0,0,0,0,0,0,0,0,0,0
0.016018,0.015331,0.015129,0,0,0,0,0,0,0,0,0,0,0,0
0.015517,0.015378,0.015013,0,0,0,0,0,0,0,0,0,0,0,0
0.029442,0.015295,0.015133,0,0,0,0,0,0,0,0,0,0,0,0
0.015829,0.015675,0.015092,0,0,0,0,0,0,0,0,0,0,0,0
0.015314,0.015552,0.015196,0,0,0,0,0,0,0,0,0,0,0,0
0.023315,0.015366,0.015084,0,0,0,0,0,0,0,0,0,0,0,0
0.015116,0.015212,0.015081,0,0,0,0,0,0,0,0,0,0,0,0
0.016408,0.015379,0.015186,0,0,0,0,0,0,0,0,0,0,0,0
0.016254,0.015339,0.015079,0,0,0,0,0,0,0,0,0,0,0,0
NaN,NaN,NaN,0,0,0,0,0,0,0,0,0,0,0,0
NaN,NaN,NaN,0,0,0,0,0,0,0,0,0,0,0,0
NaN,NaN,NaN,0,0,0,0,0,0,0,0,0,0,0,0
NaN,NaN,NaN,0,0,0,0,0,0,0,0,0,0,0,0
0.42079,0.42477,0.42821,0,0,0,0,0,0,0,0,0,0,0,0
0.058483,0.058017,0.057573,0,0,0,0,0,0,0,0,0,0,0,0
0.015881,0.015724,0.015739,0,0,0,0,0,0,0,0,0,0,0,0
0.015356,0.015097,0.015113,0,0,0,0,0,0,0,0,0,0,0,0
0.014774,0.014805,0.014795,0,0,0,0,0,0,0,0,0,0,0,0
0.034544,0.014692,0.014732,0,0,0,0,0,0,0,0,0,0,0,0
0.015318,0.014653,0.014704,0,0,0,0,0,0,0,0,0,0,0,0
0.015548,0.014789,0.014661,0,0,0,0,0,0,0,0,0,0,0,0
0.015545,0.014729,0.014681,0,0,0,0,0,0,0,0,0,0,0,0
0.015434,0.014502,0.014455,0,0,0,0,0,0,0,0,0,0,0,0
0.015176,0.014736,0.014462,0,0,0,0,0,0,0,0,0,0,0,0
0.015264,0.014593,0.014478,0,0,0,0,0,0,0,0,0,0,0,0
0.01556,0.014697,0.014826,0,0,0,0,0,0,0,0,0,0,0,0
0.01532,0.014506,0.014836,0,0,0,0,0,0,0,0,0,0,0,0
0.01502,0.014554,0.014349,0,0,0,0,0,0,0,0,0,0,0,0
0.015132,0.014389,0.014752,0,0,0,0,0,0,0,0,0,0,0,0
0.015091,0.014479,0.014266,0,0,0,0,0,0,0,0,0,0,0,0
0.01794,0.014425,0.014359,0,0,0,0,0,0,0,0,0,0,0,0
0.015132,0.014384,0.014253,0,0,0,0,0,0,0,0,0,0,0,0
0.020639,0.014421,0.014254,0,0,0,0,0,0,0,0,0,0,0,0
0.015255,0.015315,0.014121,0,0,0,0,0,0,0,0,0,0,0,0
0.015021,0.015097,0.014187,0,0,0,0,0,0,0,0,0,0,0,0
0.015019,0.01511,0.014291,0,0,0,0,0,0,0,0,0,0,0,0
NaN,NaN,NaN,0,0,0,0,0,0,0,0,0,0,0,0
NaN,NaN,NaN,0,0,0,0,0,0,0,0,0,0,0,0
NaN,NaN,NaN,0,0,0,0,0,0,0,0,0,0,0,0
NaN,NaN,NaN,0,0,0,0,0,0,0,0,0,0,0,0
0.41764,0.41409,0.41739,0,0,0,0,0,0,0,0,0,0,0,0
0.057168,0.058241,0.057625,0,0,0,0,0,0,0,0,0,0,0,0
0.027593,0.015513,0.016554,0,0,0,0,0,0,0,0,0,0,0,0
0.014729,0.014803,0.015633,0,0,0,0,0,0,0,0,0,0,0,0
0.014457,0.014422,0.015351,0,0,0,0,0,0,0,0,0,0,0,0
0.014289,0.014248,0.015195,0,0,0,0,0,0,0,0,0,0,0,0
0.01537,0.01454,0.015406,0,0,0,0,0,0,0,0,0,0,0,0
0.015154,0.014277,0.015342,0,0,0,0,0,0,0,0,0,0,0,0
0.01483,0.014121,0.0148,0,0,0,0,0,0,0,0,0,0,0,0
0.014955,0.014099,0.01519,0,0,0,0,0,0,0,0,0,0,0,0
0.014844,0.0141,0.015138,0,0,0,0,0,0,0,0,0,0,0,0
0.015054,0.014507,0.014202,0,0,0,0,0,0,0,0,0,0,0,0
0.015109,0.014136,0.014362,0,0,0,0,0,0,0,0,0,0,0,0
0.014774,0.014209,0.014442,0,0,0,0,0,0,0,0,0,0,0,0
0.014781,0.014031,0.014077,0,0,0,0,0,0,0,0,0,0,0,0
0.014798,0.013949,0.014196,0,0,0,0,0,0,0,0,0,0,0,0
0.01505,0.013943,0.014143,0,0,0,0,0,0,0,0,0,0,0,0
0.014688,0.014104,0.014287,0,0,0,0,0,0,0,0,0,0,0,0
0.014252,0.014006,0.014026,0,0,0,0,0,0,0,0,0,0,0,0
0.01417,0.013811,0.013888,0,0,0,0,0,0,0,0,0,0,0,0
0.01376,0.014437,0.013974,0,0,0,0,0,0,0,0,0,0,0,0
0.01384,0.013974,0.014154,0,0,0,0,0,0,0,0,0,0,0,0
0.01417,0.013927,0.014073,0,0,0,0,0,0,0,0,0,0,0,0
0.014182,0.013983,0.013979,0,0,0,0,0,0,0,0,0,0,0,0
0.014691,0.013766,0.015043,0,0,0,0,0,0,0,0,0,0,0,0
0.01498,0.014276,0.015399,0,0,0,0,0,0,0,0,0,0,0,0
0.014777,0.013719,0.015396,0,0,0,0,0,0,0,0,0,0,0,0
0.014071,0.01396,0.015256,0,0,0,0,0,0,0,0,0,0,0,0
0.013832,0.013817,0.015443,0,0,0,0,0,0,0,0,0,0,0,0
0.020889,0.013906,0.014828,0,0,0,0,0,0,0,0,0,0,0,0
0.013916,0.013939,0.015046,0,0,0,0,0,0,0,0,0,0,0,0
0.014784,0.013783,0.014978,0,0,0,0,0,0,0,0,0,0,0,0
0.013969,0.013933,0.014832,0,0,0,0,0,0,0,0,0,0,0,0
0.013945,0.01379,0.014946,0,0,0,0,0,0,0,0,0,0,0,0
0.01383,0.013873,0.014967,0,0,0,0,0,0,0,0,0,0,0,0
0.013915,0.013796,0.014785,0,0,0,0,0,0,0,0,0,0,0,0
0.013759,0.01376,0.014717,0,0,0,0,0,0,0,0,0,0,0,0
0.013965,0.013809,0.014792,0,0,0,0,0,0,0,0,0,0,0,0
0.014161,0.013819,0.014744,0,0,0,0,0,0,0,0,0,0,0,0
0.013963,0.01361,0.014765,0,0,0,0,0,0,0,0,0,0,0,0
0.013904,0.013605,0.014832,0,0,0,0,0,0,0,0,0,0,0,0
0.013778,0.013763,0.014883,0,0,0,0,0,0,0,0,0,0,0,0
0.014082,0.013721,0.01496,0,0,0,0,0,0,0,0,0,0,0,0
NaN,NaN,NaN,0,0,0,0,0,0,0,0,0,0,0,0
NaN,NaN,NaN,0,0,0,0,0,0,0,0,0,0,0,0
NaN,NaN,NaN,0,0,0,0,0,0,0,0,0,0,0,0
NaN,NaN,NaN,0,0,0,0,0,0,0,0,0,0,0,0
0.42047,0.41868,0.4192,0,0,0,0,0,0,0,0,0,0,0,0
0.057796,0.057655,0.05702,0,0,0,0,0,0,0,0,0,0,0,0
0.017468,0.017254,0.016471,0,0,0,0,0,0,0,0,0,0,0,0
0.016451,0.016304,0.016002,0,0,0,0,0,0,0,0,0,0,0,0
0.016033,0.016432,0.015436,0,0,0,0,0,0,0,0,0,0,0,0
0.016085,0.016057,0.016339,0,0,0,0,0,0,0,0,0,0,0,0
0.016519,0.01541,0.01592,0,0,0,0,0,0,0,0,0,0,0,0
0.016036,0.015339,0.015733,0,0,0,0,0,0,0,0,0,0,0,0
0.015,0.015091,0.015238,0,0,0,0,0,0,0,0,0,0,0,0
0.014816,0.01502,0.01525,0,0,0,0,0,0,0,0,0,0,0,0
0.014901,0.015085,0.015273,0,0,0,0,0,0,0,0,0,0,0,0
0.015313,0.015131,0.014802,0,0,0,0,0,0,0,0,0,0,0,0
0.015195,0.015502,0.014995,0,0,0,0,0,0,0,0,0,0,0,0
0.015239,0.015016,0.014575,0,0,0,0,0,0,0,0,0,0,0,0
0.015139,0.014869,0.014518,0,0,0,0,0,0,0,0,0,0,0,0
0.015007,0.01478,0.014663,0,0,0,0,0,0,0,0,0,0,0,0
0.015042,0.014779,0.01439,0,0,0,0,0,0,0,0,0,0,0,0
0.015111,0.015045,0.014245,0,0,0,0,0,0,0,0,0,0,0,0
0.014814,0.015097,0.014456,0,0,0,0,0,0,0,0,0,0,0,0
0.015021,0.014598,0.014774,0,0,0,0,0,0,0,0,0,0,0,0
0.015093,0.014995,0.015259,0,0,0,0,0,0,0,0,0,0,0,0
0.015003,0.014972,0.015496,0,0,0,0,0,0,0,0,0,0,0,0
0.015086,0.014684,0.016017,0,0,0,0,0,0,0,0,0,0,0,0
0.01538,0.015052,0.01562,0,0,0,0,0,0,0,0,0,0,0,0
0.014984,0.015178,0.015016,0,0,0,0,0,0,0,0,0,0,0,0
0.014861,0.014632,0.015214,0,0,0,0,0,0,0,0,0,0,0,0
NaN,NaN,NaN,0,0,0,0,0,0,0,0,0,0,0,0
NaN,NaN,NaN,0,0,0,0,0,0,0,0,0,0,0,0
NaN,NaN,NaN,0,0,0,0,0,0,0,0,0,0,0,0
NaN,NaN,NaN,0,0,0,0,0,0,0,0,0,0,0,0
0.41587,0.41885,0.42117,0,0,0,0,0,0,0,0,0,0,0,0
0.061734,0.062368,0.062604,0,0,0,0,0,0,0,0,0,0,0,0
0.017766,0.017083,0.017713,0,0,0,0,0,0,0,0,0,0,0,0
0.017153,0.016158,0.017154,0,0,0,0,0,0,0,0,0,0,0,0
0.017022,0.015882,0.016931,0,0,0,0,0,0,0,0,0,0,0,0
0.016141,0.015853,0.017048,0,0,0,0,0,0,0,0,0,0,0,0
0.015689,0.01567,0.0169,0,0,0,0,0,0,0,0,0,0,0,0
0.015579,0.015719,0.016572,0,0,0,0,0,0,0,0,0,0,0,0
0.015394,0.015536,0.016647,0,0,0,0,0,0,0,0,0,0,0,0
0.015797,0.015509,0.016519,0,0,0,0,0,0,0,0,0,0,0,0
0.016023,0.015569,0.01654,0,0,0,0,0,0,0,0,0,0,0,0
0.015381,0.015596,0.016489,0,0,0,0,0,0,0,0,0,0,0,0
0.016418,0.015389,0.016542,0,0,0,0,0,0,0,0,0,0,0,0
0.021308,0.015325,0.016406,0,0,0,0,0,0,0,0,0,0,0,0
0.01614,0.015387,0.016261,0,0,0,0,0,0,0,0,0,0,0,0
0.01548,0.015244,0.016369,0,0,0,0,0,0,0,0,0,0,0,0
0.01542,0.015288,0.016312,0,0,0,0,0,0,0,0,0,0,0,0
0.015126,0.015301,0.016474,0,0,0,0,0,0,0,0,0,0,0,0
0.015509,0.015227,0.016226,0,0,0,0,0,0,0,0,0,0,0,0
0.016099,0.015155,0.016173,0,0,0,0,0,0,0,0,0,0,0,0
NaN,NaN,NaN,0,0,0,0,0,0,0,0,0,0,0,0
NaN,NaN,NaN,0,0,0,0,0,0,0,0,0,0,0,0
NaN,NaN,NaN,0,0,0,0,0,0,0,0,0,0,0,0
NaN,NaN,NaN,0,0,0,0,0,0,0,0,0,0,0,0
0.42606,0.41779,0.41519,0,0,0,0,0,0,0,0,0,0,0,0
0.061563,0.060204,0.061085,0,0,0,0,0,0,0,0,0,0,0,0
0.019563,0.018684,0.018983,0,0,0,0,0,0,0,0,0,0,0,0
0.018653,0.01805,0.018348,0,0,0,0,0,0,0,0,0,0,0,0
0.017921,0.017318,0.017763,0,0,0,0,0,0,0,0,0,0,0,0
0.018577,0.017496,0.018039,0,0,0,0,0,0,0,0,0,0,0,0
0.018666,0.016671,0.017713,0,0,0,0,0,0,0,0,0,0,0,0
0.018551,0.016699,0.017719,0,0,0,0,0,0,0,0,0,0,0,0
0.018699,0.016769,0.017996,0,0,0,0,0,0,0,0,0,0,0,0
0.018424,0.017417,0.018254,0,0,0,0,0,0,0,0,0,0,0,0
0.018684,0.017473,0.017847,0,0,0,0,0,0,0,0,0,0,0,0
0.02768,0.017466,0.017573,0,0,0,0,0,0,0,0,0,0,0,0
0.017104,0.01732,0.01771,0,0,0,0,0,0,0,0,0,0,0,0
0.017213,0.017194,0.017766,0,0,0,0,0,0,0,0,0,0,0,0
0.01749,0.017296,0.016973,0,0,0,0,0,0,0,0,0,0,0,0
0.016809,0.017316,0.017035,0,0,0,0,0,0,0,0,0,0,0,0
0.016981,0.017406,0.017402,0,0,0,0,0,0,0,0,0,0,0,0
0.017034,0.017345,0.016943,0,0,0,0,0,0,0,0,0,0,0,0
0.016684,0.017394,0.017325,0,0,0,0,0,0,0,0,0,0,0,0
0.017236,0.017158,0.017431,0,0,0,0,0,0,0,0,0,0,0,0
0.017011,0.017304,0.017623,0,0,0,0,0,0,0,0,0,0,0,0
0.01681,0.017311,0.017199,0,0,0,0,0,0,0,0,0,0,0,0
0.016975,0.017219,0.017682,0,0,0,0,0,0,0,0,0,0,0,0
0.01676,0.017674,0.017654,0,0,0,0,0,0,0,0,0,0,0,0
0.017316,0.017262,0.017256,0,0,0,0,0,0,0,0,0,0,0,0
0.016997,0.017512,0.017123,0,0,0,0,0,0,0,0,0,0,0,0
0.017329,0.017471,0.016558,0,0,0,0,0,0,0,0,0,0,0,0
0.016874,0.017204,0.01662,0,0,0,0,0,0,0,0,0,0,0,0
0.016876,0.017206,0.01663,0,0,0,0,0,0,0,0,0,0,0,0
0.01657,0.017345,0.016258,0,0,0,0,0,0,0,0,0,0,0,0
0.01651,0.017073,0.016387,0,0,0,0,0,0,0,0,0,0,0,0
0.017619,0.016992,0.016329,0,0,0,0,0,0,0,0,0,0,0,0
0.017059,0.017236,0.016432,0,0,0,0,0,0,0,0,0,0,0,0
0.016839,0.019814,0.016363,0,0,0,0,0,0,0,0,0,0,0,0
0.01662,0.017336,0.016538,0,0,0,0,0,0,0,0,0,0,0,0
0.016744,0.01743,0.016384,0,0,0,0,0,0,0,0,0,0,0,0
0.016813,0.017094,0.016704,0,0,0,0,0,0,0,0,0,0,0,0
0.016986,0.017226,0.016262,0,0,0,0,0,0,0,0,0,0,0,0
0.017103,0.017438,0.016291,0,0,0,0,0,0,0,0,0,0,0,0
0.017857,0.017186,0.01633,0,0,0,0,0,0,0,0,0,0,0,0
0.017327,0.017371,0.016394,0,0,0,0,0,0,0,0,0,0,0,0
0.016894,0.016902,0.016335,0,0,0,0,0,0,0,0,0,0,0,0
0.016549,0.017187,0.01627,0,0,0,0,0,0,0,0,0,0,0,0
0.016509,0.017492,0.016271,0,0,0,0,0,0,0,0,0,0,0,0
0.016944,0.017221,0.016239,0,0,0,0,0,0,0,0,0,0,0,0
0.016829,0.017333,0.016211,0,0,0,0,0,0,0,0,0,0,0,0
0.016461,0.017037,0.016024,0,0,0,0,0,0,0,0,0,0,0,0
0.02131,0.017039,0.016451,0,0,0,0,0,0,0,0,0,0,0,0
0.017502,0.017532,0.016433,0,0,0,0,0,0,0,0,0,0,0,0
0.016981,0.01731,0.016483,0,0,0,0,0,0,0,0,0,0,0,0
0.016977,0.017139,0.016491,0,0,0,0,0,0,0,0,0,0,0,0
0.017067,0.017515,0.016404,0,0,0,0,0,0,0,0,0,0,0,0
0.016901,0.017334,0.016513,0,0,0,0,0,0,0,0,0,0,0,0
0.017237,0.017377,0.016287,0,0,0,0,0,0,0,0,0,0,0,0
0.017124,0.017333,0.016396,0,0,0,0,0,0,0,0,0,0,0,0
0.017355,0.017595,0.016493,0,0,0,0,0,0,0,0,0,0,0,0
0.016986,0.017377,0.016515,0,0,0,0,0,0,0,0,0,0,0,0
0.01736,0.017287,0.016211,0,0,0,0,0,0,0,0,0,0,0,0
0.016972,0.017257,0.016561,0,0,0,0,0,0,0,0,0,0,0,0
0.016545,0.01745,0.016419,0,0,0,0,0,0,0,0,0,0,0,0
0.01665,0.017428,0.016477,0,0,0,0,0,0,0,0,0,0,0,0
0.017254,0.017443,0.016423,0,0,0,0,0,0,0,0,0,0,0,0
0.017245,0.017793,0.016543,0,0,0,0,0,0,0,0,0,0,0,0
0.016992,0.016482,0.016235,0,0,0,0,0,0,0,0,0,0,0,0
0.016777,0.016365,0.016554,0,0,0,0,0,0,0,0,0,0,0,0
0.01663,0.017363,0.016414,0,0,0,0,0,0,0,0,0,0,0,0
0.017265,0.017008,0.016472,0,0,0,0,0,0,0,0,0,0,0,0
0.017135,0.017244,0.016425,0,0,0,0,0,0,0,0,0,0,0,0
0.016854,0.017359,0.01662,0,0,0,0,0,0,0,0,0,0,0,0
0.016727,0.017201,0.016325,0,0,0,0,0,0,0,0,0,0,0,0
0.017109,0.017367,0.016648,0,0,0,0,0,0,0,0,0,0,0,0
0.016752,0.017357,0.016631,0,0,0,0,0,0,0,0,0,0,0,0
0.017508,0.017126,0.016535,0,0,0,0,0,0,0,0,0,0,0,0
0.016793,0.017196,0.016581,0,0,0,0,0,0,0,0,0,0,0,0
0.017053,0.016975,0.016665,0,0,0,0,0,0,0,0,0,0,0,0
0.017196,0.018931,0.016589,0,0,0,0,0,0,0,0,0,0,0,0
0.016773,0.018996,0.016391,0,0,0,0,0,0,0,0,0,0,0,0
0.017117,0.018818,0.016547,0,0,0,0,0,0,0,0,0,0,0,0
0.01703,0.019046,0.016659,0,0,0,0,0,0,0,0,0,0,0,0
0.017366,0.018953,0.016514,0,0,0,0,0,0,0,0,0,0,0,0
0.016908,0.018938,0.016338,0,0,0,0,0,0,0,0,0,0,0,0
0.017527,0.018916,0.016827,0,0,0,0,0,0,0,0,0,0,0,0
0.017089,0.01866,0.016604,0,0,0,0,0,0,0,0,0,0,0,0
0.021475,0.018927,0.016575,0,0,0,0,0,0,0,0,0,0,0,0
0.017233,0.018236,0.016324,0,0,0,0,0,0,0,0,0,0,0,0
0.017136,0.017896,0.01646,0,0,0,0,0,0,0,0,0,0,0,0
0.016927,0.017801,0.016477,0,0,0,0,0,0,0,0,0,0,0,0
0.017,0.018219,0.0166,0,0,0,0,0,0,0,0,0,0,0,0
0.016588,0.017997,0.016464,0,0,0,0,0,0,0,0,0,0,0,0
0.018329,0.018204,0.016547,0,0,0,0,0,0,0,0,0,0,0,0
0.017892,0.017623,0.016744,0,0,0,0,0,0,0,0,0,0,0,0
0.017712,0.017371,0.016472,0,0,0,0,0,0,0,0,0,0,0,0
0.017883,0.017587,0.016466,0,0,0,0,0,0,0,0,0,0,0,0
0.017598,0.018671,0.016437,0,0,0,0,0,0,0,0,0,0,0,0
0.018213,0.018805,0.016377,0,0,0,0,0,0,0,0,0,0,0,0
0.017341,0.018869,0.016502,0,0,0,0,0,0,0,0,0,0,0,0
0.017576,0.018947,0.016635,0,0,0,0,0,0,0,0,0,0,0,0
0.016877,0.018637,0.016204,0,0,0,0,0,0,0,0,0,0,0,0
0.01694,0.018774,0.016374,0,0,0,0,0,0,0,0,0,0,0,0
0.016606,0.018707,0.016703,0,0,0,0,0,0,0,0,0,0,0,0
0.016851,0.018836,0.016483,0,0,0,0,0,0,0,0,0,0,0,0
0.016665,0.018857,0.016384,0,0,0,0,0,0,0,0,0,0,0,0
0.017086,0.018639,0.016614,0,0,0,0,0,0,0,0,0,0,0,0
0.017251,0.019037,0.016338,0,0,0,0,0,0,0,0,0,0,0,0
0.016991,0.020277,0.016399,0,0,0,0,0,0,0,0,0,0,0,0
0.017102,0.016664,0.016616,0,0,0,0,0,0,0,0,0,0,0,0
0.017205,0.016665,0.016485,0,0,0,0,0,0,0,0,0,0,0,0
