1
293.2672,140.3322,78.2709,87.2584
281.0477,144.2177,87.0092,92.3449
284.8756,146.0479,85.0297,95.4451
289.7845,148.7923,82.8885,82.8200
298.3605,150.2724,78.8616,80.5252
301.7903,150.9950,73.0590,83.0334
304.9682,150.6841,80.6357,83.7832
302.9259,151.0679,87.7667,84.0442
304.8263,150.7357,71.9414,81.9387
306.0298,150.6563,71.4076,83.0586
308.8739,148.9191,73.3336,82.2858
316.4392,145.1731,74.6643,80.6727
323.8737,140.6210,72.5480,82.9164
324.2968,135.5187,79.3080,86.4615
332.1702,131.4396,76.1987,85.3052
330.8231,128.7154,80.3078,84.9029
328.0999,129.0121,84.6096,84.7429
328.3395,127.6830,80.4455,83.9746
330.6136,123.2724,79.3119,84.7477
338.5298,118.3344,79.7863,85.9783
342.5192,112.8870,81.9445,86.6072
346.4155,112.2370,84.1577,84.5579
348.8962,112.7790,85.9143,88.8454
355.6628,117.2495,92.0275,89.7961
367.6727,125.8769,89.6767,93.4028
377.0245,129.0227,83.6685,93.9276
368.8954,119.1023,82.3381,94.2325
361.4913,108.6300,79.2478,84.5649
354.1802,96.5683,80.6172,83.9099
343.6952,82.1862,92.0006,89.5140
338.5364,78.6501,84.3632,87.7277
332.0353,75.4491,82.0341,88.2701
332.7023,79.6854,86.6007,86.6149
336.6865,92.2653,104.6186,78.8891
350.1677,105.5489,110.9652,83.4054
363.0029,118.4446,84.9425,91.8665
378.3422,129.4720,80.4644,95.4047
374.9221,121.4063,86.0029,93.1786
362.0619,105.0053,92.2532,100.3912
351.2584,98.8964,99.7686,71.6645
350.5257,98.6097,96.3221,63.0218
356.2383,92.2261,88.2377,62.6979
363.2825,90.2326,81.5371,66.7690
363.9785,88.6880,80.6812,68.3955
369.1512,93.0432,77.5871,70.2270
372.7383,105.9998,80.1349,73.3942
381.1517,122.9820,81.8855,75.2490
387.8775,136.2935,79.2934,82.0775
387.0874,137.6983,80.0133,85.9677
377.5346,128.7088,83.1834,81.1493
361.7831,116.2080,88.9143,74.1538
360.8969,103.6825,83.5612,74.6468
358.0434,101.2698,82.8703,67.6313
356.4129,102.0792,79.7132,67.8838
355.1751,107.9057,78.3275,71.2384
355.3944,117.4529,76.3023,74.4983
355.9717,135.2557,84.1834,76.0332
354.2383,150.7079,88.3906,83.2949
347.4805,166.3952,95.0872,81.5493
346.2572,159.8082,89.4500,89.2133
328.1223,136.5610,95.3870,88.3059
320.2284,123.2227,90.8184,79.7351
324.4810,110.6979,80.9173,85.0082
315.9036,104.1796,89.3765,87.0935
309.9142,110.3991,84.4851,82.3130
302.4007,116.9913,92.2650,78.3272
297.6548,119.2160,91.9902,81.7142
299.1645,132.1949,90.3114,80.6672
299.0367,142.9981,83.8990,87.2018
289.6805,170.1701,112.7516,80.6783
286.8372,178.5467,114.8054,90.6006
285.2852,180.5727,89.3513,88.3591
280.4055,175.1853,95.6698,78.0219
280.3068,148.7125,85.6413,82.0937
264.8714,100.2493,87.2594,88.4859
265.0209,48.5649,102.5242,101.2025
273.3630,25.1808,97.1317,109.4183
2
0
0
0
0
1
252.5645,186.4588,70.6111,83.5337
247.6701,168.9449,83.3460,96.5376
241.3699,159.9462,86.5997,93.9434
243.2472,155.6560,78.8419,91.7404
240.8232,156.9849,66.1860,97.0988
233.3229,166.5076,72.7725,92.9791
230.8227,163.6321,73.6752,104.2716
228.7720,173.4339,73.8531,101.2230
231.1362,176.5459,68.6028,98.3826
232.5378,175.7776,72.9368,100.7709
230.1006,184.5911,79.6487,91.7712
224.7844,179.6789,91.5580,95.8358
223.7922,181.2425,96.3774,90.5254
226.3030,177.6952,91.4646,92.5745
230.2095,180.7167,85.0857,89.3941
230.3529,178.6717,87.2831,89.8131
227.9839,174.6756,90.1539,90.7045
227.8950,170.0244,100.2532,95.7255
230.9014,168.7956,103.5199,98.2747
241.2964,150.8727,94.7560,106.4409
230.2844,134.2705,89.1930,98.2720
213.5076,146.1140,108.9147,92.6895
217.2354,120.7475,116.7492,105.3522
232.8777,153.4512,100.7744,82.8889
232.6084,147.1426,105.8179,88.6639
241.6480,137.2167,87.8966,87.7345
235.5954,138.5149,88.0206,87.5534
225.4431,144.2475,88.3861,86.5763
228.4441,161.2175,102.1635,70.1957
204.4134,189.9639,93.5809,68.3572
181.2838,199.1839,92.9030,69.7302
2
0
0
0
0
1
253.0741,133.5706,65.9882,64.6352
244.4586,134.3945,75.6876,64.6643
238.8979,139.5111,81.4274,62.1086
244.6386,135.8214,79.7732,70.7366
246.1204,138.5543,82.1903,69.2205
249.6947,139.1520,67.6191,72.9449
258.1473,141.4377,61.1959,76.6604
259.7901,141.7200,65.6224,75.6524
270.4942,131.5919,58.6625,76.7569
281.4683,139.9010,63.2024,62.7713
277.1623,122.4400,65.5364,53.0268
273.2823,125.6590,69.8573,59.8174
274.3700,131.3618,72.0290,56.2940
278.5257,127.8670,67.7920,64.7212
286.5646,127.3056,70.3443,66.6783
285.8224,129.0861,72.6696,63.1369
287.2372,131.1938,72.8599,69.4077
294.3930,132.4947,66.1087,66.7850
291.6381,135.8198,66.2062,72.4181
291.2234,137.4315,67.0966,71.6878
289.3558,132.7635,70.4945,81.1860
276.7109,133.4558,83.7225,77.0090
275.4774,127.5482,83.9225,83.7574
269.6996,136.2037,87.9753,74.2767
254.2670,150.0102,72.1350,66.1673
225.3144,210.9839,77.7699,62.6992
2
0
0
0
0
1
194.5881,130.5313,105.8413,105.6360
181.1739,116.6007,127.0676,119.4905
176.4042,121.3790,123.7659,116.3992
187.9722,125.4660,110.4596,112.2758
191.7722,129.2323,108.5942,109.9834
191.1694,133.7709,109.2299,114.7299
192.3534,130.6071,115.5362,118.2847
186.9077,138.9276,111.4718,108.7370
187.7728,142.2738,112.3138,105.8647
193.4865,145.2604,122.4970,114.6399
197.4867,145.3651,122.2573,114.3642
198.3261,145.5409,128.8160,118.2111
207.3651,151.5205,130.9784,114.9551
219.8271,160.2635,116.9112,107.5533
225.9358,167.3585,110.7073,118.2029
232.0517,173.9642,115.6571,119.6679
226.9069,171.7150,119.4108,117.0389
232.8242,175.6013,121.4839,114.1655
231.3280,179.0990,129.6160,111.9514
236.8791,182.8026,128.8771,113.6825
243.4646,175.6914,128.8128,119.9037
249.7852,176.2077,127.0384,125.0969
256.9377,183.1669,115.6983,115.2772
260.3045,180.7781,118.7776,122.5921
266.2413,184.8322,108.0938,117.9924
267.1172,186.4307,113.6883,125.1704
270.0909,185.4558,107.3295,124.0422
270.1317,185.4327,110.3842,122.1591
272.3229,183.9260,112.6165,123.3717
286.4355,175.9919,107.1910,136.5493
293.9132,175.2467,111.3376,130.2183
289.9092,184.2329,123.9242,84.6772
295.9692,173.2005,131.3742,90.0276
296.2758,170.8871,135.9587,73.6992
316.5161,170.6741,114.6668,66.9689
319.0504,177.3087,114.3755,71.4241
322.0248,173.1695,111.2379,82.4965
316.9832,155.1879,113.3833,89.0475
317.1273,143.5013,116.5024,90.5730
317.8681,138.5098,107.5486,87.5086
315.2934,136.8396,111.2569,90.8655
306.8103,138.6693,115.3786,92.2948
312.0068,146.1984,112.2225,88.1089
317.1920,152.8872,98.3088,90.2743
313.7178,172.3819,106.5752,82.6401
318.2159,176.5403,96.1632,83.1195
321.1816,165.7644,94.6640,80.0476
327.4410,147.8349,79.9740,88.3117
324.0206,137.6973,82.1208,86.0137
323.0738,129.7055,85.9332,90.0937
319.7757,125.2669,93.4540,91.4357
323.4309,122.1391,93.8958,95.3497
310.0595,91.6072,101.7829,91.8236
305.1226,95.5107,96.3966,107.5141
305.2441,87.5624,89.6186,112.5127
302.9272,99.2649,82.1224,111.5494
299.8039,106.0790,84.9155,123.6194
297.3115,98.8170,85.2935,118.2071
292.8909,89.7341,84.4112,117.0827
294.4872,102.9683,77.3833,101.3764
288.1384,102.4390,82.3061,103.4837
281.7871,108.6093,87.2540,101.5072
278.6733,113.8309,93.4063,108.3180
280.4593,127.9887,88.5404,113.7006
281.4049,130.0384,85.7415,120.3850
288.2614,133.8283,79.2402,123.6423
285.6756,127.8267,80.0209,117.4724
283.3664,110.8782,88.0545,130.0961
285.2748,125.5328,92.1051,106.9511
280.5355,122.2836,97.2241,112.8786
278.4502,121.2694,103.2184,113.3723
276.5035,124.6852,98.1780,113.7608
264.9591,148.2805,110.3640,112.7891
271.8453,166.2397,98.0208,106.7397
278.8446,163.6609,93.2846,113.0369
276.4344,150.2183,92.8006,125.3711
291.9128,128.4367,69.5390,137.8629
291.2871,131.5571,73.6534,120.0001
290.2604,123.4090,68.6400,120.9570
290.1794,129.8660,63.7284,113.3532
289.8492,128.4758,64.0768,118.1637
283.0997,140.7884,69.3064,110.4615
282.4532,150.4565,73.2586,109.7582
284.0678,158.1508,71.4331,110.0627
281.6539,158.9123,74.0676,111.9163
293.0388,151.9647,61.5407,118.7905
298.5948,165.3058,58.1702,110.1708
291.9675,176.5385,64.0809,111.9603
289.7401,177.1347,70.4799,114.3617
291.4253,179.9941,68.0184,110.2722
290.1808,173.0836,68.7959,110.0484
291.2657,154.1585,72.5929,117.9962
281.7941,130.7865,80.3366,126.3067
275.1736,115.7746,87.3853,131.3412
271.6994,109.0385,92.1878,124.7948
276.3120,136.6942,86.3104,94.3465
275.1260,135.2405,86.5322,94.0912
276.3288,127.9471,85.5969,103.4251
276.1145,130.8095,86.9830,109.6382
280.4470,121.9726,82.5313,115.3513
273.0782,119.7684,89.8640,115.2914
275.5597,110.5259,84.1380,115.9050
274.9850,107.3265,83.1670,111.1142
266.8974,105.0497,94.4679,102.2229
264.8575,94.5914,93.3745,110.5859
261.5713,94.7198,96.2496,113.4210
268.1896,96.2391,99.7971,107.1843
264.5751,102.0849,105.8502,105.1719
252.3725,107.8971,117.5948,106.3495
263.2150,106.5109,106.1418,103.8560
270.2390,102.3039,94.3574,102.7014
269.6238,93.3501,93.8373,100.9261
258.7149,71.7085,103.6251,116.2166
253.5141,70.2660,102.5971,119.6915
263.8321,64.9852,89.2431,126.5371
254.8322,89.4088,94.8798,108.0878
251.5672,96.2506,96.1995,111.6443
249.8859,103.8798,99.5019,112.7381
247.1617,107.1330,104.3577,112.4587
244.7291,107.3336,112.2200,106.8752
237.1753,108.1207,123.7859,107.4903
236.3204,102.4824,121.5175,108.4702
238.2125,99.6522,118.3523,107.6937
246.9269,96.0678,111.8164,120.3271
242.4120,98.6276,118.6814,118.9261
250.9904,92.0837,111.8154,138.9879
254.2828,89.3579,109.6068,148.8990
260.7964,96.2578,109.5350,146.4442
267.0056,108.4684,102.0824,105.8179
263.4942,114.0878,104.0720,104.5983
256.2979,99.1478,108.3175,113.5971
250.5181,94.4142,115.8383,112.9513
246.9909,95.2582,118.8721,110.7131
266.3394,97.9533,101.5822,112.5334
265.0145,89.1993,101.7611,121.7838
269.1323,100.9557,98.2380,121.2267
269.1173,102.4202,97.2929,124.9775
277.2270,99.2744,94.6001,119.2944
269.7099,86.9861,103.6490,118.1334
270.4026,82.7550,96.6862,114.9587
260.1192,75.9820,108.4856,115.4618
260.2669,80.6401,113.2240,112.4659
278.4513,83.1397,96.9039,110.4156
275.5161,91.0473,100.3111,108.6887
274.3427,100.6257,107.9593,104.2998
264.7205,89.7150,123.1865,118.4536
252.1313,82.2780,129.8411,121.1313
257.4763,75.6817,119.3716,117.0417
278.5180,65.6110,91.4782,118.5958
278.3797,56.7843,89.3886,118.0432
276.0237,46.9006,93.1261,127.6257
268.5561,49.1836,101.0319,126.9469
266.3465,51.9552,103.2408,133.1156
266.7148,55.3854,103.1739,127.0624
262.9684,61.7380,107.4263,98.1646
262.6740,60.9418,108.0574,98.1692
263.6117,61.4462,102.2182,107.2910
262.4139,56.3074,108.5270,111.9200
265.6699,46.3273,106.7521,120.5548
268.4201,41.7178,97.4548,124.6218
271.8359,40.2193,103.7130,124.8042
277.7998,40.7311,99.6131,108.2765
279.1108,43.0931,101.9889,108.4261
277.0398,41.6530,103.5710,115.2207
272.4235,49.2099,109.3784,112.4986
273.8647,46.9573,107.8555,110.4708
273.3652,44.5528,99.4481,124.1462
254.1475,25.3042,126.4294,127.1520
255.7124,18.7874,126.6270,121.5649
249.1048,13.2897,124.9063,131.1958
258.7109,7.5431,108.1179,134.9054
248.6149,12.2561,117.4516,133.6178
255.1172,22.4215,110.3366,130.1167
260.3965,23.6484,102.3059,137.9738
250.0511,21.6973,111.2002,151.9368
248.8831,49.0246,111.5830,126.9630
248.6428,41.8152,111.7934,131.7485
233.7758,34.5234,122.2957,134.6527
234.5309,30.5402,119.9620,136.4463
239.6063,23.7158,113.1558,142.6463
260.6957,23.0656,99.5903,127.1171
258.6059,24.2755,98.6600,129.5074
260.3441,25.2145,97.6570,140.4067
252.7557,37.7102,105.6313,141.7246
250.4919,46.7538,111.8144,137.8530
248.8813,47.8741,116.3669,132.6761
243.8173,55.2409,118.0511,112.3273
238.8624,48.0719,125.4804,123.9764
252.9938,43.4605,113.0999,125.0964
253.5161,34.7387,112.4753,131.3150
258.2858,27.6996,108.2976,134.2486
261.0485,23.9487,107.6662,126.5903
265.1338,20.4086,108.1496,136.4183
269.2330,24.9033,107.5782,135.2402
280.0352,19.8339,102.7958,150.0591
291.5806,61.2607,117.9510,111.7298
296.7519,64.8047,116.3935,108.0114
301.3042,63.1968,110.7321,102.2838
300.5319,52.5930,104.2401,111.6541
297.4978,53.1834,105.5194,121.6172
298.6877,55.3754,122.7128,116.6787
298.1519,61.8143,120.9570,110.0435
295.7993,61.0428,123.3180,112.5309
291.0903,61.3650,126.7035,118.7623
290.3656,61.1431,126.2982,119.6389
299.6522,57.1478,116.1362,123.1150
300.0197,52.6968,115.5387,114.7603
288.0445,38.3736,127.0419,128.5593
282.8601,37.1130,132.8890,132.1857
315.6371,29.8881,102.3797,118.6899
314.3305,30.2839,99.6975,120.5235
311.3456,31.7653,105.3512,126.1505
2
0
0
0
0
1
309.1034,127.9095,31.6069,57.9322
307.6949,128.3055,36.9554,58.3631
307.9555,126.0942,41.1719,61.7826
308.7645,126.7767,43.6486,56.2616
309.4811,129.4826,42.0004,51.2906
308.4825,133.3994,45.8433,54.6205
309.8836,139.5506,43.8823,50.8142
310.9899,148.2712,46.3780,46.3217
317.6983,154.2388,43.4564,47.7206
318.8226,161.0129,46.1922,46.7042
319.2622,165.8818,49.3529,47.0054
323.3682,166.5056,49.5184,49.1840
318.4151,172.5619,57.3690,47.9974
316.8656,180.6566,58.7322,44.2427
318.1175,189.8553,57.7465,44.4782
320.2384,197.0028,56.1124,42.3643
315.0445,203.5526,53.8235,40.6279
315.3077,206.8505,59.3381,41.6148
2
0
0
