0.004238
0.026919
0.028307
0.028706
0.031213
0.030202
0.028952
0.031906
0.032011
0.032358
0.032257
0.036847
0.045092
0.046581
0.039656
0.040008
0.045929
0.04448
0.046349
0.048171
0.05682
0.04893
0.051585
0.055748
0.06186
0.064065
0.066077
0.065431
0.062587
0.065721
0.0751
0.071846
0.076142
0.076423
0.072996
0.075608
0.076556
0.075865
0.076125
0.07613
0.079728
0.11787
0.082985
0.075342
0.070705
0.071746
0.072538
0.075146
0.10797
0.094229
0.076396
0.07828
0.076216
0.076208
0.075708
0.075944
0.075201
0.076078
0.073633
0.07967
0.076126
0.072878
0.078488
0.073141
0.075578
0.078185
0.083898
0.079145
0.078346
0.082324
0.078809
0.083968
0.086921
0.085501
0.080986
0.081
0.075488
0.077783
0.075115
0.071843
0.07475
0.078546
0.096862
0.078574
0.076938
0.07803
0.076677
0.071054
0.069589
0.068886
0.068591
0.067066
0.067534
0.070514
0.067592
0.074281
0.074023
0.077226
0.07417
0.07481
0.076545
0.073716
0.075034
0.077512
0.076435
0.073039
0.074535
0.078714
0.075793
0.074802
0.073413
0.074124
0.075428
0.074295
0.072649
0.07385
0.074326
0.076072
0.07476
0.071493
0.072164
0.077207
0.074955
0.072999
0.073903
0.077863
0.07638
0.075306
0.077992
0.0742
0.076636
0.076846
0.076652
0.076866
0.075301
0.076106
0.073152
0.076649
0.076824
0.07643
0.078253
0.075526
0.077623
0.078036
0.076235
0.079438
0.082989
0.10455
0.094711
0.11029
0.076488
0.075049
0.076115
0.076985
0.077791
0.074351
0.075264
0.078796
0.075896
0.079803
0.078693
0.077742
0.074104
0.07898
0.081366
0.086344
0.076291
0.11315
0.092829
0.083661
0.097946
0.078832
0.070801
0.071799
0.075701
0.068911
0.079514
0.067269
0.073354
0.08415
0.08366
0.092165
0.085251
0.085273
0.085234
0.085662
0.086267
0.080588
0.081004
0.095116
0.090435
0.075389
0.078397
0.078492
0.077598
0.079225
0.077018
0.084441
0.078497
0.077598
0.084894
0.081494
0.080722
0.078442
0.078326
0.079209
0.078317
0.076574
0.08309
0.077333
0.074425
0.074903
0.078361
0.078997
0.096445
0.09043
0.087061
0.091358
0.086911
0.08909
0.090237
0.091742
0.090666
0.08439
0.098774
0.088457
0.091429
0.089374
0.0887
0.08741
0.091196
0.089034
0.088017
0.090549
0.089524
0.094802
0.08713
0.090761
0.087793
0.089225
0.086908
0.08765
0.085732
0.08912
0.087024
0.068596
0.071335
0.066185
0.067726
0.068875
0.068157
0.068688
0.068614
0.068257
0.067147
0.061115
0.066571
0.064383
0.063894
0.060668
0.064558
0.063081
0.061912
0.059583
0.075807
0.073036
0.06192
0.064249
0.064016
0.05838
0.05325
0.046027
0.064109
0.057385
0.052941
0.053496
0.067866
0.056035
0.045436
0.062386
0.056341
0.048775
0.066473
0.058608
0.057245
0.044809
0.060786
0.052409
0.065169
0.058609
0.04719
0.052266
0.046604
0.060755
0.055109
0.046674
0.05924
0.045504
0.077993
0.06586
0.058707
0.048462
0.056887
0.051791
0.054866
0.049699
0.051907
0.055502
0.055828
0.055647
0.055199
0.05184
0.060507
0.043252
0.042702
0.05505
0.048462
0.046516
0.06326
0.058234
0.055852
0.047719
0.049058
0.044051
0.052754
0.046906
0.050622
0.046077
0.055738
0.046996
0.051599
0.048096
0.05793
0.052161
0.050167
0.04675
0.058016
0.04797
0.043309
0.058603
0.055374
0.046822
0.052899
0.046212
0.057717
0.053997
0.050912
0.048909
0.049918
0.047049
0.048346
0.04639
0.04786
0.050964
0.056493
0.056147
0.056151
0.066564
0.076487
0.070079
0.068116
0.063308
0.049652
0.055869
0.04622
0.049326
0.05986
0.074717
0.065785
0.06827
0.068679
0.068921
0.071484
0.068818
0.068661
0.075985
0.08323
0.083229
0.083772
0.080967
0.084309
0.089934
0.086448
0.093489
0.092098
0.08354
0.085712
0.082885
0.081809
0.082874
0.079333
0.079459
0.083146
0.10014
0.097106
0.08527
0.078628
0.082624
0.085245
0.080549
0.08454
0.088045
0.093301
0.083723
0.089274
0.082239
0.086649
0.08363
0.085518
0.090553
0.08357
0.083365
0.082643
0.082516
0.081667
0.086619
0.10461
0.088785
0.080387
0.085859
0.093802
0.077732
0.079703
0.086678
0.079932
0.083993
0.07498
0.086085
0.077916
0.079552
0.083311
0.08392
0.096284
0.084937
0.086377
0.092974
0.091272
0.091787
0.082465
0.08654
0.090795
0.094364
0.091883
0.084918
0.084741
0.090384
0.091163
0.080862
0.087541
0.082255
0.09218
0.099394
0.10307
0.098247
0.11039
0.10658
0.098894
0.10508
0.10537
0.099499
0.10332
0.10013
0.10706
0.11153
0.10721
0.085624
0.084028
0.086331
0.086943
0.089666
0.083156
0.092451
0.084604
0.095182
0.085082
0.084014
0.086169
0.089611
0.084698
0.084754
0.086778
0.093063
0.089297
0.09041
0.098936
0.086767
0.081072
0.082933
0.077689
0.084183
0.080106
0.082624
0.082222
0.082495
0.086936
0.09674
0.087373
0.099187
0.10299
0.10385
0.10589
0.099492
0.10228
0.097836
0.097777
0.098777
0.077082
0.08284
0.08305
0.081995
0.079071
0.086951
0.089549
0.093935
0.087632
0.092353
0.07965
0.081236
0.083814
0.089539
0.085769
0.078678
0.076807
0.077658
0.082197
0.082292
0.08126
0.078964
0.076644
0.075465
0.073266
0.075342
0.073686
0.076171
0.074574
0.073495
0.07224
0.066717
0.067291
0.062019
0.062907
0.06035
0.061497
0.063028
0.062605
0.065828
0.066437
0.065863
0.06642
0.059404
0.060956
0.060584
0.067533
0.066902
0.062433
0.057048
0.066242
0.056598
0.062826
0.060981
0.057239
0.066559
0.057938
0.05927
0.060188
0.061541
0.05873
0.062502
0.067105
0.056502
0.064584
0.054977
0.063523
0.054074
0.054556
0.053492
0.072142
0.073798
0.068483
0.071972
0.068575
0.071219
0.052246
0.053005
0.060513
0.053643
0.054664
0.050269
0.058403
0.062731
0.063024
0.059127
0.06018
0.058784
0.062751
0.067743
0.060007
0.059188
0.066771
0.060833
0.068628
0.060911
0.059353
0.066478
0.053389
0.055266
0.043087
0.044165
0.034936
0.037892
0.041805
0.047129
0.047206
0.043834
0.044138
0.037298
0.041528
0.054152
0.052441
0.051928
0.054682
0.05429
0.04987
0.046025
0.052472
0.05677
0.055979
0.054788
0.056906
0.056977
0.057918
0.058273
0.065585
0.067401
0.068561
0.059434
0.061787
0.061492
0.062003
0.062724
0.06448
0.065807
0.06973
0.071097
0.066878
0.066116
0.068706
0.066633
0.072597
0.073094
0.074684
0.072996
0.057014
0.063783
0.066479
0.059225
0.067932
0.066332
0.065912
0.070134
0.066349
