1
538.0000,203.0000,559.0000,203.0000,559.0000,224.0000,538.0000,224.0000
535.0000,210.0000,556.0000,210.0000,556.0000,231.0000,535.0000,231.0000
534.0000,219.0000,555.0000,219.0000,555.0000,240.0000,534.0000,240.0000
532.0000,225.0000,553.0000,225.0000,553.0000,246.0000,532.0000,246.0000
530.0000,232.0000,551.0000,232.0000,551.0000,253.0000,530.0000,253.0000
529.0000,239.0000,550.0000,239.0000,550.0000,260.0000,529.0000,260.0000
529.0000,245.0000,550.0000,245.0000,550.0000,266.0000,529.0000,266.0000
531.0000,251.0000,551.0000,251.0000,551.0000,272.0000,531.0000,272.0000
533.0000,255.0000,553.0000,255.0000,553.0000,275.0000,533.0000,275.0000
537.0000,258.0000,557.0000,258.0000,557.0000,278.0000,537.0000,278.0000
543.0000,260.0000,563.0000,260.0000,563.0000,280.0000,543.0000,280.0000
551.0000,262.0000,570.0000,262.0000,570.0000,282.0000,551.0000,282.0000
560.0000,265.0000,580.0000,265.0000,580.0000,285.0000,560.0000,285.0000
568.0000,268.0000,588.0000,268.0000,588.0000,287.0000,568.0000,287.0000
579.0000,271.0000,599.0000,271.0000,599.0000,290.0000,579.0000,290.0000
591.0000,271.0000,610.0000,271.0000,610.0000,290.0000,591.0000,290.0000
603.0000,273.0000,621.0000,273.0000,621.0000,292.0000,603.0000,292.0000
613.0000,274.0000,631.0000,274.0000,631.0000,293.0000,613.0000,293.0000
623.0000,277.0000,642.0000,277.0000,642.0000,296.0000,623.0000,296.0000
632.0000,279.0000,651.0000,279.0000,651.0000,298.0000,632.0000,298.0000
641.0000,282.0000,659.0000,282.0000,659.0000,300.0000,641.0000,300.0000
648.0000,284.0000,667.0000,284.0000,667.0000,302.0000,648.0000,302.0000
655.0000,286.0000,674.0000,286.0000,674.0000,304.0000,655.0000,304.0000
661.0000,286.0000,680.0000,286.0000,680.0000,305.0000,661.0000,305.0000
666.0000,288.0000,685.0000,288.0000,685.0000,306.0000,666.0000,306.0000
670.0000,288.0000,689.0000,288.0000,689.0000,307.0000,670.0000,307.0000
674.0000,290.0000,693.0000,290.0000,693.0000,309.0000,674.0000,309.0000
2
0
0
0
0
1
703.0000,283.0000,720.0000,283.0000,720.0000,294.0000,703.0000,294.0000
707.0000,281.0000,724.0000,281.0000,724.0000,292.0000,707.0000,292.0000
712.0000,277.0000,729.0000,277.0000,729.0000,288.0000,712.0000,288.0000
718.0000,273.0000,735.0000,273.0000,735.0000,284.0000,718.0000,284.0000
725.0000,269.0000,742.0000,269.0000,742.0000,281.0000,725.0000,281.0000
733.0000,264.0000,750.0000,264.0000,750.0000,275.0000,733.0000,275.0000
741.0000,259.0000,758.0000,259.0000,758.0000,270.0000,741.0000,270.0000
751.0000,255.0000,768.0000,255.0000,768.0000,266.0000,751.0000,266.0000
762.0000,250.0000,779.0000,250.0000,779.0000,261.0000,762.0000,261.0000
775.0000,246.0000,792.0000,246.0000,792.0000,257.0000,775.0000,257.0000
788.0000,241.0000,805.0000,241.0000,805.0000,251.0000,788.0000,251.0000
803.0000,236.0000,820.0000,236.0000,820.0000,246.0000,803.0000,246.0000
818.0000,231.0000,834.0000,231.0000,834.0000,242.0000,818.0000,242.0000
834.0000,227.0000,850.0000,227.0000,850.0000,238.0000,834.0000,238.0000
849.0000,223.0000,865.0000,223.0000,865.0000,234.0000,849.0000,234.0000
865.0000,221.0000,881.0000,221.0000,881.0000,232.0000,865.0000,232.0000
880.0000,217.0000,897.0000,217.0000,897.0000,228.0000,880.0000,228.0000
895.0000,214.0000,911.0000,214.0000,911.0000,224.0000,895.0000,224.0000
911.0000,210.0000,927.0000,210.0000,927.0000,220.0000,911.0000,220.0000
925.0000,204.0000,942.0000,204.0000,942.0000,215.0000,925.0000,215.0000
940.0000,200.0000,957.0000,200.0000,957.0000,210.0000,940.0000,210.0000
955.0000,194.0000,972.0000,194.0000,972.0000,205.0000,955.0000,205.0000
967.0000,187.0000,984.0000,187.0000,984.0000,198.0000,967.0000,198.0000
979.0000,179.0000,996.0000,179.0000,996.0000,190.0000,979.0000,190.0000
991.0000,174.0000,1008.0000,174.0000,1008.0000,185.0000,991.0000,185.0000
1003.0000,170.0000,1019.0000,170.0000,1019.0000,180.0000,1003.0000,180.0000
1014.0000,166.0000,1030.0000,166.0000,1030.0000,177.0000,1014.0000,177.0000
1024.0000,163.0000,1041.0000,163.0000,1041.0000,174.0000,1024.0000,174.0000
1036.0000,163.0000,1053.0000,163.0000,1053.0000,174.0000,1036.0000,174.0000
1046.0000,164.0000,1063.0000,164.0000,1063.0000,175.0000,1046.0000,175.0000
1060.0000,166.0000,1077.0000,166.0000,1077.0000,177.0000,1060.0000,177.0000
1068.0000,171.0000,1085.0000,171.0000,1085.0000,182.0000,1068.0000,182.0000
1074.0000,171.0000,1091.0000,171.0000,1091.0000,182.0000,1074.0000,182.0000
1078.0000,165.0000,1095.0000,165.0000,1095.0000,176.0000,1078.0000,176.0000
1081.0000,157.0000,1098.0000,157.0000,1098.0000,168.0000,1081.0000,168.0000
1081.0000,153.0000,1098.0000,153.0000,1098.0000,164.0000,1081.0000,164.0000
1087.0000,142.0000,1104.0000,142.0000,1104.0000,153.0000,1087.0000,153.0000
1085.0000,140.0000,1102.0000,140.0000,1102.0000,150.0000,1085.0000,150.0000
1092.0000,131.0000,1109.0000,131.0000,1109.0000,142.0000,1092.0000,142.0000
1093.0000,125.0000,1110.0000,125.0000,1110.0000,136.0000,1093.0000,136.0000
1095.0000,120.0000,1112.0000,120.0000,1112.0000,131.0000,1095.0000,131.0000
1097.0000,117.0000,1113.0000,117.0000,1113.0000,128.0000,1097.0000,128.0000
1095.0000,120.0000,1112.0000,120.0000,1112.0000,131.0000,1095.0000,131.0000
1098.0000,117.0000,1114.0000,117.0000,1114.0000,127.0000,1098.0000,127.0000
1104.0000,106.0000,1121.0000,106.0000,1121.0000,117.0000,1104.0000,117.0000
1101.0000,97.0000,1118.0000,97.0000,1118.0000,108.0000,1101.0000,108.0000
1103.0000,84.0000,1120.0000,84.0000,1120.0000,95.0000,1103.0000,95.0000
1109.0000,74.0000,1126.0000,74.0000,1126.0000,85.0000,1109.0000,85.0000
1113.0000,70.0000,1130.0000,70.0000,1130.0000,81.0000,1113.0000,81.0000
1117.0000,67.0000,1134.0000,67.0000,1134.0000,78.0000,1117.0000,78.0000
1121.0000,59.0000,1138.0000,59.0000,1138.0000,70.0000,1121.0000,70.0000
1128.0000,52.0000,1145.0000,52.0000,1145.0000,63.0000,1128.0000,63.0000
1133.0000,49.0000,1150.0000,49.0000,1150.0000,60.0000,1133.0000,60.0000
1139.0000,47.0000,1156.0000,47.0000,1156.0000,58.0000,1139.0000,58.0000
1144.0000,44.0000,1161.0000,44.0000,1161.0000,55.0000,1144.0000,55.0000
1149.0000,40.0000,1166.0000,40.0000,1166.0000,52.0000,1149.0000,52.0000
1157.0000,40.0000,1174.0000,40.0000,1174.0000,51.0000,1157.0000,51.0000
1163.0000,39.0000,1180.0000,39.0000,1180.0000,50.0000,1163.0000,50.0000
1169.0000,38.0000,1186.0000,38.0000,1186.0000,49.0000,1169.0000,49.0000
1174.0000,36.0000,1191.0000,36.0000,1191.0000,47.0000,1174.0000,47.0000
1179.0000,34.0000,1196.0000,34.0000,1196.0000,45.0000,1179.0000,45.0000
1186.0000,37.0000,1203.0000,37.0000,1203.0000,47.0000,1186.0000,47.0000
1191.0000,39.0000,1208.0000,39.0000,1208.0000,50.0000,1191.0000,50.0000
1197.0000,43.0000,1214.0000,43.0000,1214.0000,54.0000,1197.0000,54.0000
1205.0000,47.0000,1222.0000,47.0000,1222.0000,58.0000,1205.0000,58.0000
1204.0000,58.0000,1221.0000,58.0000,1221.0000,69.0000,1204.0000,69.0000
1211.0000,69.0000,1228.0000,69.0000,1228.0000,80.0000,1211.0000,80.0000
1216.0000,83.0000,1233.0000,83.0000,1233.0000,94.0000,1216.0000,94.0000
1223.0000,97.0000,1239.0000,97.0000,1239.0000,108.0000,1223.0000,108.0000
1233.0000,106.0000,1250.0000,106.0000,1250.0000,117.0000,1233.0000,117.0000
2
0
0
0
0
1
2
0
0
0
0
1
1258.0000,309.0000,1277.0000,309.0000,1277.0000,315.0000,1258.0000,315.0000
1256.0000,311.0000,1275.0000,311.0000,1275.0000,318.0000,1256.0000,318.0000
1253.0000,315.0000,1272.0000,315.0000,1272.0000,321.0000,1253.0000,321.0000
1248.0000,317.0000,1268.0000,317.0000,1268.0000,324.0000,1248.0000,324.0000
1244.0000,322.0000,1264.0000,322.0000,1264.0000,328.0000,1244.0000,328.0000
1238.0000,326.0000,1258.0000,326.0000,1258.0000,332.0000,1238.0000,332.0000
1231.0000,332.0000,1251.0000,332.0000,1251.0000,338.0000,1231.0000,338.0000
1224.0000,340.0000,1243.0000,340.0000,1243.0000,346.0000,1224.0000,346.0000
1216.0000,348.0000,1235.0000,348.0000,1235.0000,354.0000,1216.0000,354.0000
1207.0000,357.0000,1226.0000,357.0000,1226.0000,363.0000,1207.0000,363.0000
1198.0000,368.0000,1217.0000,368.0000,1217.0000,374.0000,1198.0000,374.0000
1188.0000,377.0000,1207.0000,377.0000,1207.0000,383.0000,1188.0000,383.0000
1180.0000,385.0000,1199.0000,385.0000,1199.0000,391.0000,1180.0000,391.0000
1172.0000,395.0000,1191.0000,395.0000,1191.0000,401.0000,1172.0000,401.0000
1163.0000,406.0000,1182.0000,406.0000,1182.0000,412.0000,1163.0000,412.0000
1153.0000,418.0000,1173.0000,418.0000,1173.0000,424.0000,1153.0000,424.0000
1142.0000,431.0000,1161.0000,431.0000,1161.0000,437.0000,1142.0000,437.0000
1134.0000,441.0000,1154.0000,441.0000,1154.0000,447.0000,1134.0000,447.0000
1128.0000,447.0000,1147.0000,447.0000,1147.0000,453.0000,1128.0000,453.0000
1123.0000,451.0000,1142.0000,451.0000,1142.0000,457.0000,1123.0000,457.0000
1118.0000,456.0000,1137.0000,456.0000,1137.0000,462.0000,1118.0000,462.0000
1112.0000,461.0000,1131.0000,461.0000,1131.0000,467.0000,1112.0000,467.0000
1107.0000,465.0000,1126.0000,465.0000,1126.0000,471.0000,1107.0000,471.0000
1105.0000,471.0000,1124.0000,471.0000,1124.0000,477.0000,1105.0000,477.0000
1099.0000,472.0000,1118.0000,472.0000,1118.0000,478.0000,1099.0000,478.0000
1096.0000,473.0000,1115.0000,473.0000,1115.0000,479.0000,1096.0000,479.0000
1097.0000,473.0000,1116.0000,473.0000,1116.0000,479.0000,1097.0000,479.0000
1093.0000,469.0000,1113.0000,469.0000,1113.0000,475.0000,1093.0000,475.0000
1092.0000,466.0000,1111.0000,466.0000,1111.0000,472.0000,1092.0000,472.0000
1090.0000,462.0000,1109.0000,462.0000,1109.0000,468.0000,1090.0000,468.0000
1088.0000,458.0000,1108.0000,458.0000,1108.0000,464.0000,1088.0000,464.0000
1088.0000,458.0000,1108.0000,458.0000,1108.0000,464.0000,1088.0000,464.0000
1082.0000,455.0000,1101.0000,455.0000,1101.0000,461.0000,1082.0000,461.0000
1079.0000,456.0000,1099.0000,456.0000,1099.0000,462.0000,1079.0000,462.0000
1075.0000,455.0000,1095.0000,455.0000,1095.0000,461.0000,1075.0000,461.0000
1068.0000,450.0000,1087.0000,450.0000,1087.0000,456.0000,1068.0000,456.0000
1064.0000,453.0000,1083.0000,453.0000,1083.0000,459.0000,1064.0000,459.0000
1057.0000,453.0000,1076.0000,453.0000,1076.0000,459.0000,1057.0000,459.0000
1052.0000,453.0000,1071.0000,453.0000,1071.0000,459.0000,1052.0000,459.0000
1046.0000,452.0000,1065.0000,452.0000,1065.0000,458.0000,1046.0000,458.0000
1040.0000,451.0000,1059.0000,451.0000,1059.0000,457.0000,1040.0000,457.0000
1033.0000,449.0000,1053.0000,449.0000,1053.0000,455.0000,1033.0000,455.0000
1027.0000,445.0000,1047.0000,445.0000,1047.0000,451.0000,1027.0000,451.0000
1024.0000,441.0000,1043.0000,441.0000,1043.0000,447.0000,1024.0000,447.0000
1020.0000,437.0000,1039.0000,437.0000,1039.0000,444.0000,1020.0000,444.0000
1017.0000,435.0000,1037.0000,435.0000,1037.0000,441.0000,1017.0000,441.0000
1010.0000,431.0000,1029.0000,431.0000,1029.0000,437.0000,1010.0000,437.0000
1006.0000,429.0000,1026.0000,429.0000,1026.0000,435.0000,1006.0000,435.0000
999.0000,425.0000,1019.0000,425.0000,1019.0000,431.0000,999.0000,431.0000
995.0000,424.0000,1015.0000,424.0000,1015.0000,430.0000,995.0000,430.0000
993.0000,425.0000,1013.0000,425.0000,1013.0000,432.0000,993.0000,432.0000
988.0000,426.0000,1008.0000,426.0000,1008.0000,432.0000,988.0000,432.0000
983.0000,426.0000,1002.0000,426.0000,1002.0000,432.0000,983.0000,432.0000
977.0000,426.0000,997.0000,426.0000,997.0000,432.0000,977.0000,432.0000
973.0000,425.0000,992.0000,425.0000,992.0000,431.0000,973.0000,431.0000
970.0000,425.0000,989.0000,425.0000,989.0000,431.0000,970.0000,431.0000
966.0000,423.0000,986.0000,423.0000,986.0000,430.0000,966.0000,430.0000
962.0000,420.0000,982.0000,420.0000,982.0000,426.0000,962.0000,426.0000
959.0000,415.0000,978.0000,415.0000,978.0000,421.0000,959.0000,421.0000
956.0000,411.0000,975.0000,411.0000,975.0000,417.0000,956.0000,417.0000
953.0000,407.0000,972.0000,407.0000,972.0000,414.0000,953.0000,414.0000
950.0000,403.0000,970.0000,403.0000,970.0000,409.0000,950.0000,409.0000
948.0000,398.0000,968.0000,398.0000,968.0000,404.0000,948.0000,404.0000
949.0000,393.0000,969.0000,393.0000,969.0000,399.0000,949.0000,399.0000
946.0000,385.0000,966.0000,385.0000,966.0000,391.0000,946.0000,391.0000
944.0000,377.0000,964.0000,377.0000,964.0000,384.0000,944.0000,384.0000
941.0000,371.0000,961.0000,371.0000,961.0000,377.0000,941.0000,377.0000
939.0000,367.0000,959.0000,367.0000,959.0000,373.0000,939.0000,373.0000
936.0000,363.0000,956.0000,363.0000,956.0000,369.0000,936.0000,369.0000
933.0000,357.0000,953.0000,357.0000,953.0000,364.0000,933.0000,364.0000
930.0000,354.0000,950.0000,354.0000,950.0000,360.0000,930.0000,360.0000
926.0000,352.0000,946.0000,352.0000,946.0000,358.0000,926.0000,358.0000
921.0000,353.0000,941.0000,353.0000,941.0000,359.0000,921.0000,359.0000
916.0000,350.0000,936.0000,350.0000,936.0000,357.0000,916.0000,357.0000
912.0000,346.0000,931.0000,346.0000,931.0000,353.0000,912.0000,353.0000
908.0000,341.0000,928.0000,341.0000,928.0000,347.0000,908.0000,347.0000
906.0000,337.0000,925.0000,337.0000,925.0000,343.0000,906.0000,343.0000
902.0000,334.0000,922.0000,334.0000,922.0000,341.0000,902.0000,341.0000
898.0000,332.0000,918.0000,332.0000,918.0000,339.0000,898.0000,339.0000
893.0000,331.0000,913.0000,331.0000,913.0000,337.0000,893.0000,337.0000
888.0000,330.0000,908.0000,330.0000,908.0000,336.0000,888.0000,336.0000
883.0000,329.0000,903.0000,329.0000,903.0000,335.0000,883.0000,335.0000
878.0000,329.0000,897.0000,329.0000,897.0000,335.0000,878.0000,335.0000
872.0000,332.0000,892.0000,332.0000,892.0000,338.0000,872.0000,338.0000
865.0000,334.0000,885.0000,334.0000,885.0000,340.0000,865.0000,340.0000
859.0000,335.0000,878.0000,335.0000,878.0000,342.0000,859.0000,342.0000
853.0000,335.0000,872.0000,335.0000,872.0000,341.0000,853.0000,341.0000
845.0000,334.0000,864.0000,334.0000,864.0000,341.0000,845.0000,341.0000
838.0000,333.0000,857.0000,333.0000,857.0000,339.0000,838.0000,339.0000
831.0000,332.0000,850.0000,332.0000,850.0000,338.0000,831.0000,338.0000
824.0000,332.0000,843.0000,332.0000,843.0000,338.0000,824.0000,338.0000
816.0000,335.0000,835.0000,335.0000,835.0000,341.0000,816.0000,341.0000
808.0000,338.0000,827.0000,338.0000,827.0000,344.0000,808.0000,344.0000
801.0000,342.0000,820.0000,342.0000,820.0000,348.0000,801.0000,348.0000
794.0000,344.0000,813.0000,344.0000,813.0000,350.0000,794.0000,350.0000
787.0000,345.0000,806.0000,345.0000,806.0000,351.0000,787.0000,351.0000
779.0000,344.0000,799.0000,344.0000,799.0000,350.0000,779.0000,350.0000
772.0000,342.0000,792.0000,342.0000,792.0000,348.0000,772.0000,348.0000
766.0000,340.0000,786.0000,340.0000,786.0000,346.0000,766.0000,346.0000
760.0000,336.0000,779.0000,336.0000,779.0000,343.0000,760.0000,343.0000
756.0000,333.0000,776.0000,333.0000,776.0000,339.0000,756.0000,339.0000
749.0000,326.0000,769.0000,326.0000,769.0000,333.0000,749.0000,333.0000
745.0000,322.0000,765.0000,322.0000,765.0000,328.0000,745.0000,328.0000
741.0000,315.0000,760.0000,315.0000,760.0000,321.0000,741.0000,321.0000
736.0000,308.0000,756.0000,308.0000,756.0000,314.0000,736.0000,314.0000
732.0000,300.0000,752.0000,300.0000,752.0000,306.0000,732.0000,306.0000
728.0000,293.0000,748.0000,293.0000,748.0000,299.0000,728.0000,299.0000
723.0000,286.0000,742.0000,286.0000,742.0000,292.0000,723.0000,292.0000
718.0000,280.0000,737.0000,280.0000,737.0000,286.0000,718.0000,286.0000
714.0000,275.0000,734.0000,275.0000,734.0000,281.0000,714.0000,281.0000
709.0000,270.0000,729.0000,270.0000,729.0000,276.0000,709.0000,276.0000
705.0000,265.0000,725.0000,265.0000,725.0000,272.0000,705.0000,272.0000
701.0000,262.0000,721.0000,262.0000,721.0000,268.0000,701.0000,268.0000
697.0000,258.0000,717.0000,258.0000,717.0000,264.0000,697.0000,264.0000
693.0000,254.0000,713.0000,254.0000,713.0000,260.0000,693.0000,260.0000
697.0000,256.0000,717.0000,256.0000,717.0000,262.0000,697.0000,262.0000
688.0000,249.0000,708.0000,249.0000,708.0000,255.0000,688.0000,255.0000
683.0000,246.0000,703.0000,246.0000,703.0000,252.0000,683.0000,252.0000
675.0000,237.0000,695.0000,237.0000,695.0000,244.0000,675.0000,244.0000
671.0000,235.0000,691.0000,235.0000,691.0000,241.0000,671.0000,241.0000
668.0000,233.0000,688.0000,233.0000,688.0000,240.0000,668.0000,240.0000
665.0000,231.0000,684.0000,231.0000,684.0000,237.0000,665.0000,237.0000
660.0000,229.0000,680.0000,229.0000,680.0000,235.0000,660.0000,235.0000
656.0000,226.0000,676.0000,226.0000,676.0000,232.0000,656.0000,232.0000
651.0000,224.0000,670.0000,224.0000,670.0000,230.0000,651.0000,230.0000
645.0000,222.0000,665.0000,222.0000,665.0000,228.0000,645.0000,228.0000
647.0000,228.0000,666.0000,228.0000,666.0000,235.0000,647.0000,235.0000
649.0000,226.0000,669.0000,226.0000,669.0000,233.0000,649.0000,233.0000
643.0000,226.0000,663.0000,226.0000,663.0000,232.0000,643.0000,232.0000
645.0000,234.0000,664.0000,234.0000,664.0000,240.0000,645.0000,240.0000
2
0
0
0
0
1
575.0000,213.0000,592.0000,213.0000,592.0000,230.0000,575.0000,230.0000
567.0000,212.0000,584.0000,212.0000,584.0000,229.0000,567.0000,229.0000
558.0000,210.0000,576.0000,210.0000,576.0000,228.0000,558.0000,228.0000
551.0000,211.0000,568.0000,211.0000,568.0000,228.0000,551.0000,228.0000
544.0000,210.0000,561.0000,210.0000,561.0000,227.0000,544.0000,227.0000
537.0000,210.0000,554.0000,210.0000,554.0000,227.0000,537.0000,227.0000
531.0000,211.0000,548.0000,211.0000,548.0000,228.0000,531.0000,228.0000
524.0000,211.0000,541.0000,211.0000,541.0000,228.0000,524.0000,228.0000
519.0000,212.0000,536.0000,212.0000,536.0000,229.0000,519.0000,229.0000
514.0000,213.0000,531.0000,213.0000,531.0000,230.0000,514.0000,230.0000
509.0000,213.0000,526.0000,213.0000,526.0000,230.0000,509.0000,230.0000
504.0000,213.0000,521.0000,213.0000,521.0000,230.0000,504.0000,230.0000
500.0000,214.0000,518.0000,214.0000,518.0000,231.0000,500.0000,231.0000
497.0000,215.0000,514.0000,215.0000,514.0000,232.0000,497.0000,232.0000
493.0000,216.0000,510.0000,216.0000,510.0000,233.0000,493.0000,233.0000
489.0000,217.0000,507.0000,217.0000,507.0000,234.0000,489.0000,234.0000
486.0000,218.0000,503.0000,218.0000,503.0000,235.0000,486.0000,235.0000
483.0000,220.0000,500.0000,220.0000,500.0000,237.0000,483.0000,237.0000
480.0000,223.0000,497.0000,223.0000,497.0000,240.0000,480.0000,240.0000
477.0000,226.0000,494.0000,226.0000,494.0000,243.0000,477.0000,243.0000
474.0000,229.0000,492.0000,229.0000,492.0000,247.0000,474.0000,247.0000
472.0000,233.0000,489.0000,233.0000,489.0000,250.0000,472.0000,250.0000
470.0000,236.0000,487.0000,236.0000,487.0000,254.0000,470.0000,254.0000
468.0000,240.0000,485.0000,240.0000,485.0000,257.0000,468.0000,257.0000
466.0000,244.0000,483.0000,244.0000,483.0000,261.0000,466.0000,261.0000
465.0000,248.0000,482.0000,248.0000,482.0000,265.0000,465.0000,265.0000
463.0000,252.0000,481.0000,252.0000,481.0000,269.0000,463.0000,269.0000
462.0000,256.0000,479.0000,256.0000,479.0000,272.0000,462.0000,272.0000
461.0000,258.0000,478.0000,258.0000,478.0000,276.0000,461.0000,276.0000
461.0000,261.0000,478.0000,261.0000,478.0000,278.0000,461.0000,278.0000
460.0000,263.0000,477.0000,263.0000,477.0000,280.0000,460.0000,280.0000
460.0000,265.0000,477.0000,265.0000,477.0000,282.0000,460.0000,282.0000
460.0000,268.0000,477.0000,268.0000,477.0000,286.0000,460.0000,286.0000
460.0000,272.0000,477.0000,272.0000,477.0000,289.0000,460.0000,289.0000
461.0000,276.0000,478.0000,276.0000,478.0000,293.0000,461.0000,293.0000
462.0000,280.0000,479.0000,280.0000,479.0000,297.0000,462.0000,297.0000
463.0000,284.0000,480.0000,284.0000,480.0000,301.0000,463.0000,301.0000
464.0000,286.0000,482.0000,286.0000,482.0000,304.0000,464.0000,304.0000
465.0000,288.0000,482.0000,288.0000,482.0000,306.0000,465.0000,306.0000
467.0000,290.0000,484.0000,290.0000,484.0000,308.0000,467.0000,308.0000
469.0000,293.0000,486.0000,293.0000,486.0000,311.0000,469.0000,311.0000
471.0000,296.0000,488.0000,296.0000,488.0000,313.0000,471.0000,313.0000
473.0000,299.0000,490.0000,299.0000,490.0000,316.0000,473.0000,316.0000
475.0000,301.0000,492.0000,301.0000,492.0000,318.0000,475.0000,318.0000
476.0000,303.0000,493.0000,303.0000,493.0000,320.0000,476.0000,320.0000
477.0000,304.0000,494.0000,304.0000,494.0000,321.0000,477.0000,321.0000
477.0000,306.0000,494.0000,306.0000,494.0000,323.0000,477.0000,323.0000
478.0000,309.0000,496.0000,309.0000,496.0000,326.0000,478.0000,326.0000
480.0000,312.0000,497.0000,312.0000,497.0000,329.0000,480.0000,329.0000
479.0000,316.0000,497.0000,316.0000,497.0000,333.0000,479.0000,333.0000
476.0000,321.0000,493.0000,321.0000,493.0000,338.0000,476.0000,338.0000
476.0000,320.0000,494.0000,320.0000,494.0000,338.0000,476.0000,338.0000
472.0000,318.0000,489.0000,318.0000,489.0000,335.0000,472.0000,335.0000
472.0000,321.0000,490.0000,321.0000,490.0000,339.0000,472.0000,339.0000
472.0000,319.0000,490.0000,319.0000,490.0000,337.0000,472.0000,337.0000
476.0000,312.0000,494.0000,312.0000,494.0000,330.0000,476.0000,330.0000
467.0000,320.0000,485.0000,320.0000,485.0000,338.0000,467.0000,338.0000
464.0000,321.0000,481.0000,321.0000,481.0000,339.0000,464.0000,339.0000
461.0000,320.0000,479.0000,320.0000,479.0000,338.0000,461.0000,338.0000
459.0000,320.0000,477.0000,320.0000,477.0000,338.0000,459.0000,338.0000
452.0000,325.0000,470.0000,325.0000,470.0000,342.0000,452.0000,342.0000
456.0000,322.0000,474.0000,322.0000,474.0000,340.0000,456.0000,340.0000
452.0000,324.0000,470.0000,324.0000,470.0000,342.0000,452.0000,342.0000
451.0000,326.0000,468.0000,326.0000,468.0000,343.0000,451.0000,343.0000
448.0000,326.0000,466.0000,326.0000,466.0000,344.0000,448.0000,344.0000
446.0000,327.0000,464.0000,327.0000,464.0000,344.0000,446.0000,344.0000
444.0000,329.0000,462.0000,329.0000,462.0000,347.0000,444.0000,347.0000
444.0000,328.0000,461.0000,328.0000,461.0000,346.0000,444.0000,346.0000
444.0000,329.0000,461.0000,329.0000,461.0000,346.0000,444.0000,346.0000
443.0000,329.0000,461.0000,329.0000,461.0000,346.0000,443.0000,346.0000
445.0000,329.0000,462.0000,329.0000,462.0000,346.0000,445.0000,346.0000
445.0000,329.0000,463.0000,329.0000,463.0000,346.0000,445.0000,346.0000
447.0000,330.0000,465.0000,330.0000,465.0000,347.0000,447.0000,347.0000
448.0000,330.0000,466.0000,330.0000,466.0000,348.0000,448.0000,348.0000
451.0000,332.0000,468.0000,332.0000,468.0000,349.0000,451.0000,349.0000
452.0000,332.0000,469.0000,332.0000,469.0000,350.0000,452.0000,350.0000
452.0000,333.0000,470.0000,333.0000,470.0000,350.0000,452.0000,350.0000
452.0000,332.0000,469.0000,332.0000,469.0000,349.0000,452.0000,349.0000
452.0000,333.0000,470.0000,333.0000,470.0000,351.0000,452.0000,351.0000
450.0000,335.0000,468.0000,335.0000,468.0000,353.0000,450.0000,353.0000
448.0000,336.0000,465.0000,336.0000,465.0000,354.0000,448.0000,354.0000
444.0000,337.0000,462.0000,337.0000,462.0000,354.0000,444.0000,354.0000
439.0000,337.0000,457.0000,337.0000,457.0000,355.0000,439.0000,355.0000
434.0000,337.0000,452.0000,337.0000,452.0000,355.0000,434.0000,355.0000
428.0000,337.0000,446.0000,337.0000,446.0000,355.0000,428.0000,355.0000
423.0000,337.0000,441.0000,337.0000,441.0000,354.0000,423.0000,354.0000
418.0000,335.0000,435.0000,335.0000,435.0000,352.0000,418.0000,352.0000
413.0000,333.0000,430.0000,333.0000,430.0000,351.0000,413.0000,351.0000
406.0000,330.0000,424.0000,330.0000,424.0000,348.0000,406.0000,348.0000
401.0000,327.0000,418.0000,327.0000,418.0000,345.0000,401.0000,345.0000
395.0000,323.0000,412.0000,323.0000,412.0000,341.0000,395.0000,341.0000
389.0000,320.0000,407.0000,320.0000,407.0000,337.0000,389.0000,337.0000
384.0000,316.0000,401.0000,316.0000,401.0000,334.0000,384.0000,334.0000
379.0000,312.0000,397.0000,312.0000,397.0000,330.0000,379.0000,330.0000
373.0000,310.0000,391.0000,310.0000,391.0000,327.0000,373.0000,327.0000
370.0000,307.0000,387.0000,307.0000,387.0000,325.0000,370.0000,325.0000
366.0000,305.0000,384.0000,305.0000,384.0000,322.0000,366.0000,322.0000
364.0000,301.0000,381.0000,301.0000,381.0000,319.0000,364.0000,319.0000
361.0000,299.0000,379.0000,299.0000,379.0000,316.0000,361.0000,316.0000
360.0000,296.0000,377.0000,296.0000,377.0000,313.0000,360.0000,313.0000
357.0000,293.0000,375.0000,293.0000,375.0000,310.0000,357.0000,310.0000
356.0000,291.0000,373.0000,291.0000,373.0000,309.0000,356.0000,309.0000
354.0000,289.0000,372.0000,289.0000,372.0000,307.0000,354.0000,307.0000
