1
332.0000,36.0000,41.0000,41.0000
334.0000,27.0000,41.0000,41.0000
336.0000,20.0000,41.0000,41.0000
335.0000,16.0000,42.0000,42.0000
340.0000,15.0000,42.0000,42.0000
345.0000,19.0000,41.0000,43.0000
351.0000,28.0000,40.0000,43.0000
354.0000,35.0000,41.0000,43.0000
360.0000,43.0000,41.0000,43.0000
345.0000,42.0000,41.0000,43.0000
330.0000,33.0000,42.0000,43.0000
331.0000,33.0000,41.0000,43.0000
331.0000,31.0000,42.0000,43.0000
333.0000,33.0000,42.0000,42.0000
342.0000,42.0000,41.0000,42.0000
336.0000,34.0000,40.0000,43.0000
330.0000,31.0000,41.0000,42.0000
328.0000,29.0000,42.0000,42.0000
329.0000,23.0000,42.0000,43.0000
328.0000,25.0000,43.0000,43.0000
331.0000,23.0000,42.0000,45.0000
323.0000,26.0000,43.0000,43.0000
325.0000,30.0000,43.0000,44.0000
326.0000,31.0000,45.0000,45.0000
327.0000,31.0000,45.0000,45.0000
328.0000,30.0000,45.0000,46.0000
332.0000,30.0000,46.0000,46.0000
331.0000,28.0000,46.0000,46.0000
336.0000,23.0000,47.0000,45.0000
344.0000,22.0000,47.0000,45.0000
352.0000,24.0000,46.0000,45.0000
365.0000,32.0000,47.0000,45.0000
371.0000,31.0000,47.0000,45.0000
372.0000,30.0000,46.0000,45.0000
2
0
0
0
0
1
393.0000,114.0000,47.0000,39.0000
391.0000,107.0000,48.0000,40.0000
383.0000,95.0000,49.0000,40.0000
373.0000,79.0000,50.0000,40.0000
365.0000,55.0000,49.0000,40.0000
364.0000,62.0000,50.0000,40.0000
2
0
0
0
0
1
303.0000,28.0000,50.0000,54.0000
306.0000,27.0000,50.0000,56.0000
305.0000,25.0000,50.0000,55.0000
302.0000,20.0000,50.0000,56.0000
299.0000,14.0000,51.0000,58.0000
294.0000,10.0000,52.0000,57.0000
291.0000,9.0000,52.0000,57.0000
287.0000,14.0000,54.0000,57.0000
290.0000,14.0000,55.0000,57.0000
300.0000,12.0000,56.0000,58.0000
314.0000,5.0000,57.0000,57.0000
318.0000,3.0000,59.0000,58.0000
315.0000,3.0000,61.0000,60.0000
311.0000,7.0000,60.0000,62.0000
315.0000,12.0000,61.0000,62.0000
316.0000,10.0000,62.0000,61.0000
314.0000,7.0000,62.0000,61.0000
315.0000,1.0000,62.0000,61.0000
316.0000,2.0000,62.0000,61.0000
313.0000,-2.0000,61.0000,62.0000
300.0000,-1.0000,62.0000,63.0000
290.0000,8.0000,63.0000,64.0000
286.0000,29.0000,63.0000,65.0000
281.0000,72.0000,63.0000,66.0000
301.0000,88.0000,64.0000,66.0000
323.0000,132.0000,64.0000,67.0000
338.0000,159.0000,65.0000,68.0000
329.0000,182.0000,64.0000,68.0000
327.0000,180.0000,65.0000,69.0000
324.0000,173.0000,65.0000,68.0000
322.0000,174.0000,65.0000,68.0000
301.0000,159.0000,68.0000,72.0000
280.0000,137.0000,69.0000,73.0000
258.0000,108.0000,71.0000,76.0000
244.0000,90.0000,72.0000,79.0000
229.0000,65.0000,74.0000,79.0000
222.0000,45.0000,76.0000,79.0000
212.0000,26.0000,77.0000,81.0000
198.0000,17.0000,77.0000,81.0000
189.0000,25.0000,76.0000,81.0000
163.0000,20.0000,78.0000,83.0000
148.0000,21.0000,79.0000,85.0000
137.0000,27.0000,79.0000,86.0000
139.0000,33.0000,81.0000,88.0000
145.0000,39.0000,86.0000,92.0000
154.0000,39.0000,88.0000,94.0000
165.0000,35.0000,88.0000,94.0000
