0.013786
0.017819
0.017942
0.019068
0.017866
0.01907
0.017809
0.017982
0.018369
0.017796
0.01811
0.018425
0.019245
0.018653
0.017711
0.018288
0.017894
0.018451
0.017585
0.017799
0.017442
0.01854
0.017596
0.017989
0.017511
0.017834
0.018173
0.018217
0.019292
0.01958
0.019304
0.019306
0.018966
0.018238
0.017651
0.018603
0.018139
0.018307
0.018403
0.021764
0.018466
0.01859
0.018023
0.018629
0.017809
0.017791
0.017628
0.018291
0.019454
0.01839
0.017447
0.018322
0.018147
0.018693
0.018472
0.018265
0.018285
0.0178
0.017849
0.017554
0.017891
0.017846
0.017869
0.017964
0.018222
0.018371
0.017721
0.017568
0.017895
0.018089
0.017604
0.017935
0.017916
0.01793
0.018123
0.017762
0.017983
0.018116
0.017854
0.018066
0.018734
0.018008
0.018038
0.018007
0.017972
0.018386
0.018724
0.017505
0.018829
0.018326
0.020693
0.019572
0.018329
0.01787
0.018415
0.018083
0.017961
0.017814
0.01765
0.017525
0.017887
0.020396
0.019177
0.019063
0.018169
0.017977
0.01786
0.018329
0.018451
0.01795
0.017969
0.018054
0.01775
0.017918
0.01818
0.018334
0.018954
0.020065
0.019387
0.018437
0.018562
0.017908
0.018037
0.018148
0.018038
0.018018
0.017888
0.017838
0.018035
0.018184
0.018157
0.021156
0.019188
0.020109
0.02019
0.019462
0.019656
0.017644
0.017791
0.018248
0.01971
0.020648
0.01981
0.019536
0.018969
0.018114
0.018957
0.018083
0.018409
0.018336
0.018089
0.018044
0.021012
0.019109
0.018902
0.019391
0.020455
0.020323
0.019501
0.018633
0.018715
0.018792
0.018488
0.018358
0.01855
0.018317
0.018869
0.019075
0.020824
0.01939
0.019514
0.018692
0.01864
0.018505
0.018829
0.019116
0.019837
0.019443
0.019521
0.019785
0.01969
0.020651
0.021106
0.023447
0.024208
0.022453
0.021645
0.0204
0.02059
0.022519
0.022127
0.022527
0.022306
0.02176
0.022088
0.021599
0.021339
0.021432
0.021455
0.021539
0.021414
0.021132
0.021242
0.020636
0.020573
0.021389
0.022267
0.02169
0.021069
0.019987
0.020004
0.019717
0.019773
0.020061
0.021445
0.020701
0.020334
0.02047
0.020062
0.019171
0.020026
0.018649
0.018678
0.018371
0.018457
0.018354
0.01819
0.018709
0.019096
0.019033
0.009307
0.020542
0.019275
0.018167
0.018067
0.018192
0.019749
0.01992
0.018825
0.019132
0.018511
0.017897
0.018544
0.0181
0.018172
0.018301
0.017859
0.018027
0.018217
0.018469
0.01796
0.017802
0.017953
0.017817
0.01812
0.017581
0.017566
0.017654
0.018639
0.018638
0.018361
0.018095
0.018142
0.01763
0.017806
0.018423
0.018339
0.017872
0.017628
0.017683
0.017663
0.017795
0.017673
0.017771
0.01779
0.017862
0.017882
0.017906
0.01781
0.017798
0.017896
0.018498
0.018926
0.018846
0.018835
0.018458
0.017979
0.017979
0.018413
0.018496
0.018748
0.018743
0.01911
0.018605
0.017771
0.018603
0.018186
0.01825
0.018274
0.017991
0.017894
0.018429
0.019065
0.018753
0.018207
0.01848
0.018884
0.018564
0.018493
0.018702
0.018728
0.018434
0.01833
0.018377
0.018319
0.0179
0.017927
0.018447
0.018872
0.018294
0.018368
0.018356
0.018544
0.018508
0.01862
0.018406
0.018503
0.018473
0.018868
0.019303
0.018969
0.019432
0.019086
0.019516
0.019107
0.018778
0.018924
0.018979
0.02382
0.019501
0.019507
0.019858
0.019618
0.019528
0.019188
0.019197
0.019682
0.01918
0.018661
0.018652
0.018972
0.021474
0.021779
0.019792
0.020187
0.020299
0.020783
0.021024
0.021441
0.021757
0.021791
0.022465
0.022209
0.022304
0.023502
0.024385
