0.1184
0.16611
0.16092
0.17756
0.18626
0.17053
0.17393
0.16876
0.17778
0.17291
0.1714
0.16889
0.18257
0.18931
0.15607
0.16641
0.17165
0.1626
0.17687
0.16603
0.18714
0.17602
0.16263
0.17502
0.16613
0.17203
0.17725
0.16921
0.17729
0.16686
0.18372
0.18155
0.17483
0.16245
0.17995
0.18594
0.16491
0.18546
0.17925
0.18156
0.18689
0.18912
0.19723
0.18945
0.17753
0.19841
0.17177
0.18596
0.1943
0.19485
0.18689
0.18346
0.19725
0.206
0.1691
0.22668
0.19672
0.18139
0.177
0.16849
0.20338
0.20347
0.18813
0.17829
0.16176
0.18943
0.18447
0.17792
0.19824
0.17473
0.19207
0.15414
0.16291
0.19138
0.20298
0.15704
0.20384
0.19837
0.18923
0.17043
0.18198
0.16864
0.17602
0.18515
0.1903
0.19185
0.19581
0.18049
0.18184
0.172
0.19474
0.17425
0.17194
0.16844
0.16206
0.19373
0.17779
0.16811
0.16184
0.18477
0.18355
0.17894
0.17455
0.16542
0.15226
0.16356
0.14749
0.13496
0.1228
0.12637
0.1411
0.12098
0.12183
