0.78512
0.16293
0.14237
1.2287
0.36944
0.42014
0.42464
0.42403
0.43054
0.4489
0.21334
0.3073
0.33729
0.30414
0.34003
0.36345
0.35499
0.42542
0.43313
0.42987
0.44349
0.43007
0.44254
0.43551
0.4215
0.43957
0.42756
0.43005
0.43296
0.42412
0.42782
0.43031
0.42433
0.42814
0.44612
0.3939
0.36872
0.40691
0.41713
0.42364
0.42366
0.42348
0.42328
0.44405
0.42557
0.42449
0.45112
0.45426
0.42256
0.45611
0.4443
0.4612
0.39829
0.46492
0.44127
0.45549
0.45549
0.43833
0.45385
0.42604
0.34403
0.39716
0.44085
0.4585
0.43019
0.42143
0.39454
0.4095
0.38605
0.35697
0.36882
0.366
0.39259
0.42916
0.43723
0.44961
0.41036
0.44384
0.42287
0.42806
0.42591
0.39081
0.38815
0.4159
0.37521
0.43955
0.44093
0.46732
0.44048
0.48839
0.44532
0.42206
0.39636
0.40235
0.38744
0.35882
0.24732
0.28181
0.34202
0.36181
0.34596
0.42454
0.42965
0.42467
0.42418
0.42892
0.4253
0.43917
0.37853
0.38086
0.40578
0.4084
0.43028
0.42809
0.42479
0.43348
0.43079
0.30873
0.39122
0.4245
0.42808
0.42304
0.42161
0.41189
0.40399
0.23449
0.30095
0.45833
0.45647
0.44361
0.44114
0.44205
0.43385
0.19942
0.15097
0.24672
0.22301
0.18809
0.23611
0.25646
0.30358
0.18964
0.0979
0.15329
0.19531
0.21354
0.19681
0.12877
0.16925
0.35132
0.2227
0.098264
0.32075
0.10168
0.0958
0.22513
0.32554
0.23847
