1.4931
0.10577
0.099709
0.054839
0.099026
NaN
0.05584
0.056891
0.1028
NaN
0.10304
NaN
0.10544
NaN
NaN
0.10831
NaN
0.1045
NaN
0.063019
0.058974
0.106
NaN
0.059715
NaN
0.06244
0.1071
NaN
NaN
NaN
NaN
NaN
1.495
0.11389
0.10594
0.10593
NaN
0.11227
NaN
0.11177
NaN
NaN
0.062314
0.062048
0.062353
0.061794
NaN
0.065737
0.098346
NaN
0.055083
0.055608
0.055147
0.1032
NaN
0.095693
NaN
0.095743
NaN
0.095057
NaN
0.097972
NaN
0.10225
NaN
0.10518
NaN
0.11003
NaN
0.11062
NaN
0.13157
NaN
NaN
0.12086
NaN
NaN
0.11591
NaN
0.11862
NaN
0.11421
NaN
NaN
0.11351
NaN
0.12581
NaN
0.089813
NaN
0.077221
NaN
0.078418
0.079279
NaN
0.088212
NaN
0.093495
0.093537
NaN
0.033118
0.15903
NaN
NaN
0.17352
NaN
NaN
NaN
NaN
NaN
NaN
NaN
1.5043
0.18055
0.18008
0.17259
NaN
NaN
0.096862
NaN
0.090602
NaN
0.094007
NaN
0.094488
NaN
0.094477
NaN
0.092912
NaN
0.1808
NaN
NaN
0.19597
NaN
NaN
NaN
0.20126
NaN
NaN
NaN
0.10358
NaN
0.069574
NaN
0.095529
NaN
0.095748
NaN
0.085981
0.08737
NaN
0.083603
NaN
0.086747
0.083863
NaN
0.085882
NaN
0.081998
0.084845
NaN
0.0834
NaN
0.079346
0.080896
NaN
0.084912
NaN
0.0816
0.081199
NaN
0.078878
NaN
0.082529
0.082905
NaN
0.085599
NaN
0.091105
0.086694
NaN
0.09324
NaN
0.078166
NaN
0.093615
0.093423
NaN
0.17844
NaN
NaN
NaN
0.093973
NaN
0.089272
NaN
0.085508
0.083837
NaN
0.087966
NaN
0.084151
0.089153
NaN
0.090645
NaN
0.087033
NaN
0.083852
0.084982
NaN
0.086046
NaN
0.08582
NaN
0.08665
0.086739
NaN
0.090693
NaN
0.088133
NaN
0.090035
0.08709
NaN
0.086531
NaN
0.085291
NaN
0.088012
0.17236
NaN
NaN
NaN
0.17747
NaN
NaN
0.17863
NaN
NaN
NaN
0.081552
NaN
0.096097
0.18552
NaN
NaN
NaN
0.18807
NaN
NaN
NaN
0.16804
NaN
NaN
0.16539
NaN
NaN
NaN
0.17505
NaN
NaN
0.099908
NaN
0.091998
NaN
0.087916
NaN
0.085131
0.08479
NaN
0.083932
NaN
0.085641
0.089793
NaN
0.08679
NaN
0.086981
NaN
0.084368
0.083967
NaN
0.08266
NaN
0.083047
0.084233
NaN
0.086946
NaN
0.080894
0.081198
NaN
0.082597
NaN
0.085322
0.083256
NaN
0.07764
NaN
0.084275
0.07972
NaN
0.08088
NaN
0.077963
0.080685
NaN
0.098815
NaN
0.11273
NaN
0.086984
NaN
0.081835
0.082309
NaN
0.086282
NaN
0.083936
0.083622
NaN
0.083879
NaN
0.081384
0.07808
NaN
0.083991
NaN
0.079835
0.085027
NaN
0.082179
NaN
0.083904
0.074375
NaN
0.07393
0.071833
NaN
0.068926
0.077551
NaN
0.076651
