1
182.0327,211.1222,48.5111,104.3465
177.0703,213.1686,52.8588,105.0024
175.4037,213.7696,52.3823,106.9455
173.6957,213.2433,54.7318,108.6360
169.8542,212.1181,57.6261,110.7890
166.7986,211.4070,55.7256,87.0083
158.2761,212.0042,62.4151,89.2554
158.3724,209.8571,62.0562,92.7558
161.8343,208.8681,57.5834,93.4549
165.3719,207.4305,56.4912,96.2030
171.7197,207.5739,53.1084,98.0143
177.2070,206.3470,52.0513,98.0485
182.7622,206.1545,55.8903,98.5492
190.7542,223.5217,51.6051,82.8224
194.2566,223.1678,49.4199,83.6328
200.1384,222.0302,44.7257,83.4556
200.5938,221.7651,50.0075,74.4945
202.6715,220.7027,58.0419,75.6972
199.6198,220.7480,63.7058,76.6736
201.4373,218.3261,68.7770,80.9055
201.8458,225.1985,72.8020,75.3559
198.7518,226.6011,81.2687,74.1638
193.8284,230.9966,89.0162,75.3375
190.3746,233.7644,101.5591,81.7287
197.3323,235.9670,105.0275,79.3326
200.7998,237.1380,107.8912,78.1585
192.9258,235.2963,120.8494,75.9411
228.5242,235.0688,94.3244,70.8693
239.9526,234.4136,87.1459,66.0141
245.4970,232.2839,86.5043,70.3105
248.2305,231.2525,91.9525,75.1980
252.7378,229.6023,92.5588,78.8686
255.2362,230.1131,89.0653,78.3734
258.4544,229.4848,92.4706,80.4280
259.2174,230.2977,99.0687,81.8159
262.4344,230.8449,92.0161,78.9215
270.3022,234.3486,88.2146,79.4595
273.3263,235.7833,85.8005,76.0232
278.1316,234.0827,81.0234,77.4582
276.1216,234.0987,88.0851,79.4709
281.5673,232.5938,84.6704,85.4204
284.9686,233.1350,86.1941,80.5027
285.7043,231.0338,85.2797,79.4424
286.3483,229.9405,84.3937,78.6772
283.9644,229.5690,93.4721,74.8313
283.8496,229.8681,93.6765,75.1881
281.6220,227.8884,98.9602,82.2344
281.2686,227.5031,82.1055,88.7428
277.7708,226.7957,86.0040,88.9156
275.3354,224.1937,87.6668,92.7237
273.8057,224.8162,92.2275,92.0833
275.8859,234.4770,83.2181,88.7631
275.6600,233.6508,74.0701,87.8312
275.6335,232.8506,73.1182,86.3732
275.0394,233.5775,71.7767,81.2906
275.4530,236.1135,71.2604,77.0522
272.8467,237.6141,70.7644,78.9632
272.0793,239.3174,72.2405,79.9793
269.8375,240.4919,76.6805,80.4783
267.9292,239.4251,77.5369,80.0379
265.5927,238.4670,77.4825,82.8365
260.8133,239.5648,85.1793,84.9167
256.5781,239.9657,91.0499,86.3556
250.2911,241.0486,98.5676,83.3761
241.7733,239.3664,103.5097,85.2424
234.7446,240.0407,87.2279,77.1658
228.4057,240.4584,96.4329,79.5385
223.2424,239.3072,68.4321,81.9111
218.0127,239.6895,72.2251,84.6902
208.2174,238.2457,61.0112,74.4890
201.9108,237.4638,61.8410,79.2536
194.2096,236.2473,62.6352,78.5263
184.3170,234.5437,65.1928,74.9895
179.3434,234.4792,68.6438,73.9972
176.5881,229.2502,68.6468,77.1662
169.8949,231.4447,69.8566,76.2710
162.9732,232.2716,73.9436,77.0304
159.6532,232.5017,70.1920,77.4410
154.2186,230.9002,64.9406,76.4558
150.7632,228.0685,67.4815,82.2445
142.9359,225.1874,73.5981,85.6877
131.5397,224.9849,82.5602,85.2480
126.8918,223.0895,80.7816,81.5941
123.9255,221.3382,85.2964,80.2131
122.6048,219.1786,87.4638,82.5714
124.6436,219.4982,52.9794,77.4543
124.0455,219.5941,54.4220,78.9039
120.0244,218.7069,51.1397,76.7746
116.2779,220.2007,46.1347,83.7252
115.2889,217.9176,44.7857,84.6782
110.8482,216.0653,48.5098,82.8762
108.1659,215.1091,49.1388,79.8117
105.0278,213.3058,51.0919,78.8042
105.3982,209.9862,52.7741,81.1615
102.9526,208.4791,51.2926,77.2180
104.2217,207.4804,50.2976,75.1670
102.1046,208.3927,51.2705,70.3952
103.6190,214.0666,50.0087,77.8255
104.1966,210.5107,49.4009,86.2873
106.6990,207.0283,47.1557,90.6378
107.2060,207.1159,47.6883,84.6109
108.2171,204.6771,44.3956,84.3855
103.2814,199.6974,54.3259,88.9696
105.7512,198.4624,52.3162,87.5602
110.9110,195.8472,54.7778,86.1153
116.8110,194.8512,53.9871,85.8900
123.6710,194.4942,50.4022,85.3323
129.1975,194.5029,48.6366,85.4260
133.0416,194.4828,46.1315,88.0942
135.9932,193.7446,48.3644,85.4890
139.6520,192.9374,50.8727,84.7014
145.3423,190.5791,49.1567,85.7398
147.8379,187.9499,55.9910,83.0006
151.7269,185.5089,62.2989,80.6360
155.0641,182.4363,69.2790,81.2075
157.9025,183.2733,74.4638,80.1159
162.7952,190.5587,81.2365,75.5994
166.4317,189.0249,34.0545,71.2465
171.6752,188.8710,29.3136,70.7356
171.9455,189.3914,32.9547,73.6916
175.9453,187.8659,32.7582,77.7881
177.1099,186.9192,39.0209,78.7528
179.6033,185.0412,39.5870,86.5333
182.4356,175.5858,39.6245,96.1652
184.7699,173.2136,41.5909,94.5685
187.3391,172.1566,40.9859,90.7067
193.3448,171.8015,42.1079,91.5211
195.9982,174.9517,40.2569,88.1789
199.6375,173.4200,34.3247,90.5220
204.1120,172.7816,31.5101,91.6383
209.8191,171.1434,33.1904,91.6310
209.0487,172.4073,35.3771,90.9896
209.7180,170.1474,35.1080,88.9823
207.7483,171.2643,36.8911,85.3430
207.8380,172.5756,36.9329,78.2584
210.1310,170.8467,35.0075,76.8869
211.9751,170.7671,33.5565,76.9335
212.8276,163.0938,34.0399,85.7470
211.8928,163.2531,36.5985,93.6273
215.8418,161.5082,34.2952,88.5473
217.1094,161.7442,35.1919,89.0596
220.2228,162.2509,34.0930,84.3828
222.7824,168.5539,31.5701,77.0875
220.3996,168.3171,32.2672,75.5408
222.5947,165.6046,33.6205,74.6915
223.0170,164.8751,35.7797,72.3225
225.6839,167.6402,37.7433,76.1926
224.0445,165.5705,39.9677,78.3136
225.7619,161.3347,41.4537,85.1821
229.7003,161.3042,44.1604,96.8093
233.4264,163.0985,41.8494,93.4754
235.1142,164.1811,41.2459,63.9756
237.1597,160.6183,48.5323,68.2139
233.0189,160.7525,51.6181,69.5231
233.8664,160.8329,45.8138,73.4793
235.7966,159.4179,46.4538,73.0092
240.3472,159.1251,47.7948,77.1080
241.1455,158.3140,50.0546,81.7399
243.8690,158.8401,49.2967,78.4392
245.6080,158.1869,51.4758,80.9423
247.4508,158.5446,46.6515,80.1825
252.7296,158.7124,43.4059,78.8881
255.6160,158.3014,42.5034,77.8715
258.6075,159.0138,43.1202,76.6434
258.6904,157.3021,44.9313,75.1843
262.1609,156.5264,45.7497,72.7655
264.3920,155.2315,45.6909,74.0590
266.1733,156.2848,45.4946,74.8798
271.0710,157.3923,44.4642,69.7616
272.6220,159.0789,44.8183,72.7202
273.1299,159.3629,47.4373,76.8991
273.2055,158.5638,48.3743,77.2080
272.2003,157.7370,50.9098,75.9485
270.8963,158.9330,52.3773,73.7529
270.1813,158.5593,54.4174,72.6617
269.6666,158.2448,55.0275,72.5899
273.1796,158.1100,51.3049,70.8769
273.9994,158.7215,51.4241,73.4928
273.3454,157.9847,52.5371,72.3950
272.2216,158.2638,53.2035,71.7645
275.7549,158.5197,45.5200,69.6548
276.7947,157.4384,46.6022,66.5499
279.6341,156.5604,41.6925,70.4567
279.8191,154.9739,40.8169,70.1224
279.7805,153.9282,40.8396,65.1862
280.2469,152.4216,38.9854,61.7675
280.8854,153.1260,38.3491,57.8434
280.2628,152.5718,37.9086,65.4694
280.5957,153.1160,36.0784,69.5540
280.0525,155.1452,37.5401,67.9899
283.2311,157.7554,33.5276,66.7844
281.6048,158.7106,35.0922,67.9386
282.3051,159.0486,35.9715,68.0492
279.9583,155.3007,39.0115,72.9975
281.5583,156.2803,38.4543,72.6520
281.3736,154.9253,38.9562,72.8653
281.0284,155.5998,38.8981,73.2479
280.9740,154.5578,38.8683,74.6916
280.5137,150.5999,40.2161,78.3852
282.0688,150.3631,39.7568,74.9606
281.9756,149.5620,39.8644,78.7292
281.3553,147.7805,41.3759,79.4707
280.4984,150.4759,41.3026,88.1054
281.3420,149.6955,40.1834,91.6003
280.8552,149.1952,45.1004,94.8160
280.0662,152.6691,49.6855,93.5386
278.9780,154.4727,54.8678,92.9457
281.3362,159.7204,58.6317,88.7012
281.7475,159.5311,60.9677,87.8144
281.2313,160.0551,64.3847,87.4428
283.0626,158.5513,65.2972,91.8374
282.2776,158.9442,66.2783,86.2962
281.1860,159.0730,53.2614,90.2286
277.7398,157.0949,57.2313,93.3695
277.0363,158.0585,53.4951,91.4695
273.1544,159.9597,51.3624,85.2382
274.2993,159.5271,53.6470,88.3530
276.3897,159.9662,53.1631,87.1123
277.4172,158.6373,53.6970,93.3849
278.3991,158.7543,54.0173,95.8988
278.4598,158.8526,57.8912,104.4334
278.1271,157.7652,56.5505,105.6178
275.9817,158.7836,59.5861,117.5959
273.5351,159.1863,62.9433,115.3923
271.7833,156.4112,64.8426,108.6843
270.4076,164.3029,68.6845,99.9805
269.4667,164.2768,71.4127,100.6185
266.4148,166.6079,74.4751,96.8040
265.7165,162.7272,36.0310,102.0183
266.6335,161.9519,32.9562,104.7200
264.1575,163.3598,33.6106,103.0877
261.2082,168.2892,38.7068,90.8892
255.3726,161.5857,38.2007,89.8722
256.8887,159.9571,34.5755,101.4037
254.8418,160.3783,32.2518,98.2132
248.6861,159.2015,35.5690,102.8237
249.9389,158.6569,39.3130,104.3375
241.0500,166.3206,43.3137,99.5767
239.5030,164.7296,43.4436,108.1213
237.4596,162.8031,47.8050,109.4461
241.8242,180.1611,37.2798,90.3740
238.3336,179.6983,38.0111,92.4277
235.6098,180.7889,36.8194,90.7429
230.4791,183.3976,43.3104,88.7772
222.7730,183.8068,43.9998,90.1664
218.6845,184.2397,49.8068,91.8130
214.9566,183.1771,58.7340,91.5499
211.0105,181.1223,56.4267,89.7310
212.7135,177.9210,46.9994,90.3348
211.8377,178.2920,48.7345,85.1358
209.4639,178.6886,52.5687,84.6341
207.7328,178.5591,48.8824,96.1234
207.7628,177.9707,46.1702,102.0047
208.8385,180.2724,42.9191,99.5318
209.7411,179.3385,39.9783,91.2510
204.5519,174.1925,42.2440,98.9750
201.7635,170.7830,53.8915,104.3690
199.6690,189.6679,45.0726,86.4922
197.5809,189.3738,44.5073,85.1517
195.2850,186.4755,44.4294,87.2570
192.4052,185.0811,45.9793,89.7971
189.2493,184.3772,48.3836,90.7052
187.2491,181.5527,48.9938,95.2329
185.0725,176.7832,51.1559,99.6384
185.1029,174.7057,49.8322,101.9939
184.8229,186.8633,48.9971,90.0083
182.2443,185.3117,50.2030,91.9896
182.1178,184.1505,47.0993,88.8368
184.9827,181.4886,44.0713,90.5728
182.2490,184.1324,48.7172,87.8310
180.3265,179.6595,52.8111,86.6917
179.6850,182.4901,55.0208,85.8219
171.9970,186.4155,58.8306,81.3965
174.9230,186.4666,54.2162,86.3690
179.0915,188.7469,49.2580,86.2868
182.9117,185.7208,46.0177,92.5328
179.9690,183.6024,50.8296,92.4914
180.1852,181.6311,50.9193,99.5382
181.1153,182.0839,46.4437,92.6315
180.8096,175.5145,47.7716,97.5622
178.1776,170.7855,51.7336,99.6033
181.1512,166.1260,49.3873,104.0834
184.2057,168.8699,44.7617,101.9709
182.3622,168.9467,49.6254,103.5914
185.1744,168.2073,50.8436,108.1578
183.6871,178.6079,57.3732,94.8734
183.8562,185.1855,53.6512,87.9300
186.5931,182.9902,55.9267,90.9747
187.7537,184.0679,65.2542,93.7138
188.0320,181.9066,67.8039,93.6100
189.5482,184.0735,68.8052,89.3213
183.8617,183.2361,76.6427,90.2518
182.5714,184.7856,56.4395,88.4920
185.3185,185.1037,51.8396,90.1366
186.3354,188.9890,52.3808,91.6449
185.2993,188.0752,52.9660,94.5604
184.1651,183.7692,52.7311,98.8372
182.5188,185.9512,51.8226,92.7678
174.5130,182.0641,56.9222,98.2292
171.9245,182.8891,58.6365,97.9292
168.8909,185.7403,58.6132,98.1513
165.9317,198.0293,57.9630,88.7319
163.0361,199.2998,54.8465,91.3480
162.2955,202.3702,53.1682,86.2604
160.2119,206.2831,51.2468,83.4696
159.5118,208.4521,48.7956,82.7866
156.7204,198.4352,44.5554,92.8331
155.0769,198.6459,47.2280,91.5796
152.2946,198.7199,45.8449,92.6708
151.8797,200.3647,41.0386,92.8531
151.7764,198.8992,37.8135,96.7053
147.1097,199.4521,38.9953,93.4129
147.0705,209.6736,37.1831,85.8881
145.6098,204.9044,34.7729,86.3731
140.8492,199.4586,37.0005,95.9274
139.9569,202.3226,37.7007,93.1087
136.8354,200.6451,39.5719,100.1821
134.4984,202.0650,40.4247,100.9228
131.7666,202.8266,41.9356,101.1175
129.6069,203.3922,43.6227,99.9215
126.8290,203.3239,45.4698,99.4627
125.9532,203.9031,45.9658,100.0140
126.5939,209.6445,43.6944,95.0853
126.2540,208.4871,43.5784,99.3673
125.9744,211.0318,40.3085,98.1418
126.2848,211.1432,39.6329,103.0315
125.2005,210.2857,43.2571,102.7463
125.4652,209.0514,46.5684,104.0574
126.8698,207.6828,42.3970,107.6614
128.3469,211.3753,41.0359,103.9749
129.5565,213.1052,42.1140,106.1402
130.9873,212.8258,41.8848,107.4486
128.2621,213.7803,43.0343,89.2985
130.8198,214.7924,42.4490,90.3703
132.4086,214.7572,41.3890,90.5466
134.3157,216.1570,40.8147,94.1808
132.2676,213.6379,43.2298,104.8267
134.6986,213.2551,42.7883,105.0681
137.3306,212.7578,42.0098,106.6962
140.1921,215.2067,42.6026,105.1337
139.3504,215.6788,44.8553,105.9408
142.0933,217.1534,42.1697,105.7007
142.2071,216.9123,44.5572,104.4088
143.6906,216.0270,43.7624,106.2115
142.8001,215.3264,39.2065,104.9290
142.7157,216.5754,41.3634,105.3045
141.1081,213.3293,42.7610,109.8506
141.2986,213.1050,41.2331,106.9967
140.8493,214.5821,39.9393,108.6469
140.0447,213.5953,40.0822,109.1416
141.9885,208.0399,37.8884,115.2936
141.3860,218.1297,43.8112,105.6464
141.7689,216.6991,41.3997,103.6997
141.5957,218.0191,41.2646,99.5922
138.2944,217.2000,44.9003,98.3260
139.0555,217.9002,42.4564,100.6392
138.6547,217.9080,46.9375,98.3708
139.1190,213.1922,47.7081,103.7747
138.3119,210.5252,50.2631,107.4525
134.4383,210.0924,52.4266,109.5403
130.5896,210.9515,58.8044,107.6996
130.2511,211.0872,59.6046,108.2614
130.0843,212.7845,61.5073,110.3984
134.2060,208.4055,55.8834,115.6503
134.0776,216.8057,55.2593,108.9993
134.2609,217.9689,56.5790,109.7981
135.3974,216.5014,59.3818,107.4773
137.0190,220.5368,53.8697,102.3058
138.2383,221.1840,55.8236,117.0287
141.0691,220.5478,54.7210,119.1347
141.5925,220.7385,53.2780,117.8461
142.8297,219.2256,54.2016,119.5923
141.5919,219.4929,54.8993,120.3044
140.9667,219.3368,57.1695,119.4907
141.3491,225.7196,56.2131,114.6711
140.6287,227.2972,58.4829,113.5310
144.0116,226.8281,55.5714,113.4897
144.8282,225.1273,57.1844,116.6455
146.0731,219.4300,57.1813,119.5923
146.1053,220.4138,56.2288,118.4865
146.6469,222.0622,57.4004,117.7736
147.2375,224.4445,55.7523,116.6632
147.0956,225.0936,53.6153,117.0585
147.4362,226.5754,54.5814,124.6088
147.0894,225.3968,57.7346,125.2352
147.2703,225.7615,58.6312,126.3976
148.0338,225.8895,58.0853,127.1456
145.1581,225.6646,60.9882,127.6931
145.3283,232.2481,62.2079,121.2999
147.5811,232.6473,61.4307,118.6111
146.8712,233.7333,62.0291,118.8288
142.1885,236.8471,67.5102,115.1969
142.1850,229.3072,69.4090,124.7381
150.0357,230.3360,60.6066,122.4963
148.6115,229.2520,63.0816,113.4964
146.6856,235.4479,67.2472,105.6656
147.3036,232.4691,66.1883,108.9521
144.7565,230.5731,69.9431,110.5514
142.1389,227.2813,71.6308,113.8421
142.9809,223.7538,71.9566,116.1188
143.4113,224.0605,71.6150,115.6559
144.5738,228.1821,69.4433,112.0455
145.9289,227.1765,65.1042,115.2386
148.3158,227.1005,61.0290,122.6852
142.2770,229.5123,61.3655,120.7005
139.2853,228.8014,62.8825,120.3584
128.3457,229.5226,71.7699,121.4294
125.9479,237.7593,74.1659,110.4929
125.4550,236.5752,76.2341,112.5565
147.8560,232.4023,54.7051,117.1249
149.5080,231.7919,55.3423,117.3880
150.0771,232.0341,57.2932,109.8343
150.8804,231.9078,59.2803,109.4658
151.5233,231.5091,62.4066,109.9304
151.1200,231.4142,68.8513,111.1438
153.9553,230.9994,68.1126,111.1379
153.6880,230.8363,69.3959,110.4929
154.9707,231.7007,67.3226,112.5224
155.2542,226.4534,66.2488,114.9338
153.7654,226.5337,67.7547,114.3802
157.4326,226.7268,63.7336,113.6153
158.0929,223.2618,61.2015,119.5923
157.7447,227.5252,62.4429,115.1493
157.6066,227.1531,60.9426,115.8306
160.0509,230.2038,59.2796,108.2254
159.7613,223.9594,59.1098,114.1626
160.4289,223.6381,60.3610,104.7567
157.8233,224.8875,64.8376,103.1490
162.0650,225.1519,57.4461,103.6847
157.8050,224.9463,60.0679,108.0569
162.0513,223.6160,57.6701,106.6469
162.7841,224.5827,57.9297,105.4133
162.4502,231.6745,60.0258,104.6921
160.9459,231.9494,61.3193,102.5405
160.3757,232.0709,65.3986,102.8571
165.9894,232.1145,63.1746,102.8023
166.0917,232.6644,65.9884,102.6128
162.9261,229.9257,72.6652,102.9183
157.5798,230.2007,79.8283,101.8477
151.7014,230.7034,87.1331,103.6486
164.6542,225.6546,78.2580,113.0824
178.8909,229.0200,65.0582,110.1220
181.6294,229.0075,66.2647,104.5953
184.5326,227.9428,64.3162,111.4852
185.4338,227.9198,63.1349,111.5255
187.0793,228.4456,62.6534,115.7872
186.3205,225.3728,63.2840,116.4101
183.3251,223.9732,63.5543,118.6705
187.7172,224.4173,62.3074,114.0139
192.4750,221.0329,60.5364,119.3535
191.1214,221.2699,64.8378,119.8473
191.5840,217.3658,66.7709,111.0607
191.6791,220.3780,68.8097,109.1832
194.1706,223.0159,71.4183,107.5312
196.7016,223.8886,71.4335,106.2617
197.0830,225.8206,73.4584,104.6577
192.5558,231.2238,80.1532,99.6262
199.4079,231.1778,77.0803,98.2236
221.7707,232.5552,59.3947,98.8292
222.7790,231.6159,64.5191,93.8879
225.2506,229.2241,69.2690,93.9633
232.3073,226.6641,71.0515,95.7692
234.7591,233.5027,70.6454,89.2819
241.9912,232.6036,67.3166,89.1612
248.6050,226.6798,65.8136,96.9281
251.5086,219.6322,63.1779,103.0684
266.9593,232.7361,47.0358,88.0891
269.4199,230.4774,52.4599,93.2425
268.3702,224.6287,60.1475,101.3116
268.7983,221.2482,65.4107,110.3851
267.0513,231.3324,72.9304,106.2769
266.9843,232.3449,78.9914,102.0456
309.9758,231.1169,41.2275,90.2686
319.5100,233.4304,38.5449,94.6930
324.5760,234.3664,39.9640,100.7244
335.9689,234.4439,36.2520,92.7023
341.1292,236.3351,42.6072,93.3143
345.4661,235.8745,52.3182,91.6260
353.4970,235.5841,54.6568,87.2106
356.9052,234.5243,42.2157,79.5188
364.4916,226.6402,55.2331,79.3020
372.7665,222.8318,53.2706,85.1832
380.9548,214.5661,50.4211,94.9990
383.8457,213.0689,56.5705,95.7777
383.9758,236.9410,64.5257,71.8928
383.6579,241.0817,73.8716,69.0807
379.1210,239.9127,81.4807,71.2148
373.6502,238.8436,88.2608,72.9149
370.9278,238.6905,92.9905,72.7733
407.5752,235.0427,53.3637,77.6697
403.1553,232.4792,60.1535,75.8461
396.8241,228.7292,62.4002,74.8411
386.4374,220.3448,70.1517,81.4214
380.0250,209.8064,82.2089,87.3263
369.7247,205.9290,88.1835,87.3050
360.3620,202.0422,95.7622,88.3023
381.7244,199.0484,67.2293,91.5948
379.7431,205.1405,66.9259,84.3367
377.0891,204.8843,69.4770,82.9559
373.8155,203.7092,65.8344,83.0386
372.7125,200.9935,67.7787,85.1019
369.6251,197.6328,62.9174,83.9579
364.7755,186.9007,61.2928,90.0500
361.1463,185.4223,61.8255,85.3438
358.0150,185.4001,62.4239,81.9736
351.4171,187.9281,64.6880,76.2334
349.7485,189.3080,62.3428,76.6644
344.3507,191.5204,66.0409,73.1294
340.2546,192.7056,67.7348,76.0419
339.4922,189.3898,65.0408,76.0803
336.1339,189.5078,66.5823,75.7584
334.0898,187.7103,68.4365,75.8307
330.6681,189.4065,70.6217,77.8621
329.2388,190.5505,70.6893,78.9341
325.4059,189.3728,74.0045,79.2850
320.5909,186.4068,77.1045,79.1651
316.0274,183.0957,80.0466,78.1870
312.0424,180.9227,81.9479,80.0675
344.7848,181.9658,48.6252,83.9888
341.0804,180.6815,50.8875,84.6757
338.3678,180.4341,53.7682,83.4174
335.8058,180.0273,50.7736,82.0781
332.1516,174.7745,51.7424,92.2163
332.0475,174.0120,50.4257,91.8826
328.0720,173.9094,54.0409,96.4083
330.8252,175.6391,49.7912,92.2119
334.5861,176.2782,45.1887,90.9450
338.4158,179.0926,41.1288,90.5085
335.5589,178.1971,43.0245,91.9327
332.2918,179.3084,47.6879,87.7211
327.9082,178.5785,51.3207,87.3582
321.1088,178.3785,59.2299,85.7959
314.6324,174.4612,65.5223,89.4165
310.6331,174.5572,69.3571,87.2882
307.5192,174.1416,72.0973,86.7968
307.6895,174.3786,71.2135,89.0476
314.1235,174.1285,67.0929,90.4489
321.2857,173.9208,58.0722,92.9200
319.9068,175.4556,56.8065,90.1514
316.4281,174.6912,60.0555,94.7449
313.0975,178.3384,62.1084,96.1468
311.8795,178.6370,62.6284,95.4688
312.9407,180.1466,59.1986,92.8493
311.0706,179.6508,58.4509,108.2783
309.7531,180.3467,60.4196,107.9403
313.5908,180.2935,55.4449,108.4224
313.5406,180.1276,53.0033,107.5905
312.9987,179.2228,51.4284,109.7534
311.4393,178.0846,52.1016,108.9972
306.9617,178.0703,54.2077,107.4493
304.0697,176.7301,56.1609,104.2297
298.1496,174.9621,60.5492,103.1374
298.7292,174.9358,59.1971,102.8681
297.3491,175.1419,59.0060,105.3664
295.5931,173.6609,60.1378,112.5118
296.0847,172.7866,59.1283,114.2444
294.5081,171.7361,59.6098,94.7360
294.8421,171.0492,57.9588,94.5834
297.4438,172.3708,60.4044,93.7036
301.3121,170.8282,56.3920,94.2159
300.4460,170.4825,51.3490,93.5424
295.2288,171.2117,54.4627,93.9007
294.6081,169.9052,56.2646,95.8085
294.2918,170.2354,55.0696,95.4909
290.0975,169.1801,57.9970,102.0033
291.8467,168.2271,54.3842,96.1983
289.9298,167.3356,55.3255,97.8190
287.9698,176.5007,55.2658,89.1773
285.0806,176.6257,54.3594,89.4090
283.3573,175.8008,55.3028,89.5336
285.2597,173.9000,46.3196,82.6174
284.1469,171.0998,46.4587,84.9988
283.3033,172.1204,46.3739,84.8626
283.2521,170.5419,49.1628,85.1659
286.2971,167.6871,46.3206,87.9962
286.2783,167.2476,47.5248,87.5624
289.1202,167.5877,44.8093,89.0959
289.2433,167.6685,43.8859,87.6358
291.2504,168.7447,41.7519,83.9537
292.9518,170.6590,37.9023,90.5283
292.0236,172.9523,38.9972,91.7664
291.6453,173.2697,41.6452,92.1461
290.3654,171.6358,43.7261,93.1372
289.0721,173.1027,45.9374,91.7456
288.7218,171.8023,48.8484,92.8410
285.9570,170.5222,50.4302,93.4773
283.7289,170.8248,55.1646,92.0922
282.5491,171.0231,56.5426,90.8409
282.3991,170.1985,56.0431,88.0664
281.9476,168.0915,55.6543,91.0769
282.9394,163.7365,52.1440,92.3986
283.7171,162.8184,50.5232,94.0602
284.9907,162.7409,46.8547,89.9761
284.9628,162.5696,46.8926,90.1616
285.2331,159.9253,48.2454,91.5638
284.5161,163.3055,50.0515,89.6910
285.1249,164.7944,52.3514,89.7784
285.1191,166.8096,50.4080,88.7541
286.4425,165.7665,52.3176,91.8032
287.4046,170.9014,49.8653,85.9308
291.7381,168.8150,50.9450,83.5768
294.5781,161.5279,50.6447,90.2162
297.6943,159.2856,49.7684,93.6573
298.2153,168.7502,49.1689,85.8406
300.2325,167.2739,47.2642,88.3310
302.6135,168.5617,53.0255,88.5248
305.3046,161.3743,54.7000,95.4361
306.9037,162.1543,56.7564,96.2240
309.2623,161.9400,49.1845,96.1700
309.4983,162.0822,51.5592,94.2861
316.2583,162.9623,45.9355,93.8989
311.2677,161.0944,53.1725,88.9685
314.7976,159.7887,51.8875,89.9475
315.8379,161.6843,51.9863,88.4598
318.7921,158.1754,51.5639,93.5291
318.8768,160.1919,51.8984,88.6518
317.4665,159.3313,56.3002,84.9510
315.8109,159.2820,60.1366,86.5936
321.0535,158.2465,55.1715,87.8268
320.2878,153.9254,57.9671,90.3300
312.4610,149.6888,65.3334,93.2116
306.2010,144.8135,67.3774,100.9931
311.5050,142.1200,60.3179,106.9790
316.6156,138.9402,50.5116,116.6750
319.2603,136.0898,51.3906,93.7064
319.3897,136.1690,50.7890,90.6089
317.7799,136.0414,52.1598,89.5983
317.6609,135.7803,52.4535,87.8140
321.9074,131.8091,45.9003,91.3613
326.1259,131.7061,37.7726,92.5302
327.2172,137.7599,32.9162,89.5282
329.2396,140.1716,31.5623,90.4031
331.6498,146.3623,31.4335,90.0611
331.6981,148.4815,33.0857,89.7284
326.6455,155.1231,37.8229,86.9014
325.1732,162.5411,37.4646,92.1671
325.8080,170.8518,37.0012,83.1248
327.3528,170.4599,36.0057,93.7556
328.9357,170.4589,34.0702,95.5094
327.8327,172.0200,35.8696,97.3268
327.4856,172.3470,39.3499,100.6882
321.0679,173.2094,49.4077,101.4118
322.8492,172.0869,49.8000,101.3287
325.0220,173.0783,52.2832,100.0782
325.6839,175.6061,54.6213,100.5331
328.4425,177.8096,53.3475,99.1233
325.5244,167.4839,54.8003,113.4788
327.0845,177.6300,57.1709,103.9962
317.2264,171.9671,68.3610,113.4811
325.3142,186.3486,65.3157,113.0964
327.1175,192.0678,60.8648,110.2399
315.0451,184.3121,70.3122,114.9578
321.4258,186.4453,59.8722,110.0424
319.7794,187.7947,61.0131,112.9350
322.8377,189.9336,63.9971,114.8035
334.8387,187.2909,53.6580,108.9636
328.0588,189.3809,63.2701,111.7113
325.5054,192.9106,71.8645,115.4004
328.3704,199.6092,73.3812,104.3831
335.5408,205.6681,68.0440,102.8819
340.6791,206.9548,67.2883,104.3012
340.6076,210.2264,70.7167,112.9656
337.1671,210.5336,77.8800,119.1227
344.1660,205.8646,73.4410,120.1546
343.7437,216.2645,77.5261,112.2021
341.8911,215.4106,82.3733,97.5012
343.0532,218.8122,80.3275,100.7284
343.5027,223.8875,85.2730,98.3253
339.6560,223.1661,79.6235,100.1585
339.5641,225.9774,75.9011,87.4521
338.4904,226.9887,80.5854,86.2773
338.2693,222.2771,49.4822,87.5403
339.3647,222.6903,45.4562,85.8424
338.8183,220.8189,42.4985,85.0812
341.4038,220.3631,41.3108,84.7686
342.7003,220.1848,41.9542,82.1845
346.1037,197.3345,30.6884,83.4555
329.1545,199.2910,55.0876,70.6203
336.1982,197.7849,49.5509,70.9838
339.7233,197.3360,48.0520,72.6802
341.6675,197.7626,46.4553,80.2403
340.5730,197.9510,50.1323,85.6805
339.6739,197.2018,53.2105,91.1772
340.5524,197.3808,49.8178,89.6107
343.9353,198.0692,46.6094,91.4664
347.2888,198.4399,45.1173,90.7120
346.9683,197.9737,43.2017,91.7992
346.8336,198.0546,47.3585,86.4931
347.5431,197.9933,50.2750,88.7870
347.6545,199.0379,52.0312,82.5421
347.5886,199.4712,53.2842,81.0253
341.1687,199.4404,61.8749,80.7511
340.8854,198.5257,63.5887,82.2507
340.2166,199.6400,63.3119,80.3267
340.0806,200.7915,64.7073,79.2194
341.3090,201.1183,65.9265,79.1701
339.8017,201.0949,68.5930,79.3695
337.1749,201.5563,69.7734,81.0782
343.7208,194.2122,77.2405,80.8185
340.3767,198.9979,65.9786,92.9826
340.0125,199.1491,71.5369,96.7308
339.8480,199.8452,53.5609,84.3303
339.2656,199.7622,56.3178,68.7881
331.5117,199.9863,66.6441,68.8535
332.3632,200.6123,65.7684,73.1868
335.0604,200.8206,63.5125,73.8495
334.8712,199.2907,67.2205,75.5298
334.6068,199.0257,68.4368,71.8611
331.9270,196.0843,72.0065,77.6817
325.3163,195.3443,80.7354,82.5286
322.7081,194.7245,85.7602,77.7922
321.5735,195.1188,95.4510,75.0177
317.4467,194.7584,101.8957,75.8679
313.7638,195.4324,106.8969,74.5656
309.5556,194.1712,102.5728,74.3203
309.5247,195.6831,102.8598,77.2704
311.1410,196.3300,101.8433,79.5170
303.3298,195.4737,100.6195,83.6044
307.0495,197.6339,102.8036,69.5377
313.5294,194.1301,96.9533,71.6386
309.9346,194.0501,101.1767,66.6221
310.8344,191.5305,88.7531,65.7364
308.8793,188.6089,89.4460,69.6370
306.1737,188.9697,86.0715,65.0194
