0.26633
0.10613
0.026271
0.028016
0.026111
0.039023
0.015944
0.015688
0.015502
0.015179
0.014591
0.014911
0.01451
0.014859
0.014412
0.014423
0.014454
0.014503
0.014961
0.015717
0.015693
0.014975
0.01508
0.015211
0.015286
0.014895
0.014789
0.014852
0.015175
0.014785
0.014975
0.015171
0.014933
0.015159
0.014593
0.014778
0.014846
0.014929
0.014522
0.014574
0.01498
0.01499
0.014706
0.015069
0.014743
0.014998
0.015
0.014528
0.014692
0.014738
0.014719
0.014821
0.014723
0.01482
0.014797
0.014837
0.014774
0.01484
0.014819
0.014784
0.014716
0.014686
0.014404
0.014691
0.014715
0.014389
0.014818
0.014779
0.014885
0.014788
0.014722
0.014379
0.01461
0.014585
0.014659
0.014778
0.014462
0.014593
0.014409
0.014445
0.014598
0.014381
0.014697
0.01461
0.014708
0.014301
0.014718
0.014244
0.014605
0.014641
0.014231
0.014639
0.014249
0.014605
0.014109
0.014517
0.014454
0.014376
0.014452
0.014504
0.01442
0.014511
0.014477
0.014041
0.01433
0.013816
0.014081
0.01395
0.01442
0.013975
0.014331
0.013924
0.014325
0.013946
0.01396
0.013893
0.014276
0.013907
0.014359
0.014271
0.014231
0.014259
0.013894
0.014316
0.014353
0.014293
0.014298
0.014198
0.01394
0.014373
0.014331
0.013954
0.01436
0.013958
0.014355
0.014241
0.014324
0.01423
0.014186
0.014073
0.013862
0.014325
0.013832
0.014313
0.014293
0.014296
0.014312
0.014234
0.014332
0.014021
0.014425
0.014395
0.014292
0.013974
0.014275
0.013929
0.014163
0.014252
0.014212
0.0142
0.014251
0.014157
0.014173
0.01412
0.014175
0.01417
0.014146
0.014153
0.014112
0.014201
0.014179
0.014125
0.014207
0.014167
0.014238
0.014253
0.014229
0.014218
0.014279
0.014205
0.014236
0.014091
0.014304
0.01406
0.014345
0.01434
0.014298
0.014282
0.014375
0.014347
0.014327
0.014269
0.014351
0.014322
0.014094
0.014322
0.014315
0.014374
0.014362
0.014358
0.014551
0.014605
0.014502
0.01435
0.014339
0.014345
0.014278
0.014316
0.014284
0.014262
0.014367
0.01435
0.014293
0.014271
0.014238
0.014237
0.014213
0.014171
0.014173
0.014336
0.011972
0.014263
0.014269
0.014248
0.014235
0.014269
0.014204
0.014161
0.014158
0.014189
0.014199
0.014216
0.014282
0.014294
0.014266
0.014246
0.014277
0.014267
0.014252
0.014243
0.0143
0.014188
0.014148
0.014243
0.014222
0.014199
0.014245
0.014155
0.014083
0.014016
0.014315
0.014302
0.0142
0.014228
0.014198
0.014278
0.014287
0.014297
0.01418
0.014236
0.014173
0.014274
0.014219
0.014229
0.014184
0.014234
0.014195
0.014234
0.014175
0.014207
0.014216
0.014243
0.014206
0.014257
0.014244
0.014339
0.014283
0.014216
0.014192
0.014192
0.014274
0.01419
0.014187
0.014192
0.014212
0.014171
0.014144
0.01418
0.014112
0.014156
0.014105
0.014196
0.014118
0.014141
0.014043
0.014065
0.014156
0.01411
0.014254
0.014299
0.014195
0.014176
0.01422
0.014305
0.014263
0.014224
0.014272
0.01441
0.014376
0.014352
0.014302
0.014251
0.014224
0.01408
0.014103
0.014183
0.014136
0.014208
0.014177
0.014203
0.014145
0.014166
0.014087
0.014073
0.014103
0.014182
0.014098
0.014101
0.014131
0.014084
0.014116
0.013988
0.014023
0.013994
0.014071
0.014404
0.014393
0.014357
0.014429
0.014339
0.014016
0.013779
0.013844
0.013988
0.014035
0.01398
0.013946
0.014085
0.014035
0.014079
0.013989
0.014039
0.013989
0.014063
0.013903
0.013963
0.013949
0.014064
0.014065
0.013938
0.01394
0.014058
0.014006
0.013974
0.01386
0.013974
0.013945
0.014064
0.014015
0.013968
0.014019
0.014013
0.014025
0.013954
0.014107
0.014168
0.014129
0.014128
0.014239
0.014247
0.014317
0.014343
0.014267
0.014241
0.014156
0.014109
0.014157
0.013983
0.014095
0.01405
0.014028
0.014
0.014053
0.01406
0.014097
0.014047
0.013985
0.01409
0.014166
0.014154
0.014175
0.014102
0.014144
0.014097
0.014127
0.014197
0.014095
0.014262
0.014249
0.014193
0.014187
0.014153
0.014208
0.014199
0.014204
0.014158
0.014278
0.014218
0.014256
0.014149
0.014163
0.014186
0.014235
0.014311
0.014219
0.014194
0.014323
0.014353
0.014422
0.014302
0.014464
0.014417
0.014496
0.014384
0.014496
0.014472
0.014476
0.014435
0.014492
0.01446
0.014488
0.014413
0.014477
0.014406
0.014419
0.014445
0.014397
0.014466
0.014408
0.01433
0.014349
0.01438
0.014307
0.014336
0.014293
0.014158
0.014048
0.013998
0.014085
0.013959
0.013915
0.013805
0.013809
0.013833
0.01387
0.013855
0.013814
0.013704
0.013797
0.013801
0.013803
0.013778
0.013895
0.013852
0.0138
0.013914
0.013882
0.01382
0.01387
0.013342
0.013371
0.013267
0.013416
0.01329
0.0134
0.013351
0.013235
0.013311
0.013301
0.013359
0.013374
0.01335
0.013417
0.013353
0.013323
0.01335
0.013339
0.013414
0.013359
0.013345
0.013322
0.013721
0.014257
0.013935
0.013972
0.013971
0.013907
0.013944
0.01386
0.013776
0.013679
0.013843
0.013756
0.013811
0.013761
0.013806
0.013867
0.013826
0.013829
