1
298.0000,137.0000,73.0000,86.0000
293.0000,141.0000,75.0000,89.0000
293.0000,141.0000,75.0000,89.0000
293.0000,141.0000,75.0000,89.0000
293.0000,141.0000,75.0000,89.0000
293.0000,141.0000,75.0000,89.0000
293.0000,141.0000,75.0000,89.0000
293.0000,141.0000,75.0000,89.0000
293.0000,141.0000,75.0000,89.0000
293.0000,141.0000,75.0000,89.0000
293.0000,141.0000,75.0000,89.0000
293.0000,141.0000,75.0000,89.0000
293.0000,141.0000,75.0000,89.0000
293.0000,141.0000,75.0000,89.0000
293.0000,141.0000,75.0000,89.0000
293.0000,141.0000,75.0000,89.0000
293.0000,141.0000,75.0000,89.0000
293.0000,141.0000,75.0000,89.0000
293.0000,141.0000,75.0000,89.0000
293.0000,141.0000,75.0000,89.0000
293.0000,141.0000,75.0000,89.0000
293.0000,141.0000,75.0000,89.0000
293.0000,141.0000,75.0000,89.0000
293.0000,141.0000,75.0000,89.0000
293.0000,141.0000,75.0000,89.0000
2
0
291.0000,142.0000,77.0000,92.0000
0
0
0
0
1
342.0000,95.0000,94.0000,105.0000
352.0000,109.0000,96.0000,109.0000
352.0000,109.0000,96.0000,109.0000
352.0000,109.0000,96.0000,109.0000
352.0000,109.0000,96.0000,109.0000
352.0000,109.0000,96.0000,109.0000
352.0000,109.0000,96.0000,109.0000
352.0000,109.0000,96.0000,109.0000
352.0000,109.0000,96.0000,109.0000
352.0000,109.0000,96.0000,109.0000
352.0000,109.0000,96.0000,109.0000
352.0000,109.0000,96.0000,109.0000
352.0000,109.0000,96.0000,109.0000
352.0000,109.0000,96.0000,109.0000
352.0000,109.0000,96.0000,109.0000
352.0000,109.0000,96.0000,109.0000
352.0000,109.0000,96.0000,109.0000
352.0000,109.0000,96.0000,109.0000
352.0000,109.0000,96.0000,109.0000
352.0000,109.0000,96.0000,109.0000
352.0000,109.0000,96.0000,109.0000
352.0000,109.0000,96.0000,109.0000
352.0000,109.0000,96.0000,109.0000
352.0000,109.0000,96.0000,109.0000
352.0000,109.0000,96.0000,109.0000
352.0000,109.0000,96.0000,109.0000
367.0000,125.0000,97.0000,110.0000
367.0000,125.0000,97.0000,110.0000
367.0000,125.0000,97.0000,110.0000
367.0000,125.0000,97.0000,110.0000
367.0000,125.0000,97.0000,110.0000
367.0000,125.0000,97.0000,110.0000
367.0000,125.0000,97.0000,110.0000
367.0000,125.0000,97.0000,110.0000
367.0000,125.0000,97.0000,110.0000
367.0000,125.0000,97.0000,110.0000
367.0000,125.0000,97.0000,110.0000
367.0000,125.0000,97.0000,110.0000
367.0000,125.0000,97.0000,110.0000
2
0
0
0
0
0
0
0
0
0
0
0
300.0000,164.0000,99.0000,112.0000
0
0
0
0
1
229.0000,202.0000,75.0000,80.0000
229.0000,208.0000,73.0000,78.0000
229.0000,208.0000,73.0000,78.0000
229.0000,208.0000,73.0000,78.0000
229.0000,208.0000,73.0000,78.0000
229.0000,208.0000,73.0000,78.0000
229.0000,208.0000,73.0000,78.0000
229.0000,208.0000,73.0000,78.0000
229.0000,208.0000,73.0000,78.0000
229.0000,208.0000,73.0000,78.0000
229.0000,208.0000,73.0000,78.0000
229.0000,208.0000,73.0000,78.0000
229.0000,208.0000,73.0000,78.0000
229.0000,208.0000,73.0000,78.0000
229.0000,208.0000,73.0000,78.0000
229.0000,208.0000,73.0000,78.0000
229.0000,208.0000,73.0000,78.0000
229.0000,208.0000,73.0000,78.0000
229.0000,208.0000,73.0000,78.0000
229.0000,208.0000,73.0000,78.0000
229.0000,208.0000,73.0000,78.0000
229.0000,208.0000,73.0000,78.0000
229.0000,208.0000,73.0000,78.0000
229.0000,208.0000,73.0000,78.0000
0
0
0
2
0
0
0
0
1
249.0000,137.0000,64.0000,75.0000
254.0000,139.0000,64.0000,74.0000
254.0000,139.0000,64.0000,74.0000
254.0000,139.0000,64.0000,74.0000
254.0000,139.0000,64.0000,74.0000
254.0000,139.0000,64.0000,74.0000
254.0000,139.0000,64.0000,74.0000
254.0000,139.0000,64.0000,74.0000
254.0000,139.0000,64.0000,74.0000
254.0000,139.0000,64.0000,74.0000
254.0000,139.0000,64.0000,74.0000
254.0000,139.0000,64.0000,74.0000
254.0000,139.0000,64.0000,74.0000
254.0000,139.0000,64.0000,74.0000
254.0000,139.0000,64.0000,74.0000
254.0000,139.0000,64.0000,74.0000
254.0000,139.0000,64.0000,74.0000
254.0000,139.0000,64.0000,74.0000
254.0000,139.0000,64.0000,74.0000
254.0000,139.0000,64.0000,74.0000
254.0000,139.0000,64.0000,74.0000
254.0000,139.0000,64.0000,74.0000
254.0000,139.0000,64.0000,74.0000
254.0000,139.0000,64.0000,74.0000
254.0000,139.0000,64.0000,74.0000
254.0000,139.0000,64.0000,74.0000
254.0000,139.0000,64.0000,74.0000
262.0000,143.0000,63.0000,73.0000
262.0000,143.0000,63.0000,73.0000
262.0000,143.0000,63.0000,73.0000
262.0000,143.0000,63.0000,73.0000
262.0000,143.0000,63.0000,73.0000
262.0000,143.0000,63.0000,73.0000
262.0000,143.0000,63.0000,73.0000
262.0000,143.0000,63.0000,73.0000
262.0000,143.0000,63.0000,73.0000
262.0000,143.0000,63.0000,73.0000
262.0000,143.0000,63.0000,73.0000
262.0000,143.0000,63.0000,73.0000
262.0000,143.0000,63.0000,73.0000
262.0000,143.0000,63.0000,73.0000
262.0000,143.0000,63.0000,73.0000
262.0000,143.0000,63.0000,73.0000
262.0000,143.0000,63.0000,73.0000
262.0000,143.0000,63.0000,73.0000
262.0000,143.0000,63.0000,73.0000
262.0000,143.0000,63.0000,73.0000
262.0000,143.0000,63.0000,73.0000
262.0000,143.0000,63.0000,73.0000
262.0000,143.0000,63.0000,73.0000
262.0000,143.0000,63.0000,73.0000
230.0000,146.0000,64.0000,75.0000
230.0000,146.0000,64.0000,75.0000
230.0000,146.0000,64.0000,75.0000
230.0000,146.0000,64.0000,75.0000
0
0
0
0
0
0
0
0
0
0
0
0
0
0
0
0
0
0
0
0
0
2
0
0
0
0
1
323.0000,169.0000,86.0000,78.0000
324.0000,178.0000,84.0000,76.0000
324.0000,178.0000,84.0000,76.0000
324.0000,178.0000,84.0000,76.0000
324.0000,178.0000,84.0000,76.0000
324.0000,178.0000,84.0000,76.0000
324.0000,178.0000,84.0000,76.0000
324.0000,178.0000,84.0000,76.0000
324.0000,178.0000,84.0000,76.0000
324.0000,178.0000,84.0000,76.0000
324.0000,178.0000,84.0000,76.0000
324.0000,178.0000,84.0000,76.0000
324.0000,178.0000,84.0000,76.0000
324.0000,178.0000,84.0000,76.0000
324.0000,178.0000,84.0000,76.0000
324.0000,178.0000,84.0000,76.0000
324.0000,178.0000,84.0000,76.0000
324.0000,178.0000,84.0000,76.0000
324.0000,178.0000,84.0000,76.0000
324.0000,178.0000,84.0000,76.0000
324.0000,178.0000,84.0000,76.0000
324.0000,178.0000,84.0000,76.0000
324.0000,178.0000,84.0000,76.0000
324.0000,178.0000,84.0000,76.0000
324.0000,178.0000,84.0000,76.0000
324.0000,178.0000,84.0000,76.0000
324.0000,178.0000,84.0000,76.0000
317.0000,183.0000,85.0000,77.0000
317.0000,183.0000,85.0000,77.0000
317.0000,183.0000,85.0000,77.0000
317.0000,183.0000,85.0000,77.0000
317.0000,183.0000,85.0000,77.0000
317.0000,183.0000,85.0000,77.0000
317.0000,183.0000,85.0000,77.0000
317.0000,183.0000,85.0000,77.0000
317.0000,183.0000,85.0000,77.0000
317.0000,183.0000,85.0000,77.0000
317.0000,183.0000,85.0000,77.0000
317.0000,183.0000,85.0000,77.0000
317.0000,183.0000,85.0000,77.0000
317.0000,183.0000,85.0000,77.0000
317.0000,183.0000,85.0000,77.0000
317.0000,183.0000,85.0000,77.0000
317.0000,183.0000,85.0000,77.0000
317.0000,183.0000,85.0000,77.0000
317.0000,183.0000,85.0000,77.0000
317.0000,183.0000,85.0000,77.0000
317.0000,183.0000,85.0000,77.0000
317.0000,183.0000,85.0000,77.0000
317.0000,183.0000,85.0000,77.0000
0
0
2
0
0
0
0
1
292.0000,132.0000,52.0000,50.0000
291.0000,129.0000,52.0000,50.0000
291.0000,129.0000,52.0000,50.0000
291.0000,129.0000,52.0000,50.0000
291.0000,129.0000,52.0000,50.0000
291.0000,129.0000,52.0000,50.0000
291.0000,129.0000,52.0000,50.0000
291.0000,129.0000,52.0000,50.0000
291.0000,129.0000,52.0000,50.0000
291.0000,129.0000,52.0000,50.0000
291.0000,129.0000,52.0000,50.0000
291.0000,129.0000,52.0000,50.0000
291.0000,129.0000,52.0000,50.0000
291.0000,129.0000,52.0000,50.0000
291.0000,129.0000,52.0000,50.0000
291.0000,129.0000,52.0000,50.0000
291.0000,129.0000,52.0000,50.0000
291.0000,129.0000,50.0000,48.0000
291.0000,129.0000,50.0000,48.0000
291.0000,129.0000,50.0000,48.0000
291.0000,129.0000,50.0000,48.0000
291.0000,129.0000,50.0000,48.0000
291.0000,129.0000,50.0000,48.0000
291.0000,129.0000,50.0000,48.0000
291.0000,129.0000,50.0000,48.0000
291.0000,129.0000,50.0000,48.0000
291.0000,129.0000,50.0000,48.0000
291.0000,129.0000,50.0000,48.0000
291.0000,129.0000,50.0000,48.0000
291.0000,129.0000,50.0000,48.0000
291.0000,129.0000,50.0000,48.0000
290.0000,163.0000,49.0000,47.0000
290.0000,163.0000,49.0000,47.0000
290.0000,163.0000,49.0000,47.0000
290.0000,163.0000,49.0000,47.0000
290.0000,163.0000,49.0000,47.0000
290.0000,163.0000,49.0000,47.0000
290.0000,163.0000,49.0000,47.0000
290.0000,163.0000,49.0000,47.0000
290.0000,163.0000,49.0000,47.0000
290.0000,163.0000,49.0000,47.0000
290.0000,163.0000,49.0000,47.0000
290.0000,163.0000,49.0000,47.0000
290.0000,163.0000,49.0000,47.0000
290.0000,163.0000,49.0000,47.0000
308.0000,143.0000,49.0000,47.0000
308.0000,143.0000,49.0000,47.0000
308.0000,143.0000,49.0000,47.0000
308.0000,143.0000,49.0000,47.0000
308.0000,143.0000,49.0000,47.0000
308.0000,143.0000,49.0000,47.0000
308.0000,143.0000,49.0000,47.0000
308.0000,143.0000,49.0000,47.0000
308.0000,143.0000,49.0000,47.0000
308.0000,143.0000,49.0000,47.0000
308.0000,143.0000,49.0000,47.0000
308.0000,143.0000,49.0000,47.0000
308.0000,143.0000,49.0000,47.0000
308.0000,143.0000,49.0000,47.0000
308.0000,143.0000,49.0000,47.0000
314.0000,146.0000,48.0000,46.0000
314.0000,146.0000,48.0000,46.0000
314.0000,146.0000,48.0000,46.0000
314.0000,146.0000,48.0000,46.0000
314.0000,146.0000,48.0000,46.0000
314.0000,146.0000,48.0000,46.0000
314.0000,146.0000,48.0000,46.0000
314.0000,146.0000,48.0000,46.0000
314.0000,146.0000,48.0000,46.0000
314.0000,146.0000,48.0000,46.0000
314.0000,146.0000,48.0000,46.0000
314.0000,146.0000,48.0000,46.0000
314.0000,146.0000,48.0000,46.0000
314.0000,146.0000,48.0000,46.0000
314.0000,146.0000,48.0000,46.0000
314.0000,146.0000,48.0000,46.0000
313.0000,133.0000,48.0000,46.0000
313.0000,133.0000,48.0000,46.0000
313.0000,133.0000,48.0000,46.0000
313.0000,133.0000,48.0000,46.0000
313.0000,133.0000,48.0000,46.0000
313.0000,133.0000,48.0000,46.0000
313.0000,133.0000,48.0000,46.0000
313.0000,133.0000,48.0000,46.0000
313.0000,133.0000,48.0000,46.0000
313.0000,133.0000,48.0000,46.0000
313.0000,133.0000,48.0000,46.0000
313.0000,133.0000,48.0000,46.0000
313.0000,133.0000,48.0000,46.0000
313.0000,133.0000,48.0000,46.0000
313.0000,133.0000,48.0000,46.0000
313.0000,133.0000,48.0000,46.0000
312.0000,134.0000,47.0000,45.0000
312.0000,134.0000,47.0000,45.0000
312.0000,134.0000,47.0000,45.0000
312.0000,134.0000,47.0000,45.0000
312.0000,134.0000,47.0000,45.0000
312.0000,134.0000,47.0000,45.0000
312.0000,134.0000,47.0000,45.0000
312.0000,134.0000,47.0000,45.0000
312.0000,134.0000,47.0000,45.0000
312.0000,134.0000,47.0000,45.0000
312.0000,134.0000,47.0000,45.0000
312.0000,134.0000,47.0000,45.0000
312.0000,134.0000,47.0000,45.0000
312.0000,134.0000,47.0000,45.0000
312.0000,134.0000,47.0000,45.0000
267.0000,113.0000,47.0000,45.0000
267.0000,113.0000,47.0000,45.0000
267.0000,113.0000,47.0000,45.0000
267.0000,113.0000,47.0000,45.0000
267.0000,113.0000,47.0000,45.0000
0
0
0
0
0
0
0
0
0
0
0
2
0
0
0
0
