0.01575
0.029497
0.036574
0.040583
0.044079
0.048277
0.053435
0.060392
0.062375
0.075281
0.079089
0.079833
0.079306
0.078756
0.080132
0.078499
0.079685
0.081498
0.081235
0.077833
0.080371
0.076444
0.081377
0.079858
0.0808
0.081502
0.078996
0.079471
0.079615
0.07982
0.079767
0.082088
0.08249
0.082418
0.083094
0.083042
0.081088
0.080662
0.076158
0.077807
0.079069
0.078785
0.079223
0.07921
0.076476
0.077831
0.079004
0.079944
0.078483
0.078541
0.083242
0.076012
0.081298
0.080969
0.081434
0.078917
0.07735
0.077538
0.077683
0.078884
0.075444
0.080267
0.083128
0.07817
0.076941
0.076471
0.07591
0.077828
0.077475
0.077389
0.078715
0.077873
0.077925
0.079023
0.081758
0.078711
0.077012
0.076935
0.077622
0.076415
0.078068
0.080872
0.079329
0.079429
0.077883
0.078304
0.078052
0.078196
0.078466
0.077036
0.076002
0.078237
0.078643
0.082154
0.07816
0.07869
0.080014
0.078495
0.078636
0.077522
0.078165
0.07816
0.075641
0.078917
0.078058
0.084566
0.080257
0.077948
0.078315
0.079262
0.07738
0.079954
0.07815
0.077861
0.079777
0.080395
0.082121
0.079889
0.080122
0.079996
0.080426
0.080437
0.08028
0.080389
0.080044
0.084101
0.080662
0.081666
0.081509
0.078672
0.081656
0.077781
0.08167
0.084911
0.078395
0.083694
0.083158
0.083187
0.083009
0.081866
0.083421
0.079
0.082889
0.083548
0.083564
0.084794
0.08451
0.083454
0.08292
0.085067
0.083418
0.08194
0.083894
0.080959
0.082552
0.083332
0.082232
0.082393
0.083458
0.081609
0.082139
0.083481
0.081342
0.082842
0.080536
0.078607
0.081598
0.081182
0.082095
0.081543
0.080163
0.081593
0.081808
0.082972
0.082551
0.080587
0.081795
0.081981
0.082334
0.083527
0.082209
0.081095
0.082361
0.083366
0.083205
0.084912
0.081352
0.08338
0.079204
0.077057
0.078379
0.077493
0.079969
0.084738
0.079204
0.083104
0.082937
0.080142
0.080818
0.080575
0.078925
0.081865
0.081387
0.082124
0.081431
0.080532
0.082993
0.081846
0.077235
0.080132
0.079288
0.081647
0.074069
0.07955
0.080907
0.080702
0.08143
0.084946
0.08095
0.082618
0.079652
0.082702
0.076737
0.076646
0.081664
0.078764
0.079977
0.079924
0.077645
0.078999
0.077872
0.079044
0.077986
0.081469
0.086231
0.079734
0.077818
0.081804
0.082425
0.083159
0.082243
0.080853
0.079248
0.077903
0.077125
0.081189
0.076807
0.07534
0.0815
0.077211
0.078755
0.079401
0.076069
0.077587
0.080712
0.080185
0.076191
0.074242
0.07143
0.07458
0.065133
0.063435
0.054105
0.058478
0.056738
0.076895
0.079236
0.077553
0.078879
0.08374
0.08245
0.084071
0.080351
0.075419
0.073475
0.08175
0.069043
0.057023
0.060234
0.062624
0.08204
0.056592
0.078286
0.082096
0.074962
0.071803
0.066259
0.081097
0.062886
0.076489
0.059147
0.066239
0.058066
0.053985
0.076964
0.07475
0.078522
0.07785
0.078027
0.079402
0.076354
0.076182
0.076976
0.08154
0.08175
0.080472
0.081267
0.081906
0.079615
0.081024
0.081691
0.082672
0.082229
0.081825
0.079597
0.08261
0.081611
0.078787
0.078628
0.081941
0.082593
0.082558
0.079517
0.078327
0.08133
0.080583
0.081723
0.083569
0.083518
0.077275
0.080912
0.082567
0.077895
0.076815
0.071146
0.074164
0.08133
0.080687
0.074919
0.082554
0.08031
0.083554
0.078309
0.082222
0.081478
