0.00034734,0.00048796,0.00041795,0,0,0,0,0,0,0,0,0,0,0,0
0.52632,0.49908,0.49153,0,0,0,0,0,0,0,0,0,0,0,0
0.075147,0.076135,0.07591,0,0,0,0,0,0,0,0,0,0,0,0
0.051876,0.050645,0.052447,0,0,0,0,0,0,0,0,0,0,0,0
0.055356,0.062468,0.056024,0,0,0,0,0,0,0,0,0,0,0,0
0.06505,0.064841,0.06881,0,0,0,0,0,0,0,0,0,0,0,0
0.033281,0.032665,0.033078,0,0,0,0,0,0,0,0,0,0,0,0
0.041541,0.034583,0.035549,0,0,0,0,0,0,0,0,0,0,0,0
0.036111,0.039937,0.036598,0,0,0,0,0,0,0,0,0,0,0,0
0.034013,0.033821,0.035742,0,0,0,0,0,0,0,0,0,0,0,0
0.034083,0.035643,0.034533,0,0,0,0,0,0,0,0,0,0,0,0
0.034437,0.034245,0.034266,0,0,0,0,0,0,0,0,0,0,0,0
0.035992,0.035818,0.035791,0,0,0,0,0,0,0,0,0,0,0,0
0.03393,0.034275,0.036373,0,0,0,0,0,0,0,0,0,0,0,0
0.036136,0.036704,0.036121,0,0,0,0,0,0,0,0,0,0,0,0
0.030029,0.034538,0.029754,0,0,0,0,0,0,0,0,0,0,0,0
0.031167,0.033793,0.031933,0,0,0,0,0,0,0,0,0,0,0,0
0.031842,0.036577,0.032214,0,0,0,0,0,0,0,0,0,0,0,0
0.032863,0.028129,0.028189,0,0,0,0,0,0,0,0,0,0,0,0
0.028557,0.027029,0.026801,0,0,0,0,0,0,0,0,0,0,0,0
0.029011,0.031803,0.029687,0,0,0,0,0,0,0,0,0,0,0,0
0.033031,0.027038,0.027385,0,0,0,0,0,0,0,0,0,0,0,0
0.028055,0.031026,0.031796,0,0,0,0,0,0,0,0,0,0,0,0
0.028271,0.028328,0.027765,0,0,0,0,0,0,0,0,0,0,0,0
0.030261,0.029307,0.030269,0,0,0,0,0,0,0,0,0,0,0,0
0.026445,0.029545,0.027493,0,0,0,0,0,0,0,0,0,0,0,0
0.034273,0.036548,0.035056,0,0,0,0,0,0,0,0,0,0,0,0
0.03612,0.036381,0.039412,0,0,0,0,0,0,0,0,0,0,0,0
0.032524,0.032427,0.034723,0,0,0,0,0,0,0,0,0,0,0,0
0.03173,0.032431,0.03773,0,0,0,0,0,0,0,0,0,0,0,0
0.033182,0.033407,0.034307,0,0,0,0,0,0,0,0,0,0,0,0
0.032023,0.032375,0.035647,0,0,0,0,0,0,0,0,0,0,0,0
0.036638,0.035326,0.037021,0,0,0,0,0,0,0,0,0,0,0,0
0.037406,0.037549,0.037789,0,0,0,0,0,0,0,0,0,0,0,0
0.042168,0.037691,0.040908,0,0,0,0,0,0,0,0,0,0,0,0
0.041024,0.041753,0.041417,0,0,0,0,0,0,0,0,0,0,0,0
0.033083,0.033341,0.034264,0,0,0,0,0,0,0,0,0,0,0,0
0.027893,0.030133,0.029222,0,0,0,0,0,0,0,0,0,0,0,0
0.034077,0.033889,0.035137,0,0,0,0,0,0,0,0,0,0,0,0
0.037289,0.037832,0.037823,0,0,0,0,0,0,0,0,0,0,0,0
0.031357,0.033275,0.032196,0,0,0,0,0,0,0,0,0,0,0,0
0.032632,0.032299,0.034881,0,0,0,0,0,0,0,0,0,0,0,0
0.03109,0.034046,0.032594,0,0,0,0,0,0,0,0,0,0,0,0
0.033922,0.035314,0.032668,0,0,0,0,0,0,0,0,0,0,0,0
0.036497,0.032128,0.035814,0,0,0,0,0,0,0,0,0,0,0,0
0.030038,0.030639,0.033995,0,0,0,0,0,0,0,0,0,0,0,0
0.029844,0.030142,0.032211,0,0,0,0,0,0,0,0,0,0,0,0
0.029613,0.030582,0.029605,0,0,0,0,0,0,0,0,0,0,0,0
0.03109,0.030647,0.030168,0,0,0,0,0,0,0,0,0,0,0,0
0.030472,0.029722,0.031396,0,0,0,0,0,0,0,0,0,0,0,0
0.037346,0.03545,0.032143,0,0,0,0,0,0,0,0,0,0,0,0
0.030732,0.030161,0.03004,0,0,0,0,0,0,0,0,0,0,0,0
0.03156,0.031474,0.031834,0,0,0,0,0,0,0,0,0,0,0,0
0.030764,0.030373,0.031044,0,0,0,0,0,0,0,0,0,0,0,0
0.028236,0.028639,0.02944,0,0,0,0,0,0,0,0,0,0,0,0
0.029351,0.029641,0.031667,0,0,0,0,0,0,0,0,0,0,0,0
0.029726,0.029544,0.031547,0,0,0,0,0,0,0,0,0,0,0,0
0.029256,0.029943,0.029586,0,0,0,0,0,0,0,0,0,0,0,0
0.029889,0.030144,0.032293,0,0,0,0,0,0,0,0,0,0,0,0
0.031419,0.031319,0.034394,0,0,0,0,0,0,0,0,0,0,0,0
0.032039,0.034762,0.032441,0,0,0,0,0,0,0,0,0,0,0,0
0.02998,0.029703,0.029631,0,0,0,0,0,0,0,0,0,0,0,0
0.031392,0.03259,0.030389,0,0,0,0,0,0,0,0,0,0,0,0
0.035119,0.030166,0.030564,0,0,0,0,0,0,0,0,0,0,0,0
0.033226,0.032851,0.033089,0,0,0,0,0,0,0,0,0,0,0,0
0.033596,0.033343,0.033144,0,0,0,0,0,0,0,0,0,0,0,0
0.031554,0.031618,0.031276,0,0,0,0,0,0,0,0,0,0,0,0
0.03226,0.031812,0.032324,0,0,0,0,0,0,0,0,0,0,0,0
0.031335,0.036277,0.033241,0,0,0,0,0,0,0,0,0,0,0,0
0.031989,0.031032,0.031626,0,0,0,0,0,0,0,0,0,0,0,0
0.035635,0.031939,0.030993,0,0,0,0,0,0,0,0,0,0,0,0
0.030825,0.031253,0.031859,0,0,0,0,0,0,0,0,0,0,0,0
0.031356,0.031181,0.032902,0,0,0,0,0,0,0,0,0,0,0,0
0.03006,0.031151,0.032519,0,0,0,0,0,0,0,0,0,0,0,0
0.030736,0.030571,0.030767,0,0,0,0,0,0,0,0,0,0,0,0
0.030398,0.030362,0.032489,0,0,0,0,0,0,0,0,0,0,0,0
0.033403,0.032231,0.035593,0,0,0,0,0,0,0,0,0,0,0,0
0.038027,0.037039,0.03668,0,0,0,0,0,0,0,0,0,0,0,0
0.030657,0.030242,0.029695,0,0,0,0,0,0,0,0,0,0,0,0
0.027994,0.028688,0.027969,0,0,0,0,0,0,0,0,0,0,0,0
0.036158,0.033866,0.035482,0,0,0,0,0,0,0,0,0,0,0,0
0.030694,0.035127,0.030917,0,0,0,0,0,0,0,0,0,0,0,0
0.03347,0.033701,0.033117,0,0,0,0,0,0,0,0,0,0,0,0
0.038748,0.040711,0.040839,0,0,0,0,0,0,0,0,0,0,0,0
0.039098,0.038584,0.038234,0,0,0,0,0,0,0,0,0,0,0,0
0.039444,0.039304,0.039527,0,0,0,0,0,0,0,0,0,0,0,0
0.025806,0.030016,0.025342,0,0,0,0,0,0,0,0,0,0,0,0
0.032373,0.032577,0.032983,0,0,0,0,0,0,0,0,0,0,0,0
0.046614,0.040214,0.040136,0,0,0,0,0,0,0,0,0,0,0,0
0.029748,0.028699,0.030855,0,0,0,0,0,0,0,0,0,0,0,0
0.031878,0.03252,0.032406,0,0,0,0,0,0,0,0,0,0,0,0
0.030657,0.030968,0.030669,0,0,0,0,0,0,0,0,0,0,0,0
0.029447,0.028039,0.028251,0,0,0,0,0,0,0,0,0,0,0,0
0.032296,0.034111,0.038245,0,0,0,0,0,0,0,0,0,0,0,0
0.031082,0.031292,0.031242,0,0,0,0,0,0,0,0,0,0,0,0
0.033174,0.033804,0.033209,0,0,0,0,0,0,0,0,0,0,0,0
0.03216,0.032877,0.032946,0,0,0,0,0,0,0,0,0,0,0,0
0.027497,0.030033,0.027503,0,0,0,0,0,0,0,0,0,0,0,0
0.03026,0.03083,0.030744,0,0,0,0,0,0,0,0,0,0,0,0
0.030302,0.031667,0.0303,0,0,0,0,0,0,0,0,0,0,0,0
0.033494,0.032536,0.033058,0,0,0,0,0,0,0,0,0,0,0,0
0.032379,0.03301,0.032967,0,0,0,0,0,0,0,0,0,0,0,0
0.029659,0.029563,0.029774,0,0,0,0,0,0,0,0,0,0,0,0
0.02967,0.029426,0.032318,0,0,0,0,0,0,0,0,0,0,0,0
0.031392,0.030744,0.031224,0,0,0,0,0,0,0,0,0,0,0,0
0.029913,0.031473,0.031895,0,0,0,0,0,0,0,0,0,0,0,0
0.030585,0.032998,0.033517,0,0,0,0,0,0,0,0,0,0,0,0
0.028713,0.031861,0.033011,0,0,0,0,0,0,0,0,0,0,0,0
0.030688,0.029155,0.028781,0,0,0,0,0,0,0,0,0,0,0,0
0.030178,0.032226,0.029402,0,0,0,0,0,0,0,0,0,0,0,0
0.027381,0.028396,0.027245,0,0,0,0,0,0,0,0,0,0,0,0
0.030542,0.031293,0.030428,0,0,0,0,0,0,0,0,0,0,0,0
0.032698,0.033028,0.032582,0,0,0,0,0,0,0,0,0,0,0,0
0.028784,0.02932,0.031349,0,0,0,0,0,0,0,0,0,0,0,0
0.034278,0.035034,0.037271,0,0,0,0,0,0,0,0,0,0,0,0
0.032224,0.032623,0.032092,0,0,0,0,0,0,0,0,0,0,0,0
0.031453,0.032071,0.031752,0,0,0,0,0,0,0,0,0,0,0,0
0.029675,0.029847,0.030222,0,0,0,0,0,0,0,0,0,0,0,0
0.028908,0.030349,0.033528,0,0,0,0,0,0,0,0,0,0,0,0
0.038979,0.037446,0.036497,0,0,0,0,0,0,0,0,0,0,0,0
0.032244,0.032579,0.032219,0,0,0,0,0,0,0,0,0,0,0,0
0.034169,0.03446,0.036683,0,0,0,0,0,0,0,0,0,0,0,0
0.032488,0.037043,0.032982,0,0,0,0,0,0,0,0,0,0,0,0
0.029116,0.030961,0.029246,0,0,0,0,0,0,0,0,0,0,0,0
0.034413,0.035163,0.032507,0,0,0,0,0,0,0,0,0,0,0,0
0.03122,0.031473,0.031317,0,0,0,0,0,0,0,0,0,0,0,0
0.030279,0.030206,0.030196,0,0,0,0,0,0,0,0,0,0,0,0
0.02914,0.029534,0.031652,0,0,0,0,0,0,0,0,0,0,0,0
0.029877,0.029848,0.029578,0,0,0,0,0,0,0,0,0,0,0,0
0.037711,0.042931,0.034804,0,0,0,0,0,0,0,0,0,0,0,0
0.036072,0.036409,0.035573,0,0,0,0,0,0,0,0,0,0,0,0
0.033765,0.034588,0.031578,0,0,0,0,0,0,0,0,0,0,0,0
0.032584,0.030405,0.029348,0,0,0,0,0,0,0,0,0,0,0,0
0.034548,0.03173,0.031847,0,0,0,0,0,0,0,0,0,0,0,0
0.032263,0.032318,0.03205,0,0,0,0,0,0,0,0,0,0,0,0
0.030466,0.030433,0.030209,0,0,0,0,0,0,0,0,0,0,0,0
0.034982,0.034768,0.032416,0,0,0,0,0,0,0,0,0,0,0,0
0.031084,0.032154,0.033269,0,0,0,0,0,0,0,0,0,0,0,0
0.031233,0.036106,0.035268,0,0,0,0,0,0,0,0,0,0,0,0
0.030212,0.029961,0.029624,0,0,0,0,0,0,0,0,0,0,0,0
0.032074,0.037321,0.031992,0,0,0,0,0,0,0,0,0,0,0,0
0.034292,0.036692,0.031751,0,0,0,0,0,0,0,0,0,0,0,0
0.030666,0.030271,0.029149,0,0,0,0,0,0,0,0,0,0,0,0
0.03193,0.031995,0.031878,0,0,0,0,0,0,0,0,0,0,0,0
0.030829,0.033722,0.030549,0,0,0,0,0,0,0,0,0,0,0,0
0.031736,0.031795,0.033767,0,0,0,0,0,0,0,0,0,0,0,0
0.029283,0.029466,0.031702,0,0,0,0,0,0,0,0,0,0,0,0
0.03102,0.030845,0.031241,0,0,0,0,0,0,0,0,0,0,0,0
0.034176,0.03708,0.037185,0,0,0,0,0,0,0,0,0,0,0,0
0.035787,0.035155,0.033516,0,0,0,0,0,0,0,0,0,0,0,0
0.031504,0.031016,0.030246,0,0,0,0,0,0,0,0,0,0,0,0
0.030094,0.030398,0.030256,0,0,0,0,0,0,0,0,0,0,0,0
0.033785,0.033354,0.03294,0,0,0,0,0,0,0,0,0,0,0,0
0.033821,0.030024,0.030085,0,0,0,0,0,0,0,0,0,0,0,0
0.030468,0.030049,0.030904,0,0,0,0,0,0,0,0,0,0,0,0
0.030812,0.030548,0.033366,0,0,0,0,0,0,0,0,0,0,0,0
0.033222,0.03295,0.033034,0,0,0,0,0,0,0,0,0,0,0,0
0.033189,0.030525,0.030438,0,0,0,0,0,0,0,0,0,0,0,0
0.031536,0.031696,0.031728,0,0,0,0,0,0,0,0,0,0,0,0
0.031589,0.03103,0.03134,0,0,0,0,0,0,0,0,0,0,0,0
0.031568,0.031743,0.031941,0,0,0,0,0,0,0,0,0,0,0,0
0.035763,0.033583,0.031867,0,0,0,0,0,0,0,0,0,0,0,0
0.031259,0.030911,0.030936,0,0,0,0,0,0,0,0,0,0,0,0
0.032947,0.034673,0.032949,0,0,0,0,0,0,0,0,0,0,0,0
0.038051,0.039678,0.040779,0,0,0,0,0,0,0,0,0,0,0,0
0.0312,0.031693,0.030862,0,0,0,0,0,0,0,0,0,0,0,0
0.032071,0.035151,0.032517,0,0,0,0,0,0,0,0,0,0,0,0
0.033476,0.033771,0.033894,0,0,0,0,0,0,0,0,0,0,0,0
0.036553,0.040245,0.036574,0,0,0,0,0,0,0,0,0,0,0,0
0.034691,0.035168,0.034252,0,0,0,0,0,0,0,0,0,0,0,0
0.068706,0.068328,0.067379,0,0,0,0,0,0,0,0,0,0,0,0
0.045738,0.049057,0.044902,0,0,0,0,0,0,0,0,0,0,0,0
0.041043,0.040954,0.041045,0,0,0,0,0,0,0,0,0,0,0,0
0.046108,0.045691,0.047198,0,0,0,0,0,0,0,0,0,0,0,0
0.046234,0.041878,0.042519,0,0,0,0,0,0,0,0,0,0,0,0
0.032787,0.033142,0.039807,0,0,0,0,0,0,0,0,0,0,0,0
0.037287,0.037545,0.037667,0,0,0,0,0,0,0,0,0,0,0,0
0.038213,0.041659,0.043402,0,0,0,0,0,0,0,0,0,0,0,0
0.035034,0.034977,0.037529,0,0,0,0,0,0,0,0,0,0,0,0
0.046499,0.047674,0.053678,0,0,0,0,0,0,0,0,0,0,0,0
0.043937,0.04288,0.045255,0,0,0,0,0,0,0,0,0,0,0,0
0.036516,0.03616,0.037017,0,0,0,0,0,0,0,0,0,0,0,0
0.032343,0.03545,0.037004,0,0,0,0,0,0,0,0,0,0,0,0
0.038564,0.039384,0.03907,0,0,0,0,0,0,0,0,0,0,0,0
0.034128,0.03432,0.031848,0,0,0,0,0,0,0,0,0,0,0,0
0.033072,0.031344,0.031468,0,0,0,0,0,0,0,0,0,0,0,0
0.035561,0.032117,0.034932,0,0,0,0,0,0,0,0,0,0,0,0
0.03806,0.034357,0.03368,0,0,0,0,0,0,0,0,0,0,0,0
0.034973,0.035467,0.034441,0,0,0,0,0,0,0,0,0,0,0,0
0.035782,0.032438,0.035868,0,0,0,0,0,0,0,0,0,0,0,0
0.035884,0.036012,0.03292,0,0,0,0,0,0,0,0,0,0,0,0
0.037028,0.036158,0.036354,0,0,0,0,0,0,0,0,0,0,0,0
0.032066,0.034177,0.031557,0,0,0,0,0,0,0,0,0,0,0,0
0.031535,0.031399,0.032764,0,0,0,0,0,0,0,0,0,0,0,0
0.032449,0.037178,0.032137,0,0,0,0,0,0,0,0,0,0,0,0
0.033254,0.035962,0.032949,0,0,0,0,0,0,0,0,0,0,0,0
0.035097,0.035361,0.035578,0,0,0,0,0,0,0,0,0,0,0,0
0.034133,0.035649,0.034849,0,0,0,0,0,0,0,0,0,0,0,0
0.03522,0.037042,0.035865,0,0,0,0,0,0,0,0,0,0,0,0
0.03224,0.03247,0.032322,0,0,0,0,0,0,0,0,0,0,0,0
0.032439,0.032102,0.033535,0,0,0,0,0,0,0,0,0,0,0,0
0.033338,0.035701,0.032875,0,0,0,0,0,0,0,0,0,0,0,0
0.033516,0.031718,0.03156,0,0,0,0,0,0,0,0,0,0,0,0
0.035751,0.033689,0.038163,0,0,0,0,0,0,0,0,0,0,0,0
0.030089,0.031107,0.030136,0,0,0,0,0,0,0,0,0,0,0,0
0.032374,0.032248,0.034808,0,0,0,0,0,0,0,0,0,0,0,0
0.031029,0.031304,0.031583,0,0,0,0,0,0,0,0,0,0,0,0
0.030573,0.031242,0.031675,0,0,0,0,0,0,0,0,0,0,0,0
0.033294,0.034884,0.03366,0,0,0,0,0,0,0,0,0,0,0,0
0.03524,0.035283,0.034865,0,0,0,0,0,0,0,0,0,0,0,0
0.03088,0.032192,0.030902,0,0,0,0,0,0,0,0,0,0,0,0
0.034488,0.036319,0.033891,0,0,0,0,0,0,0,0,0,0,0,0
0.031391,0.031257,0.031667,0,0,0,0,0,0,0,0,0,0,0,0
0.031316,0.031832,0.031297,0,0,0,0,0,0,0,0,0,0,0,0
0.032297,0.032748,0.036045,0,0,0,0,0,0,0,0,0,0,0,0
0.031332,0.031068,0.033641,0,0,0,0,0,0,0,0,0,0,0,0
0.031867,0.033732,0.033138,0,0,0,0,0,0,0,0,0,0,0,0
0.031194,0.029008,0.029443,0,0,0,0,0,0,0,0,0,0,0,0
0.028957,0.029514,0.030237,0,0,0,0,0,0,0,0,0,0,0,0
0.033113,0.032926,0.029337,0,0,0,0,0,0,0,0,0,0,0,0
NaN,NaN,NaN,0,0,0,0,0,0,0,0,0,0,0,0
NaN,NaN,NaN,0,0,0,0,0,0,0,0,0,0,0,0
NaN,NaN,NaN,0,0,0,0,0,0,0,0,0,0,0,0
NaN,NaN,NaN,0,0,0,0,0,0,0,0,0,0,0,0
0.00039061,0.00028995,0.00030618,0,0,0,0,0,0,0,0,0,0,0,0
0.47158,0.52272,0.47162,0,0,0,0,0,0,0,0,0,0,0,0
0.077155,0.085274,0.076856,0,0,0,0,0,0,0,0,0,0,0,0
0.055438,0.059082,0.05631,0,0,0,0,0,0,0,0,0,0,0,0
0.065073,0.067065,0.065676,0,0,0,0,0,0,0,0,0,0,0,0
0.063525,0.065037,0.06276,0,0,0,0,0,0,0,0,0,0,0,0
0.040447,0.041787,0.041118,0,0,0,0,0,0,0,0,0,0,0,0
0.066756,0.070846,0.069002,0,0,0,0,0,0,0,0,0,0,0,0
0.038925,0.039492,0.039091,0,0,0,0,0,0,0,0,0,0,0,0
0.043152,0.046148,0.044545,0,0,0,0,0,0,0,0,0,0,0,0
0.03727,0.037799,0.036764,0,0,0,0,0,0,0,0,0,0,0,0
0.032746,0.03279,0.032115,0,0,0,0,0,0,0,0,0,0,0,0
0.034045,0.035568,0.031948,0,0,0,0,0,0,0,0,0,0,0,0
0.030953,0.034232,0.030627,0,0,0,0,0,0,0,0,0,0,0,0
0.030575,0.030787,0.030505,0,0,0,0,0,0,0,0,0,0,0,0
0.029719,0.03059,0.029609,0,0,0,0,0,0,0,0,0,0,0,0
0.034013,0.03194,0.033249,0,0,0,0,0,0,0,0,0,0,0,0
0.030361,0.030738,0.030494,0,0,0,0,0,0,0,0,0,0,0,0
0.031627,0.031625,0.031235,0,0,0,0,0,0,0,0,0,0,0,0
0.031877,0.032489,0.035725,0,0,0,0,0,0,0,0,0,0,0,0
0.032536,0.031666,0.033415,0,0,0,0,0,0,0,0,0,0,0,0
0.035898,0.040087,0.036318,0,0,0,0,0,0,0,0,0,0,0,0
0.032779,0.029499,0.028153,0,0,0,0,0,0,0,0,0,0,0,0
0.030666,0.031048,0.033581,0,0,0,0,0,0,0,0,0,0,0,0
0.03201,0.031154,0.031146,0,0,0,0,0,0,0,0,0,0,0,0
0.031029,0.032253,0.031361,0,0,0,0,0,0,0,0,0,0,0,0
0.030164,0.030689,0.030296,0,0,0,0,0,0,0,0,0,0,0,0
0.031009,0.031525,0.031647,0,0,0,0,0,0,0,0,0,0,0,0
0.031277,0.030811,0.031092,0,0,0,0,0,0,0,0,0,0,0,0
0.033546,0.033675,0.03382,0,0,0,0,0,0,0,0,0,0,0,0
0.033675,0.036381,0.034482,0,0,0,0,0,0,0,0,0,0,0,0
0.038737,0.04092,0.044453,0,0,0,0,0,0,0,0,0,0,0,0
0.02985,0.030815,0.030221,0,0,0,0,0,0,0,0,0,0,0,0
0.032618,0.032985,0.033352,0,0,0,0,0,0,0,0,0,0,0,0
0.031994,0.032084,0.031525,0,0,0,0,0,0,0,0,0,0,0,0
0.032826,0.032375,0.032126,0,0,0,0,0,0,0,0,0,0,0,0
0.038811,0.037764,0.038491,0,0,0,0,0,0,0,0,0,0,0,0
0.03081,0.03045,0.030325,0,0,0,0,0,0,0,0,0,0,0,0
0.036548,0.031912,0.032016,0,0,0,0,0,0,0,0,0,0,0,0
0.039263,0.043548,0.039848,0,0,0,0,0,0,0,0,0,0,0,0
0.044447,0.040522,0.040832,0,0,0,0,0,0,0,0,0,0,0,0
0.034491,0.035043,0.03357,0,0,0,0,0,0,0,0,0,0,0,0
0.033174,0.03623,0.035739,0,0,0,0,0,0,0,0,0,0,0,0
0.065863,0.065671,0.064769,0,0,0,0,0,0,0,0,0,0,0,0
0.032712,0.03158,0.032373,0,0,0,0,0,0,0,0,0,0,0,0
0.033006,0.032991,0.036818,0,0,0,0,0,0,0,0,0,0,0,0
0.026331,0.02989,0.026471,0,0,0,0,0,0,0,0,0,0,0,0
0.039691,0.035427,0.037214,0,0,0,0,0,0,0,0,0,0,0,0
0.040075,0.038124,0.041861,0,0,0,0,0,0,0,0,0,0,0,0
0.035363,0.035955,0.035623,0,0,0,0,0,0,0,0,0,0,0,0
0.038235,0.036229,0.039159,0,0,0,0,0,0,0,0,0,0,0,0
0.045855,0.045842,0.049037,0,0,0,0,0,0,0,0,0,0,0,0
0.032351,0.032232,0.031623,0,0,0,0,0,0,0,0,0,0,0,0
0.032825,0.032159,0.032139,0,0,0,0,0,0,0,0,0,0,0,0
0.037528,0.035661,0.035645,0,0,0,0,0,0,0,0,0,0,0,0
0.031648,0.031624,0.031454,0,0,0,0,0,0,0,0,0,0,0,0
0.028581,0.028967,0.029426,0,0,0,0,0,0,0,0,0,0,0,0
0.031027,0.027597,0.027632,0,0,0,0,0,0,0,0,0,0,0,0
0.03711,0.041063,0.037186,0,0,0,0,0,0,0,0,0,0,0,0
0.030107,0.031678,0.032333,0,0,0,0,0,0,0,0,0,0,0,0
0.033378,0.033091,0.033756,0,0,0,0,0,0,0,0,0,0,0,0
0.027102,0.027937,0.027619,0,0,0,0,0,0,0,0,0,0,0,0
0.036332,0.034521,0.038769,0,0,0,0,0,0,0,0,0,0,0,0
0.034321,0.031349,0.033515,0,0,0,0,0,0,0,0,0,0,0,0
0.030573,0.02698,0.02678,0,0,0,0,0,0,0,0,0,0,0,0
0.03207,0.027246,0.027622,0,0,0,0,0,0,0,0,0,0,0,0
0.028629,0.027948,0.029969,0,0,0,0,0,0,0,0,0,0,0,0
0.024271,0.025077,0.024662,0,0,0,0,0,0,0,0,0,0,0,0
0.034771,0.031958,0.035257,0,0,0,0,0,0,0,0,0,0,0,0
0.031758,0.035073,0.031223,0,0,0,0,0,0,0,0,0,0,0,0
0.030867,0.030698,0.030739,0,0,0,0,0,0,0,0,0,0,0,0
0.028105,0.027765,0.02918,0,0,0,0,0,0,0,0,0,0,0,0
0.029398,0.029487,0.030687,0,0,0,0,0,0,0,0,0,0,0,0
0.032651,0.029687,0.030693,0,0,0,0,0,0,0,0,0,0,0,0
0.028621,0.03296,0.028186,0,0,0,0,0,0,0,0,0,0,0,0
0.029782,0.026815,0.026659,0,0,0,0,0,0,0,0,0,0,0,0
0.027679,0.027622,0.029514,0,0,0,0,0,0,0,0,0,0,0,0
0.03291,0.031228,0.030511,0,0,0,0,0,0,0,0,0,0,0,0
0.030854,0.03139,0.033166,0,0,0,0,0,0,0,0,0,0,0,0
0.037262,0.039539,0.036941,0,0,0,0,0,0,0,0,0,0,0,0
0.032525,0.032012,0.032643,0,0,0,0,0,0,0,0,0,0,0,0
0.03297,0.029435,0.029204,0,0,0,0,0,0,0,0,0,0,0,0
0.032952,0.030145,0.032083,0,0,0,0,0,0,0,0,0,0,0,0
0.030195,0.029437,0.029959,0,0,0,0,0,0,0,0,0,0,0,0
0.031187,0.033138,0.031965,0,0,0,0,0,0,0,0,0,0,0,0
0.026769,0.026541,0.026127,0,0,0,0,0,0,0,0,0,0,0,0
0.032739,0.028367,0.029147,0,0,0,0,0,0,0,0,0,0,0,0
0.028448,0.028353,0.028622,0,0,0,0,0,0,0,0,0,0,0,0
0.028902,0.02759,0.027065,0,0,0,0,0,0,0,0,0,0,0,0
0.027931,0.027577,0.026897,0,0,0,0,0,0,0,0,0,0,0,0
0.031642,0.031585,0.033957,0,0,0,0,0,0,0,0,0,0,0,0
0.028834,0.029038,0.029272,0,0,0,0,0,0,0,0,0,0,0,0
0.023838,0.023013,0.02486,0,0,0,0,0,0,0,0,0,0,0,0
0.035966,0.036217,0.036728,0,0,0,0,0,0,0,0,0,0,0,0
0.029247,0.032651,0.026018,0,0,0,0,0,0,0,0,0,0,0,0
0.032785,0.028771,0.029075,0,0,0,0,0,0,0,0,0,0,0,0
0.02694,0.026513,0.027193,0,0,0,0,0,0,0,0,0,0,0,0
0.028382,0.028484,0.028336,0,0,0,0,0,0,0,0,0,0,0,0
0.030255,0.029473,0.033175,0,0,0,0,0,0,0,0,0,0,0,0
0.028053,0.026948,0.027036,0,0,0,0,0,0,0,0,0,0,0,0
0.027016,0.027509,0.030079,0,0,0,0,0,0,0,0,0,0,0,0
0.025898,0.025736,0.025849,0,0,0,0,0,0,0,0,0,0,0,0
0.031065,0.031454,0.030846,0,0,0,0,0,0,0,0,0,0,0,0
0.025843,0.026174,0.026361,0,0,0,0,0,0,0,0,0,0,0,0
0.024557,0.023884,0.024607,0,0,0,0,0,0,0,0,0,0,0,0
0.029594,0.032599,0.029548,0,0,0,0,0,0,0,0,0,0,0,0
0.036944,0.030259,0.030278,0,0,0,0,0,0,0,0,0,0,0,0
0.02781,0.027331,0.027491,0,0,0,0,0,0,0,0,0,0,0,0
0.026823,0.026998,0.027458,0,0,0,0,0,0,0,0,0,0,0,0
0.024386,0.024804,0.024305,0,0,0,0,0,0,0,0,0,0,0,0
0.027802,0.028338,0.032302,0,0,0,0,0,0,0,0,0,0,0,0
0.028565,0.028128,0.028465,0,0,0,0,0,0,0,0,0,0,0,0
0.031056,0.030253,0.033132,0,0,0,0,0,0,0,0,0,0,0,0
0.027513,0.027621,0.030256,0,0,0,0,0,0,0,0,0,0,0,0
0.027681,0.029435,0.029226,0,0,0,0,0,0,0,0,0,0,0,0
0.024699,0.024746,0.025009,0,0,0,0,0,0,0,0,0,0,0,0
0.028499,0.028282,0.0288,0,0,0,0,0,0,0,0,0,0,0,0
0.025478,0.024636,0.025147,0,0,0,0,0,0,0,0,0,0,0,0
0.026248,0.030145,0.02628,0,0,0,0,0,0,0,0,0,0,0,0
0.030576,0.029474,0.029299,0,0,0,0,0,0,0,0,0,0,0,0
0.026087,0.026217,0.026089,0,0,0,0,0,0,0,0,0,0,0,0
0.027891,0.028072,0.028041,0,0,0,0,0,0,0,0,0,0,0,0
0.033649,0.028076,0.028722,0,0,0,0,0,0,0,0,0,0,0,0
0.030357,0.029236,0.029219,0,0,0,0,0,0,0,0,0,0,0,0
0.026663,0.026835,0.026571,0,0,0,0,0,0,0,0,0,0,0,0
0.027035,0.026631,0.026726,0,0,0,0,0,0,0,0,0,0,0,0
0.029734,0.028873,0.031401,0,0,0,0,0,0,0,0,0,0,0,0
0.025747,0.028032,0.025796,0,0,0,0,0,0,0,0,0,0,0,0
0.025451,0.024937,0.025152,0,0,0,0,0,0,0,0,0,0,0,0
0.028437,0.026548,0.027181,0,0,0,0,0,0,0,0,0,0,0,0
0.02599,0.028136,0.025286,0,0,0,0,0,0,0,0,0,0,0,0
0.025937,0.025917,0.025574,0,0,0,0,0,0,0,0,0,0,0,0
0.029696,0.029036,0.032568,0,0,0,0,0,0,0,0,0,0,0,0
0.028183,0.030368,0.029107,0,0,0,0,0,0,0,0,0,0,0,0
0.02721,0.027172,0.027557,0,0,0,0,0,0,0,0,0,0,0,0
0.030471,0.028608,0.02886,0,0,0,0,0,0,0,0,0,0,0,0
0.025867,0.023951,0.026061,0,0,0,0,0,0,0,0,0,0,0,0
0.026355,0.029011,0.026875,0,0,0,0,0,0,0,0,0,0,0,0
0.027485,0.027168,0.02539,0,0,0,0,0,0,0,0,0,0,0,0
0.025767,0.028398,0.025467,0,0,0,0,0,0,0,0,0,0,0,0
0.032241,0.036189,0.034827,0,0,0,0,0,0,0,0,0,0,0,0
0.02394,0.024505,0.023964,0,0,0,0,0,0,0,0,0,0,0,0
0.028892,0.031517,0.02854,0,0,0,0,0,0,0,0,0,0,0,0
0.029401,0.02717,0.027383,0,0,0,0,0,0,0,0,0,0,0,0
0.026311,0.026055,0.026548,0,0,0,0,0,0,0,0,0,0,0,0
0.026556,0.02668,0.026067,0,0,0,0,0,0,0,0,0,0,0,0
0.031298,0.028458,0.029154,0,0,0,0,0,0,0,0,0,0,0,0
0.02914,0.028424,0.029767,0,0,0,0,0,0,0,0,0,0,0,0
0.029996,0.029537,0.030238,0,0,0,0,0,0,0,0,0,0,0,0
0.023802,0.023499,0.027995,0,0,0,0,0,0,0,0,0,0,0,0
0.026676,0.025496,0.027292,0,0,0,0,0,0,0,0,0,0,0,0
0.03126,0.030475,0.033221,0,0,0,0,0,0,0,0,0,0,0,0
0.031262,0.028341,0.030337,0,0,0,0,0,0,0,0,0,0,0,0
0.028015,0.028203,0.030891,0,0,0,0,0,0,0,0,0,0,0,0
0.030058,0.027165,0.027924,0,0,0,0,0,0,0,0,0,0,0,0
0.028295,0.02996,0.028819,0,0,0,0,0,0,0,0,0,0,0,0
0.027077,0.029303,0.027975,0,0,0,0,0,0,0,0,0,0,0,0
0.030256,0.030261,0.029411,0,0,0,0,0,0,0,0,0,0,0,0
0.026686,0.027434,0.026835,0,0,0,0,0,0,0,0,0,0,0,0
0.023334,0.023731,0.025036,0,0,0,0,0,0,0,0,0,0,0,0
0.027842,0.027491,0.028471,0,0,0,0,0,0,0,0,0,0,0,0
0.034298,0.034224,0.034587,0,0,0,0,0,0,0,0,0,0,0,0
0.029103,0.034448,0.02912,0,0,0,0,0,0,0,0,0,0,0,0
0.030774,0.031821,0.035361,0,0,0,0,0,0,0,0,0,0,0,0
0.031598,0.031913,0.033476,0,0,0,0,0,0,0,0,0,0,0,0
0.026258,0.026417,0.026239,0,0,0,0,0,0,0,0,0,0,0,0
0.030897,0.029652,0.02842,0,0,0,0,0,0,0,0,0,0,0,0
0.025823,0.025536,0.025772,0,0,0,0,0,0,0,0,0,0,0,0
0.029709,0.032387,0.030137,0,0,0,0,0,0,0,0,0,0,0,0
0.031904,0.027804,0.028169,0,0,0,0,0,0,0,0,0,0,0,0
0.030945,0.030742,0.030669,0,0,0,0,0,0,0,0,0,0,0,0
0.029277,0.029306,0.032006,0,0,0,0,0,0,0,0,0,0,0,0
0.031817,0.027584,0.027586,0,0,0,0,0,0,0,0,0,0,0,0
0.026422,0.026014,0.02559,0,0,0,0,0,0,0,0,0,0,0,0
0.029675,0.029188,0.029883,0,0,0,0,0,0,0,0,0,0,0,0
0.028759,0.028087,0.027466,0,0,0,0,0,0,0,0,0,0,0,0
0.029862,0.029317,0.028812,0,0,0,0,0,0,0,0,0,0,0,0
0.030062,0.030544,0.030128,0,0,0,0,0,0,0,0,0,0,0,0
0.022583,0.024296,0.022485,0,0,0,0,0,0,0,0,0,0,0,0
0.025404,0.02574,0.025367,0,0,0,0,0,0,0,0,0,0,0,0
0.024437,0.02504,0.024231,0,0,0,0,0,0,0,0,0,0,0,0
0.029456,0.033321,0.029471,0,0,0,0,0,0,0,0,0,0,0,0
0.029442,0.029735,0.029675,0,0,0,0,0,0,0,0,0,0,0,0
0.027723,0.027495,0.029991,0,0,0,0,0,0,0,0,0,0,0,0
0.029684,0.029218,0.028873,0,0,0,0,0,0,0,0,0,0,0,0
0.029733,0.02949,0.030376,0,0,0,0,0,0,0,0,0,0,0,0
0.028424,0.028944,0.027965,0,0,0,0,0,0,0,0,0,0,0,0
0.028339,0.03049,0.028231,0,0,0,0,0,0,0,0,0,0,0,0
0.025399,0.025119,0.025687,0,0,0,0,0,0,0,0,0,0,0,0
0.026333,0.026741,0.026762,0,0,0,0,0,0,0,0,0,0,0,0
0.023681,0.023327,0.023283,0,0,0,0,0,0,0,0,0,0,0,0
0.025098,0.023462,0.024215,0,0,0,0,0,0,0,0,0,0,0,0
0.03037,0.031772,0.030179,0,0,0,0,0,0,0,0,0,0,0,0
0.028268,0.027793,0.028005,0,0,0,0,0,0,0,0,0,0,0,0
0.031518,0.028619,0.030888,0,0,0,0,0,0,0,0,0,0,0,0
0.028759,0.030474,0.028604,0,0,0,0,0,0,0,0,0,0,0,0
0.029051,0.028752,0.02935,0,0,0,0,0,0,0,0,0,0,0,0
0.039887,0.036133,0.037662,0,0,0,0,0,0,0,0,0,0,0,0
0.029489,0.027217,0.026983,0,0,0,0,0,0,0,0,0,0,0,0
0.027488,0.030604,0.027192,0,0,0,0,0,0,0,0,0,0,0,0
0.029623,0.023998,0.025003,0,0,0,0,0,0,0,0,0,0,0,0
0.02553,0.025038,0.025632,0,0,0,0,0,0,0,0,0,0,0,0
0.024413,0.023891,0.023556,0,0,0,0,0,0,0,0,0,0,0,0
0.029228,0.029692,0.029846,0,0,0,0,0,0,0,0,0,0,0,0
0.031665,0.030849,0.028636,0,0,0,0,0,0,0,0,0,0,0,0
0.052104,0.045097,0.045699,0,0,0,0,0,0,0,0,0,0,0,0
0.032661,0.032194,0.031954,0,0,0,0,0,0,0,0,0,0,0,0
0.049661,0.050815,0.050431,0,0,0,0,0,0,0,0,0,0,0,0
0.050131,0.043862,0.044158,0,0,0,0,0,0,0,0,0,0,0,0
0.037727,0.038377,0.039662,0,0,0,0,0,0,0,0,0,0,0,0
0.035757,0.035592,0.035709,0,0,0,0,0,0,0,0,0,0,0,0
0.046547,0.047271,0.046494,0,0,0,0,0,0,0,0,0,0,0,0
0.029261,0.026388,0.026427,0,0,0,0,0,0,0,0,0,0,0,0
0.027043,0.026249,0.024864,0,0,0,0,0,0,0,0,0,0,0,0
0.021563,0.021947,0.021909,0,0,0,0,0,0,0,0,0,0,0,0
0.023355,0.020803,0.021042,0,0,0,0,0,0,0,0,0,0,0,0
0.022231,0.022202,0.021702,0,0,0,0,0,0,0,0,0,0,0,0
0.029616,0.030558,0.02969,0,0,0,0,0,0,0,0,0,0,0,0
0.03116,0.031472,0.031623,0,0,0,0,0,0,0,0,0,0,0,0
0.029228,0.029176,0.031006,0,0,0,0,0,0,0,0,0,0,0,0
0.028758,0.028564,0.029244,0,0,0,0,0,0,0,0,0,0,0,0
0.031783,0.031506,0.031014,0,0,0,0,0,0,0,0,0,0,0,0
0.025606,0.023125,0.023716,0,0,0,0,0,0,0,0,0,0,0,0
0.034021,0.034217,0.034108,0,0,0,0,0,0,0,0,0,0,0,0
0.027034,0.023139,0.02329,0,0,0,0,0,0,0,0,0,0,0,0
0.025541,0.025327,0.027594,0,0,0,0,0,0,0,0,0,0,0,0
0.029472,0.026059,0.026787,0,0,0,0,0,0,0,0,0,0,0,0
0.024405,0.024003,0.024654,0,0,0,0,0,0,0,0,0,0,0,0
0.030488,0.027278,0.029457,0,0,0,0,0,0,0,0,0,0,0,0
0.038822,0.033897,0.034112,0,0,0,0,0,0,0,0,0,0,0,0
0.024489,0.024386,0.024602,0,0,0,0,0,0,0,0,0,0,0,0
0.030153,0.029649,0.030051,0,0,0,0,0,0,0,0,0,0,0,0
0.037856,0.032827,0.033568,0,0,0,0,0,0,0,0,0,0,0,0
0.038636,0.037048,0.040357,0,0,0,0,0,0,0,0,0,0,0,0
0.045092,0.044173,0.045725,0,0,0,0,0,0,0,0,0,0,0,0
0.029787,0.02969,0.029776,0,0,0,0,0,0,0,0,0,0,0,0
0.029836,0.028976,0.028483,0,0,0,0,0,0,0,0,0,0,0,0
0.034445,0.033642,0.034318,0,0,0,0,0,0,0,0,0,0,0,0
0.027432,0.028686,0.02843,0,0,0,0,0,0,0,0,0,0,0,0
0.025384,0.025638,0.024304,0,0,0,0,0,0,0,0,0,0,0,0
0.028786,0.028521,0.0285,0,0,0,0,0,0,0,0,0,0,0,0
0.027882,0.0281,0.027933,0,0,0,0,0,0,0,0,0,0,0,0
0.030425,0.028176,0.029423,0,0,0,0,0,0,0,0,0,0,0,0
0.028556,0.028214,0.027931,0,0,0,0,0,0,0,0,0,0,0,0
0.025647,0.026462,0.02683,0,0,0,0,0,0,0,0,0,0,0,0
0.029033,0.029237,0.028806,0,0,0,0,0,0,0,0,0,0,0,0
0.026007,0.024914,0.024952,0,0,0,0,0,0,0,0,0,0,0,0
0.029859,0.027495,0.027875,0,0,0,0,0,0,0,0,0,0,0,0
0.028018,0.027685,0.029897,0,0,0,0,0,0,0,0,0,0,0,0
0.029153,0.029703,0.028776,0,0,0,0,0,0,0,0,0,0,0,0
0.028909,0.028659,0.028794,0,0,0,0,0,0,0,0,0,0,0,0
0.033166,0.031776,0.030934,0,0,0,0,0,0,0,0,0,0,0,0
0.025575,0.025882,0.025928,0,0,0,0,0,0,0,0,0,0,0,0
0.030291,0.029344,0.0293,0,0,0,0,0,0,0,0,0,0,0,0
0.026729,0.025766,0.028142,0,0,0,0,0,0,0,0,0,0,0,0
0.027909,0.027582,0.029691,0,0,0,0,0,0,0,0,0,0,0,0
0.033108,0.032828,0.034141,0,0,0,0,0,0,0,0,0,0,0,0
0.031978,0.03371,0.031376,0,0,0,0,0,0,0,0,0,0,0,0
0.03741,0.031456,0.03183,0,0,0,0,0,0,0,0,0,0,0,0
0.027348,0.027416,0.026967,0,0,0,0,0,0,0,0,0,0,0,0
0.030136,0.027764,0.027471,0,0,0,0,0,0,0,0,0,0,0,0
0.029731,0.029432,0.029223,0,0,0,0,0,0,0,0,0,0,0,0
0.031104,0.027909,0.028081,0,0,0,0,0,0,0,0,0,0,0,0
0.030536,0.030267,0.030706,0,0,0,0,0,0,0,0,0,0,0,0
0.033067,0.032749,0.032907,0,0,0,0,0,0,0,0,0,0,0,0
0.028253,0.030265,0.028303,0,0,0,0,0,0,0,0,0,0,0,0
0.02789,0.028261,0.028238,0,0,0,0,0,0,0,0,0,0,0,0
0.030532,0.030575,0.03272,0,0,0,0,0,0,0,0,0,0,0,0
0.029941,0.029761,0.032392,0,0,0,0,0,0,0,0,0,0,0,0
0.027679,0.024881,0.025121,0,0,0,0,0,0,0,0,0,0,0,0
0.027063,0.026961,0.02668,0,0,0,0,0,0,0,0,0,0,0,0
0.031747,0.027667,0.027201,0,0,0,0,0,0,0,0,0,0,0,0
0.027621,0.027521,0.029105,0,0,0,0,0,0,0,0,0,0,0,0
0.029994,0.032948,0.02913,0,0,0,0,0,0,0,0,0,0,0,0
0.028041,0.023823,0.024561,0,0,0,0,0,0,0,0,0,0,0,0
0.030823,0.030877,0.031307,0,0,0,0,0,0,0,0,0,0,0,0
0.029599,0.027505,0.027955,0,0,0,0,0,0,0,0,0,0,0,0
0.03012,0.027861,0.027991,0,0,0,0,0,0,0,0,0,0,0,0
0.027407,0.027851,0.027663,0,0,0,0,0,0,0,0,0,0,0,0
0.029652,0.02946,0.029669,0,0,0,0,0,0,0,0,0,0,0,0
0.029616,0.03183,0.031031,0,0,0,0,0,0,0,0,0,0,0,0
0.032993,0.032523,0.033598,0,0,0,0,0,0,0,0,0,0,0,0
0.033137,0.029334,0.029007,0,0,0,0,0,0,0,0,0,0,0,0
0.030456,0.030435,0.030642,0,0,0,0,0,0,0,0,0,0,0,0
0.027986,0.027287,0.028147,0,0,0,0,0,0,0,0,0,0,0,0
0.030773,0.03065,0.032353,0,0,0,0,0,0,0,0,0,0,0,0
0.030396,0.0302,0.031177,0,0,0,0,0,0,0,0,0,0,0,0
0.037336,0.032129,0.032205,0,0,0,0,0,0,0,0,0,0,0,0
0.032066,0.032732,0.03024,0,0,0,0,0,0,0,0,0,0,0,0
0.029042,0.028076,0.028359,0,0,0,0,0,0,0,0,0,0,0,0
0.030148,0.032744,0.030515,0,0,0,0,0,0,0,0,0,0,0,0
0.032774,0.029803,0.030031,0,0,0,0,0,0,0,0,0,0,0,0
0.027277,0.029934,0.027681,0,0,0,0,0,0,0,0,0,0,0,0
0.032485,0.030485,0.032754,0,0,0,0,0,0,0,0,0,0,0,0
0.028314,0.030209,0.027552,0,0,0,0,0,0,0,0,0,0,0,0
0.028788,0.032461,0.029084,0,0,0,0,0,0,0,0,0,0,0,0
0.031144,0.035327,0.031392,0,0,0,0,0,0,0,0,0,0,0,0
0.03153,0.031567,0.033837,0,0,0,0,0,0,0,0,0,0,0,0
0.029561,0.029946,0.029186,0,0,0,0,0,0,0,0,0,0,0,0
0.031197,0.031015,0.03077,0,0,0,0,0,0,0,0,0,0,0,0
0.028063,0.029116,0.028084,0,0,0,0,0,0,0,0,0,0,0,0
0.033035,0.032694,0.034925,0,0,0,0,0,0,0,0,0,0,0,0
0.030121,0.031895,0.02961,0,0,0,0,0,0,0,0,0,0,0,0
0.02874,0.029324,0.028805,0,0,0,0,0,0,0,0,0,0,0,0
0.032257,0.031818,0.031922,0,0,0,0,0,0,0,0,0,0,0,0
0.028402,0.027851,0.02785,0,0,0,0,0,0,0,0,0,0,0,0
0.029015,0.028962,0.028473,0,0,0,0,0,0,0,0,0,0,0,0
0.029624,0.030017,0.032612,0,0,0,0,0,0,0,0,0,0,0,0
0.026788,0.026361,0.029413,0,0,0,0,0,0,0,0,0,0,0,0
0.024324,0.023862,0.02778,0,0,0,0,0,0,0,0,0,0,0,0
0.03332,0.031494,0.030705,0,0,0,0,0,0,0,0,0,0,0,0
0.036414,0.035751,0.035908,0,0,0,0,0,0,0,0,0,0,0,0
0.030848,0.029837,0.030499,0,0,0,0,0,0,0,0,0,0,0,0
0.026932,0.029295,0.029485,0,0,0,0,0,0,0,0,0,0,0,0
0.036406,0.035981,0.035365,0,0,0,0,0,0,0,0,0,0,0,0
0.033267,0.032325,0.036234,0,0,0,0,0,0,0,0,0,0,0,0
0.031228,0.031085,0.031328,0,0,0,0,0,0,0,0,0,0,0,0
0.024336,0.025082,0.027217,0,0,0,0,0,0,0,0,0,0,0,0
0.034887,0.034875,0.034525,0,0,0,0,0,0,0,0,0,0,0,0
0.02846,0.028919,0.028137,0,0,0,0,0,0,0,0,0,0,0,0
0.029127,0.032254,0.03313,0,0,0,0,0,0,0,0,0,0,0,0
0.028124,0.028514,0.030596,0,0,0,0,0,0,0,0,0,0,0,0
0.029366,0.028603,0.02913,0,0,0,0,0,0,0,0,0,0,0,0
0.030791,0.030526,0.030387,0,0,0,0,0,0,0,0,0,0,0,0
0.030291,0.030472,0.030734,0,0,0,0,0,0,0,0,0,0,0,0
0.034431,0.038407,0.035318,0,0,0,0,0,0,0,0,0,0,0,0
0.03198,0.035653,0.031294,0,0,0,0,0,0,0,0,0,0,0,0
0.032125,0.027952,0.029952,0,0,0,0,0,0,0,0,0,0,0,0
0.029456,0.02857,0.032799,0,0,0,0,0,0,0,0,0,0,0,0
0.0313,0.030031,0.029309,0,0,0,0,0,0,0,0,0,0,0,0
0.030402,0.030445,0.030349,0,0,0,0,0,0,0,0,0,0,0,0
0.031903,0.032065,0.032069,0,0,0,0,0,0,0,0,0,0,0,0
0.028835,0.034706,0.029274,0,0,0,0,0,0,0,0,0,0,0,0
0.030459,0.029744,0.029636,0,0,0,0,0,0,0,0,0,0,0,0
0.031,0.030351,0.03059,0,0,0,0,0,0,0,0,0,0,0,0
0.031685,0.031538,0.031765,0,0,0,0,0,0,0,0,0,0,0,0
0.037886,0.035143,0.04045,0,0,0,0,0,0,0,0,0,0,0,0
0.034224,0.034275,0.034617,0,0,0,0,0,0,0,0,0,0,0,0
0.032403,0.03284,0.032938,0,0,0,0,0,0,0,0,0,0,0,0
0.030766,0.030574,0.030716,0,0,0,0,0,0,0,0,0,0,0,0
0.032018,0.031913,0.034419,0,0,0,0,0,0,0,0,0,0,0,0
0.033609,0.033625,0.03317,0,0,0,0,0,0,0,0,0,0,0,0
0.029235,0.031507,0.029628,0,0,0,0,0,0,0,0,0,0,0,0
0.029266,0.031449,0.029806,0,0,0,0,0,0,0,0,0,0,0,0
0.029189,0.029151,0.029375,0,0,0,0,0,0,0,0,0,0,0,0
0.031824,0.034687,0.030898,0,0,0,0,0,0,0,0,0,0,0,0
0.032084,0.0367,0.03374,0,0,0,0,0,0,0,0,0,0,0,0
0.031748,0.032376,0.033032,0,0,0,0,0,0,0,0,0,0,0,0
0.030709,0.031039,0.03163,0,0,0,0,0,0,0,0,0,0,0,0
0.033199,0.033098,0.036284,0,0,0,0,0,0,0,0,0,0,0,0
0.029844,0.031798,0.029581,0,0,0,0,0,0,0,0,0,0,0,0
0.033846,0.032609,0.031593,0,0,0,0,0,0,0,0,0,0,0,0
0.032685,0.032437,0.031807,0,0,0,0,0,0,0,0,0,0,0,0
0.032036,0.031884,0.031875,0,0,0,0,0,0,0,0,0,0,0,0
0.031391,0.031713,0.03309,0,0,0,0,0,0,0,0,0,0,0,0
0.032324,0.033648,0.033066,0,0,0,0,0,0,0,0,0,0,0,0
0.03063,0.030874,0.03095,0,0,0,0,0,0,0,0,0,0,0,0
0.03294,0.031712,0.032379,0,0,0,0,0,0,0,0,0,0,0,0
0.037106,0.033258,0.03412,0,0,0,0,0,0,0,0,0,0,0,0
0.028976,0.033859,0.028872,0,0,0,0,0,0,0,0,0,0,0,0
0.032004,0.033062,0.031897,0,0,0,0,0,0,0,0,0,0,0,0
0.033226,0.036836,0.036656,0,0,0,0,0,0,0,0,0,0,0,0
0.030636,0.028042,0.031337,0,0,0,0,0,0,0,0,0,0,0,0
0.034802,0.03041,0.031013,0,0,0,0,0,0,0,0,0,0,0,0
0.027478,0.027463,0.029554,0,0,0,0,0,0,0,0,0,0,0,0
0.030076,0.030235,0.029573,0,0,0,0,0,0,0,0,0,0,0,0
0.033125,0.030492,0.033248,0,0,0,0,0,0,0,0,0,0,0,0
0.032034,0.03194,0.031773,0,0,0,0,0,0,0,0,0,0,0,0
0.031742,0.031497,0.030288,0,0,0,0,0,0,0,0,0,0,0,0
0.029993,0.032415,0.031337,0,0,0,0,0,0,0,0,0,0,0,0
0.027976,0.029969,0.028082,0,0,0,0,0,0,0,0,0,0,0,0
0.02807,0.027234,0.034881,0,0,0,0,0,0,0,0,0,0,0,0
0.029064,0.029524,0.029785,0,0,0,0,0,0,0,0,0,0,0,0
0.028281,0.028011,0.028204,0,0,0,0,0,0,0,0,0,0,0,0
0.027925,0.027181,0.027344,0,0,0,0,0,0,0,0,0,0,0,0
0.036261,0.032699,0.037133,0,0,0,0,0,0,0,0,0,0,0,0
0.039054,0.037271,0.039492,0,0,0,0,0,0,0,0,0,0,0,0
0.029347,0.028712,0.02919,0,0,0,0,0,0,0,0,0,0,0,0
0.038334,0.039132,0.039651,0,0,0,0,0,0,0,0,0,0,0,0
0.032599,0.028806,0.029271,0,0,0,0,0,0,0,0,0,0,0,0
0.025886,0.025757,0.02625,0,0,0,0,0,0,0,0,0,0,0,0
0.028767,0.028527,0.028568,0,0,0,0,0,0,0,0,0,0,0,0
0.028086,0.028688,0.028423,0,0,0,0,0,0,0,0,0,0,0,0
0.030541,0.030638,0.032019,0,0,0,0,0,0,0,0,0,0,0,0
0.028518,0.028729,0.028682,0,0,0,0,0,0,0,0,0,0,0,0
0.030796,0.031758,0.032071,0,0,0,0,0,0,0,0,0,0,0,0
0.030288,0.030376,0.029947,0,0,0,0,0,0,0,0,0,0,0,0
0.030046,0.034446,0.030729,0,0,0,0,0,0,0,0,0,0,0,0
0.025786,0.025673,0.026233,0,0,0,0,0,0,0,0,0,0,0,0
0.020898,0.020826,0.020915,0,0,0,0,0,0,0,0,0,0,0,0
0.027037,0.026444,0.028829,0,0,0,0,0,0,0,0,0,0,0,0
0.022093,0.02217,0.022537,0,0,0,0,0,0,0,0,0,0,0,0
0.026114,0.026135,0.028731,0,0,0,0,0,0,0,0,0,0,0,0
0.025069,0.02462,0.024139,0,0,0,0,0,0,0,0,0,0,0,0
0.02497,0.024942,0.024405,0,0,0,0,0,0,0,0,0,0,0,0
0.029618,0.029767,0.030349,0,0,0,0,0,0,0,0,0,0,0,0
0.036576,0.036158,0.036516,0,0,0,0,0,0,0,0,0,0,0,0
0.031505,0.031524,0.031433,0,0,0,0,0,0,0,0,0,0,0,0
0.026974,0.025824,0.026025,0,0,0,0,0,0,0,0,0,0,0,0
0.029418,0.033532,0.031921,0,0,0,0,0,0,0,0,0,0,0,0
0.027212,0.025957,0.025455,0,0,0,0,0,0,0,0,0,0,0,0
0.029928,0.030294,0.029008,0,0,0,0,0,0,0,0,0,0,0,0
0.029021,0.02941,0.029249,0,0,0,0,0,0,0,0,0,0,0,0
0.0331,0.03143,0.031102,0,0,0,0,0,0,0,0,0,0,0,0
0.030758,0.030491,0.032381,0,0,0,0,0,0,0,0,0,0,0,0
0.035094,0.035204,0.035688,0,0,0,0,0,0,0,0,0,0,0,0
0.030316,0.032476,0.032464,0,0,0,0,0,0,0,0,0,0,0,0
0.030349,0.030642,0.030096,0,0,0,0,0,0,0,0,0,0,0,0
0.030432,0.030754,0.02811,0,0,0,0,0,0,0,0,0,0,0,0
0.031868,0.030757,0.033607,0,0,0,0,0,0,0,0,0,0,0,0
0.03202,0.031065,0.028505,0,0,0,0,0,0,0,0,0,0,0,0
0.030688,0.030746,0.03081,0,0,0,0,0,0,0,0,0,0,0,0
0.029554,0.029364,0.029738,0,0,0,0,0,0,0,0,0,0,0,0
0.028966,0.029971,0.028531,0,0,0,0,0,0,0,0,0,0,0,0
0.029517,0.029576,0.028629,0,0,0,0,0,0,0,0,0,0,0,0
0.025347,0.025894,0.026469,0,0,0,0,0,0,0,0,0,0,0,0
0.02677,0.027762,0.028646,0,0,0,0,0,0,0,0,0,0,0,0
0.031731,0.030221,0.029728,0,0,0,0,0,0,0,0,0,0,0,0
0.041287,0.037511,0.041449,0,0,0,0,0,0,0,0,0,0,0,0
0.034553,0.032019,0.032096,0,0,0,0,0,0,0,0,0,0,0,0
0.033941,0.033753,0.030415,0,0,0,0,0,0,0,0,0,0,0,0
0.032929,0.031203,0.032361,0,0,0,0,0,0,0,0,0,0,0,0
0.031239,0.030758,0.031206,0,0,0,0,0,0,0,0,0,0,0,0
0.030835,0.034089,0.030325,0,0,0,0,0,0,0,0,0,0,0,0
0.03454,0.031969,0.03218,0,0,0,0,0,0,0,0,0,0,0,0
0.032287,0.030191,0.029368,0,0,0,0,0,0,0,0,0,0,0,0
0.030042,0.030134,0.030203,0,0,0,0,0,0,0,0,0,0,0,0
0.030062,0.029883,0.032635,0,0,0,0,0,0,0,0,0,0,0,0
0.031895,0.028892,0.029422,0,0,0,0,0,0,0,0,0,0,0,0
0.034483,0.033791,0.034462,0,0,0,0,0,0,0,0,0,0,0,0
0.029442,0.029085,0.028975,0,0,0,0,0,0,0,0,0,0,0,0
0.032239,0.030337,0.029779,0,0,0,0,0,0,0,0,0,0,0,0
0.03162,0.030356,0.029669,0,0,0,0,0,0,0,0,0,0,0,0
0.036176,0.031309,0.030922,0,0,0,0,0,0,0,0,0,0,0,0
0.031405,0.03092,0.032336,0,0,0,0,0,0,0,0,0,0,0,0
0.031262,0.032406,0.031922,0,0,0,0,0,0,0,0,0,0,0,0
0.031199,0.030163,0.032948,0,0,0,0,0,0,0,0,0,0,0,0
