1
617.8491,690.2075,686.7182,690.0159,686.6569,666.6292,617.7894,666.8105
608.1365,678.8917,677.2036,689.9955,680.9780,666.5421,611.9141,655.4283
608.1365,678.8917,677.2036,689.9955,680.9780,666.5421,611.9141,655.4283
608.1365,678.8917,677.2036,689.9955,680.9780,666.5421,611.9141,655.4283
608.1365,678.8917,677.2036,689.9955,680.9780,666.5421,611.9141,655.4283
0
0
2
0
0
0
0
1
427.3504,613.3945,441.3495,600.0106,398.4315,555.0948,384.4233,568.4773
399.5912,600.0421,415.8051,590.0521,383.7755,538.0354,367.5532,548.0222
399.5912,600.0421,415.8051,590.0521,383.7755,538.0354,367.5532,548.0222
399.5912,600.0421,415.8051,590.0521,383.7755,538.0354,367.5532,548.0222
0
0
0
0
0
0
0
0
0
2
0
0
0
0
1
247.8878,792.1838,267.4604,787.6688,252.2828,721.8743,232.7102,726.3894
262.1301,807.0678,281.9377,799.5646,256.7151,732.9804,236.9075,740.4837
262.1301,807.0678,281.9377,799.5646,256.7151,732.9804,236.9075,740.4837
262.1301,807.0678,281.9377,799.5646,256.7151,732.9804,236.9075,740.4837
0
0
0
0
0
0
0
0
0
0
2
0
0
0
0
1
417.2261,912.9739,435.7307,901.9695,406.4536,852.7588,387.9490,863.7632
422.9921,916.0167,439.3860,903.3759,405.7579,859.7797,389.3640,872.4205
422.9921,916.0167,439.3860,903.3759,405.7579,859.7797,389.3640,872.4205
422.9921,916.0167,439.3860,903.3759,405.7579,859.7797,389.3640,872.4205
422.9921,916.0167,439.3860,903.3759,405.7579,859.7797,389.3640,872.4205
422.9921,916.0167,439.3860,903.3759,405.7579,859.7797,389.3640,872.4205
422.9921,916.0167,439.3860,903.3759,405.7579,859.7797,389.3640,872.4205
423.1989,918.1754,440.4880,905.9220,407.8896,859.9445,390.6005,872.1979
423.1989,918.1754,440.4880,905.9220,407.8896,859.9445,390.6005,872.1979
423.1989,918.1754,440.4880,905.9220,407.8896,859.9445,390.6005,872.1979
423.1989,918.1754,440.4880,905.9220,407.8896,859.9445,390.6005,872.1979
423.1989,918.1754,440.4880,905.9220,407.8896,859.9445,390.6005,872.1979
423.1989,918.1754,440.4880,905.9220,407.8896,859.9445,390.6005,872.1979
423.1989,918.1754,440.4880,905.9220,407.8896,859.9445,390.6005,872.1979
423.1989,918.1754,440.4880,905.9220,407.8896,859.9445,390.6005,872.1979
423.1989,918.1754,440.4880,905.9220,407.8896,859.9445,390.6005,872.1979
423.1989,918.1754,440.4880,905.9220,407.8896,859.9445,390.6005,872.1979
423.1989,918.1754,440.4880,905.9220,407.8896,859.9445,390.6005,872.1979
416.4688,922.8340,433.9009,913.2820,408.4874,866.9227,391.0552,876.4747
416.4688,922.8340,433.9009,913.2820,408.4874,866.9227,391.0552,876.4747
416.4688,922.8340,433.9009,913.2820,408.4874,866.9227,391.0552,876.4747
416.4688,922.8340,433.9009,913.2820,408.4874,866.9227,391.0552,876.4747
416.4688,922.8340,433.9009,913.2820,408.4874,866.9227,391.0552,876.4747
416.4688,922.8340,433.9009,913.2820,408.4874,866.9227,391.0552,876.4747
416.4688,922.8340,433.9009,913.2820,408.4874,866.9227,391.0552,876.4747
416.4688,922.8340,433.9009,913.2820,408.4874,866.9227,391.0552,876.4747
415.4357,923.9712,433.0114,914.2134,407.0504,867.4726,389.4747,877.2304
415.4357,923.9712,433.0114,914.2134,407.0504,867.4726,389.4747,877.2304
415.4357,923.9712,433.0114,914.2134,407.0504,867.4726,389.4747,877.2304
415.4357,923.9712,433.0114,914.2134,407.0504,867.4726,389.4747,877.2304
415.4357,923.9712,433.0114,914.2134,407.0504,867.4726,389.4747,877.2304
415.4357,923.9712,433.0114,914.2134,407.0504,867.4726,389.4747,877.2304
415.4357,923.9712,433.0114,914.2134,407.0504,867.4726,389.4747,877.2304
415.4357,923.9712,433.0114,914.2134,407.0504,867.4726,389.4747,877.2304
415.4357,923.9712,433.0114,914.2134,407.0504,867.4726,389.4747,877.2304
415.4357,923.9712,433.0114,914.2134,407.0504,867.4726,389.4747,877.2304
415.4357,923.9712,433.0114,914.2134,407.0504,867.4726,389.4747,877.2304
415.4357,923.9712,433.0114,914.2134,407.0504,867.4726,389.4747,877.2304
415.4357,923.9712,433.0114,914.2134,407.0504,867.4726,389.4747,877.2304
415.4357,923.9712,433.0114,914.2134,407.0504,867.4726,389.4747,877.2304
415.4357,923.9712,433.0114,914.2134,407.0504,867.4726,389.4747,877.2304
415.4357,923.9712,433.0114,914.2134,407.0504,867.4726,389.4747,877.2304
415.4357,923.9712,433.0114,914.2134,407.0504,867.4726,389.4747,877.2304
419.9133,932.3920,435.8055,920.7061,404.7172,878.4439,388.8251,890.1298
419.9133,932.3920,435.8055,920.7061,404.7172,878.4439,388.8251,890.1298
419.9133,932.3920,435.8055,920.7061,404.7172,878.4439,388.8251,890.1298
419.9133,932.3920,435.8055,920.7061,404.7172,878.4439,388.8251,890.1298
419.9133,932.3920,435.8055,920.7061,404.7172,878.4439,388.8251,890.1298
419.9133,932.3920,435.8055,920.7061,404.7172,878.4439,388.8251,890.1298
419.9133,932.3920,435.8055,920.7061,404.7172,878.4439,388.8251,890.1298
419.9133,932.3920,435.8055,920.7061,404.7172,878.4439,388.8251,890.1298
419.9133,932.3920,435.8055,920.7061,404.7172,878.4439,388.8251,890.1298
419.9133,932.3920,435.8055,920.7061,404.7172,878.4439,388.8251,890.1298
427.8013,946.4910,444.2389,932.7575,407.7044,889.0455,391.2668,902.7791
427.8013,946.4910,444.2389,932.7575,407.7044,889.0455,391.2668,902.7791
427.8013,946.4910,444.2389,932.7575,407.7044,889.0455,391.2668,902.7791
427.8013,946.4910,444.2389,932.7575,407.7044,889.0455,391.2668,902.7791
427.8013,946.4910,444.2389,932.7575,407.7044,889.0455,391.2668,902.7791
427.8013,946.4910,444.2389,932.7575,407.7044,889.0455,391.2668,902.7791
427.8013,946.4910,444.2389,932.7575,407.7044,889.0455,391.2668,902.7791
427.8013,946.4910,444.2389,932.7575,407.7044,889.0455,391.2668,902.7791
427.8013,946.4910,444.2389,932.7575,407.7044,889.0455,391.2668,902.7791
427.8013,946.4910,444.2389,932.7575,407.7044,889.0455,391.2668,902.7791
427.8013,946.4910,444.2389,932.7575,407.7044,889.0455,391.2668,902.7791
425.7468,947.0250,441.8014,931.8389,401.4038,889.1462,385.3492,904.3323
425.7468,947.0250,441.8014,931.8389,401.4038,889.1462,385.3492,904.3323
425.7468,947.0250,441.8014,931.8389,401.4038,889.1462,385.3492,904.3323
425.7468,947.0250,441.8014,931.8389,401.4038,889.1462,385.3492,904.3323
425.7468,947.0250,441.8014,931.8389,401.4038,889.1462,385.3492,904.3323
425.7468,947.0250,441.8014,931.8389,401.4038,889.1462,385.3492,904.3323
0
0
0
0
0
2
0
0
0
0
1
620.2755,887.6536,625.6650,870.0763,566.0899,851.8240,560.7003,869.4012
616.9105,892.1420,624.0515,875.8633,568.8760,851.6746,561.7350,867.9532
616.9105,892.1420,624.0515,875.8633,568.8760,851.6746,561.7350,867.9532
616.9105,892.1420,624.0515,875.8633,568.8760,851.6746,561.7350,867.9532
616.9105,892.1420,624.0515,875.8633,568.8760,851.6746,561.7350,867.9532
616.9105,892.1420,624.0515,875.8633,568.8760,851.6746,561.7350,867.9532
616.9105,892.1420,624.0515,875.8633,568.8760,851.6746,561.7350,867.9532
618.0037,891.9938,625.0504,875.0545,567.6359,851.1858,560.5892,868.1251
618.0037,891.9938,625.0504,875.0545,567.6359,851.1858,560.5892,868.1251
618.0037,891.9938,625.0504,875.0545,567.6359,851.1858,560.5892,868.1251
618.0037,891.9938,625.0504,875.0545,567.6359,851.1858,560.5892,868.1251
618.0037,891.9938,625.0504,875.0545,567.6359,851.1858,560.5892,868.1251
618.0037,891.9938,625.0504,875.0545,567.6359,851.1858,560.5892,868.1251
618.0037,891.9938,625.0504,875.0545,567.6359,851.1858,560.5892,868.1251
618.0037,891.9938,625.0504,875.0545,567.6359,851.1858,560.5892,868.1251
618.0037,891.9938,625.0504,875.0545,567.6359,851.1858,560.5892,868.1251
618.0037,891.9938,625.0504,875.0545,567.6359,851.1858,560.5892,868.1251
0
0
2
0
0
0
0
1
666.6660,846.7850,678.9391,862.2772,732.0651,820.1956,719.7919,804.7034
673.1989,838.1163,684.6783,854.1883,739.7925,814.8284,728.3131,798.7563
673.1989,838.1163,684.6783,854.1883,739.7925,814.8284,728.3131,798.7563
673.1989,838.1163,684.6783,854.1883,739.7925,814.8284,728.3131,798.7563
673.1989,838.1163,684.6783,854.1883,739.7925,814.8284,728.3131,798.7563
673.1989,838.1163,684.6783,854.1883,739.7925,814.8284,728.3131,798.7563
673.1989,838.1163,684.6783,854.1883,739.7925,814.8284,728.3131,798.7563
679.9055,831.3517,690.3349,846.9135,743.6992,811.1543,733.2698,795.5925
0
0
0
0
0
0
0
0
0
0
0
2
0
0
0
0
1
794.1318,756.1661,819.2535,744.1886,797.8660,699.3067,772.7444,711.2842
785.8413,758.1047,812.9354,751.6931,801.4915,703.2897,774.3975,709.7013
785.8413,758.1047,812.9354,751.6931,801.4915,703.2897,774.3975,709.7013
785.8413,758.1047,812.9354,751.6931,801.4915,703.2897,774.3975,709.7013
785.8413,758.1047,812.9354,751.6931,801.4915,703.2897,774.3975,709.7013
785.8413,758.1047,812.9354,751.6931,801.4915,703.2897,774.3975,709.7013
778.7709,756.2111,805.9592,755.4777,804.6590,706.9080,777.4707,707.6414
778.7709,756.2111,805.9592,755.4777,804.6590,706.9080,777.4707,707.6414
778.7709,756.2111,805.9592,755.4777,804.6590,706.9080,777.4707,707.6414
778.7709,756.2111,805.9592,755.4777,804.6590,706.9080,777.4707,707.6414
778.7709,756.2111,805.9592,755.4777,804.6590,706.9080,777.4707,707.6414
0
0
0
0
0
0
0
2
0
0
0
0
1
682.1931,809.3455,729.1649,768.7905,716.2697,753.8561,669.2958,794.4017
682.6304,814.3458,726.1971,768.2632,711.5444,754.4114,667.9747,800.4847
682.6304,814.3458,726.1971,768.2632,711.5444,754.4114,667.9747,800.4847
682.6304,814.3458,726.1971,768.2632,711.5444,754.4114,667.9747,800.4847
682.6304,814.3458,726.1971,768.2632,711.5444,754.4114,667.9747,800.4847
682.6304,814.3458,726.1971,768.2632,711.5444,754.4114,667.9747,800.4847
679.9946,815.4714,723.7056,770.2302,709.3204,756.3326,665.6065,801.5645
679.9946,815.4714,723.7056,770.2302,709.3204,756.3326,665.6065,801.5645
679.9946,815.4714,723.7056,770.2302,709.3204,756.3326,665.6065,801.5645
679.9946,815.4714,723.7056,770.2302,709.3204,756.3326,665.6065,801.5645
679.9946,815.4714,723.7056,770.2302,709.3204,756.3326,665.6065,801.5645
679.9946,815.4714,723.7056,770.2302,709.3204,756.3326,665.6065,801.5645
679.9946,815.4714,723.7056,770.2302,709.3204,756.3326,665.6065,801.5645
679.9946,815.4714,723.7056,770.2302,709.3204,756.3326,665.6065,801.5645
679.9946,815.4714,723.7056,770.2302,709.3204,756.3326,665.6065,801.5645
2
0
0
0
0
1
598.3764,674.1003,658.8782,703.2568,667.2727,685.8407,606.7610,656.6842
593.2753,676.6815,651.7777,698.0519,657.9308,681.2112,599.4193,659.8416
0
0
0
0
0
0
0
0
0
0
0
2
0
0
0
0
1
373.7088,870.7440,389.6507,859.7563,350.7170,803.2700,334.7850,814.2571
397.7255,875.3479,410.7835,860.5938,358.5042,814.3263,345.4559,829.0775
397.7255,875.3479,410.7835,860.5938,358.5042,814.3263,345.4559,829.0775
397.7255,875.3479,410.7835,860.5938,358.5042,814.3263,345.4559,829.0775
397.7255,875.3479,410.7835,860.5938,358.5042,814.3263,345.4559,829.0775
0
0
2
0
0
0
0
1
401.3163,883.4092,414.1297,894.7086,458.1052,844.8372,445.2822,833.5370
392.9781,878.3903,401.9863,891.5037,453.0226,856.4420,444.0060,843.3257
0
0
0
0
0
0
0
0
0
0
0
0
0
0
0
2
0
0
0
0
1
191.3123,697.8760,201.2059,679.7497,140.6160,646.6741,130.7228,664.7903
183.9310,692.1332,197.5357,675.2664,141.1570,629.7858,127.5546,646.6422
183.9310,692.1332,197.5357,675.2664,141.1570,629.7858,127.5546,646.6422
183.9310,692.1332,197.5357,675.2664,141.1570,629.7858,127.5546,646.6422
183.9310,692.1332,197.5357,675.2664,141.1570,629.7858,127.5546,646.6422
0
0
2
0
0
0
0
1
148.6584,470.5457,167.9617,474.0453,180.6903,403.8774,161.3870,400.3777
152.3230,446.7545,171.5764,451.8176,189.9885,381.8316,170.7351,376.7685
152.3230,446.7545,171.5764,451.8176,189.9885,381.8316,170.7351,376.7685
152.3230,446.7545,171.5764,451.8176,189.9885,381.8316,170.7351,376.7685
2
0
0
158.3660,426.5646,177.3256,433.4146,202.2329,364.4971,183.2733,357.6472
0
0
0
0
1
207.2323,377.8896,225.8347,383.1950,244.1618,318.8676,225.5691,313.5623
207.1535,377.9096,226.1422,383.3880,245.0673,317.7246,226.0884,312.2463
207.1535,377.9096,226.1422,383.3880,245.0673,317.7246,226.0884,312.2463
207.1535,377.9096,226.1422,383.3880,245.0673,317.7246,226.0884,312.2463
207.1535,377.9096,226.1422,383.3880,245.0673,317.7246,226.0884,312.2463
207.1535,377.9096,226.1422,383.3880,245.0673,317.7246,226.0884,312.2463
207.1535,377.9096,226.1422,383.3880,245.0673,317.7246,226.0884,312.2463
207.3246,377.2336,225.8427,382.7852,245.0209,318.7489,226.5125,313.1976
207.3246,377.2336,225.8427,382.7852,245.0209,318.7489,226.5125,313.1976
207.3246,377.2336,225.8427,382.7852,245.0209,318.7489,226.5125,313.1976
207.3246,377.2336,225.8427,382.7852,245.0209,318.7489,226.5125,313.1976
207.3246,377.2336,225.8427,382.7852,245.0209,318.7489,226.5125,313.1976
207.3246,377.2336,225.8427,382.7852,245.0209,318.7489,226.5125,313.1976
2
201.4566,372.3173,218.6005,383.4481,257.0719,324.1584,239.9378,313.0306
0
0
0
0
1
277.9503,320.0587,295.1273,333.0153,338.1574,275.9476,320.9815,263.0010
285.9684,321.8558,305.8653,330.1899,333.5385,264.0896,313.6451,255.7650
285.9684,321.8558,305.8653,330.1899,333.5385,264.0896,313.6451,255.7650
285.9684,321.8558,305.8653,330.1899,333.5385,264.0896,313.6451,255.7650
285.9684,321.8558,305.8653,330.1899,333.5385,264.0896,313.6451,255.7650
285.9684,321.8558,305.8653,330.1899,333.5385,264.0896,313.6451,255.7650
285.9684,321.8558,305.8653,330.1899,333.5385,264.0896,313.6451,255.7650
296.1969,320.0200,316.9333,320.8046,319.5278,251.9202,298.7978,251.1428
296.1969,320.0200,316.9333,320.8046,319.5278,251.9202,298.7978,251.1428
296.1969,320.0200,316.9333,320.8046,319.5278,251.9202,298.7978,251.1428
296.1969,320.0200,316.9333,320.8046,319.5278,251.9202,298.7978,251.1428
296.1969,320.0200,316.9333,320.8046,319.5278,251.9202,298.7978,251.1428
296.1969,320.0200,316.9333,320.8046,319.5278,251.9202,298.7978,251.1428
296.1969,320.0200,316.9333,320.8046,319.5278,251.9202,298.7978,251.1428
296.1969,320.0200,316.9333,320.8046,319.5278,251.9202,298.7978,251.1428
296.1969,320.0200,316.9333,320.8046,319.5278,251.9202,298.7978,251.1428
296.1969,320.0200,316.9333,320.8046,319.5278,251.9202,298.7978,251.1428
296.1969,320.0200,316.9333,320.8046,319.5278,251.9202,298.7978,251.1428
296.1969,320.0200,316.9333,320.8046,319.5278,251.9202,298.7978,251.1428
296.1969,320.0200,316.9333,320.8046,319.5278,251.9202,298.7978,251.1428
296.1969,320.0200,316.9333,320.8046,319.5278,251.9202,298.7978,251.1428
296.2425,306.4445,316.5030,307.3527,319.5081,240.0492,299.2538,239.1482
296.2425,306.4445,316.5030,307.3527,319.5081,240.0492,299.2538,239.1482
296.2425,306.4445,316.5030,307.3527,319.5081,240.0492,299.2538,239.1482
296.2425,306.4445,316.5030,307.3527,319.5081,240.0492,299.2538,239.1482
296.2425,306.4445,316.5030,307.3527,319.5081,240.0492,299.2538,239.1482
296.2425,306.4445,316.5030,307.3527,319.5081,240.0492,299.2538,239.1482
296.2425,306.4445,316.5030,307.3527,319.5081,240.0492,299.2538,239.1482
296.2425,306.4445,316.5030,307.3527,319.5081,240.0492,299.2538,239.1482
296.2425,306.4445,316.5030,307.3527,319.5081,240.0492,299.2538,239.1482
296.2425,306.4445,316.5030,307.3527,319.5081,240.0492,299.2538,239.1482
296.2425,306.4445,316.5030,307.3527,319.5081,240.0492,299.2538,239.1482
296.2425,306.4445,316.5030,307.3527,319.5081,240.0492,299.2538,239.1482
294.0738,296.9885,313.2534,304.4370,337.9849,240.7202,318.8090,233.2807
294.0738,296.9885,313.2534,304.4370,337.9849,240.7202,318.8090,233.2807
294.0738,296.9885,313.2534,304.4370,337.9849,240.7202,318.8090,233.2807
294.0738,296.9885,313.2534,304.4370,337.9849,240.7202,318.8090,233.2807
294.0738,296.9885,313.2534,304.4370,337.9849,240.7202,318.8090,233.2807
294.0738,296.9885,313.2534,304.4370,337.9849,240.7202,318.8090,233.2807
294.0738,296.9885,313.2534,304.4370,337.9849,240.7202,318.8090,233.2807
0
0
0
0
0
0
2
0
0
0
0
1
209.1886,333.7101,228.7613,339.4909,247.0004,277.7827,227.4184,271.9924
205.3291,323.5035,224.4838,333.9113,257.3110,273.5238,238.1487,263.1041
0
0
0
0
0
0
0
0
0
0
0
0
2
0
0
0
0
1
610.4595,258.9647,630.4689,267.7969,658.7413,203.7736,638.7318,194.9414
611.2682,257.0956,630.7216,264.4313,654.2048,202.1865,634.7513,194.8510
611.2682,257.0956,630.7216,264.4313,654.2048,202.1865,634.7513,194.8510
611.2682,257.0956,630.7216,264.4313,654.2048,202.1865,634.7513,194.8510
611.2682,257.0956,630.7216,264.4313,654.2048,202.1865,634.7513,194.8510
611.2682,257.0956,630.7216,264.4313,654.2048,202.1865,634.7513,194.8510
2
0
0
0
0
1
517.2145,226.9512,538.1468,219.6882,515.6848,154.9655,494.7526,162.2285
528.6815,227.9537,548.1807,213.3816,503.1184,153.0914,483.6192,167.6635
528.6815,227.9537,548.1807,213.3816,503.1184,153.0914,483.6192,167.6635
528.6815,227.9537,548.1807,213.3816,503.1184,153.0914,483.6192,167.6635
528.6815,227.9537,548.1807,213.3816,503.1184,153.0914,483.6192,167.6635
0
0
0
0
0
0
0
0
0
0
0
2
0
0
0
0
1
746.4132,660.2670,769.6643,664.3724,781.3007,598.4487,758.0495,594.3433
745.7489,659.9772,768.4691,664.4981,781.2834,600.0797,758.5633,595.5588
0
0
0
0
0
0
0
0
0
0
0
2
0
0
0
0
1
514.8105,239.0946,533.5239,237.2911,526.9352,169.1364,508.2218,170.9399
507.8763,225.3985,526.3650,231.1102,547.1478,163.7657,528.6591,158.0539
507.8763,225.3985,526.3650,231.1102,547.1478,163.7657,528.6591,158.0539
507.8763,225.3985,526.3650,231.1102,547.1478,163.7657,528.6591,158.0539
507.8763,225.3985,526.3650,231.1102,547.1478,163.7657,528.6591,158.0539
507.8763,225.3985,526.3650,231.1102,547.1478,163.7657,528.6591,158.0539
0
0
0
0
0
0
2
0
0
0
0
1
208.9119,460.2473,226.2037,461.5194,231.0372,395.4234,213.7380,394.1623
223.2024,523.3235,253.0126,519.0233,236.5263,405.0876,206.7076,409.4093
0
0
0
0
0
0
0
0
0
0
0
0
0
0
0
2
0
0
0
0
1
234.3999,789.2272,252.3110,782.0229,228.0945,721.8724,210.1926,729.0787
227.5296,788.0115,245.0011,784.7200,233.9273,726.0421,216.4639,729.3369
227.5296,788.0115,245.0011,784.7200,233.9273,726.0421,216.4639,729.3369
227.5296,788.0115,245.0011,784.7200,233.9273,726.0421,216.4639,729.3369
0
0
0
0
0
0
0
0
2
0
0
0
0
1
518.4589,858.9000,586.1649,873.9871,591.0604,852.0312,523.3529,836.9338
518.7676,858.5700,586.0612,876.1084,591.7516,854.2863,524.4570,836.7375
518.7676,858.5700,586.0612,876.1084,591.7516,854.2863,524.4570,836.7375
518.7676,858.5700,586.0612,876.1084,591.7516,854.2863,524.4570,836.7375
518.7676,858.5700,586.0612,876.1084,591.7516,854.2863,524.4570,836.7375
518.7676,858.5700,586.0612,876.1084,591.7516,854.2863,524.4570,836.7375
518.8774,855.9883,584.2388,875.9772,590.7238,854.7818,525.3618,834.7827
518.8774,855.9883,584.2388,875.9772,590.7238,854.7818,525.3618,834.7827
518.8774,855.9883,584.2388,875.9772,590.7238,854.7818,525.3618,834.7827
518.8774,855.9883,584.2388,875.9772,590.7238,854.7818,525.3618,834.7827
518.8774,855.9883,584.2388,875.9772,590.7238,854.7818,525.3618,834.7827
518.8774,855.9883,584.2388,875.9772,590.7238,854.7818,525.3618,834.7827
518.8774,855.9883,584.2388,875.9772,590.7238,854.7818,525.3618,834.7827
518.8774,855.9883,584.2388,875.9772,590.7238,854.7818,525.3618,834.7827
518.8774,855.9883,584.2388,875.9772,590.7238,854.7818,525.3618,834.7827
518.8774,855.9883,584.2388,875.9772,590.7238,854.7818,525.3618,834.7827
518.8774,855.9883,584.2388,875.9772,590.7238,854.7818,525.3618,834.7827
518.8774,855.9883,584.2388,875.9772,590.7238,854.7818,525.3618,834.7827
535.1678,866.7029,601.3824,866.6550,601.3696,845.1820,535.1516,845.2208
535.1678,866.7029,601.3824,866.6550,601.3696,845.1820,535.1516,845.2208
535.1678,866.7029,601.3824,866.6550,601.3696,845.1820,535.1516,845.2208
0
0
0
0
0
0
0
0
0
0
0
0
0
0
0
0
0
0
0
0
0
0
0
2
0
0
0
0
1
632.5043,812.4415,700.1249,813.8356,700.6053,790.4664,632.9848,789.0723
635.6691,812.0372,702.8744,811.1435,702.5643,787.9179,635.3590,788.8115
635.6691,812.0372,702.8744,811.1435,702.5643,787.9179,635.3590,788.8115
635.6691,812.0372,702.8744,811.1435,702.5643,787.9179,635.3590,788.8115
635.6691,812.0372,702.8744,811.1435,702.5643,787.9179,635.3590,788.8115
635.6691,812.0372,702.8744,811.1435,702.5643,787.9179,635.3590,788.8115
0
2
0
0
0
0
1
716.6711,774.2916,739.9207,774.4215,740.2933,709.0438,717.0334,708.9042
713.7114,769.4935,736.6295,772.9719,746.4180,708.5273,723.4911,705.0378
