1
662.5847,126.7345,28.8306,66.5310
660.9074,125.8483,28.1852,66.3034
659.7059,132.6969,28.5881,66.6063
658.6201,139.7808,28.7599,66.4384
658.1517,142.8211,29.6966,66.3578
657.3293,140.0929,29.3413,65.8142
658.7204,137.4190,28.5592,65.1620
656.5413,138.4566,28.9173,65.0867
654.7644,142.7734,28.4712,64.4533
652.6552,146.6310,28.6898,64.7381
653.1067,147.8466,27.7866,64.3068
653.2598,144.9033,27.4804,64.1935
651.6873,137.7389,26.6254,64.5222
647.5704,132.7020,26.8591,64.5960
641.4163,131.8756,27.1674,64.2488
635.0536,136.6902,27.8929,64.6196
631.3727,145.6065,27.2547,64.7869
628.7753,152.6156,26.4495,64.7688
627.2219,158.8586,27.5563,64.2829
628.3008,156.1623,27.3983,63.6754
629.1498,154.3533,27.7004,63.2935
632.4486,152.3054,27.1028,63.3893
635.6810,150.9024,26.6380,64.1952
636.8988,149.1048,26.2024,63.7903
637.9135,147.2663,26.1732,63.4674
637.6858,144.4096,26.6285,63.1808
637.7592,136.4902,26.4816,63.0195
638.8649,129.5908,26.2701,62.8184
638.6644,129.3734,26.6713,63.2533
639.8143,135.2129,26.3714,63.5742
639.7154,143.4120,26.5693,63.1760
639.5756,138.7914,26.8488,62.4172
639.7003,143.7500,26.5994,62.4999
643.0256,157.3354,25.9488,63.3291
643.7661,162.5508,26.4677,62.8984
641.7530,149.4877,26.4940,63.0246
642.8406,140.7554,26.3188,62.4892
643.0269,134.9709,25.9462,62.0583
642.7291,129.6660,26.5419,62.6680
642.8797,128.7296,26.2406,62.5407
641.4699,129.1605,27.0602,61.6790
638.4721,123.5747,27.0558,60.8506
638.4437,120.3400,27.1126,61.3200
639.6799,123.4709,26.6401,61.0581
639.2380,127.3708,27.5239,61.2583
639.0314,131.2648,27.9371,61.4703
640.2603,132.4329,27.4794,61.1342
641.0472,132.3695,27.9057,61.2611
642.2487,129.3644,27.5026,61.2713
642.5078,129.1353,26.9844,61.7295
643.9063,133.1973,28.1874,61.6054
644.8417,137.6901,28.3165,60.6198
646.5493,137.2445,26.9014,61.5110
646.2805,136.1833,27.4391,61.6333
645.7603,135.2917,26.4795,61.4166
646.3137,137.6064,25.3727,62.7872
645.3828,143.9188,25.2345,62.1624
645.2250,146.8671,25.5500,62.2658
647.4130,150.6608,25.1740,62.6785
649.3934,150.6147,25.2133,62.7706
649.0565,149.6970,25.8871,62.6060
648.7368,149.2815,26.5264,61.4371
648.0070,149.5450,25.9860,60.9101
647.9825,149.4748,26.0350,61.0504
648.8853,148.3417,26.2295,61.3165
652.7381,149.5273,26.5239,60.9454
654.9443,150.3947,26.1114,61.2106
658.0872,153.5300,25.8256,60.9399
659.9278,150.6222,26.1445,60.7556
660.3497,146.4747,27.3005,61.0505
661.5806,140.7991,26.8388,60.4018
662.7042,136.0307,26.5915,59.9386
663.0508,136.5392,25.8985,60.9215
661.9335,134.2735,26.1331,61.4531
659.8641,125.8181,26.2718,60.3638
660.2731,126.5518,25.4537,60.8965
661.1896,132.0537,25.6207,61.8926
662.7139,144.2903,26.5722,61.4195
666.0936,156.2251,25.8127,61.5498
669.1844,162.1813,25.6313,61.6373
670.3848,163.8564,25.2305,62.2871
667.9117,161.6235,26.1765,60.7530
664.5492,190.3217,32.9016,61.3565
662.2737,190.5873,27.4527,66.8254
658.0175,193.5487,31.9651,70.9027
663.7825,195.1552,28.4351,67.6895
670.8541,192.2171,28.2917,67.5658
675.3132,191.7556,29.3737,68.4889
679.3044,197.6898,31.3912,70.6203
684.2178,201.9175,31.5644,72.1649
692.8043,207.1273,30.3914,73.7454
701.9583,206.4754,34.0835,81.0491
710.6293,221.4056,30.7415,77.1887
721.0786,229.0972,31.8428,63.8057
733.2486,237.5671,33.5029,58.8659
747.4749,244.3987,35.0502,59.2026
751.9399,242.9126,34.1203,66.1748
758.9371,246.0380,30.1257,65.9241
756.3284,266.9002,33.3432,72.1996
778.5467,275.9791,32.9066,68.0419
800.1249,288.1486,31.7502,67.7028
821.8228,299.4959,32.3544,69.0082
848.5499,312.4586,32.9002,69.0828
877.8130,331.3676,32.3739,71.2648
915.2162,349.8188,29.5676,72.3625
917.7586,345.2034,28.4828,63.5932
911.3867,335.0608,27.2267,67.8783
909.3208,330.1632,25.3583,65.6736
907.0967,341.3450,31.8065,67.3100
900.4936,329.5306,29.0128,60.9389
901.8657,330.3782,28.2687,59.2436
920.4482,323.1268,23.1035,61.7463
918.7546,331.9479,28.4909,66.1041
918.5700,335.8268,28.8600,58.3464
902.8005,333.8588,28.3990,72.2825
902.9348,336.6697,28.1305,68.6605
905.1732,322.8384,25.6535,80.3232
903.1202,327.9771,37.7596,74.0459
899.6121,315.2386,30.7758,69.5229
901.4321,315.0094,27.1359,67.9812
902.2332,315.5780,27.5337,66.8441
900.3671,324.0593,25.2658,71.8814
902.4094,327.2888,27.1812,65.4223
904.1097,321.6581,25.7805,70.6838
901.9432,319.2110,26.1135,69.5780
900.1987,318.1284,29.6026,67.7431
902.8265,315.7153,26.3469,70.5694
912.4866,303.8549,25.0267,74.2903
907.5755,298.5268,24.8490,72.9464
908.7028,297.9178,34.5943,62.1645
904.3245,297.2266,31.3511,63.5467
903.4048,297.0070,29.1905,63.9860
904.8955,295.1605,26.2090,67.6791
904.0364,302.2130,23.9271,65.5740
904.2097,299.1465,27.5805,73.7070
903.1427,297.6422,27.7146,70.7156
913.3190,289.9203,27.3620,68.1594
916.9204,287.0470,30.1591,67.9060
923.0025,284.7094,25.9950,66.5812
915.9600,276.9826,28.0800,62.0347
916.9560,283.3549,26.0881,57.2901
925.2708,291.1861,25.4583,63.6278
936.4366,299.4583,35.1266,63.0835
935.3308,307.1821,35.3384,57.6357
934.2633,326.2052,35.4734,61.5895
928.9286,331.8144,36.1427,62.3712
931.0412,340.3727,39.9177,63.2546
934.5244,355.5593,32.9512,68.8815
931.0443,362.2794,31.9113,71.4412
932.8831,378.8711,28.2339,66.2578
946.0392,395.0055,27.9216,61.9890
945.2776,400.2883,27.4448,67.4234
943.7749,384.4714,28.4502,67.0573
944.4899,382.2235,27.0202,59.5530
954.6261,368.1453,26.7479,61.7094
956.1988,372.0011,23.6025,63.9979
974.1077,390.7980,29.7846,56.4041
980.7805,407.0109,28.4390,69.9782
988.4789,421.6949,25.0421,70.6102
973.0289,410.4106,27.9421,59.1788
966.2300,411.5309,27.5399,68.9383
962.8920,405.9587,30.2159,68.0826
965.6671,407.0159,24.6658,69.9681
966.2885,411.8795,23.4231,70.2409
967.4025,415.7388,27.1950,62.5224
967.4667,417.5772,27.0666,60.8456
966.3468,417.0045,27.3064,63.9909
969.5806,429.0091,26.8388,61.9818
977.9384,422.1239,28.1232,57.7522
982.6613,412.7769,26.6775,64.4463
984.4135,402.1179,27.1729,67.7642
984.0259,411.5288,27.9482,60.9424
985.0111,400.5765,27.9777,62.8469
991.6033,404.2555,26.7934,63.4890
997.9921,415.7196,36.0159,60.5608
981.5721,401.0222,32.8557,61.9555
984.2422,402.0900,31.5157,61.8200
982.4219,405.9760,31.1562,62.0479
982.5218,405.8223,30.9565,62.3555
984.0292,413.0489,29.9416,55.9023
985.9382,415.2541,30.1237,59.4919
988.1954,424.2592,27.6091,53.4815
1006.2458,441.0433,23.5082,63.9133
1033.3322,466.7903,27.3358,62.4194
1049.6018,493.3601,30.7963,67.2798
1051.1145,501.9608,29.7710,64.0785
1054.0051,497.9266,25.9898,66.1468
1049.7382,500.5807,36.5237,62.8387
1055.9050,498.1486,32.1901,53.7027
1055.1938,501.0702,29.6123,57.8596
