1
256.6566,112.3952,135.4481,139.2945
256.2230,103.5186,123.8151,143.8966
266.8000,84.6000,122.4000,142.0000
284.8696,61.0383,111.4688,150.7682
294.0584,55.7715,98.8729,140.4813
291.9105,56.5229,88.5257,144.4917
292.4593,55.5531,82.6127,150.4741
299.5986,57.9974,80.1348,151.5918
311.2547,65.4213,76.2090,149.9018
321.7026,63.6626,75.2025,149.0408
326.7348,72.5265,69.5646,144.3337
321.6973,87.6025,63.9214,130.6007
308.8948,105.9213,64.4964,126.9913
313.0142,109.4815,65.4205,124.0363
312.2899,110.1018,66.7463,124.4026
312.0413,106.4375,65.7146,116.4039
300.8304,109.8865,64.6332,109.8447
293.7359,111.5838,63.5894,105.7394
284.8190,103.8496,61.0658,102.0829
278.1683,93.6700,57.8450,98.6667
272.1198,87.6863,56.9750,97.3356
271.1749,89.8996,54.1985,93.2278
259.0338,101.6151,54.2130,90.9355
250.3031,109.7521,53.3999,87.5425
249.6866,113.1240,53.8664,85.2196
249.1939,119.8824,56.9097,86.9229
244.6318,129.8205,60.2109,90.3665
243.2518,143.1116,60.9813,87.2879
231.9187,159.4324,65.7050,87.0608
226.0477,169.9485,64.6290,82.2206
233.6801,178.7075,63.1922,77.6212
237.2215,184.1193,64.2649,75.2472
233.6265,190.7675,63.0623,72.2975
226.5694,197.6672,67.5078,71.9568
230.5928,195.0392,71.2902,74.6758
232.8379,181.6945,72.0167,76.8746
225.2754,168.0344,77.4277,80.5866
221.2460,163.5166,85.5000,85.6820
220.4317,160.5738,90.6568,87.8656
226.7157,153.3369,86.0723,85.3893
229.4627,144.3848,84.7237,84.7052
240.3124,143.3469,80.4785,82.1355
247.2812,145.4355,76.5411,79.7110
247.0077,146.2982,73.8943,78.4808
249.9475,139.6090,77.1081,79.5952
255.3324,132.2773,74.9165,81.6447
255.5483,126.2738,71.9507,80.8895
243.0488,126.6745,72.0660,82.2117
244.5812,103.8751,72.7080,82.1893
237.1217,88.7958,71.4720,79.3214
227.7966,88.6516,72.5488,74.9063
228.4988,82.3759,69.9236,72.5646
235.7502,62.8786,68.1286,71.9767
245.2894,56.3930,64.8801,67.2707
242.4395,63.4352,62.7289,64.9056
235.0564,66.0349,63.6692,64.7393
242.1647,63.8984,63.8832,63.7138
245.6125,73.8490,62.9269,64.1069
239.0689,94.4244,63.6639,64.2241
237.0596,106.6441,64.3703,63.4326
233.4193,115.6829,64.1768,63.9621
229.5018,126.7771,66.6445,67.9029
224.8651,124.4008,69.1945,71.3589
206.9034,126.2186,69.9498,72.3513
195.5391,119.2452,69.9030,72.6655
190.1046,92.6911,70.6395,75.6040
178.6870,83.4330,72.8878,75.3607
162.1656,89.0249,79.5099,76.9076
144.1508,98.8917,82.4879,76.5689
131.3388,91.1658,82.7701,80.7791
131.0636,77.3796,83.8878,83.4635
133.9968,71.1259,85.7223,87.8280
132.5145,68.1136,88.0020,89.7599
132.5274,70.1578,89.2330,91.4517
130.8426,80.5252,89.9263,92.8789
136.8323,84.5597,89.9504,87.6014
144.4856,86.3513,90.5942,88.9511
148.0195,88.0295,90.5796,88.7322
148.4976,79.9654,89.7472,88.2278
143.1178,88.6626,91.0211,92.2390
137.9555,102.0787,92.1973,93.1855
133.8371,96.9216,90.7210,92.3365
137.2723,85.4097,89.7000,91.1488
142.5956,84.5290,87.9909,89.0585
144.1362,88.3354,89.2867,88.8149
147.2234,88.6736,89.6571,87.0286
150.6460,91.3761,90.1547,87.2365
155.9027,93.8257,93.5924,86.3106
162.2785,98.4064,94.2203,85.2592
164.3684,104.6882,97.7923,85.9251
170.9319,113.2659,99.6520,84.1689
174.3373,118.1230,101.6574,83.9009
182.4550,120.3991,104.2660,86.4096
188.8738,122.9417,107.2966,86.5222
184.1777,134.9404,107.1519,86.1197
180.6362,144.7606,107.2909,86.5168
184.0837,139.6774,107.4926,85.3723
190.1492,127.3931,105.0524,85.1203
184.9702,122.6999,102.0758,84.9809
177.5427,119.1320,99.9082,85.0712
177.1990,115.9465,97.9145,84.5225
178.4512,114.8979,97.3481,84.8342
179.3773,118.3266,92.8538,84.1717
178.0504,120.8360,91.1782,84.3028
174.5315,124.2431,91.2999,86.6065
170.8199,131.7851,90.3225,88.1863
172.3354,130.0168,89.9282,89.5680
183.0921,119.2209,88.8273,89.7203
196.8155,110.6648,90.8224,91.4111
189.7294,105.3421,88.5669,90.5120
175.2704,96.1656,92.6574,94.3462
172.6782,80.0929,93.3133,95.8639
167.2558,62.9018,93.5497,96.6095
146.1255,52.4688,95.8595,97.2718
126.8607,45.6546,97.0309,98.4977
123.5160,35.5424,97.4961,99.4021
131.4524,29.6986,99.5328,100.7529
134.0831,38.3318,100.8297,102.4261
115.7701,44.8224,108.2674,107.9564
100.5175,49.8848,111.5573,109.6958
103.8615,61.7056,114.1120,112.4783
112.5394,71.1547,121.0611,117.5514
120.2907,74.9905,119.6778,118.0277
123.7084,78.8203,118.6718,116.9791
123.2517,74.6245,118.9203,118.5994
125.5483,71.4252,119.6130,120.5207
136.7079,69.6646,122.2163,120.8707
145.5643,62.2662,122.7616,123.9970
148.8329,60.3280,120.6361,121.8409
145.3592,62.8724,121.2606,122.0347
141.2091,62.6388,127.0530,125.4515
146.5355,58.7017,125.0074,124.8506
151.1214,55.4531,119.3841,124.1166
142.1058,53.0478,123.4206,127.4090
136.7040,50.3124,125.4830,128.0968
138.1971,50.0369,130.0729,128.6704
137.5130,52.9878,133.9683,130.8618
136.3106,56.1063,134.2498,132.5352
137.0039,63.1604,135.1336,130.7224
146.7693,68.1031,132.7625,129.4328
149.6956,66.5390,136.3427,135.6243
144.5535,55.1612,140.0999,137.7806
153.2033,50.0372,136.9650,137.4774
169.8412,40.5805,136.7854,134.5842
170.0991,40.5533,139.8779,131.2561
157.6537,42.4438,138.8633,132.4615
153.6508,45.1582,134.6795,132.0767
155.2845,45.5229,144.6278,134.2318
166.4810,49.3266,140.8167,134.4771
159.6776,57.7784,146.4826,138.9757
148.2057,65.1875,155.5714,144.9949
149.2517,70.2160,151.1831,140.8676
148.5017,74.6665,162.1670,143.4035
158.2758,80.2749,160.8631,142.9707
163.3484,83.7478,167.2988,144.6498
151.3414,83.8067,170.8518,147.7432
136.9729,91.3714,170.7141,149.1447
139.0949,92.4043,180.5727,154.8420
158.9122,83.4470,172.2676,148.2629
159.9039,73.6427,178.9476,153.6129
144.7259,63.7861,184.4780,158.4834
132.7543,64.8986,185.0795,159.4285
132.9508,68.9853,191.8054,164.8191
150.1346,70.3262,183.8480,160.7668
157.5402,68.8134,184.1049,157.1335
158.0891,66.7204,185.8134,157.7277
157.3164,66.7626,184.4804,157.2445
155.4316,71.3550,181.8932,152.4740
144.5292,72.3684,187.4152,155.2177
131.9639,75.3363,195.9428,165.9634
132.2243,78.2276,193.0316,164.1312
128.4951,78.0310,189.7724,161.9787
123.5201,83.1155,193.3053,164.1641
125.0743,87.8729,194.3151,162.2967
127.5087,86.1930,190.8247,159.4930
123.7262,85.3693,189.6105,156.5015
122.3228,83.5349,188.4571,157.4906
130.7041,84.4964,186.5836,151.7789
137.9171,78.7626,187.0798,154.9632
139.3472,79.9706,187.4785,154.6873
132.4301,81.1873,194.0341,159.2015
131.5866,75.6996,196.7256,164.3145
134.1446,74.4789,195.2929,164.4010
134.9410,76.0786,189.5468,158.6948
133.5977,76.8199,184.8969,153.7732
127.5361,73.9843,191.5387,156.3808
131.8281,72.9744,188.5655,154.6243
132.9264,75.4153,186.0898,152.0245
130.8368,78.5082,188.7089,154.3371
123.8580,79.7421,195.9065,163.4347
121.7731,86.3981,196.8082,162.9360
129.0381,86.7537,187.9183,157.7846
127.5628,87.2601,192.3468,160.8407
124.4005,87.6612,194.4046,163.6600
127.3438,87.3148,192.1138,162.2595
