99.511
1.4644
1.0889
1.0359
1.0059
1.0808
1.0237
1.0013
1.0446
2.1556
1.0091
1.0283
1.0331
1.0748
1.0485
1.0772
1.0488
1.0543
1.0484
2.2611
0.9616
1.0965
1.0165
1.0901
1.0242
1.0826
1.0149
0.95768
1.0697
2.3128
1.1688
1.1595
1.0816
1.1339
1.0061
1.0282
4.2898
4.3637
1.1723
2.3806
4.2482
1.0381
1.0227
4.2072
1.3448
1.0853
1.0158
1.059
0.94594
2.1841
4.2499
4.2593
4.2544
4.2968
4.2203
4.2844
4.2374
4.3043
4.3176
5.3524
4.2065
4.2161
4.2496
4.2103
4.2839
4.3227
4.3213
4.2982
4.2267
5.6172
4.2536
4.2253
4.2495
4.2786
4.2316
4.2353
4.2299
4.2646
4.3264
5.4014
4.2983
4.236
4.2319
4.2333
4.2457
4.2217
4.2495
4.2466
4.2629
5.4339
4.3157
4.3042
4.2022
4.2761
4.2739
4.1705
4.1722
4.2232
4.1376
5.4622
4.2226
4.2986
4.2523
4.2241
4.1324
4.2073
4.5709
4.4036
4.3071
5.6551
4.2129
4.2575
4.2607
5.3117
4.9068
4.3674
4.2785
4.2806
4.2524
5.3947
4.1662
4.355
4.2096
4.2133
4.3408
4.1248
4.2759
4.2547
4.2628
5.7312
4.2827
4.2497
4.3384
4.277
4.3395
4.3375
4.2875
4.3265
4.2853
5.2602
4.2744
4.233
4.3537
4.2589
4.2884
4.2832
4.2758
4.3202
4.3655
5.4229
4.3626
4.293
4.2871
4.3368
4.3258
4.2505
4.332
4.3721
4.4134
5.7045
4.3183
4.2813
4.2636
4.2692
4.3349
4.2401
4.3734
4.1764
4.3031
5.7152
4.3468
4.3208
4.3551
4.2902
4.3729
4.4191
4.3666
4.3788
4.3047
5.6936
4.2883
4.31
4.3198
4.3096
4.2469
4.269
4.3528
4.2685
4.233
5.6829
4.2782
4.3765
4.3432
4.5628
4.3283
4.2786
4.3382
4.2938
4.2933
5.3679
4.3053
4.4032
4.3709
4.2329
4.3307
4.3512
4.251
4.2515
4.2673
5.2689
4.2906
4.3221
4.2742
4.2957
4.3642
4.3275
4.3496
4.271
4.3063
5.6965
4.4002
4.2972
4.3142
4.3175
4.4315
4.3399
4.308
4.3599
4.4083
5.5806
4.3017
4.3827
4.2777
4.3581
4.3798
4.2564
4.3522
4.3762
4.3246
5.4537
4.3135
4.3608
4.2969
4.1869
4.1817
4.3689
4.3519
4.244
4.3623
7.5667
4.3303
4.3305
4.3013
4.3302
4.293
4.2555
4.2958
4.3124
4.3053
5.4125
4.327
4.2843
4.1984
4.2308
4.3272
4.267
4.2132
4.274
4.2396
5.493
4.3001
4.2694
4.272
4.1896
4.275
4.2892
4.1708
4.2338
4.1555
5.2985
4.2228
4.2525
4.2463
4.2635
4.2635
4.266
4.2454
4.2442
4.2014
5.4541
4.244
4.299
4.3213
4.3071
4.3158
4.2488
4.2718
4.242
4.3261
5.3353
4.247
4.2907
4.2872
4.3335
4.2697
4.3
4.3418
4.2025
4.2247
5.6399
4.2909
4.2112
4.252
4.3139
4.294
4.301
4.3066
4.2271
4.2981
5.3586
4.2365
4.2426
4.3328
4.3114
4.256
4.2157
4.1962
4.2725
4.2604
5.5126
4.2315
4.2339
4.088
4.1937
4.2122
4.1957
4.2815
4.2516
4.2058
5.5454
4.2523
4.261
4.2087
4.1717
4.3337
4.2195
4.1423
4.2097
4.2924
5.6313
4.2235
4.2029
4.1366
4.2769
4.2253
4.2793
4.302
4.2643
4.2854
5.4673
4.2515
4.2105
4.2171
4.1839
4.1376
4.2141
4.1646
4.1796
4.1433
5.2892
4.1898
4.2576
4.2135
4.2072
4.2086
4.2309
4.2785
4.2533
4.3124
5.5467
4.2279
4.2262
4.2313
4.2209
4.2845
4.3635
5.2532
4.872
4.3008
5.3541
4.2349
4.2754
4.3256
4.2676
4.2316
4.3849
4.3019
4.2262
4.3239
5.2971
4.2437
4.2711
4.2405
4.2534
4.2196
4.3187
4.3451
4.2038
4.1974
5.6203
4.3112
4.2748
4.2793
4.3296
4.2828
4.3458
4.2901
4.3289
4.2949
5.6926
4.2742
4.3221
4.279
4.2394
4.2653
4.3637
4.3231
4.2501
4.2603
5.585
4.2874
4.293
4.3193
4.2879
4.2875
4.3176
4.3026
4.3349
4.3628
5.2988
4.2991
4.2695
4.3462
4.3086
4.2223
4.3749
4.2338
4.3421
4.2764
5.43
4.2095
4.2491
4.4465
4.237
4.3119
4.3046
4.2964
4.2583
4.3567
5.5991
4.3397
4.2518
4.3113
4.3385
4.1577
4.5356
4.2474
4.2568
4.2956
5.4899
4.2849
4.2825
4.2741
4.2721
4.3219
4.264
4.3003
4.3347
4.2053
5.7403
4.2192
4.3106
4.2921
4.2747
4.3248
4.3062
4.2537
4.2327
4.1478
5.5091
4.2791
4.2111
4.2365
4.1442
4.2336
4.2828
4.1655
4.2955
4.2387
5.5003
4.2827
4.2531
4.3042
4.3509
4.2524
4.238
4.3518
4.296
4.1609
5.6341
4.3153
4.3
4.2343
4.2511
4.2668
4.269
4.3596
4.1273
4.2818
5.5177
4.3269
4.3336
4.3338
5.1976
4.3342
4.2491
4.2475
4.2452
4.2773
5.4399
4.2463
4.2285
4.1681
4.3317
4.2514
4.3225
4.2765
4.3033
4.3355
5.4713
4.2992
4.3195
4.3065
4.2673
4.2615
4.2112
4.3183
4.276
4.2637
5.5282
4.2187
4.1711
4.2538
4.1552
4.3077
4.2181
4.2987
4.2083
4.2442
5.5627
4.2864
4.2955
4.3144
4.2676
4.2675
4.2101
4.1701
4.2973
4.209
5.5874
4.3019
4.2444
4.3116
4.2622
4.2705
4.1998
4.219
4.2981
4.1947
5.5801
4.1658
4.1941
4.1559
4.2183
4.1893
4.0965
4.216
4.1942
4.2328
5.4872
4.2517
4.1783
4.1694
4.1977
4.0801
4.2029
4.2463
4.1359
4.1612
5.6572
4.1781
4.1589
4.461
4.2352
4.1637
4.1256
4.208
4.2478
4.3292
5.3221
4.2764
4.2422
4.2201
4.1878
4.2236
4.2613
4.2741
4.1305
4.2327
5.374
4.2639
4.311
4.1578
4.2894
4.2942
4.2379
4.3049
4.2538
4.1796
5.2451
4.2291
4.2632
4.1763
4.2826
4.221
4.2269
4.2306
4.2792
4.2351
5.441
4.2548
4.1838
4.2074
4.257
4.2361
4.3579
4.2525
4.1538
4.2744
5.7458
4.1429
4.2351
4.1645
4.1851
4.26
4.3173
4.2093
4.2608
4.2247
5.6208
4.2132
