0.03039,0,0,0,0,0,0,0,0,0,0,0,0,0,0
0.04647,0,0,0,0,0,0,0,0,0,0,0,0,0,0
0.043928,0,0,0,0,0,0,0,0,0,0,0,0,0,0
0.044793,0,0,0,0,0,0,0,0,0,0,0,0,0,0
0.045847,0,0,0,0,0,0,0,0,0,0,0,0,0,0
0.045444,0,0,0,0,0,0,0,0,0,0,0,0,0,0
0.045121,0,0,0,0,0,0,0,0,0,0,0,0,0,0
0.045928,0,0,0,0,0,0,0,0,0,0,0,0,0,0
0.047723,0,0,0,0,0,0,0,0,0,0,0,0,0,0
0.045996,0,0,0,0,0,0,0,0,0,0,0,0,0,0
0.050376,0,0,0,0,0,0,0,0,0,0,0,0,0,0
0.04466,0,0,0,0,0,0,0,0,0,0,0,0,0,0
0.044089,0,0,0,0,0,0,0,0,0,0,0,0,0,0
0.043731,0,0,0,0,0,0,0,0,0,0,0,0,0,0
0.046649,0,0,0,0,0,0,0,0,0,0,0,0,0,0
0.045198,0,0,0,0,0,0,0,0,0,0,0,0,0,0
0.04357,0,0,0,0,0,0,0,0,0,0,0,0,0,0
0.035879,0,0,0,0,0,0,0,0,0,0,0,0,0,0
0.043856,0,0,0,0,0,0,0,0,0,0,0,0,0,0
0.044049,0,0,0,0,0,0,0,0,0,0,0,0,0,0
0.043746,0,0,0,0,0,0,0,0,0,0,0,0,0,0
0.043419,0,0,0,0,0,0,0,0,0,0,0,0,0,0
0.044508,0,0,0,0,0,0,0,0,0,0,0,0,0,0
0.044402,0,0,0,0,0,0,0,0,0,0,0,0,0,0
0.044426,0,0,0,0,0,0,0,0,0,0,0,0,0,0
0.045064,0,0,0,0,0,0,0,0,0,0,0,0,0,0
0.042746,0,0,0,0,0,0,0,0,0,0,0,0,0,0
0.043478,0,0,0,0,0,0,0,0,0,0,0,0,0,0
0.043474,0,0,0,0,0,0,0,0,0,0,0,0,0,0
0.044884,0,0,0,0,0,0,0,0,0,0,0,0,0,0
0.043471,0,0,0,0,0,0,0,0,0,0,0,0,0,0
0.045243,0,0,0,0,0,0,0,0,0,0,0,0,0,0
0.046164,0,0,0,0,0,0,0,0,0,0,0,0,0,0
0.045213,0,0,0,0,0,0,0,0,0,0,0,0,0,0
0.043389,0,0,0,0,0,0,0,0,0,0,0,0,0,0
0.047527,0,0,0,0,0,0,0,0,0,0,0,0,0,0
0.048535,0,0,0,0,0,0,0,0,0,0,0,0,0,0
0.043655,0,0,0,0,0,0,0,0,0,0,0,0,0,0
0.043938,0,0,0,0,0,0,0,0,0,0,0,0,0,0
0.044087,0,0,0,0,0,0,0,0,0,0,0,0,0,0
0.042986,0,0,0,0,0,0,0,0,0,0,0,0,0,0
0.043169,0,0,0,0,0,0,0,0,0,0,0,0,0,0
0.042643,0,0,0,0,0,0,0,0,0,0,0,0,0,0
0.043216,0,0,0,0,0,0,0,0,0,0,0,0,0,0
0.044194,0,0,0,0,0,0,0,0,0,0,0,0,0,0
0.043001,0,0,0,0,0,0,0,0,0,0,0,0,0,0
0.043001,0,0,0,0,0,0,0,0,0,0,0,0,0,0
0.043757,0,0,0,0,0,0,0,0,0,0,0,0,0,0
0.043877,0,0,0,0,0,0,0,0,0,0,0,0,0,0
0.042767,0,0,0,0,0,0,0,0,0,0,0,0,0,0
0.042661,0,0,0,0,0,0,0,0,0,0,0,0,0,0
0.045733,0,0,0,0,0,0,0,0,0,0,0,0,0,0
0.043386,0,0,0,0,0,0,0,0,0,0,0,0,0,0
0.043603,0,0,0,0,0,0,0,0,0,0,0,0,0,0
0.042945,0,0,0,0,0,0,0,0,0,0,0,0,0,0
0.045723,0,0,0,0,0,0,0,0,0,0,0,0,0,0
0.045139,0,0,0,0,0,0,0,0,0,0,0,0,0,0
0.043148,0,0,0,0,0,0,0,0,0,0,0,0,0,0
0.043729,0,0,0,0,0,0,0,0,0,0,0,0,0,0
0.04408,0,0,0,0,0,0,0,0,0,0,0,0,0,0
0.042657,0,0,0,0,0,0,0,0,0,0,0,0,0,0
0.04399,0,0,0,0,0,0,0,0,0,0,0,0,0,0
0.044008,0,0,0,0,0,0,0,0,0,0,0,0,0,0
0.044143,0,0,0,0,0,0,0,0,0,0,0,0,0,0
0.043328,0,0,0,0,0,0,0,0,0,0,0,0,0,0
0.042883,0,0,0,0,0,0,0,0,0,0,0,0,0,0
0.044247,0,0,0,0,0,0,0,0,0,0,0,0,0,0
0.044307,0,0,0,0,0,0,0,0,0,0,0,0,0,0
0.043179,0,0,0,0,0,0,0,0,0,0,0,0,0,0
0.043431,0,0,0,0,0,0,0,0,0,0,0,0,0,0
0.043391,0,0,0,0,0,0,0,0,0,0,0,0,0,0
0.044228,0,0,0,0,0,0,0,0,0,0,0,0,0,0
0.04428,0,0,0,0,0,0,0,0,0,0,0,0,0,0
0.046154,0,0,0,0,0,0,0,0,0,0,0,0,0,0
0.051621,0,0,0,0,0,0,0,0,0,0,0,0,0,0
0.048282,0,0,0,0,0,0,0,0,0,0,0,0,0,0
0.04988,0,0,0,0,0,0,0,0,0,0,0,0,0,0
0.045281,0,0,0,0,0,0,0,0,0,0,0,0,0,0
0.054288,0,0,0,0,0,0,0,0,0,0,0,0,0,0
0.054113,0,0,0,0,0,0,0,0,0,0,0,0,0,0
0.048469,0,0,0,0,0,0,0,0,0,0,0,0,0,0
0.045127,0,0,0,0,0,0,0,0,0,0,0,0,0,0
0.045026,0,0,0,0,0,0,0,0,0,0,0,0,0,0
0.044751,0,0,0,0,0,0,0,0,0,0,0,0,0,0
0.044484,0,0,0,0,0,0,0,0,0,0,0,0,0,0
0.043625,0,0,0,0,0,0,0,0,0,0,0,0,0,0
0.043742,0,0,0,0,0,0,0,0,0,0,0,0,0,0
0.045921,0,0,0,0,0,0,0,0,0,0,0,0,0,0
0.043887,0,0,0,0,0,0,0,0,0,0,0,0,0,0
0.043027,0,0,0,0,0,0,0,0,0,0,0,0,0,0
0.043546,0,0,0,0,0,0,0,0,0,0,0,0,0,0
0.043562,0,0,0,0,0,0,0,0,0,0,0,0,0,0
0.047891,0,0,0,0,0,0,0,0,0,0,0,0,0,0
0.043496,0,0,0,0,0,0,0,0,0,0,0,0,0,0
0.048808,0,0,0,0,0,0,0,0,0,0,0,0,0,0
0.044821,0,0,0,0,0,0,0,0,0,0,0,0,0,0
0.044555,0,0,0,0,0,0,0,0,0,0,0,0,0,0
0.043277,0,0,0,0,0,0,0,0,0,0,0,0,0,0
0.045825,0,0,0,0,0,0,0,0,0,0,0,0,0,0
0.044671,0,0,0,0,0,0,0,0,0,0,0,0,0,0
0.045138,0,0,0,0,0,0,0,0,0,0,0,0,0,0
0.044801,0,0,0,0,0,0,0,0,0,0,0,0,0,0
0.043768,0,0,0,0,0,0,0,0,0,0,0,0,0,0
0.044369,0,0,0,0,0,0,0,0,0,0,0,0,0,0
0.035426,0,0,0,0,0,0,0,0,0,0,0,0,0,0
0.043393,0,0,0,0,0,0,0,0,0,0,0,0,0,0
0.043868,0,0,0,0,0,0,0,0,0,0,0,0,0,0
0.038193,0,0,0,0,0,0,0,0,0,0,0,0,0,0
0.043488,0,0,0,0,0,0,0,0,0,0,0,0,0,0
0.043465,0,0,0,0,0,0,0,0,0,0,0,0,0,0
0.042758,0,0,0,0,0,0,0,0,0,0,0,0,0,0
0.042995,0,0,0,0,0,0,0,0,0,0,0,0,0,0
0.042114,0,0,0,0,0,0,0,0,0,0,0,0,0,0
0.042506,0,0,0,0,0,0,0,0,0,0,0,0,0,0
0.042725,0,0,0,0,0,0,0,0,0,0,0,0,0,0
0.042602,0,0,0,0,0,0,0,0,0,0,0,0,0,0
0.045476,0,0,0,0,0,0,0,0,0,0,0,0,0,0
0.042792,0,0,0,0,0,0,0,0,0,0,0,0,0,0
0.042223,0,0,0,0,0,0,0,0,0,0,0,0,0,0
0.043296,0,0,0,0,0,0,0,0,0,0,0,0,0,0
0.043455,0,0,0,0,0,0,0,0,0,0,0,0,0,0
0.042885,0,0,0,0,0,0,0,0,0,0,0,0,0,0
0.043531,0,0,0,0,0,0,0,0,0,0,0,0,0,0
0.044276,0,0,0,0,0,0,0,0,0,0,0,0,0,0
0.04364,0,0,0,0,0,0,0,0,0,0,0,0,0,0
0.042896,0,0,0,0,0,0,0,0,0,0,0,0,0,0
0.043773,0,0,0,0,0,0,0,0,0,0,0,0,0,0
0.045087,0,0,0,0,0,0,0,0,0,0,0,0,0,0
0.044663,0,0,0,0,0,0,0,0,0,0,0,0,0,0
0.044235,0,0,0,0,0,0,0,0,0,0,0,0,0,0
0.044688,0,0,0,0,0,0,0,0,0,0,0,0,0,0
0.049024,0,0,0,0,0,0,0,0,0,0,0,0,0,0
0.046068,0,0,0,0,0,0,0,0,0,0,0,0,0,0
0.04424,0,0,0,0,0,0,0,0,0,0,0,0,0,0
0.043922,0,0,0,0,0,0,0,0,0,0,0,0,0,0
0.04502,0,0,0,0,0,0,0,0,0,0,0,0,0,0
0.047849,0,0,0,0,0,0,0,0,0,0,0,0,0,0
0.043736,0,0,0,0,0,0,0,0,0,0,0,0,0,0
0.047308,0,0,0,0,0,0,0,0,0,0,0,0,0,0
0.045298,0,0,0,0,0,0,0,0,0,0,0,0,0,0
0.04361,0,0,0,0,0,0,0,0,0,0,0,0,0,0
0.045217,0,0,0,0,0,0,0,0,0,0,0,0,0,0
0.044519,0,0,0,0,0,0,0,0,0,0,0,0,0,0
0.04494,0,0,0,0,0,0,0,0,0,0,0,0,0,0
0.043214,0,0,0,0,0,0,0,0,0,0,0,0,0,0
0.042811,0,0,0,0,0,0,0,0,0,0,0,0,0,0
0.046878,0,0,0,0,0,0,0,0,0,0,0,0,0,0
0.045291,0,0,0,0,0,0,0,0,0,0,0,0,0,0
0.044164,0,0,0,0,0,0,0,0,0,0,0,0,0,0
0.042729,0,0,0,0,0,0,0,0,0,0,0,0,0,0
0.044128,0,0,0,0,0,0,0,0,0,0,0,0,0,0
0.043571,0,0,0,0,0,0,0,0,0,0,0,0,0,0
0.048625,0,0,0,0,0,0,0,0,0,0,0,0,0,0
0.048705,0,0,0,0,0,0,0,0,0,0,0,0,0,0
0.044798,0,0,0,0,0,0,0,0,0,0,0,0,0,0
0.052321,0,0,0,0,0,0,0,0,0,0,0,0,0,0
0.04502,0,0,0,0,0,0,0,0,0,0,0,0,0,0
0.043602,0,0,0,0,0,0,0,0,0,0,0,0,0,0
0.042789,0,0,0,0,0,0,0,0,0,0,0,0,0,0
0.055029,0,0,0,0,0,0,0,0,0,0,0,0,0,0
0.04428,0,0,0,0,0,0,0,0,0,0,0,0,0,0
0.043703,0,0,0,0,0,0,0,0,0,0,0,0,0,0
0.04241,0,0,0,0,0,0,0,0,0,0,0,0,0,0
0.043492,0,0,0,0,0,0,0,0,0,0,0,0,0,0
0.042976,0,0,0,0,0,0,0,0,0,0,0,0,0,0
0.042702,0,0,0,0,0,0,0,0,0,0,0,0,0,0
0.04835,0,0,0,0,0,0,0,0,0,0,0,0,0,0
0.046017,0,0,0,0,0,0,0,0,0,0,0,0,0,0
0.042961,0,0,0,0,0,0,0,0,0,0,0,0,0,0
0.044749,0,0,0,0,0,0,0,0,0,0,0,0,0,0
0.045956,0,0,0,0,0,0,0,0,0,0,0,0,0,0
0.048234,0,0,0,0,0,0,0,0,0,0,0,0,0,0
0.045108,0,0,0,0,0,0,0,0,0,0,0,0,0,0
0.043831,0,0,0,0,0,0,0,0,0,0,0,0,0,0
0.046224,0,0,0,0,0,0,0,0,0,0,0,0,0,0
0.045016,0,0,0,0,0,0,0,0,0,0,0,0,0,0
0.044456,0,0,0,0,0,0,0,0,0,0,0,0,0,0
0.045785,0,0,0,0,0,0,0,0,0,0,0,0,0,0
0.043127,0,0,0,0,0,0,0,0,0,0,0,0,0,0
0.044106,0,0,0,0,0,0,0,0,0,0,0,0,0,0
0.04384,0,0,0,0,0,0,0,0,0,0,0,0,0,0
0.04693,0,0,0,0,0,0,0,0,0,0,0,0,0,0
0.042988,0,0,0,0,0,0,0,0,0,0,0,0,0,0
0.044244,0,0,0,0,0,0,0,0,0,0,0,0,0,0
0.042581,0,0,0,0,0,0,0,0,0,0,0,0,0,0
0.045885,0,0,0,0,0,0,0,0,0,0,0,0,0,0
0.044649,0,0,0,0,0,0,0,0,0,0,0,0,0,0
0.045165,0,0,0,0,0,0,0,0,0,0,0,0,0,0
0.05207,0,0,0,0,0,0,0,0,0,0,0,0,0,0
0.047556,0,0,0,0,0,0,0,0,0,0,0,0,0,0
0.046174,0,0,0,0,0,0,0,0,0,0,0,0,0,0
0.047397,0,0,0,0,0,0,0,0,0,0,0,0,0,0
0.046118,0,0,0,0,0,0,0,0,0,0,0,0,0,0
0.047702,0,0,0,0,0,0,0,0,0,0,0,0,0,0
0.044976,0,0,0,0,0,0,0,0,0,0,0,0,0,0
0.050781,0,0,0,0,0,0,0,0,0,0,0,0,0,0
0.046137,0,0,0,0,0,0,0,0,0,0,0,0,0,0
0.045024,0,0,0,0,0,0,0,0,0,0,0,0,0,0
0.043778,0,0,0,0,0,0,0,0,0,0,0,0,0,0
0.044542,0,0,0,0,0,0,0,0,0,0,0,0,0,0
0.044269,0,0,0,0,0,0,0,0,0,0,0,0,0,0
0.045604,0,0,0,0,0,0,0,0,0,0,0,0,0,0
0.053182,0,0,0,0,0,0,0,0,0,0,0,0,0,0
0.049438,0,0,0,0,0,0,0,0,0,0,0,0,0,0
0.049512,0,0,0,0,0,0,0,0,0,0,0,0,0,0
0.049744,0,0,0,0,0,0,0,0,0,0,0,0,0,0
0.048338,0,0,0,0,0,0,0,0,0,0,0,0,0,0
0.04741,0,0,0,0,0,0,0,0,0,0,0,0,0,0
0.049261,0,0,0,0,0,0,0,0,0,0,0,0,0,0
0.046916,0,0,0,0,0,0,0,0,0,0,0,0,0,0
0.045414,0,0,0,0,0,0,0,0,0,0,0,0,0,0
0.050146,0,0,0,0,0,0,0,0,0,0,0,0,0,0
0.04738,0,0,0,0,0,0,0,0,0,0,0,0,0,0
0.046099,0,0,0,0,0,0,0,0,0,0,0,0,0,0
0.050193,0,0,0,0,0,0,0,0,0,0,0,0,0,0
0.047963,0,0,0,0,0,0,0,0,0,0,0,0,0,0
0.047232,0,0,0,0,0,0,0,0,0,0,0,0,0,0
0.047999,0,0,0,0,0,0,0,0,0,0,0,0,0,0
0.046722,0,0,0,0,0,0,0,0,0,0,0,0,0,0
0.046163,0,0,0,0,0,0,0,0,0,0,0,0,0,0
0.049558,0,0,0,0,0,0,0,0,0,0,0,0,0,0
0.048588,0,0,0,0,0,0,0,0,0,0,0,0,0,0
0.050187,0,0,0,0,0,0,0,0,0,0,0,0,0,0
0.049654,0,0,0,0,0,0,0,0,0,0,0,0,0,0
0.047806,0,0,0,0,0,0,0,0,0,0,0,0,0,0
0.045936,0,0,0,0,0,0,0,0,0,0,0,0,0,0
0.049761,0,0,0,0,0,0,0,0,0,0,0,0,0,0
0.04839,0,0,0,0,0,0,0,0,0,0,0,0,0,0
0.047555,0,0,0,0,0,0,0,0,0,0,0,0,0,0
0.050579,0,0,0,0,0,0,0,0,0,0,0,0,0,0
0.046524,0,0,0,0,0,0,0,0,0,0,0,0,0,0
0.047541,0,0,0,0,0,0,0,0,0,0,0,0,0,0
0.049397,0,0,0,0,0,0,0,0,0,0,0,0,0,0
0.047767,0,0,0,0,0,0,0,0,0,0,0,0,0,0
0.046099,0,0,0,0,0,0,0,0,0,0,0,0,0,0
0.050122,0,0,0,0,0,0,0,0,0,0,0,0,0,0
0.047953,0,0,0,0,0,0,0,0,0,0,0,0,0,0
0.04599,0,0,0,0,0,0,0,0,0,0,0,0,0,0
0.047545,0,0,0,0,0,0,0,0,0,0,0,0,0,0
0.046299,0,0,0,0,0,0,0,0,0,0,0,0,0,0
0.046082,0,0,0,0,0,0,0,0,0,0,0,0,0,0
0.046643,0,0,0,0,0,0,0,0,0,0,0,0,0,0
0.046366,0,0,0,0,0,0,0,0,0,0,0,0,0,0
0.046792,0,0,0,0,0,0,0,0,0,0,0,0,0,0
0.046989,0,0,0,0,0,0,0,0,0,0,0,0,0,0
0.045665,0,0,0,0,0,0,0,0,0,0,0,0,0,0
0.11871,0,0,0,0,0,0,0,0,0,0,0,0,0,0
0,0,0,0,0,0,0,0,0,0,0,0,0,0,0
0.021309,0,0,0,0,0,0,0,0,0,0,0,0,0,0
0.046169,0,0,0,0,0,0,0,0,0,0,0,0,0,0
0.04465,0,0,0,0,0,0,0,0,0,0,0,0,0,0
0.044051,0,0,0,0,0,0,0,0,0,0,0,0,0,0
0.0438,0,0,0,0,0,0,0,0,0,0,0,0,0,0
0.043842,0,0,0,0,0,0,0,0,0,0,0,0,0,0
0.043142,0,0,0,0,0,0,0,0,0,0,0,0,0,0
0.042993,0,0,0,0,0,0,0,0,0,0,0,0,0,0
0.04236,0,0,0,0,0,0,0,0,0,0,0,0,0,0
0.043038,0,0,0,0,0,0,0,0,0,0,0,0,0,0
0.044643,0,0,0,0,0,0,0,0,0,0,0,0,0,0
0.046183,0,0,0,0,0,0,0,0,0,0,0,0,0,0
0.043849,0,0,0,0,0,0,0,0,0,0,0,0,0,0
0.043542,0,0,0,0,0,0,0,0,0,0,0,0,0,0
0.042548,0,0,0,0,0,0,0,0,0,0,0,0,0,0
0.042827,0,0,0,0,0,0,0,0,0,0,0,0,0,0
0.043943,0,0,0,0,0,0,0,0,0,0,0,0,0,0
0.043152,0,0,0,0,0,0,0,0,0,0,0,0,0,0
0.042612,0,0,0,0,0,0,0,0,0,0,0,0,0,0
0.043597,0,0,0,0,0,0,0,0,0,0,0,0,0,0
0.041417,0,0,0,0,0,0,0,0,0,0,0,0,0,0
0.043647,0,0,0,0,0,0,0,0,0,0,0,0,0,0
0.044822,0,0,0,0,0,0,0,0,0,0,0,0,0,0
0.045518,0,0,0,0,0,0,0,0,0,0,0,0,0,0
0.043316,0,0,0,0,0,0,0,0,0,0,0,0,0,0
0.042069,0,0,0,0,0,0,0,0,0,0,0,0,0,0
0.042737,0,0,0,0,0,0,0,0,0,0,0,0,0,0
0.043677,0,0,0,0,0,0,0,0,0,0,0,0,0,0
0.042967,0,0,0,0,0,0,0,0,0,0,0,0,0,0
0.043792,0,0,0,0,0,0,0,0,0,0,0,0,0,0
0.044418,0,0,0,0,0,0,0,0,0,0,0,0,0,0
0.045043,0,0,0,0,0,0,0,0,0,0,0,0,0,0
0.044772,0,0,0,0,0,0,0,0,0,0,0,0,0,0
0.04369,0,0,0,0,0,0,0,0,0,0,0,0,0,0
0.045675,0,0,0,0,0,0,0,0,0,0,0,0,0,0
0.04412,0,0,0,0,0,0,0,0,0,0,0,0,0,0
0.042879,0,0,0,0,0,0,0,0,0,0,0,0,0,0
0.042505,0,0,0,0,0,0,0,0,0,0,0,0,0,0
0.043562,0,0,0,0,0,0,0,0,0,0,0,0,0,0
0.044416,0,0,0,0,0,0,0,0,0,0,0,0,0,0
0.043097,0,0,0,0,0,0,0,0,0,0,0,0,0,0
0.043971,0,0,0,0,0,0,0,0,0,0,0,0,0,0
0.04337,0,0,0,0,0,0,0,0,0,0,0,0,0,0
0.045022,0,0,0,0,0,0,0,0,0,0,0,0,0,0
0.044405,0,0,0,0,0,0,0,0,0,0,0,0,0,0
0.044868,0,0,0,0,0,0,0,0,0,0,0,0,0,0
0.044975,0,0,0,0,0,0,0,0,0,0,0,0,0,0
0.044432,0,0,0,0,0,0,0,0,0,0,0,0,0,0
0.04289,0,0,0,0,0,0,0,0,0,0,0,0,0,0
0.043744,0,0,0,0,0,0,0,0,0,0,0,0,0,0
0.042146,0,0,0,0,0,0,0,0,0,0,0,0,0,0
0.043365,0,0,0,0,0,0,0,0,0,0,0,0,0,0
0.043211,0,0,0,0,0,0,0,0,0,0,0,0,0,0
0.043339,0,0,0,0,0,0,0,0,0,0,0,0,0,0
0.043584,0,0,0,0,0,0,0,0,0,0,0,0,0,0
0.043784,0,0,0,0,0,0,0,0,0,0,0,0,0,0
0.042809,0,0,0,0,0,0,0,0,0,0,0,0,0,0
0.044498,0,0,0,0,0,0,0,0,0,0,0,0,0,0
0.043724,0,0,0,0,0,0,0,0,0,0,0,0,0,0
0.043153,0,0,0,0,0,0,0,0,0,0,0,0,0,0
0.042031,0,0,0,0,0,0,0,0,0,0,0,0,0,0
0.044954,0,0,0,0,0,0,0,0,0,0,0,0,0,0
0.044405,0,0,0,0,0,0,0,0,0,0,0,0,0,0
0.043624,0,0,0,0,0,0,0,0,0,0,0,0,0,0
0.043786,0,0,0,0,0,0,0,0,0,0,0,0,0,0
0.044442,0,0,0,0,0,0,0,0,0,0,0,0,0,0
0.043736,0,0,0,0,0,0,0,0,0,0,0,0,0,0
0.047842,0,0,0,0,0,0,0,0,0,0,0,0,0,0
0.045441,0,0,0,0,0,0,0,0,0,0,0,0,0,0
0.045036,0,0,0,0,0,0,0,0,0,0,0,0,0,0
0.043417,0,0,0,0,0,0,0,0,0,0,0,0,0,0
0.043416,0,0,0,0,0,0,0,0,0,0,0,0,0,0
0.043159,0,0,0,0,0,0,0,0,0,0,0,0,0,0
0.043103,0,0,0,0,0,0,0,0,0,0,0,0,0,0
0.042651,0,0,0,0,0,0,0,0,0,0,0,0,0,0
0.042095,0,0,0,0,0,0,0,0,0,0,0,0,0,0
0.044169,0,0,0,0,0,0,0,0,0,0,0,0,0,0
0.042677,0,0,0,0,0,0,0,0,0,0,0,0,0,0
0.043814,0,0,0,0,0,0,0,0,0,0,0,0,0,0
0.044484,0,0,0,0,0,0,0,0,0,0,0,0,0,0
0.044227,0,0,0,0,0,0,0,0,0,0,0,0,0,0
0.042878,0,0,0,0,0,0,0,0,0,0,0,0,0,0
0.046483,0,0,0,0,0,0,0,0,0,0,0,0,0,0
0.044393,0,0,0,0,0,0,0,0,0,0,0,0,0,0
0.042905,0,0,0,0,0,0,0,0,0,0,0,0,0,0
0.042296,0,0,0,0,0,0,0,0,0,0,0,0,0,0
0.042836,0,0,0,0,0,0,0,0,0,0,0,0,0,0
0.043341,0,0,0,0,0,0,0,0,0,0,0,0,0,0
0.042614,0,0,0,0,0,0,0,0,0,0,0,0,0,0
0.042882,0,0,0,0,0,0,0,0,0,0,0,0,0,0
0.043503,0,0,0,0,0,0,0,0,0,0,0,0,0,0
0.044131,0,0,0,0,0,0,0,0,0,0,0,0,0,0
0.042517,0,0,0,0,0,0,0,0,0,0,0,0,0,0
0.043706,0,0,0,0,0,0,0,0,0,0,0,0,0,0
0.044057,0,0,0,0,0,0,0,0,0,0,0,0,0,0
0.044384,0,0,0,0,0,0,0,0,0,0,0,0,0,0
0.04432,0,0,0,0,0,0,0,0,0,0,0,0,0,0
0.043852,0,0,0,0,0,0,0,0,0,0,0,0,0,0
0.043571,0,0,0,0,0,0,0,0,0,0,0,0,0,0
0.042906,0,0,0,0,0,0,0,0,0,0,0,0,0,0
0.042064,0,0,0,0,0,0,0,0,0,0,0,0,0,0
0.042008,0,0,0,0,0,0,0,0,0,0,0,0,0,0
0.042091,0,0,0,0,0,0,0,0,0,0,0,0,0,0
0.042691,0,0,0,0,0,0,0,0,0,0,0,0,0,0
0.045307,0,0,0,0,0,0,0,0,0,0,0,0,0,0
0.044328,0,0,0,0,0,0,0,0,0,0,0,0,0,0
0.044289,0,0,0,0,0,0,0,0,0,0,0,0,0,0
0.042734,0,0,0,0,0,0,0,0,0,0,0,0,0,0
0.042256,0,0,0,0,0,0,0,0,0,0,0,0,0,0
0.04277,0,0,0,0,0,0,0,0,0,0,0,0,0,0
0.042565,0,0,0,0,0,0,0,0,0,0,0,0,0,0
0.042299,0,0,0,0,0,0,0,0,0,0,0,0,0,0
0.043339,0,0,0,0,0,0,0,0,0,0,0,0,0,0
0.04344,0,0,0,0,0,0,0,0,0,0,0,0,0,0
0.04257,0,0,0,0,0,0,0,0,0,0,0,0,0,0
0.043246,0,0,0,0,0,0,0,0,0,0,0,0,0,0
0.042739,0,0,0,0,0,0,0,0,0,0,0,0,0,0
0.044378,0,0,0,0,0,0,0,0,0,0,0,0,0,0
0.044379,0,0,0,0,0,0,0,0,0,0,0,0,0,0
0.043388,0,0,0,0,0,0,0,0,0,0,0,0,0,0
0.042726,0,0,0,0,0,0,0,0,0,0,0,0,0,0
0.043624,0,0,0,0,0,0,0,0,0,0,0,0,0,0
0.043193,0,0,0,0,0,0,0,0,0,0,0,0,0,0
0.042706,0,0,0,0,0,0,0,0,0,0,0,0,0,0
0.04257,0,0,0,0,0,0,0,0,0,0,0,0,0,0
0.042571,0,0,0,0,0,0,0,0,0,0,0,0,0,0
0.042361,0,0,0,0,0,0,0,0,0,0,0,0,0,0
0.042433,0,0,0,0,0,0,0,0,0,0,0,0,0,0
0.04424,0,0,0,0,0,0,0,0,0,0,0,0,0,0
0.043347,0,0,0,0,0,0,0,0,0,0,0,0,0,0
0.042607,0,0,0,0,0,0,0,0,0,0,0,0,0,0
0.042424,0,0,0,0,0,0,0,0,0,0,0,0,0,0
0.030457,0,0,0,0,0,0,0,0,0,0,0,0,0,0
0.042129,0,0,0,0,0,0,0,0,0,0,0,0,0,0
0.043136,0,0,0,0,0,0,0,0,0,0,0,0,0,0
0.043789,0,0,0,0,0,0,0,0,0,0,0,0,0,0
0.043685,0,0,0,0,0,0,0,0,0,0,0,0,0,0
0.043022,0,0,0,0,0,0,0,0,0,0,0,0,0,0
0.043289,0,0,0,0,0,0,0,0,0,0,0,0,0,0
0.04339,0,0,0,0,0,0,0,0,0,0,0,0,0,0
0.043075,0,0,0,0,0,0,0,0,0,0,0,0,0,0
0.04422,0,0,0,0,0,0,0,0,0,0,0,0,0,0
0.044883,0,0,0,0,0,0,0,0,0,0,0,0,0,0
0.047262,0,0,0,0,0,0,0,0,0,0,0,0,0,0
0.044767,0,0,0,0,0,0,0,0,0,0,0,0,0,0
0.043407,0,0,0,0,0,0,0,0,0,0,0,0,0,0
0.042801,0,0,0,0,0,0,0,0,0,0,0,0,0,0
0.04328,0,0,0,0,0,0,0,0,0,0,0,0,0,0
0.042132,0,0,0,0,0,0,0,0,0,0,0,0,0,0
0.043117,0,0,0,0,0,0,0,0,0,0,0,0,0,0
0.046946,0,0,0,0,0,0,0,0,0,0,0,0,0,0
0.043333,0,0,0,0,0,0,0,0,0,0,0,0,0,0
0.044021,0,0,0,0,0,0,0,0,0,0,0,0,0,0
0.043294,0,0,0,0,0,0,0,0,0,0,0,0,0,0
0.043041,0,0,0,0,0,0,0,0,0,0,0,0,0,0
0.042746,0,0,0,0,0,0,0,0,0,0,0,0,0,0
0.042536,0,0,0,0,0,0,0,0,0,0,0,0,0,0
0.043526,0,0,0,0,0,0,0,0,0,0,0,0,0,0
0.043965,0,0,0,0,0,0,0,0,0,0,0,0,0,0
0.042757,0,0,0,0,0,0,0,0,0,0,0,0,0,0
0.043057,0,0,0,0,0,0,0,0,0,0,0,0,0,0
0.04296,0,0,0,0,0,0,0,0,0,0,0,0,0,0
0.043639,0,0,0,0,0,0,0,0,0,0,0,0,0,0
0.045044,0,0,0,0,0,0,0,0,0,0,0,0,0,0
0.043339,0,0,0,0,0,0,0,0,0,0,0,0,0,0
0.045372,0,0,0,0,0,0,0,0,0,0,0,0,0,0
0.044867,0,0,0,0,0,0,0,0,0,0,0,0,0,0
0.044485,0,0,0,0,0,0,0,0,0,0,0,0,0,0
0.043841,0,0,0,0,0,0,0,0,0,0,0,0,0,0
0.043903,0,0,0,0,0,0,0,0,0,0,0,0,0,0
0.042372,0,0,0,0,0,0,0,0,0,0,0,0,0,0
0.041965,0,0,0,0,0,0,0,0,0,0,0,0,0,0
0.04397,0,0,0,0,0,0,0,0,0,0,0,0,0,0
0.043974,0,0,0,0,0,0,0,0,0,0,0,0,0,0
0.043868,0,0,0,0,0,0,0,0,0,0,0,0,0,0
0.042791,0,0,0,0,0,0,0,0,0,0,0,0,0,0
0.045785,0,0,0,0,0,0,0,0,0,0,0,0,0,0
0.043733,0,0,0,0,0,0,0,0,0,0,0,0,0,0
0.043913,0,0,0,0,0,0,0,0,0,0,0,0,0,0
0.043878,0,0,0,0,0,0,0,0,0,0,0,0,0,0
0.043051,0,0,0,0,0,0,0,0,0,0,0,0,0,0
0.042413,0,0,0,0,0,0,0,0,0,0,0,0,0,0
0.043368,0,0,0,0,0,0,0,0,0,0,0,0,0,0
0.043287,0,0,0,0,0,0,0,0,0,0,0,0,0,0
0.044107,0,0,0,0,0,0,0,0,0,0,0,0,0,0
0.043996,0,0,0,0,0,0,0,0,0,0,0,0,0,0
0.042917,0,0,0,0,0,0,0,0,0,0,0,0,0,0
0.043004,0,0,0,0,0,0,0,0,0,0,0,0,0,0
0.04454,0,0,0,0,0,0,0,0,0,0,0,0,0,0
0.042436,0,0,0,0,0,0,0,0,0,0,0,0,0,0
0.042138,0,0,0,0,0,0,0,0,0,0,0,0,0,0
0.044033,0,0,0,0,0,0,0,0,0,0,0,0,0,0
0.044189,0,0,0,0,0,0,0,0,0,0,0,0,0,0
0.043929,0,0,0,0,0,0,0,0,0,0,0,0,0,0
0.043962,0,0,0,0,0,0,0,0,0,0,0,0,0,0
0.04406,0,0,0,0,0,0,0,0,0,0,0,0,0,0
0.042556,0,0,0,0,0,0,0,0,0,0,0,0,0,0
0.042473,0,0,0,0,0,0,0,0,0,0,0,0,0,0
0.043163,0,0,0,0,0,0,0,0,0,0,0,0,0,0
0.043606,0,0,0,0,0,0,0,0,0,0,0,0,0,0
0.042341,0,0,0,0,0,0,0,0,0,0,0,0,0,0
0.043063,0,0,0,0,0,0,0,0,0,0,0,0,0,0
0.044237,0,0,0,0,0,0,0,0,0,0,0,0,0,0
0.043139,0,0,0,0,0,0,0,0,0,0,0,0,0,0
NaN,0,0,0,0,0,0,0,0,0,0,0,0,0,0
NaN,0,0,0,0,0,0,0,0,0,0,0,0,0,0
NaN,0,0,0,0,0,0,0,0,0,0,0,0,0,0
NaN,0,0,0,0,0,0,0,0,0,0,0,0,0,0
0.033797,0,0,0,0,0,0,0,0,0,0,0,0,0,0
0.051831,0,0,0,0,0,0,0,0,0,0,0,0,0,0
0.049214,0,0,0,0,0,0,0,0,0,0,0,0,0,0
0.048127,0,0,0,0,0,0,0,0,0,0,0,0,0,0
0.047634,0,0,0,0,0,0,0,0,0,0,0,0,0,0
0.04959,0,0,0,0,0,0,0,0,0,0,0,0,0,0
0.048586,0,0,0,0,0,0,0,0,0,0,0,0,0,0
0.049348,0,0,0,0,0,0,0,0,0,0,0,0,0,0
0.050235,0,0,0,0,0,0,0,0,0,0,0,0,0,0
0.052696,0,0,0,0,0,0,0,0,0,0,0,0,0,0
0.060548,0,0,0,0,0,0,0,0,0,0,0,0,0,0
0.049895,0,0,0,0,0,0,0,0,0,0,0,0,0,0
0.04935,0,0,0,0,0,0,0,0,0,0,0,0,0,0
0.050741,0,0,0,0,0,0,0,0,0,0,0,0,0,0
0.054938,0,0,0,0,0,0,0,0,0,0,0,0,0,0
0.047657,0,0,0,0,0,0,0,0,0,0,0,0,0,0
0.049862,0,0,0,0,0,0,0,0,0,0,0,0,0,0
0.05218,0,0,0,0,0,0,0,0,0,0,0,0,0,0
0.048679,0,0,0,0,0,0,0,0,0,0,0,0,0,0
0.04789,0,0,0,0,0,0,0,0,0,0,0,0,0,0
0.047767,0,0,0,0,0,0,0,0,0,0,0,0,0,0
0.049627,0,0,0,0,0,0,0,0,0,0,0,0,0,0
0.047211,0,0,0,0,0,0,0,0,0,0,0,0,0,0
0.047382,0,0,0,0,0,0,0,0,0,0,0,0,0,0
0.047366,0,0,0,0,0,0,0,0,0,0,0,0,0,0
0.047225,0,0,0,0,0,0,0,0,0,0,0,0,0,0
0.048262,0,0,0,0,0,0,0,0,0,0,0,0,0,0
0.051115,0,0,0,0,0,0,0,0,0,0,0,0,0,0
0.050253,0,0,0,0,0,0,0,0,0,0,0,0,0,0
0.049384,0,0,0,0,0,0,0,0,0,0,0,0,0,0
0.050027,0,0,0,0,0,0,0,0,0,0,0,0,0,0
0.049361,0,0,0,0,0,0,0,0,0,0,0,0,0,0
0.048264,0,0,0,0,0,0,0,0,0,0,0,0,0,0
0.055633,0,0,0,0,0,0,0,0,0,0,0,0,0,0
0.054591,0,0,0,0,0,0,0,0,0,0,0,0,0,0
0.049808,0,0,0,0,0,0,0,0,0,0,0,0,0,0
0.050711,0,0,0,0,0,0,0,0,0,0,0,0,0,0
0.050065,0,0,0,0,0,0,0,0,0,0,0,0,0,0
0.050261,0,0,0,0,0,0,0,0,0,0,0,0,0,0
0.050524,0,0,0,0,0,0,0,0,0,0,0,0,0,0
0.051636,0,0,0,0,0,0,0,0,0,0,0,0,0,0
0.049281,0,0,0,0,0,0,0,0,0,0,0,0,0,0
0.048433,0,0,0,0,0,0,0,0,0,0,0,0,0,0
0.049308,0,0,0,0,0,0,0,0,0,0,0,0,0,0
0.049544,0,0,0,0,0,0,0,0,0,0,0,0,0,0
0.049804,0,0,0,0,0,0,0,0,0,0,0,0,0,0
0.05163,0,0,0,0,0,0,0,0,0,0,0,0,0,0
0.04973,0,0,0,0,0,0,0,0,0,0,0,0,0,0
0.048729,0,0,0,0,0,0,0,0,0,0,0,0,0,0
0.048583,0,0,0,0,0,0,0,0,0,0,0,0,0,0
0.049858,0,0,0,0,0,0,0,0,0,0,0,0,0,0
0.048887,0,0,0,0,0,0,0,0,0,0,0,0,0,0
0.049993,0,0,0,0,0,0,0,0,0,0,0,0,0,0
0.052054,0,0,0,0,0,0,0,0,0,0,0,0,0,0
0.05433,0,0,0,0,0,0,0,0,0,0,0,0,0,0
0.052191,0,0,0,0,0,0,0,0,0,0,0,0,0,0
0.053449,0,0,0,0,0,0,0,0,0,0,0,0,0,0
0.051211,0,0,0,0,0,0,0,0,0,0,0,0,0,0
0.049372,0,0,0,0,0,0,0,0,0,0,0,0,0,0
0.052745,0,0,0,0,0,0,0,0,0,0,0,0,0,0
0.049735,0,0,0,0,0,0,0,0,0,0,0,0,0,0
0.049928,0,0,0,0,0,0,0,0,0,0,0,0,0,0
0.048795,0,0,0,0,0,0,0,0,0,0,0,0,0,0
0.049435,0,0,0,0,0,0,0,0,0,0,0,0,0,0
0.048639,0,0,0,0,0,0,0,0,0,0,0,0,0,0
0.051954,0,0,0,0,0,0,0,0,0,0,0,0,0,0
0.052502,0,0,0,0,0,0,0,0,0,0,0,0,0,0
0.048968,0,0,0,0,0,0,0,0,0,0,0,0,0,0
0.04857,0,0,0,0,0,0,0,0,0,0,0,0,0,0
0.049961,0,0,0,0,0,0,0,0,0,0,0,0,0,0
0.050689,0,0,0,0,0,0,0,0,0,0,0,0,0,0
0.077399,0,0,0,0,0,0,0,0,0,0,0,0,0,0
0.053796,0,0,0,0,0,0,0,0,0,0,0,0,0,0
0.05406,0,0,0,0,0,0,0,0,0,0,0,0,0,0
0.054025,0,0,0,0,0,0,0,0,0,0,0,0,0,0
0.05134,0,0,0,0,0,0,0,0,0,0,0,0,0,0
0.051252,0,0,0,0,0,0,0,0,0,0,0,0,0,0
0.051127,0,0,0,0,0,0,0,0,0,0,0,0,0,0
0.052117,0,0,0,0,0,0,0,0,0,0,0,0,0,0
0.049639,0,0,0,0,0,0,0,0,0,0,0,0,0,0
NaN,0,0,0,0,0,0,0,0,0,0,0,0,0,0
NaN,0,0,0,0,0,0,0,0,0,0,0,0,0,0
NaN,0,0,0,0,0,0,0,0,0,0,0,0,0,0
NaN,0,0,0,0,0,0,0,0,0,0,0,0,0,0
0.031641,0,0,0,0,0,0,0,0,0,0,0,0,0,0
0.04316,0,0,0,0,0,0,0,0,0,0,0,0,0,0
0.041922,0,0,0,0,0,0,0,0,0,0,0,0,0,0
0.042774,0,0,0,0,0,0,0,0,0,0,0,0,0,0
0.042501,0,0,0,0,0,0,0,0,0,0,0,0,0,0
0.031258,0,0,0,0,0,0,0,0,0,0,0,0,0,0
0.042803,0,0,0,0,0,0,0,0,0,0,0,0,0,0
0.042247,0,0,0,0,0,0,0,0,0,0,0,0,0,0
0.042382,0,0,0,0,0,0,0,0,0,0,0,0,0,0
0.041799,0,0,0,0,0,0,0,0,0,0,0,0,0,0
0.041763,0,0,0,0,0,0,0,0,0,0,0,0,0,0
0.041828,0,0,0,0,0,0,0,0,0,0,0,0,0,0
0.042712,0,0,0,0,0,0,0,0,0,0,0,0,0,0
0.042687,0,0,0,0,0,0,0,0,0,0,0,0,0,0
0.042144,0,0,0,0,0,0,0,0,0,0,0,0,0,0
0.041133,0,0,0,0,0,0,0,0,0,0,0,0,0,0
0.041971,0,0,0,0,0,0,0,0,0,0,0,0,0,0
0.040481,0,0,0,0,0,0,0,0,0,0,0,0,0,0
0.040109,0,0,0,0,0,0,0,0,0,0,0,0,0,0
0.040135,0,0,0,0,0,0,0,0,0,0,0,0,0,0
0.04046,0,0,0,0,0,0,0,0,0,0,0,0,0,0
0.040397,0,0,0,0,0,0,0,0,0,0,0,0,0,0
0.040664,0,0,0,0,0,0,0,0,0,0,0,0,0,0
0.044136,0,0,0,0,0,0,0,0,0,0,0,0,0,0
0.043471,0,0,0,0,0,0,0,0,0,0,0,0,0,0
0.041871,0,0,0,0,0,0,0,0,0,0,0,0,0,0
0.041648,0,0,0,0,0,0,0,0,0,0,0,0,0,0
0.04045,0,0,0,0,0,0,0,0,0,0,0,0,0,0
0.040529,0,0,0,0,0,0,0,0,0,0,0,0,0,0
0.040153,0,0,0,0,0,0,0,0,0,0,0,0,0,0
0.041935,0,0,0,0,0,0,0,0,0,0,0,0,0,0
0.040364,0,0,0,0,0,0,0,0,0,0,0,0,0,0
0.039933,0,0,0,0,0,0,0,0,0,0,0,0,0,0
0.041325,0,0,0,0,0,0,0,0,0,0,0,0,0,0
0.040813,0,0,0,0,0,0,0,0,0,0,0,0,0,0
0.040278,0,0,0,0,0,0,0,0,0,0,0,0,0,0
0.041217,0,0,0,0,0,0,0,0,0,0,0,0,0,0
0.04044,0,0,0,0,0,0,0,0,0,0,0,0,0,0
0.041015,0,0,0,0,0,0,0,0,0,0,0,0,0,0
0.041327,0,0,0,0,0,0,0,0,0,0,0,0,0,0
0.045883,0,0,0,0,0,0,0,0,0,0,0,0,0,0
0.041758,0,0,0,0,0,0,0,0,0,0,0,0,0,0
0.042708,0,0,0,0,0,0,0,0,0,0,0,0,0,0
0.040193,0,0,0,0,0,0,0,0,0,0,0,0,0,0
0.039941,0,0,0,0,0,0,0,0,0,0,0,0,0,0
0.040173,0,0,0,0,0,0,0,0,0,0,0,0,0,0
0.04173,0,0,0,0,0,0,0,0,0,0,0,0,0,0
0.04301,0,0,0,0,0,0,0,0,0,0,0,0,0,0
0.04018,0,0,0,0,0,0,0,0,0,0,0,0,0,0
0.040098,0,0,0,0,0,0,0,0,0,0,0,0,0,0
0.040379,0,0,0,0,0,0,0,0,0,0,0,0,0,0
0.041588,0,0,0,0,0,0,0,0,0,0,0,0,0,0
0.040423,0,0,0,0,0,0,0,0,0,0,0,0,0,0
0.039939,0,0,0,0,0,0,0,0,0,0,0,0,0,0
0.04078,0,0,0,0,0,0,0,0,0,0,0,0,0,0
0.040451,0,0,0,0,0,0,0,0,0,0,0,0,0,0
0.041189,0,0,0,0,0,0,0,0,0,0,0,0,0,0
0.040994,0,0,0,0,0,0,0,0,0,0,0,0,0,0
0.041166,0,0,0,0,0,0,0,0,0,0,0,0,0,0
0.041254,0,0,0,0,0,0,0,0,0,0,0,0,0,0
0.042206,0,0,0,0,0,0,0,0,0,0,0,0,0,0
0.041341,0,0,0,0,0,0,0,0,0,0,0,0,0,0
0.040891,0,0,0,0,0,0,0,0,0,0,0,0,0,0
0.044326,0,0,0,0,0,0,0,0,0,0,0,0,0,0
0.041801,0,0,0,0,0,0,0,0,0,0,0,0,0,0
0.043085,0,0,0,0,0,0,0,0,0,0,0,0,0,0
0.04158,0,0,0,0,0,0,0,0,0,0,0,0,0,0
0.041495,0,0,0,0,0,0,0,0,0,0,0,0,0,0
0.041574,0,0,0,0,0,0,0,0,0,0,0,0,0,0
0.040524,0,0,0,0,0,0,0,0,0,0,0,0,0,0
0.046068,0,0,0,0,0,0,0,0,0,0,0,0,0,0
0.042439,0,0,0,0,0,0,0,0,0,0,0,0,0,0
0.042445,0,0,0,0,0,0,0,0,0,0,0,0,0,0
0.041553,0,0,0,0,0,0,0,0,0,0,0,0,0,0
0.041891,0,0,0,0,0,0,0,0,0,0,0,0,0,0
0.04314,0,0,0,0,0,0,0,0,0,0,0,0,0,0
0.042491,0,0,0,0,0,0,0,0,0,0,0,0,0,0
0.043691,0,0,0,0,0,0,0,0,0,0,0,0,0,0
0.042783,0,0,0,0,0,0,0,0,0,0,0,0,0,0
0.040694,0,0,0,0,0,0,0,0,0,0,0,0,0,0
0.043055,0,0,0,0,0,0,0,0,0,0,0,0,0,0
0.042881,0,0,0,0,0,0,0,0,0,0,0,0,0,0
0.041869,0,0,0,0,0,0,0,0,0,0,0,0,0,0
0.042245,0,0,0,0,0,0,0,0,0,0,0,0,0,0
0.041534,0,0,0,0,0,0,0,0,0,0,0,0,0,0
0.042345,0,0,0,0,0,0,0,0,0,0,0,0,0,0
0.045733,0,0,0,0,0,0,0,0,0,0,0,0,0,0
0.04218,0,0,0,0,0,0,0,0,0,0,0,0,0,0
0.041123,0,0,0,0,0,0,0,0,0,0,0,0,0,0
0.041458,0,0,0,0,0,0,0,0,0,0,0,0,0,0
0.041111,0,0,0,0,0,0,0,0,0,0,0,0,0,0
0.042852,0,0,0,0,0,0,0,0,0,0,0,0,0,0
0.045089,0,0,0,0,0,0,0,0,0,0,0,0,0,0
0.044884,0,0,0,0,0,0,0,0,0,0,0,0,0,0
0.041286,0,0,0,0,0,0,0,0,0,0,0,0,0,0
0.040526,0,0,0,0,0,0,0,0,0,0,0,0,0,0
0.040592,0,0,0,0,0,0,0,0,0,0,0,0,0,0
0.041809,0,0,0,0,0,0,0,0,0,0,0,0,0,0
0.040749,0,0,0,0,0,0,0,0,0,0,0,0,0,0
0.041073,0,0,0,0,0,0,0,0,0,0,0,0,0,0
0.045074,0,0,0,0,0,0,0,0,0,0,0,0,0,0
0.044027,0,0,0,0,0,0,0,0,0,0,0,0,0,0
0.040739,0,0,0,0,0,0,0,0,0,0,0,0,0,0
0.043863,0,0,0,0,0,0,0,0,0,0,0,0,0,0
0.046286,0,0,0,0,0,0,0,0,0,0,0,0,0,0
0.04242,0,0,0,0,0,0,0,0,0,0,0,0,0,0
0.041403,0,0,0,0,0,0,0,0,0,0,0,0,0,0
0.040664,0,0,0,0,0,0,0,0,0,0,0,0,0,0
0.045638,0,0,0,0,0,0,0,0,0,0,0,0,0,0
0.040706,0,0,0,0,0,0,0,0,0,0,0,0,0,0
0.040553,0,0,0,0,0,0,0,0,0,0,0,0,0,0
0.040916,0,0,0,0,0,0,0,0,0,0,0,0,0,0
0.042572,0,0,0,0,0,0,0,0,0,0,0,0,0,0
0.041903,0,0,0,0,0,0,0,0,0,0,0,0,0,0
0.042102,0,0,0,0,0,0,0,0,0,0,0,0,0,0
0.042301,0,0,0,0,0,0,0,0,0,0,0,0,0,0
0.045029,0,0,0,0,0,0,0,0,0,0,0,0,0,0
0.043035,0,0,0,0,0,0,0,0,0,0,0,0,0,0
0.042163,0,0,0,0,0,0,0,0,0,0,0,0,0,0
0.041676,0,0,0,0,0,0,0,0,0,0,0,0,0,0
0.041899,0,0,0,0,0,0,0,0,0,0,0,0,0,0
