0.000165,0.000161,0.000166,0,0,0,0,0,0,0,0,0,0,0,0
0.037013,0.035923,0.034868,0,0,0,0,0,0,0,0,0,0,0,0
0.019228,0.019313,0.019257,0,0,0,0,0,0,0,0,0,0,0,0
0.01996,0.020016,0.019996,0,0,0,0,0,0,0,0,0,0,0,0
0.019851,0.020433,0.019719,0,0,0,0,0,0,0,0,0,0,0,0
0.019731,0.019535,0.019691,0,0,0,0,0,0,0,0,0,0,0,0
0.019925,0.019698,0.019931,0,0,0,0,0,0,0,0,0,0,0,0
0.0198,0.020438,0.019806,0,0,0,0,0,0,0,0,0,0,0,0
0.019503,0.020669,0.019717,0,0,0,0,0,0,0,0,0,0,0,0
0.019607,0.019734,0.019891,0,0,0,0,0,0,0,0,0,0,0,0
0.019772,0.019899,0.019768,0,0,0,0,0,0,0,0,0,0,0,0
0.019496,0.019581,0.01952,0,0,0,0,0,0,0,0,0,0,0,0
0.019558,0.019871,0.019544,0,0,0,0,0,0,0,0,0,0,0,0
0.019409,0.019529,0.01968,0,0,0,0,0,0,0,0,0,0,0,0
0.019775,0.020049,0.019832,0,0,0,0,0,0,0,0,0,0,0,0
0.019533,0.019536,0.019574,0,0,0,0,0,0,0,0,0,0,0,0
0.019864,0.019871,0.019909,0,0,0,0,0,0,0,0,0,0,0,0
0.020447,0.02034,0.020441,0,0,0,0,0,0,0,0,0,0,0,0
0.0198,0.019919,0.019799,0,0,0,0,0,0,0,0,0,0,0,0
0.019559,0.020606,0.019571,0,0,0,0,0,0,0,0,0,0,0,0
0.019755,0.020658,0.019776,0,0,0,0,0,0,0,0,0,0,0,0
0.020938,0.020023,0.020095,0,0,0,0,0,0,0,0,0,0,0,0
0.020091,0.019765,0.019927,0,0,0,0,0,0,0,0,0,0,0,0
0.020472,0.021124,0.02026,0,0,0,0,0,0,0,0,0,0,0,0
0.021087,0.02182,0.020952,0,0,0,0,0,0,0,0,0,0,0,0
0.020699,0.021031,0.020235,0,0,0,0,0,0,0,0,0,0,0,0
0.020389,0.020972,0.020123,0,0,0,0,0,0,0,0,0,0,0,0
0.020382,0.020166,0.020211,0,0,0,0,0,0,0,0,0,0,0,0
0.020263,0.020134,0.020156,0,0,0,0,0,0,0,0,0,0,0,0
0.019806,0.019679,0.019706,0,0,0,0,0,0,0,0,0,0,0,0
0.02037,0.020216,0.020285,0,0,0,0,0,0,0,0,0,0,0,0
0.02068,0.020541,0.020674,0,0,0,0,0,0,0,0,0,0,0,0
0.020085,0.021068,0.020129,0,0,0,0,0,0,0,0,0,0,0,0
0.020193,0.020254,0.02006,0,0,0,0,0,0,0,0,0,0,0,0
0.020006,0.020305,0.019861,0,0,0,0,0,0,0,0,0,0,0,0
0.021188,0.021294,0.0203,0,0,0,0,0,0,0,0,0,0,0,0
0.020628,0.020928,0.020587,0,0,0,0,0,0,0,0,0,0,0,0
0.020246,0.020412,0.020269,0,0,0,0,0,0,0,0,0,0,0,0
0.02005,0.02062,0.020131,0,0,0,0,0,0,0,0,0,0,0,0
0.020425,0.020858,0.020343,0,0,0,0,0,0,0,0,0,0,0,0
0.020044,0.020587,0.020104,0,0,0,0,0,0,0,0,0,0,0,0
0.019947,0.020212,0.019939,0,0,0,0,0,0,0,0,0,0,0,0
0.019994,0.020454,0.019995,0,0,0,0,0,0,0,0,0,0,0,0
0.019554,0.020196,0.019615,0,0,0,0,0,0,0,0,0,0,0,0
0.019909,0.020593,0.019988,0,0,0,0,0,0,0,0,0,0,0,0
0.019827,0.021183,0.019846,0,0,0,0,0,0,0,0,0,0,0,0
0.020459,0.020887,0.020476,0,0,0,0,0,0,0,0,0,0,0,0
0.020364,0.020792,0.021195,0,0,0,0,0,0,0,0,0,0,0,0
0.020475,0.020749,0.020494,0,0,0,0,0,0,0,0,0,0,0,0
0.01977,0.020031,0.019782,0,0,0,0,0,0,0,0,0,0,0,0
0.020086,0.02002,0.020112,0,0,0,0,0,0,0,0,0,0,0,0
0.019869,0.02046,0.019919,0,0,0,0,0,0,0,0,0,0,0,0
0.019679,0.020185,0.019685,0,0,0,0,0,0,0,0,0,0,0,0
0.020642,0.020005,0.019711,0,0,0,0,0,0,0,0,0,0,0,0
0.019869,0.020174,0.019678,0,0,0,0,0,0,0,0,0,0,0,0
0.019746,0.019632,0.019651,0,0,0,0,0,0,0,0,0,0,0,0
0.020618,0.019985,0.019698,0,0,0,0,0,0,0,0,0,0,0,0
0.019414,0.019737,0.019388,0,0,0,0,0,0,0,0,0,0,0,0
0.019439,0.019854,0.019426,0,0,0,0,0,0,0,0,0,0,0,0
0.019426,0.019939,0.019497,0,0,0,0,0,0,0,0,0,0,0,0
0.019712,0.020014,0.019726,0,0,0,0,0,0,0,0,0,0,0,0
0.019637,0.019497,0.019579,0,0,0,0,0,0,0,0,0,0,0,0
0.019472,0.01938,0.01948,0,0,0,0,0,0,0,0,0,0,0,0
0.019615,0.019496,0.019536,0,0,0,0,0,0,0,0,0,0,0,0
0.020307,0.01963,0.01955,0,0,0,0,0,0,0,0,0,0,0,0
0.019533,0.020155,0.019594,0,0,0,0,0,0,0,0,0,0,0,0
0.019584,0.020444,0.019582,0,0,0,0,0,0,0,0,0,0,0,0
0.019671,0.019814,0.019714,0,0,0,0,0,0,0,0,0,0,0,0
0.019806,0.020211,0.019713,0,0,0,0,0,0,0,0,0,0,0,0
0.020045,0.020459,0.020073,0,0,0,0,0,0,0,0,0,0,0,0
0.019631,0.019857,0.019665,0,0,0,0,0,0,0,0,0,0,0,0
0.020892,0.02111,0.020959,0,0,0,0,0,0,0,0,0,0,0,0
0.019878,0.019805,0.01985,0,0,0,0,0,0,0,0,0,0,0,0
0.019829,0.020012,0.019905,0,0,0,0,0,0,0,0,0,0,0,0
0.019768,0.019755,0.019765,0,0,0,0,0,0,0,0,0,0,0,0
0.019623,0.019593,0.019604,0,0,0,0,0,0,0,0,0,0,0,0
0.019919,0.020097,0.019916,0,0,0,0,0,0,0,0,0,0,0,0
0.019723,0.019658,0.019628,0,0,0,0,0,0,0,0,0,0,0,0
0.019823,0.020364,0.01993,0,0,0,0,0,0,0,0,0,0,0,0
0.019501,0.019531,0.019573,0,0,0,0,0,0,0,0,0,0,0,0
0.020126,0.02049,0.020171,0,0,0,0,0,0,0,0,0,0,0,0
0.019981,0.020324,0.02045,0,0,0,0,0,0,0,0,0,0,0,0
0.020827,0.021423,0.020845,0,0,0,0,0,0,0,0,0,0,0,0
0.019731,0.020142,0.019725,0,0,0,0,0,0,0,0,0,0,0,0
0.019641,0.020114,0.019627,0,0,0,0,0,0,0,0,0,0,0,0
0.019629,0.020579,0.019642,0,0,0,0,0,0,0,0,0,0,0,0
0.019749,0.02033,0.019733,0,0,0,0,0,0,0,0,0,0,0,0
0.019582,0.019866,0.019558,0,0,0,0,0,0,0,0,0,0,0,0
0.01971,0.020049,0.019733,0,0,0,0,0,0,0,0,0,0,0,0
0.019894,0.01975,0.019896,0,0,0,0,0,0,0,0,0,0,0,0
0.01949,0.020094,0.019505,0,0,0,0,0,0,0,0,0,0,0,0
0.019367,0.019946,0.019405,0,0,0,0,0,0,0,0,0,0,0,0
0.019749,0.020397,0.019737,0,0,0,0,0,0,0,0,0,0,0,0
0.019599,0.019859,0.020088,0,0,0,0,0,0,0,0,0,0,0,0
0.019519,0.01988,0.019859,0,0,0,0,0,0,0,0,0,0,0,0
0.019639,0.020027,0.020314,0,0,0,0,0,0,0,0,0,0,0,0
0.020085,0.020542,0.020723,0,0,0,0,0,0,0,0,0,0,0,0
0.019929,0.020816,0.019953,0,0,0,0,0,0,0,0,0,0,0,0
0.019814,0.020336,0.019926,0,0,0,0,0,0,0,0,0,0,0,0
0.01969,0.019593,0.020538,0,0,0,0,0,0,0,0,0,0,0,0
0.019872,0.019828,0.020945,0,0,0,0,0,0,0,0,0,0,0,0
0.019645,0.01948,0.019837,0,0,0,0,0,0,0,0,0,0,0,0
0.020217,0.020116,0.02019,0,0,0,0,0,0,0,0,0,0,0,0
0.020758,0.020927,0.020942,0,0,0,0,0,0,0,0,0,0,0,0
0.020542,0.020446,0.020758,0,0,0,0,0,0,0,0,0,0,0,0
0.020971,0.021063,0.021031,0,0,0,0,0,0,0,0,0,0,0,0
0.020588,0.02061,0.020857,0,0,0,0,0,0,0,0,0,0,0,0
0.020218,0.020039,0.019933,0,0,0,0,0,0,0,0,0,0,0,0
0.020936,0.020886,0.021261,0,0,0,0,0,0,0,0,0,0,0,0
0.020422,0.020735,0.020659,0,0,0,0,0,0,0,0,0,0,0,0
0.020878,0.02075,0.020121,0,0,0,0,0,0,0,0,0,0,0,0
0.021644,0.022214,0.021594,0,0,0,0,0,0,0,0,0,0,0,0
0.020447,0.021171,0.020462,0,0,0,0,0,0,0,0,0,0,0,0
0.020676,0.020981,0.020645,0,0,0,0,0,0,0,0,0,0,0,0
0.020699,0.020588,0.020657,0,0,0,0,0,0,0,0,0,0,0,0
0.020491,0.020396,0.020344,0,0,0,0,0,0,0,0,0,0,0,0
0.020287,0.02066,0.020076,0,0,0,0,0,0,0,0,0,0,0,0
0.020037,0.020517,0.020043,0,0,0,0,0,0,0,0,0,0,0,0
0.019836,0.020292,0.020114,0,0,0,0,0,0,0,0,0,0,0,0
0.020093,0.020614,0.021711,0,0,0,0,0,0,0,0,0,0,0,0
0.020475,0.020724,0.021524,0,0,0,0,0,0,0,0,0,0,0,0
0.020974,0.021207,0.020999,0,0,0,0,0,0,0,0,0,0,0,0
0.020473,0.022155,0.020638,0,0,0,0,0,0,0,0,0,0,0,0
0.020249,0.020847,0.020337,0,0,0,0,0,0,0,0,0,0,0,0
0.021202,0.021299,0.021402,0,0,0,0,0,0,0,0,0,0,0,0
0.020238,0.020742,0.020376,0,0,0,0,0,0,0,0,0,0,0,0
0.020148,0.020591,0.020824,0,0,0,0,0,0,0,0,0,0,0,0
0.020112,0.019979,0.020702,0,0,0,0,0,0,0,0,0,0,0,0
0.020378,0.020752,0.020336,0,0,0,0,0,0,0,0,0,0,0,0
0.020611,0.021174,0.020522,0,0,0,0,0,0,0,0,0,0,0,0
0.020898,0.021469,0.021104,0,0,0,0,0,0,0,0,0,0,0,0
0.020259,0.020706,0.020707,0,0,0,0,0,0,0,0,0,0,0,0
0.020794,0.021244,0.021248,0,0,0,0,0,0,0,0,0,0,0,0
0.020206,0.020531,0.020127,0,0,0,0,0,0,0,0,0,0,0,0
0.020327,0.020258,0.020665,0,0,0,0,0,0,0,0,0,0,0,0
0.020245,0.020744,0.020735,0,0,0,0,0,0,0,0,0,0,0,0
0.019838,0.0202,0.020281,0,0,0,0,0,0,0,0,0,0,0,0
0.020078,0.020304,0.020545,0,0,0,0,0,0,0,0,0,0,0,0
0.020723,0.02094,0.021214,0,0,0,0,0,0,0,0,0,0,0,0
0.020063,0.020413,0.02096,0,0,0,0,0,0,0,0,0,0,0,0
0.020331,0.020634,0.020848,0,0,0,0,0,0,0,0,0,0,0,0
0.021575,0.022149,0.021429,0,0,0,0,0,0,0,0,0,0,0,0
0.020035,0.020018,0.020018,0,0,0,0,0,0,0,0,0,0,0,0
0.020317,0.020271,0.02017,0,0,0,0,0,0,0,0,0,0,0,0
0.021086,0.021061,0.021067,0,0,0,0,0,0,0,0,0,0,0,0
0.020056,0.020418,0.02069,0,0,0,0,0,0,0,0,0,0,0,0
0.019932,0.020339,0.020431,0,0,0,0,0,0,0,0,0,0,0,0
0.020513,0.020507,0.021037,0,0,0,0,0,0,0,0,0,0,0,0
0.021052,0.021075,0.021401,0,0,0,0,0,0,0,0,0,0,0,0
0.020627,0.020559,0.02098,0,0,0,0,0,0,0,0,0,0,0,0
0.021173,0.021086,0.021739,0,0,0,0,0,0,0,0,0,0,0,0
0.020777,0.020742,0.021181,0,0,0,0,0,0,0,0,0,0,0,0
0.020175,0.020513,0.020138,0,0,0,0,0,0,0,0,0,0,0,0
0.020014,0.020401,0.020482,0,0,0,0,0,0,0,0,0,0,0,0
0.020615,0.020907,0.022284,0,0,0,0,0,0,0,0,0,0,0,0
0.019966,0.020478,0.019993,0,0,0,0,0,0,0,0,0,0,0,0
