1
333.0000,33.0000,40.0000,40.0000
334.0000,25.0000,40.0000,40.0000
334.0000,25.0000,40.0000,40.0000
338.0000,21.0000,38.0000,38.0000
338.0000,21.0000,38.0000,38.0000
341.0000,15.0000,40.0000,40.0000
341.0000,15.0000,40.0000,40.0000
353.0000,30.0000,38.0000,38.0000
353.0000,30.0000,38.0000,38.0000
329.0000,35.0000,38.0000,38.0000
2
331.0000,38.0000,37.0000,37.0000
0
0
0
0
1
319.0000,19.0000,40.0000,46.0000
316.0000,16.0000,40.0000,46.0000
316.0000,16.0000,40.0000,46.0000
316.0000,14.0000,40.0000,46.0000
316.0000,14.0000,40.0000,46.0000
316.0000,14.0000,40.0000,46.0000
316.0000,14.0000,40.0000,46.0000
310.0000,31.0000,38.0000,45.0000
310.0000,31.0000,38.0000,45.0000
294.0000,29.0000,40.0000,46.0000
0
0
2
0
0
0
0
1
393.0000,88.0000,41.0000,50.0000
395.0000,85.0000,41.0000,50.0000
395.0000,85.0000,41.0000,50.0000
373.0000,69.0000,41.0000,50.0000
373.0000,69.0000,41.0000,50.0000
393.0000,108.0000,41.0000,50.0000
393.0000,108.0000,41.0000,50.0000
389.0000,99.0000,41.0000,50.0000
389.0000,99.0000,41.0000,50.0000
389.0000,99.0000,41.0000,50.0000
2
0
0
0
0
1
298.0000,20.0000,52.0000,58.0000
305.0000,26.0000,51.0000,57.0000
305.0000,26.0000,51.0000,57.0000
309.0000,24.0000,51.0000,57.0000
309.0000,24.0000,51.0000,57.0000
301.0000,16.0000,52.0000,58.0000
301.0000,16.0000,52.0000,58.0000
294.0000,9.0000,53.0000,60.0000
294.0000,9.0000,53.0000,60.0000
285.0000,9.0000,55.0000,61.0000
285.0000,9.0000,55.0000,61.0000
285.0000,9.0000,55.0000,61.0000
304.0000,1.0000,53.0000,60.0000
304.0000,1.0000,53.0000,60.0000
321.0000,3.0000,52.0000,58.0000
321.0000,3.0000,52.0000,58.0000
321.0000,6.0000,52.0000,58.0000
321.0000,6.0000,52.0000,58.0000
321.0000,1.0000,53.0000,60.0000
321.0000,1.0000,53.0000,60.0000
338.0000,30.0000,55.0000,61.0000
338.0000,30.0000,55.0000,61.0000
330.0000,30.0000,55.0000,61.0000
330.0000,30.0000,55.0000,61.0000
329.0000,34.0000,53.0000,60.0000
0
2
0
0
0
0
1
268.0000,131.0000,100.0000,108.0000
249.0000,118.0000,101.0000,110.0000
249.0000,118.0000,101.0000,110.0000
254.0000,130.0000,103.0000,112.0000
254.0000,130.0000,103.0000,112.0000
2
0
0
0
0
1
135.0000,11.0000,97.0000,122.0000
135.0000,18.0000,97.0000,122.0000
135.0000,18.0000,97.0000,122.0000
141.0000,24.0000,97.0000,122.0000
141.0000,24.0000,97.0000,122.0000
