0.000165
0.043182
0.022257
0.022088
0.022433
0.022564
0.02312
0.022618
0.022573
0.022652
0.02247
0.022731
0.022964
0.022727
0.022568
0.023467
0.022761
0.02256
0.022179
0.022636
0.022495
0.023328
0.022968
0.021764
0.022594
0.02192
0.021862
0.02227
0.021964
0.021899
0.021856
0.022159
0.022008
0.022579
0.022584
0.022656
0.022925
0.022898
0.022806
0.02233
0.023059
0.021734
0.021871
0.021907
0.022314
0.02214
0.023038
0.022356
0.02249
0.022186
0.02304
0.022295
0.022667
0.022884
0.021892
0.023201
0.022638
0.022269
0.022276
0.022222
0.022218
0.022673
0.021656
0.021468
0.021634
0.022053
0.022074
0.022237
0.022245
0.022027
0.023608
0.021967
0.022495
0.021993
0.02294
0.022447
0.022634
0.022362
0.022396
0.022843
0.022896
0.022474
0.023879
0.023669
0.019862
0.01994
0.022941
0.022633
0.023235
0.022861
0.022377
0.02234
0.022513
0.022122
0.022088
0.021786
0.02216
0.021656
0.022386
0.022226
0.022492
0.021687
0.021995
0.022775
0.021939
0.022639
0.02238
0.022222
0.022307
0.022502
0.023253
0.022712
0.022816
0.023082
0.022287
0.023549
0.023977
0.021748
0.022099
0.021959
0.021747
0.021895
0.022508
0.022548
0.022093
0.024004
0.022902
0.024182
0.022135
0.022204
0.022289
0.021857
0.022049
0.022468
0.023466
0.022222
0.022103
0.022861
0.022448
0.022099
0.021696
0.022155
0.022604
0.021943
0.022074
0.022119
0.022338
0.021992
0.021827
0.022161
0.022039
0.022109
0.022299
0.023244
0.022534
0.022659
0.023222
0.022434
0.023006
0.023755
0.023191
0.022218
0.023008
0.022435
0.022146
0.022261
0.022825
0.022248
0.022237
0.022588
0.022357
0.023148
0.022581
0.022118
0.022065
0.022648
0.022295
0.022438
0.022736
0.022225
0.02258
0.022566
0.022281
0.022868
0.022629
0.022789
0.023467
0.024421
0.023398
0.022868
0.022375
