0.000166
0.031873
0.016004
0.016499
0.016281
0.016047
0.016291
0.01621
0.016053
0.016244
0.016518
0.016064
0.016147
0.015975
0.016385
0.016232
0.016558
0.017008
0.016398
0.017067
0.016377
0.016727
0.016628
0.016835
0.017555
0.016776
0.016737
0.016833
0.016827
0.016508
0.016919
0.017275
0.016672
0.016617
0.016612
0.016855
0.017212
0.016993
0.016697
0.016917
0.016715
0.016551
0.016847
0.016191
0.016502
0.016386
0.017374
0.017094
0.018011
0.016895
0.01685
0.017205
0.016384
0.016487
0.016297
0.016262
0.016445
0.016059
0.016169
0.016252
0.01701
0.016818
0.016062
0.016319
0.016164
0.016733
0.016234
0.016582
0.016581
0.016858
0.016424
0.017512
0.016971
0.016499
0.016523
0.016547
0.016518
0.016559
0.016507
0.016565
0.017078
0.017301
0.017419
0.016235
0.016471
0.016175
0.016511
0.01709
0.016965
0.016819
0.016114
0.015995
0.01689
0.016393
0.016192
0.016445
0.016648
0.017642
0.016323
0.016599
0.016474
0.016795
0.017064
0.017353
0.017175
0.017466
0.01722
0.01646
0.017571
0.01702
0.016664
0.01819
0.016961
0.017133
0.01722
0.017193
0.016628
0.018079
0.016837
0.016527
0.017704
0.018052
0.016939
0.017303
0.018114
0.016732
0.017457
0.017079
0.017224
0.017654
0.018623
0.016672
0.017787
0.016783
0.017107
0.017727
0.017023
0.016568
0.017942
0.016717
0.017503
0.017854
0.017211
0.017382
0.018468
0.01695
0.016522
0.017676
0.017592
0.017391
0.017974
0.017398
0.01668
0.016992
0.01759
0.016561
