1
712.0000,231.0000,22.0000,24.0000
715.0000,231.0000,22.0000,24.0000
715.0000,231.0000,22.0000,24.0000
715.0000,231.0000,22.0000,24.0000
715.0000,231.0000,22.0000,24.0000
715.0000,231.0000,22.0000,24.0000
715.0000,231.0000,22.0000,24.0000
715.0000,231.0000,22.0000,24.0000
715.0000,231.0000,22.0000,24.0000
715.0000,231.0000,22.0000,24.0000
715.0000,231.0000,22.0000,24.0000
715.0000,231.0000,22.0000,24.0000
715.0000,231.0000,22.0000,24.0000
715.0000,231.0000,22.0000,24.0000
715.0000,231.0000,22.0000,24.0000
715.0000,231.0000,22.0000,24.0000
715.0000,231.0000,22.0000,24.0000
715.0000,231.0000,22.0000,24.0000
715.0000,231.0000,22.0000,24.0000
715.0000,231.0000,22.0000,24.0000
715.0000,231.0000,22.0000,24.0000
715.0000,231.0000,22.0000,24.0000
715.0000,231.0000,22.0000,24.0000
715.0000,231.0000,22.0000,24.0000
715.0000,231.0000,22.0000,24.0000
715.0000,231.0000,22.0000,24.0000
715.0000,231.0000,22.0000,24.0000
715.0000,231.0000,22.0000,24.0000
715.0000,231.0000,22.0000,24.0000
715.0000,231.0000,22.0000,24.0000
715.0000,231.0000,22.0000,24.0000
715.0000,231.0000,22.0000,24.0000
2
0
0
0
0
0
0
0
0
0
0
0
0
0
0
0
0
0
0
0
0
0
0
0
0
0
0
0
0
0
0
0
0
0
0
0
0
0
0
0
0
0
715.0000,231.0000,22.0000,24.0000
0
0
0
0
1
720.0000,236.0000,27.0000,28.0000
717.0000,237.0000,26.0000,28.0000
717.0000,237.0000,26.0000,28.0000
717.0000,237.0000,26.0000,28.0000
717.0000,237.0000,26.0000,28.0000
717.0000,237.0000,26.0000,28.0000
717.0000,237.0000,26.0000,28.0000
2
0
0
0
0
0
0
0
0
0
0
0
0
0
0
0
0
0
0
0
0
0
0
0
0
0
0
0
0
0
0
0
0
0
0
0
0
0
0
0
0
0
0
0
0
0
0
0
0
0
0
0
0
0
0
0
0
0
0
0
0
0
0
0
0
0
0
0
0
0
0
0
0
714.0000,237.0000,26.0000,28.0000
0
0
0
0
1
750.0000,245.0000,28.0000,31.0000
750.0000,246.0000,28.0000,30.0000
750.0000,246.0000,28.0000,30.0000
750.0000,246.0000,28.0000,30.0000
750.0000,246.0000,28.0000,30.0000
750.0000,246.0000,28.0000,30.0000
750.0000,246.0000,28.0000,30.0000
750.0000,246.0000,28.0000,30.0000
750.0000,246.0000,28.0000,30.0000
750.0000,246.0000,28.0000,30.0000
750.0000,246.0000,28.0000,30.0000
750.0000,246.0000,28.0000,30.0000
750.0000,246.0000,28.0000,30.0000
750.0000,246.0000,28.0000,30.0000
0
0
0
0
0
0
0
0
0
0
0
0
0
0
0
0
0
0
0
0
0
0
0
0
0
0
0
0
0
0
0
0
0
0
0
0
0
0
0
0
0
0
0
0
0
0
0
0
0
0
0
0
0
0
0
0
0
0
0
0
0
0
0
0
0
0
0
0
2
0
0
0
0
1
669.0000,235.0000,30.0000,31.0000
671.0000,236.0000,30.0000,31.0000
671.0000,236.0000,30.0000,31.0000
671.0000,236.0000,30.0000,31.0000
671.0000,236.0000,30.0000,31.0000
671.0000,236.0000,30.0000,31.0000
671.0000,236.0000,30.0000,31.0000
671.0000,236.0000,30.0000,31.0000
671.0000,236.0000,30.0000,31.0000
671.0000,236.0000,30.0000,31.0000
671.0000,236.0000,30.0000,31.0000
671.0000,236.0000,30.0000,31.0000
671.0000,236.0000,30.0000,31.0000
671.0000,236.0000,30.0000,31.0000
671.0000,236.0000,30.0000,31.0000
671.0000,236.0000,30.0000,31.0000
671.0000,236.0000,30.0000,31.0000
671.0000,236.0000,30.0000,31.0000
671.0000,236.0000,30.0000,31.0000
671.0000,236.0000,30.0000,31.0000
671.0000,236.0000,30.0000,31.0000
671.0000,236.0000,30.0000,31.0000
671.0000,236.0000,30.0000,31.0000
671.0000,236.0000,30.0000,31.0000
671.0000,236.0000,30.0000,31.0000
671.0000,236.0000,30.0000,31.0000
671.0000,236.0000,30.0000,31.0000
671.0000,236.0000,30.0000,31.0000
671.0000,236.0000,30.0000,31.0000
671.0000,236.0000,30.0000,31.0000
671.0000,236.0000,30.0000,31.0000
671.0000,236.0000,30.0000,31.0000
671.0000,236.0000,30.0000,31.0000
671.0000,236.0000,30.0000,31.0000
671.0000,236.0000,30.0000,31.0000
671.0000,236.0000,30.0000,31.0000
671.0000,236.0000,30.0000,31.0000
671.0000,236.0000,30.0000,31.0000
671.0000,236.0000,30.0000,31.0000
671.0000,236.0000,30.0000,31.0000
671.0000,236.0000,30.0000,31.0000
671.0000,236.0000,30.0000,31.0000
671.0000,236.0000,30.0000,31.0000
671.0000,236.0000,30.0000,31.0000
671.0000,236.0000,30.0000,31.0000
671.0000,236.0000,30.0000,31.0000
671.0000,236.0000,30.0000,31.0000
671.0000,236.0000,30.0000,31.0000
671.0000,236.0000,30.0000,31.0000
671.0000,236.0000,30.0000,31.0000
671.0000,236.0000,30.0000,31.0000
671.0000,236.0000,30.0000,31.0000
671.0000,236.0000,30.0000,31.0000
671.0000,236.0000,30.0000,31.0000
671.0000,236.0000,30.0000,31.0000
671.0000,236.0000,30.0000,31.0000
671.0000,236.0000,30.0000,31.0000
671.0000,236.0000,30.0000,31.0000
671.0000,236.0000,30.0000,31.0000
671.0000,236.0000,30.0000,31.0000
671.0000,236.0000,30.0000,31.0000
671.0000,236.0000,30.0000,31.0000
671.0000,236.0000,30.0000,31.0000
671.0000,236.0000,30.0000,31.0000
671.0000,236.0000,30.0000,31.0000
671.0000,236.0000,30.0000,31.0000
671.0000,236.0000,30.0000,31.0000
671.0000,236.0000,30.0000,31.0000
671.0000,236.0000,30.0000,31.0000
671.0000,236.0000,30.0000,31.0000
671.0000,236.0000,30.0000,31.0000
671.0000,236.0000,30.0000,31.0000
671.0000,236.0000,30.0000,31.0000
671.0000,236.0000,30.0000,31.0000
671.0000,236.0000,30.0000,31.0000
671.0000,236.0000,30.0000,31.0000
671.0000,236.0000,30.0000,31.0000
671.0000,236.0000,30.0000,31.0000
671.0000,236.0000,30.0000,31.0000
671.0000,236.0000,30.0000,31.0000
671.0000,236.0000,30.0000,31.0000
671.0000,236.0000,30.0000,31.0000
671.0000,236.0000,30.0000,31.0000
671.0000,236.0000,30.0000,31.0000
671.0000,236.0000,30.0000,31.0000
671.0000,236.0000,30.0000,31.0000
671.0000,236.0000,30.0000,31.0000
671.0000,236.0000,30.0000,31.0000
671.0000,236.0000,30.0000,31.0000
671.0000,236.0000,30.0000,31.0000
