6.5469,19.8,6.0383,0,0,0,0,0,0,0,0,0,0,0,0
0.78286,0.74946,0.75463,0,0,0,0,0,0,0,0,0,0,0,0
0.70688,0.69201,0.68007,0,0,0,0,0,0,0,0,0,0,0,0
0.68652,0.66708,0.66945,0,0,0,0,0,0,0,0,0,0,0,0
0.67927,0.65215,0.65597,0,0,0,0,0,0,0,0,0,0,0,0
0.68975,0.65232,0.65985,0,0,0,0,0,0,0,0,0,0,0,0
0.80252,0.79023,0.77888,0,0,0,0,0,0,0,0,0,0,0,0
0.68136,0.66115,0.66054,0,0,0,0,0,0,0,0,0,0,0,0
0.67946,0.66013,0.65262,0,0,0,0,0,0,0,0,0,0,0,0
0.67695,0.65538,0.65966,0,0,0,0,0,0,0,0,0,0,0,0
0.67157,0.6605,0.66514,0,0,0,0,0,0,0,0,0,0,0,0
0.67821,0.66317,0.65229,0,0,0,0,0,0,0,0,0,0,0,0
0.75737,0.75324,0.73482,0,0,0,0,0,0,0,0,0,0,0,0
0.691,0.67834,0.65662,0,0,0,0,0,0,0,0,0,0,0,0
0.67514,0.66425,0.66202,0,0,0,0,0,0,0,0,0,0,0,0
0.671,0.65877,0.6604,0,0,0,0,0,0,0,0,0,0,0,0
0.68476,0.65704,0.65647,0,0,0,0,0,0,0,0,0,0,0,0
0.67836,0.66327,0.65876,0,0,0,0,0,0,0,0,0,0,0,0
0.79174,0.73814,0.72895,0,0,0,0,0,0,0,0,0,0,0,0
0.69222,0.67011,0.65987,0,0,0,0,0,0,0,0,0,0,0,0
0.67687,0.66579,0.64591,0,0,0,0,0,0,0,0,0,0,0,0
0.69227,0.78279,0.65071,0,0,0,0,0,0,0,0,0,0,0,0
0.67227,0.95647,0.66985,0,0,0,0,0,0,0,0,0,0,0,0
0.69898,0.83828,0.65552,0,0,0,0,0,0,0,0,0,0,0,0
0.74532,0.81568,0.72922,0,0,0,0,0,0,0,0,0,0,0,0
0.68234,0.68104,0.66506,0,0,0,0,0,0,0,0,0,0,0,0
0.68848,0.98943,0.65674,0,0,0,0,0,0,0,0,0,0,0,0
0.68509,1.1611,0.66806,0,0,0,0,0,0,0,0,0,0,0,0
0.68382,0.82516,0.67105,0,0,0,0,0,0,0,0,0,0,0,0
0.67498,0.65945,0.65164,0,0,0,0,0,0,0,0,0,0,0,0
0.75123,0.73649,0.73635,0,0,0,0,0,0,0,0,0,0,0,0
0.67444,0.66706,0.66397,0,0,0,0,0,0,0,0,0,0,0,0
0.68463,0.66995,0.6547,0,0,0,0,0,0,0,0,0,0,0,0
0.678,0.68031,0.65925,0,0,0,0,0,0,0,0,0,0,0,0
0.67708,0.67902,0.65793,0,0,0,0,0,0,0,0,0,0,0,0
0.68762,0.67819,0.65403,0,0,0,0,0,0,0,0,0,0,0,0
0.76488,0.77202,0.75138,0,0,0,0,0,0,0,0,0,0,0,0
0.69171,0.6789,0.66852,0,0,0,0,0,0,0,0,0,0,0,0
0.68617,0.68353,0.6875,0,0,0,0,0,0,0,0,0,0,0,0
0.68058,0.66057,0.67421,0,0,0,0,0,0,0,0,0,0,0,0
0.68081,0.6824,0.65983,0,0,0,0,0,0,0,0,0,0,0,0
0.67684,0.6652,0.66046,0,0,0,0,0,0,0,0,0,0,0,0
0.75568,0.74053,0.73283,0,0,0,0,0,0,0,0,0,0,0,0
0.68205,0.66163,0.66307,0,0,0,0,0,0,0,0,0,0,0,0
0.69571,0.66546,0.65785,0,0,0,0,0,0,0,0,0,0,0,0
0.69423,0.66675,0.67471,0,0,0,0,0,0,0,0,0,0,0,0
0.68942,0.68032,0.67312,0,0,0,0,0,0,0,0,0,0,0,0
0.68474,0.67049,0.66208,0,0,0,0,0,0,0,0,0,0,0,0
0.78777,0.75371,0.73394,0,0,0,0,0,0,0,0,0,0,0,0
0.69249,0.67157,0.65962,0,0,0,0,0,0,0,0,0,0,0,0
0.70885,0.68169,0.67845,0,0,0,0,0,0,0,0,0,0,0,0
0.67076,0.67728,0.67076,0,0,0,0,0,0,0,0,0,0,0,0
0.68629,0.68064,0.6545,0,0,0,0,0,0,0,0,0,0,0,0
0.68046,0.68475,0.66678,0,0,0,0,0,0,0,0,0,0,0,0
0.81051,0.7461,0.73513,0,0,0,0,0,0,0,0,0,0,0,0
0.69106,0.66049,0.66201,0,0,0,0,0,0,0,0,0,0,0,0
0.66228,0.69253,0.66493,0,0,0,0,0,0,0,0,0,0,0,0
0.69467,0.67435,0.66846,0,0,0,0,0,0,0,0,0,0,0,0
0.72205,0.67633,0.66137,0,0,0,0,0,0,0,0,0,0,0,0
0.74667,0.6803,0.67053,0,0,0,0,0,0,0,0,0,0,0,0
0.77452,0.74841,0.73436,0,0,0,0,0,0,0,0,0,0,0,0
0.68159,0.67775,0.65451,0,0,0,0,0,0,0,0,0,0,0,0
0.71784,0.67634,0.66486,0,0,0,0,0,0,0,0,0,0,0,0
0.7258,0.66765,0.65471,0,0,0,0,0,0,0,0,0,0,0,0
0.68787,0.68755,0.6664,0,0,0,0,0,0,0,0,0,0,0,0
0.68519,0.67668,0.66102,0,0,0,0,0,0,0,0,0,0,0,0
0.75851,0.74164,0.74196,0,0,0,0,0,0,0,0,0,0,0,0
0.68903,0.66588,0.67275,0,0,0,0,0,0,0,0,0,0,0,0
0.77305,0.68115,0.6781,0,0,0,0,0,0,0,0,0,0,0,0
0.71295,0.67474,0.65013,0,0,0,0,0,0,0,0,0,0,0,0
0.70183,0.6802,0.66998,0,0,0,0,0,0,0,0,0,0,0,0
0.69371,0.69119,0.65978,0,0,0,0,0,0,0,0,0,0,0,0
0.75265,0.75496,0.73201,0,0,0,0,0,0,0,0,0,0,0,0
0.69332,0.68079,0.65773,0,0,0,0,0,0,0,0,0,0,0,0
0.66738,0.66443,0.66013,0,0,0,0,0,0,0,0,0,0,0,0
0.65824,0.66743,0.65977,0,0,0,0,0,0,0,0,0,0,0,0
0.67738,0.68889,0.6622,0,0,0,0,0,0,0,0,0,0,0,0
0.67449,0.66827,0.66262,0,0,0,0,0,0,0,0,0,0,0,0
0.7349,0.75203,0.73416,0,0,0,0,0,0,0,0,0,0,0,0
0.66773,0.66503,0.65931,0,0,0,0,0,0,0,0,0,0,0,0
0.69891,0.67455,0.67307,0,0,0,0,0,0,0,0,0,0,0,0
0.68951,0.67351,0.66213,0,0,0,0,0,0,0,0,0,0,0,0
0.69055,0.68069,0.66961,0,0,0,0,0,0,0,0,0,0,0,0
0.68671,0.65977,0.67126,0,0,0,0,0,0,0,0,0,0,0,0
0.77898,0.76773,0.73654,0,0,0,0,0,0,0,0,0,0,0,0
0.68475,0.68001,0.66713,0,0,0,0,0,0,0,0,0,0,0,0
0.68931,0.66836,0.66222,0,0,0,0,0,0,0,0,0,0,0,0
0.70951,0.67639,0.66807,0,0,0,0,0,0,0,0,0,0,0,0
0.74411,0.66975,0.65703,0,0,0,0,0,0,0,0,0,0,0,0
0.72521,0.68097,0.66101,0,0,0,0,0,0,0,0,0,0,0,0
0.74614,0.7527,0.72582,0,0,0,0,0,0,0,0,0,0,0,0
0.68126,0.66572,0.65947,0,0,0,0,0,0,0,0,0,0,0,0
0.67766,0.67864,0.66836,0,0,0,0,0,0,0,0,0,0,0,0
0.691,0.679,0.67164,0,0,0,0,0,0,0,0,0,0,0,0
0.68178,0.71338,0.65964,0,0,0,0,0,0,0,0,0,0,0,0
0.67772,0.67309,0.66312,0,0,0,0,0,0,0,0,0,0,0,0
0.77956,0.75058,0.75003,0,0,0,0,0,0,0,0,0,0,0,0
0.68063,0.68387,0.6602,0,0,0,0,0,0,0,0,0,0,0,0
0.67861,0.66434,0.66351,0,0,0,0,0,0,0,0,0,0,0,0
0.7027,0.66195,0.66916,0,0,0,0,0,0,0,0,0,0,0,0
0.68574,0.65719,0.67361,0,0,0,0,0,0,0,0,0,0,0,0
0.69611,0.66692,0.6565,0,0,0,0,0,0,0,0,0,0,0,0
0.77933,0.74918,0.74751,0,0,0,0,0,0,0,0,0,0,0,0
0.69503,0.66334,0.65862,0,0,0,0,0,0,0,0,0,0,0,0
0.68504,0.67073,0.66569,0,0,0,0,0,0,0,0,0,0,0,0
0.6873,0.68361,0.66167,0,0,0,0,0,0,0,0,0,0,0,0
0.71614,0.69077,0.66252,0,0,0,0,0,0,0,0,0,0,0,0
0.72259,0.68173,0.66035,0,0,0,0,0,0,0,0,0,0,0,0
0.77152,0.75824,0.73545,0,0,0,0,0,0,0,0,0,0,0,0
0.69147,0.67202,0.6586,0,0,0,0,0,0,0,0,0,0,0,0
0.68842,0.67716,0.65311,0,0,0,0,0,0,0,0,0,0,0,0
0.65973,0.66448,0.66746,0,0,0,0,0,0,0,0,0,0,0,0
0.66764,0.68163,0.66141,0,0,0,0,0,0,0,0,0,0,0,0
0.67542,0.65974,0.66002,0,0,0,0,0,0,0,0,0,0,0,0
0.76568,0.7493,0.74367,0,0,0,0,0,0,0,0,0,0,0,0
0.71205,0.67505,0.66656,0,0,0,0,0,0,0,0,0,0,0,0
0.67501,0.67479,0.65662,0,0,0,0,0,0,0,0,0,0,0,0
0.65731,0.68428,0.67343,0,0,0,0,0,0,0,0,0,0,0,0
0.65598,0.66518,0.67122,0,0,0,0,0,0,0,0,0,0,0,0
0.67326,0.67404,0.91909,0,0,0,0,0,0,0,0,0,0,0,0
0.72965,0.74258,1.0081,0,0,0,0,0,0,0,0,0,0,0,0
0.67251,0.68423,0.74502,0,0,0,0,0,0,0,0,0,0,0,0
0.67974,0.66984,0.66654,0,0,0,0,0,0,0,0,0,0,0,0
0.66649,0.67731,0.66432,0,0,0,0,0,0,0,0,0,0,0,0
0.67471,0.67087,0.66401,0,0,0,0,0,0,0,0,0,0,0,0
0.66504,0.67382,0.66061,0,0,0,0,0,0,0,0,0,0,0,0
0.74971,0.76074,0.73025,0,0,0,0,0,0,0,0,0,0,0,0
0.6679,0.68079,0.65774,0,0,0,0,0,0,0,0,0,0,0,0
0.67708,0.6576,0.67795,0,0,0,0,0,0,0,0,0,0,0,0
0.66566,0.66121,0.66598,0,0,0,0,0,0,0,0,0,0,0,0
0.67721,0.66925,0.66363,0,0,0,0,0,0,0,0,0,0,0,0
0.66382,0.67331,0.65531,0,0,0,0,0,0,0,0,0,0,0,0
0.75591,0.74992,0.72756,0,0,0,0,0,0,0,0,0,0,0,0
0.67612,0.67921,0.66445,0,0,0,0,0,0,0,0,0,0,0,0
0.68093,0.6846,0.66564,0,0,0,0,0,0,0,0,0,0,0,0
0.67092,0.67917,0.65762,0,0,0,0,0,0,0,0,0,0,0,0
0.66562,0.68535,0.66368,0,0,0,0,0,0,0,0,0,0,0,0
0.6714,0.66827,0.66324,0,0,0,0,0,0,0,0,0,0,0,0
0.74119,0.73707,0.7442,0,0,0,0,0,0,0,0,0,0,0,0
0.67013,0.66547,0.66382,0,0,0,0,0,0,0,0,0,0,0,0
0.67786,0.67391,0.66852,0,0,0,0,0,0,0,0,0,0,0,0
0.66997,0.67497,0.65908,0,0,0,0,0,0,0,0,0,0,0,0
0.67666,0.68379,0.66098,0,0,0,0,0,0,0,0,0,0,0,0
0.66643,0.66933,0.6635,0,0,0,0,0,0,0,0,0,0,0,0
0.7271,0.73461,0.73767,0,0,0,0,0,0,0,0,0,0,0,0
0.67162,0.67326,0.65776,0,0,0,0,0,0,0,0,0,0,0,0
0.65989,0.66884,0.66793,0,0,0,0,0,0,0,0,0,0,0,0
0.67383,0.67039,0.66335,0,0,0,0,0,0,0,0,0,0,0,0
0.68472,0.68319,0.6519,0,0,0,0,0,0,0,0,0,0,0,0
0.6713,0.66542,0.66158,0,0,0,0,0,0,0,0,0,0,0,0
0.74023,0.75238,0.73356,0,0,0,0,0,0,0,0,0,0,0,0
0.67401,0.66619,0.66927,0,0,0,0,0,0,0,0,0,0,0,0
0.68007,0.67466,0.66366,0,0,0,0,0,0,0,0,0,0,0,0
0.68587,0.67999,0.65662,0,0,0,0,0,0,0,0,0,0,0,0
0.66397,0.6693,0.673,0,0,0,0,0,0,0,0,0,0,0,0
0.66938,0.67497,0.66831,0,0,0,0,0,0,0,0,0,0,0,0
0.74485,0.75598,0.73717,0,0,0,0,0,0,0,0,0,0,0,0
0.68524,0.67397,0.65823,0,0,0,0,0,0,0,0,0,0,0,0
0.67073,0.66924,0.67691,0,0,0,0,0,0,0,0,0,0,0,0
0.65463,0.66313,0.65732,0,0,0,0,0,0,0,0,0,0,0,0
0.67013,0.68543,0.6783,0,0,0,0,0,0,0,0,0,0,0,0
0.6585,0.66206,0.65273,0,0,0,0,0,0,0,0,0,0,0,0
0.74028,0.75772,0.74085,0,0,0,0,0,0,0,0,0,0,0,0
0.67285,0.68001,0.67025,0,0,0,0,0,0,0,0,0,0,0,0
0.67744,0.66768,0.66109,0,0,0,0,0,0,0,0,0,0,0,0
0.66504,0.67148,0.67222,0,0,0,0,0,0,0,0,0,0,0,0
0.67626,0.66781,0.67055,0,0,0,0,0,0,0,0,0,0,0,0
0.68322,0.67678,0.66339,0,0,0,0,0,0,0,0,0,0,0,0
0.75093,0.73263,0.73044,0,0,0,0,0,0,0,0,0,0,0,0
0.70033,0.67823,0.65631,0,0,0,0,0,0,0,0,0,0,0,0
0.67218,0.66876,0.66158,0,0,0,0,0,0,0,0,0,0,0,0
0.66456,0.67245,0.67757,0,0,0,0,0,0,0,0,0,0,0,0
0.67115,0.67803,0.66318,0,0,0,0,0,0,0,0,0,0,0,0
0.67357,0.68279,0.65545,0,0,0,0,0,0,0,0,0,0,0,0
0.7422,0.73266,0.72905,0,0,0,0,0,0,0,0,0,0,0,0
0.66756,0.67892,0.65832,0,0,0,0,0,0,0,0,0,0,0,0
0.67233,0.70336,0.65889,0,0,0,0,0,0,0,0,0,0,0,0
0.67176,0.67352,0.66626,0,0,0,0,0,0,0,0,0,0,0,0
0.67143,0.67465,0.65404,0,0,0,0,0,0,0,0,0,0,0,0
0.67198,0.68145,0.66241,0,0,0,0,0,0,0,0,0,0,0,0
0.74818,0.74068,0.74133,0,0,0,0,0,0,0,0,0,0,0,0
0.67007,0.68859,0.6654,0,0,0,0,0,0,0,0,0,0,0,0
0.66118,0.66206,0.67129,0,0,0,0,0,0,0,0,0,0,0,0
0.67051,0.67254,0.66146,0,0,0,0,0,0,0,0,0,0,0,0
0.65543,0.66612,0.66293,0,0,0,0,0,0,0,0,0,0,0,0
0.66342,0.67316,0.65375,0,0,0,0,0,0,0,0,0,0,0,0
0.74377,0.74372,0.73266,0,0,0,0,0,0,0,0,0,0,0,0
0.67805,0.6689,0.66021,0,0,0,0,0,0,0,0,0,0,0,0
0.65051,0.68479,0.65866,0,0,0,0,0,0,0,0,0,0,0,0
0.70176,0.6734,0.67008,0,0,0,0,0,0,0,0,0,0,0,0
0.66809,0.68259,0.67582,0,0,0,0,0,0,0,0,0,0,0,0
0.68305,0.67109,0.65367,0,0,0,0,0,0,0,0,0,0,0,0
0.7766,0.74144,0.73469,0,0,0,0,0,0,0,0,0,0,0,0
0.74146,0.67537,0.66191,0,0,0,0,0,0,0,0,0,0,0,0
0.6994,0.6916,0.6707,0,0,0,0,0,0,0,0,0,0,0,0
0.71533,0.67395,0.65693,0,0,0,0,0,0,0,0,0,0,0,0
0.70648,0.67438,0.65339,0,0,0,0,0,0,0,0,0,0,0,0
0.68376,0.67208,0.65313,0,0,0,0,0,0,0,0,0,0,0,0
0.78318,0.73241,0.72643,0,0,0,0,0,0,0,0,0,0,0,0
0.71155,0.66553,0.65583,0,0,0,0,0,0,0,0,0,0,0,0
0.68317,0.69124,0.68561,0,0,0,0,0,0,0,0,0,0,0,0
0.69238,0.68057,0.66501,0,0,0,0,0,0,0,0,0,0,0,0
0.75131,0.66696,0.66,0,0,0,0,0,0,0,0,0,0,0,0
0.73264,0.67151,0.66834,0,0,0,0,0,0,0,0,0,0,0,0
0.78258,0.73411,0.72988,0,0,0,0,0,0,0,0,0,0,0,0
0.68027,0.67439,0.65609,0,0,0,0,0,0,0,0,0,0,0,0
0.68386,0.67369,0.66953,0,0,0,0,0,0,0,0,0,0,0,0
0.70196,0.66262,0.66726,0,0,0,0,0,0,0,0,0,0,0,0
0.69043,0.66027,0.66431,0,0,0,0,0,0,0,0,0,0,0,0
0.6829,0.66856,0.66776,0,0,0,0,0,0,0,0,0,0,0,0
0.75346,0.74238,0.73359,0,0,0,0,0,0,0,0,0,0,0,0
0.6715,0.65673,0.6607,0,0,0,0,0,0,0,0,0,0,0,0
0.68698,0.67864,0.65196,0,0,0,0,0,0,0,0,0,0,0,0
0.68518,0.67213,0.66631,0,0,0,0,0,0,0,0,0,0,0,0
0.68372,0.68956,0.6667,0,0,0,0,0,0,0,0,0,0,0,0
0.68777,0.66682,0.67038,0,0,0,0,0,0,0,0,0,0,0,0
0.7582,0.74845,0.73761,0,0,0,0,0,0,0,0,0,0,0,0
0.68128,0.66289,0.66241,0,0,0,0,0,0,0,0,0,0,0,0
0.68311,0.6634,0.66766,0,0,0,0,0,0,0,0,0,0,0,0
0.67873,0.66833,0.66742,0,0,0,0,0,0,0,0,0,0,0,0
0.68339,0.67411,0.67277,0,0,0,0,0,0,0,0,0,0,0,0
0.69816,0.68099,0.67783,0,0,0,0,0,0,0,0,0,0,0,0
0.74536,0.73277,0.75073,0,0,0,0,0,0,0,0,0,0,0,0
0.68968,0.67057,0.66046,0,0,0,0,0,0,0,0,0,0,0,0
0.69607,0.66742,0.66751,0,0,0,0,0,0,0,0,0,0,0,0
0.69478,0.66952,0.65665,0,0,0,0,0,0,0,0,0,0,0,0
0.69745,0.66738,0.6711,0,0,0,0,0,0,0,0,0,0,0,0
0.71942,0.67101,0.66303,0,0,0,0,0,0,0,0,0,0,0,0
0.78534,0.75116,0.72237,0,0,0,0,0,0,0,0,0,0,0,0
0.69457,0.67045,0.65374,0,0,0,0,0,0,0,0,0,0,0,0
0.6826,0.67028,0.65675,0,0,0,0,0,0,0,0,0,0,0,0
0.67656,0.68346,0.66523,0,0,0,0,0,0,0,0,0,0,0,0
0.65885,0.6811,0.6672,0,0,0,0,0,0,0,0,0,0,0,0
0.68748,0.68449,0.66569,0,0,0,0,0,0,0,0,0,0,0,0
0.73889,0.74926,0.7324,0,0,0,0,0,0,0,0,0,0,0,0
0.66434,0.66691,0.66232,0,0,0,0,0,0,0,0,0,0,0,0
0.69213,0.66705,0.65972,0,0,0,0,0,0,0,0,0,0,0,0
0.67277,0.68499,0.65595,0,0,0,0,0,0,0,0,0,0,0,0
0.6706,0.67326,0.66448,0,0,0,0,0,0,0,0,0,0,0,0
0.69383,0.66449,0.67955,0,0,0,0,0,0,0,0,0,0,0,0
0.75993,0.75235,0.73897,0,0,0,0,0,0,0,0,0,0,0,0
0.6895,0.68306,0.66408,0,0,0,0,0,0,0,0,0,0,0,0
0.68666,0.6683,0.66468,0,0,0,0,0,0,0,0,0,0,0,0
0.668,0.66861,0.65935,0,0,0,0,0,0,0,0,0,0,0,0
0.69884,0.659,0.65629,0,0,0,0,0,0,0,0,0,0,0,0
0.68274,0.67534,0.66887,0,0,0,0,0,0,0,0,0,0,0,0
0.76212,0.76339,0.74391,0,0,0,0,0,0,0,0,0,0,0,0
0.68755,0.68518,0.66245,0,0,0,0,0,0,0,0,0,0,0,0
0.68578,0.67385,0.66241,0,0,0,0,0,0,0,0,0,0,0,0
0.68326,0.68135,0.67253,0,0,0,0,0,0,0,0,0,0,0,0
0.68923,0.66978,0.65768,0,0,0,0,0,0,0,0,0,0,0,0
0.6835,0.66833,0.66217,0,0,0,0,0,0,0,0,0,0,0,0
0.76422,0.74448,0.72726,0,0,0,0,0,0,0,0,0,0,0,0
0.6842,0.67045,0.66875,0,0,0,0,0,0,0,0,0,0,0,0
0.6828,0.67484,0.66586,0,0,0,0,0,0,0,0,0,0,0,0
0.69034,0.66104,0.67365,0,0,0,0,0,0,0,0,0,0,0,0
0.69552,0.68563,0.68879,0,0,0,0,0,0,0,0,0,0,0,0
0.72242,0.66923,0.6593,0,0,0,0,0,0,0,0,0,0,0,0
0.75395,0.74833,0.72837,0,0,0,0,0,0,0,0,0,0,0,0
0.70005,0.66972,0.66704,0,0,0,0,0,0,0,0,0,0,0,0
0.68915,0.67307,0.66188,0,0,0,0,0,0,0,0,0,0,0,0
0.6885,0.66928,0.66257,0,0,0,0,0,0,0,0,0,0,0,0
0.69005,0.67105,0.66817,0,0,0,0,0,0,0,0,0,0,0,0
0.70132,0.69009,0.66805,0,0,0,0,0,0,0,0,0,0,0,0
0.76209,0.7441,0.72815,0,0,0,0,0,0,0,0,0,0,0,0
0.68708,0.65642,0.6731,0,0,0,0,0,0,0,0,0,0,0,0
0.6956,0.6717,0.66793,0,0,0,0,0,0,0,0,0,0,0,0
0.71129,0.67588,0.65869,0,0,0,0,0,0,0,0,0,0,0,0
0.73492,0.65859,0.67377,0,0,0,0,0,0,0,0,0,0,0,0
0.72642,0.6695,0.66182,0,0,0,0,0,0,0,0,0,0,0,0
0.74462,0.73724,0.73735,0,0,0,0,0,0,0,0,0,0,0,0
0.69067,0.68364,0.6675,0,0,0,0,0,0,0,0,0,0,0,0
0.68243,0.67119,0.68012,0,0,0,0,0,0,0,0,0,0,0,0
0.67704,0.67171,0.67409,0,0,0,0,0,0,0,0,0,0,0,0
0.67578,0.67933,0.66067,0,0,0,0,0,0,0,0,0,0,0,0
0.67874,0.67956,0.66095,0,0,0,0,0,0,0,0,0,0,0,0
0.74524,0.73841,0.73582,0,0,0,0,0,0,0,0,0,0,0,0
0.67647,0.68511,0.66451,0,0,0,0,0,0,0,0,0,0,0,0
0.68595,0.67852,0.65631,0,0,0,0,0,0,0,0,0,0,0,0
0.67679,0.66795,0.66246,0,0,0,0,0,0,0,0,0,0,0,0
0.68176,0.68125,0.66262,0,0,0,0,0,0,0,0,0,0,0,0
0.6753,0.67472,0.6625,0,0,0,0,0,0,0,0,0,0,0,0
0.74406,0.73597,0.73009,0,0,0,0,0,0,0,0,0,0,0,0
0.68085,0.67986,0.66173,0,0,0,0,0,0,0,0,0,0,0,0
0.692,0.67457,0.66876,0,0,0,0,0,0,0,0,0,0,0,0
0.69034,0.67673,0.65733,0,0,0,0,0,0,0,0,0,0,0,0
0.6861,0.66902,0.6702,0,0,0,0,0,0,0,0,0,0,0,0
0.67609,0.66254,0.66049,0,0,0,0,0,0,0,0,0,0,0,0
0.76603,0.75141,0.73504,0,0,0,0,0,0,0,0,0,0,0,0
0.67007,0.66871,0.66964,0,0,0,0,0,0,0,0,0,0,0,0
0.68215,0.65838,0.66112,0,0,0,0,0,0,0,0,0,0,0,0
0.67969,0.65542,0.81112,0,0,0,0,0,0,0,0,0,0,0,0
0.67622,0.66118,0.66396,0,0,0,0,0,0,0,0,0,0,0,0
0.67857,0.67362,0.66919,0,0,0,0,0,0,0,0,0,0,0,0
0.74672,0.72973,0.73582,0,0,0,0,0,0,0,0,0,0,0,0
0.68094,0.66322,0.65958,0,0,0,0,0,0,0,0,0,0,0,0
0.68162,0.67995,0.65804,0,0,0,0,0,0,0,0,0,0,0,0
0.68315,0.66531,0.66391,0,0,0,0,0,0,0,0,0,0,0,0
0.67781,0.67613,0.72232,0,0,0,0,0,0,0,0,0,0,0,0
0.67561,0.67871,0.66984,0,0,0,0,0,0,0,0,0,0,0,0
0.76055,0.7404,0.74824,0,0,0,0,0,0,0,0,0,0,0,0
0.68597,0.66957,0.66839,0,0,0,0,0,0,0,0,0,0,0,0
0.68013,0.67166,0.66812,0,0,0,0,0,0,0,0,0,0,0,0
0.68065,0.66836,0.66025,0,0,0,0,0,0,0,0,0,0,0,0
0.68919,0.67718,0.66749,0,0,0,0,0,0,0,0,0,0,0,0
0.68693,0.67347,0.66581,0,0,0,0,0,0,0,0,0,0,0,0
0.7615,0.73894,0.73832,0,0,0,0,0,0,0,0,0,0,0,0
0.69285,0.66718,0.65627,0,0,0,0,0,0,0,0,0,0,0,0
0.67608,0.67316,0.65999,0,0,0,0,0,0,0,0,0,0,0,0
0.68711,0.67098,0.66408,0,0,0,0,0,0,0,0,0,0,0,0
0.6737,0.67259,0.66289,0,0,0,0,0,0,0,0,0,0,0,0
0.68033,0.68189,0.67802,0,0,0,0,0,0,0,0,0,0,0,0
0.74543,0.73863,0.72277,0,0,0,0,0,0,0,0,0,0,0,0
0.7065,0.68116,0.66535,0,0,0,0,0,0,0,0,0,0,0,0
0.67436,0.66887,0.66411,0,0,0,0,0,0,0,0,0,0,0,0
0.71334,0.67989,0.66241,0,0,0,0,0,0,0,0,0,0,0,0
0.68259,0.66194,0.66488,0,0,0,0,0,0,0,0,0,0,0,0
0.68496,0.68415,0.66162,0,0,0,0,0,0,0,0,0,0,0,0
0.759,0.73349,0.73025,0,0,0,0,0,0,0,0,0,0,0,0
0.68235,0.65878,0.65932,0,0,0,0,0,0,0,0,0,0,0,0
0.68174,0.6674,0.67145,0,0,0,0,0,0,0,0,0,0,0,0
0.68857,0.65628,0.67174,0,0,0,0,0,0,0,0,0,0,0,0
0.67397,0.66463,0.6664,0,0,0,0,0,0,0,0,0,0,0,0
0.67751,0.66772,0.6649,0,0,0,0,0,0,0,0,0,0,0,0
0.76029,0.7547,0.74935,0,0,0,0,0,0,0,0,0,0,0,0
0.6842,0.66366,0.65766,0,0,0,0,0,0,0,0,0,0,0,0
0.68378,0.66896,0.65921,0,0,0,0,0,0,0,0,0,0,0,0
0.69582,0.66854,0.65311,0,0,0,0,0,0,0,0,0,0,0,0
0.67936,0.65996,0.66667,0,0,0,0,0,0,0,0,0,0,0,0
0.68235,0.67085,0.66057,0,0,0,0,0,0,0,0,0,0,0,0
0.75154,0.75081,0.74324,0,0,0,0,0,0,0,0,0,0,0,0
0.68023,0.69944,0.66048,0,0,0,0,0,0,0,0,0,0,0,0
0.68638,0.6787,0.65746,0,0,0,0,0,0,0,0,0,0,0,0
0.67743,0.68271,0.66736,0,0,0,0,0,0,0,0,0,0,0,0
0.66937,0.68194,0.6576,0,0,0,0,0,0,0,0,0,0,0,0
0.68204,0.70161,0.6712,0,0,0,0,0,0,0,0,0,0,0,0
0.75404,0.74956,0.74646,0,0,0,0,0,0,0,0,0,0,0,0
0.6895,0.68425,0.66749,0,0,0,0,0,0,0,0,0,0,0,0
0.69144,0.68546,0.66455,0,0,0,0,0,0,0,0,0,0,0,0
0.68705,0.67886,0.66032,0,0,0,0,0,0,0,0,0,0,0,0
0.67578,0.68391,0.65741,0,0,0,0,0,0,0,0,0,0,0,0
0.68029,0.67646,0.65959,0,0,0,0,0,0,0,0,0,0,0,0
0.75469,0.76647,0.74846,0,0,0,0,0,0,0,0,0,0,0,0
0.70027,0.66746,0.66359,0,0,0,0,0,0,0,0,0,0,0,0
0.67718,0.68285,0.65618,0,0,0,0,0,0,0,0,0,0,0,0
0.68707,0.67835,0.66875,0,0,0,0,0,0,0,0,0,0,0,0
0.68767,0.66912,0.65888,0,0,0,0,0,0,0,0,0,0,0,0
0.68217,0.72285,0.66331,0,0,0,0,0,0,0,0,0,0,0,0
0.78096,0.76463,0.7456,0,0,0,0,0,0,0,0,0,0,0,0
0.74119,0.70069,0.66402,0,0,0,0,0,0,0,0,0,0,0,0
0.71602,0.68831,0.66871,0,0,0,0,0,0,0,0,0,0,0,0
0.70342,0.69259,0.65933,0,0,0,0,0,0,0,0,0,0,0,0
0.72714,0.71164,0.67296,0,0,0,0,0,0,0,0,0,0,0,0
0.67821,0.66029,0.66116,0,0,0,0,0,0,0,0,0,0,0,0
0.73919,0.738,0.73649,0,0,0,0,0,0,0,0,0,0,0,0
0.70323,0.68406,0.67309,0,0,0,0,0,0,0,0,0,0,0,0
0.68054,0.67455,0.6666,0,0,0,0,0,0,0,0,0,0,0,0
0.69212,0.67459,0.66624,0,0,0,0,0,0,0,0,0,0,0,0
0.67432,0.66588,0.66077,0,0,0,0,0,0,0,0,0,0,0,0
0.67135,0.68064,0.65627,0,0,0,0,0,0,0,0,0,0,0,0
0.74724,0.73948,0.74736,0,0,0,0,0,0,0,0,0,0,0,0
0.67226,0.68849,0.66053,0,0,0,0,0,0,0,0,0,0,0,0
0.67042,0.67658,0.66345,0,0,0,0,0,0,0,0,0,0,0,0
0.66339,0.67957,0.66628,0,0,0,0,0,0,0,0,0,0,0,0
0.67977,0.67114,0.66155,0,0,0,0,0,0,0,0,0,0,0,0
0.6815,0.67749,0.66982,0,0,0,0,0,0,0,0,0,0,0,0
0.74202,0.7415,0.72958,0,0,0,0,0,0,0,0,0,0,0,0
0.66434,0.66491,0.65683,0,0,0,0,0,0,0,0,0,0,0,0
0.71216,0.67572,0.66093,0,0,0,0,0,0,0,0,0,0,0,0
0.68934,0.66161,0.65972,0,0,0,0,0,0,0,0,0,0,0,0
0.675,0.66784,0.68677,0,0,0,0,0,0,0,0,0,0,0,0
0.66668,0.67742,0.6551,0,0,0,0,0,0,0,0,0,0,0,0
0.74446,0.74396,0.73065,0,0,0,0,0,0,0,0,0,0,0,0
0.67367,0.67302,0.6689,0,0,0,0,0,0,0,0,0,0,0,0
0.69195,0.67049,0.65192,0,0,0,0,0,0,0,0,0,0,0,0
0.67093,0.66587,0.65381,0,0,0,0,0,0,0,0,0,0,0,0
0.66271,0.66269,0.67086,0,0,0,0,0,0,0,0,0,0,0,0
0.68803,0.66884,0.66115,0,0,0,0,0,0,0,0,0,0,0,0
0.74613,0.74817,0.73252,0,0,0,0,0,0,0,0,0,0,0,0
0.67217,0.6691,0.67354,0,0,0,0,0,0,0,0,0,0,0,0
0.699,0.66591,0.68693,0,0,0,0,0,0,0,0,0,0,0,0
0.67162,0.67486,0.66278,0,0,0,0,0,0,0,0,0,0,0,0
0.66137,0.68184,0.66315,0,0,0,0,0,0,0,0,0,0,0,0
0.66626,0.67784,0.66642,0,0,0,0,0,0,0,0,0,0,0,0
0.7511,0.75305,0.73306,0,0,0,0,0,0,0,0,0,0,0,0
0.67051,0.67536,0.66534,0,0,0,0,0,0,0,0,0,0,0,0
0.67,0.66495,0.67028,0,0,0,0,0,0,0,0,0,0,0,0
0.66646,0.66258,0.66302,0,0,0,0,0,0,0,0,0,0,0,0
0.71461,0.66347,0.67018,0,0,0,0,0,0,0,0,0,0,0,0
0.68702,0.68005,0.66689,0,0,0,0,0,0,0,0,0,0,0,0
0.74602,0.77189,0.7346,0,0,0,0,0,0,0,0,0,0,0,0
0.67989,0.67665,0.6839,0,0,0,0,0,0,0,0,0,0,0,0
0.67648,0.66686,0.6635,0,0,0,0,0,0,0,0,0,0,0,0
0.68445,0.66929,0.67194,0,0,0,0,0,0,0,0,0,0,0,0
0.67706,0.6653,0.65457,0,0,0,0,0,0,0,0,0,0,0,0
0.6813,0.68127,0.66262,0,0,0,0,0,0,0,0,0,0,0,0
0.74002,0.81545,0.74333,0,0,0,0,0,0,0,0,0,0,0,0
0.67669,0.66366,0.66898,0,0,0,0,0,0,0,0,0,0,0,0
0.66879,0.67436,0.656,0,0,0,0,0,0,0,0,0,0,0,0
0.67064,0.66635,0.68242,0,0,0,0,0,0,0,0,0,0,0,0
0.67135,0.66576,0.6643,0,0,0,0,0,0,0,0,0,0,0,0
0.67351,0.68091,0.66051,0,0,0,0,0,0,0,0,0,0,0,0
0.74665,0.72688,0.73568,0,0,0,0,0,0,0,0,0,0,0,0
0.67892,0.67609,0.65487,0,0,0,0,0,0,0,0,0,0,0,0
0.67381,0.66621,0.66902,0,0,0,0,0,0,0,0,0,0,0,0
0.68431,0.66432,0.6589,0,0,0,0,0,0,0,0,0,0,0,0
0.68625,0.67652,0.65917,0,0,0,0,0,0,0,0,0,0,0,0
0.67822,0.67402,0.67348,0,0,0,0,0,0,0,0,0,0,0,0
0.74917,0.74925,0.72948,0,0,0,0,0,0,0,0,0,0,0,0
0.67192,0.66564,0.67363,0,0,0,0,0,0,0,0,0,0,0,0
0.67649,0.68601,0.66219,0,0,0,0,0,0,0,0,0,0,0,0
0.65864,0.66902,0.6712,0,0,0,0,0,0,0,0,0,0,0,0
0.66385,0.67771,0.66346,0,0,0,0,0,0,0,0,0,0,0,0
0.68018,0.67407,0.72969,0,0,0,0,0,0,0,0,0,0,0,0
0.78013,0.74213,0.74115,0,0,0,0,0,0,0,0,0,0,0,0
0.6714,0.66979,0.67218,0,0,0,0,0,0,0,0,0,0,0,0
0.65917,0.68229,0.65964,0,0,0,0,0,0,0,0,0,0,0,0
0.66989,0.67163,0.65804,0,0,0,0,0,0,0,0,0,0,0,0
0.67998,0.65996,0.65835,0,0,0,0,0,0,0,0,0,0,0,0
0.66961,0.69412,0.65894,0,0,0,0,0,0,0,0,0,0,0,0
0.74096,0.75143,0.73085,0,0,0,0,0,0,0,0,0,0,0,0
0.68926,0.66512,0.65944,0,0,0,0,0,0,0,0,0,0,0,0
0.66595,0.7785,0.6623,0,0,0,0,0,0,0,0,0,0,0,0
0.6826,0.68184,0.66485,0,0,0,0,0,0,0,0,0,0,0,0
0.66638,0.68138,0.65573,0,0,0,0,0,0,0,0,0,0,0,0
0.68942,0.69391,0.66844,0,0,0,0,0,0,0,0,0,0,0,0
0.75797,0.73894,0.7345,0,0,0,0,0,0,0,0,0,0,0,0
0.66603,0.68365,0.65841,0,0,0,0,0,0,0,0,0,0,0,0
0.6736,0.664,0.66043,0,0,0,0,0,0,0,0,0,0,0,0
0.66443,0.67571,0.66353,0,0,0,0,0,0,0,0,0,0,0,0
0.66991,0.68867,0.66085,0,0,0,0,0,0,0,0,0,0,0,0
0.67181,0.67195,0.66302,0,0,0,0,0,0,0,0,0,0,0,0
0.75435,0.73961,0.7329,0,0,0,0,0,0,0,0,0,0,0,0
0.68461,0.66956,0.65816,0,0,0,0,0,0,0,0,0,0,0,0
0.6716,0.67886,0.67255,0,0,0,0,0,0,0,0,0,0,0,0
0.65894,0.66472,0.66583,0,0,0,0,0,0,0,0,0,0,0,0
0.67839,0.6667,0.66229,0,0,0,0,0,0,0,0,0,0,0,0
0.67919,0.6632,0.66956,0,0,0,0,0,0,0,0,0,0,0,0
0.75553,0.74965,0.73182,0,0,0,0,0,0,0,0,0,0,0,0
0.67778,0.67593,0.67314,0,0,0,0,0,0,0,0,0,0,0,0
0.67345,0.68571,0.66346,0,0,0,0,0,0,0,0,0,0,0,0
0.67396,0.69113,0.66482,0,0,0,0,0,0,0,0,0,0,0,0
0.66345,0.68419,0.65943,0,0,0,0,0,0,0,0,0,0,0,0
0.79965,0.70437,0.65936,0,0,0,0,0,0,0,0,0,0,0,0
0.96303,0.76384,0.73642,0,0,0,0,0,0,0,0,0,0,0,0
0.79613,0.67132,0.6757,0,0,0,0,0,0,0,0,0,0,0,0
0.67355,0.66117,0.65633,0,0,0,0,0,0,0,0,0,0,0,0
0.67449,0.67259,0.65949,0,0,0,0,0,0,0,0,0,0,0,0
0.66573,0.66731,0.66738,0,0,0,0,0,0,0,0,0,0,0,0
0.66473,0.68211,0.67518,0,0,0,0,0,0,0,0,0,0,0,0
0.74783,0.7419,0.73871,0,0,0,0,0,0,0,0,0,0,0,0
0.67026,0.66975,0.67177,0,0,0,0,0,0,0,0,0,0,0,0
0.66828,0.66688,0.65406,0,0,0,0,0,0,0,0,0,0,0,0
0.67355,0.67429,0.66287,0,0,0,0,0,0,0,0,0,0,0,0
0.68799,0.68188,0.67994,0,0,0,0,0,0,0,0,0,0,0,0
0.66708,0.66464,0.66869,0,0,0,0,0,0,0,0,0,0,0,0
0.74249,0.74088,0.73095,0,0,0,0,0,0,0,0,0,0,0,0
0.70847,0.67445,0.65637,0,0,0,0,0,0,0,0,0,0,0,0
0.67664,0.6748,0.68045,0,0,0,0,0,0,0,0,0,0,0,0
0.66674,0.66442,0.66166,0,0,0,0,0,0,0,0,0,0,0,0
0.67413,0.66975,0.66974,0,0,0,0,0,0,0,0,0,0,0,0
0.67064,0.67734,0.65493,0,0,0,0,0,0,0,0,0,0,0,0
0.74146,0.73292,0.73107,0,0,0,0,0,0,0,0,0,0,0,0
0.67396,0.66197,0.67335,0,0,0,0,0,0,0,0,0,0,0,0
0.67293,0.67068,0.65759,0,0,0,0,0,0,0,0,0,0,0,0
0.66826,0.66089,0.65885,0,0,0,0,0,0,0,0,0,0,0,0
0.68146,0.67983,0.67046,0,0,0,0,0,0,0,0,0,0,0,0
0.66239,0.66374,0.6649,0,0,0,0,0,0,0,0,0,0,0,0
0.74541,0.74718,0.73643,0,0,0,0,0,0,0,0,0,0,0,0
0.66394,0.66218,0.66127,0,0,0,0,0,0,0,0,0,0,0,0
0.66926,0.66918,0.67174,0,0,0,0,0,0,0,0,0,0,0,0
0.67257,0.677,0.67514,0,0,0,0,0,0,0,0,0,0,0,0
0.6714,0.67159,0.66357,0,0,0,0,0,0,0,0,0,0,0,0
0.6714,0.67016,0.6633,0,0,0,0,0,0,0,0,0,0,0,0
0.75235,0.75174,0.73409,0,0,0,0,0,0,0,0,0,0,0,0
0.67286,0.66294,0.66212,0,0,0,0,0,0,0,0,0,0,0,0
0.67544,0.67223,0.69612,0,0,0,0,0,0,0,0,0,0,0,0
0.67188,0.67106,0.66086,0,0,0,0,0,0,0,0,0,0,0,0
0.67026,0.67537,0.6572,0,0,0,0,0,0,0,0,0,0,0,0
0.67831,0.66981,0.66456,0,0,0,0,0,0,0,0,0,0,0,0
0.75362,0.74822,0.72647,0,0,0,0,0,0,0,0,0,0,0,0
0.67766,0.66755,0.67238,0,0,0,0,0,0,0,0,0,0,0,0
0.69406,0.67269,0.65393,0,0,0,0,0,0,0,0,0,0,0,0
0.70823,0.65954,0.6604,0,0,0,0,0,0,0,0,0,0,0,0
0.66684,0.66426,0.66831,0,0,0,0,0,0,0,0,0,0,0,0
0.68338,0.66891,0.66249,0,0,0,0,0,0,0,0,0,0,0,0
0.79827,0.74041,0.74175,0,0,0,0,0,0,0,0,0,0,0,0
0.73846,0.67038,0.65375,0,0,0,0,0,0,0,0,0,0,0,0
0.67465,0.66534,0.68296,0,0,0,0,0,0,0,0,0,0,0,0
0.67648,0.65819,0.66198,0,0,0,0,0,0,0,0,0,0,0,0
0.72849,0.67387,0.65726,0,0,0,0,0,0,0,0,0,0,0,0
0.68397,0.6677,0.64955,0,0,0,0,0,0,0,0,0,0,0,0
0.75047,0.75554,0.73537,0,0,0,0,0,0,0,0,0,0,0,0
0.66871,0.68385,0.66271,0,0,0,0,0,0,0,0,0,0,0,0
0.66096,0.66611,0.66531,0,0,0,0,0,0,0,0,0,0,0,0
0.66014,0.65784,0.66261,0,0,0,0,0,0,0,0,0,0,0,0
0.67713,0.6638,0.65718,0,0,0,0,0,0,0,0,0,0,0,0
0.68349,0.66658,0.66352,0,0,0,0,0,0,0,0,0,0,0,0
0.79699,0.76757,0.73125,0,0,0,0,0,0,0,0,0,0,0,0
0.66299,0.67227,0.66322,0,0,0,0,0,0,0,0,0,0,0,0
0.66723,0.67388,0.66665,0,0,0,0,0,0,0,0,0,0,0,0
0.67073,0.68366,0.66515,0,0,0,0,0,0,0,0,0,0,0,0
0.66718,0.67609,0.65794,0,0,0,0,0,0,0,0,0,0,0,0
0.66575,0.66952,0.65505,0,0,0,0,0,0,0,0,0,0,0,0
0.80294,0.73924,0.72868,0,0,0,0,0,0,0,0,0,0,0,0
0.65394,0.67042,0.67424,0,0,0,0,0,0,0,0,0,0,0,0
0.67748,0.67215,0.66439,0,0,0,0,0,0,0,0,0,0,0,0
0.66645,0.65941,0.66989,0,0,0,0,0,0,0,0,0,0,0,0
0.6639,0.67926,0.66548,0,0,0,0,0,0,0,0,0,0,0,0
0.66391,0.68081,0.66816,0,0,0,0,0,0,0,0,0,0,0,0
0.75241,0.73539,0.74401,0,0,0,0,0,0,0,0,0,0,0,0
0.713,0.65914,0.65728,0,0,0,0,0,0,0,0,0,0,0,0
0.70262,0.66281,0.66909,0,0,0,0,0,0,0,0,0,0,0,0
0.71535,0.67027,0.66199,0,0,0,0,0,0,0,0,0,0,0,0
0.66847,0.66391,0.65642,0,0,0,0,0,0,0,0,0,0,0,0
0.66927,0.6769,0.67753,0,0,0,0,0,0,0,0,0,0,0,0
0.75467,0.74233,0.72755,0,0,0,0,0,0,0,0,0,0,0,0
0.66362,0.67389,0.65995,0,0,0,0,0,0,0,0,0,0,0,0
0.67519,0.67861,0.66732,0,0,0,0,0,0,0,0,0,0,0,0
0.66535,0.67215,0.66721,0,0,0,0,0,0,0,0,0,0,0,0
0.66437,0.66911,0.6767,0,0,0,0,0,0,0,0,0,0,0,0
0.6664,0.68368,0.6672,0,0,0,0,0,0,0,0,0,0,0,0
0.74506,0.75037,0.74189,0,0,0,0,0,0,0,0,0,0,0,0
0.69458,0.75204,0.65619,0,0,0,0,0,0,0,0,0,0,0,0
0.68094,0.68559,0.65313,0,0,0,0,0,0,0,0,0,0,0,0
0.66198,0.66607,0.67437,0,0,0,0,0,0,0,0,0,0,0,0
0.68253,0.68203,0.65891,0,0,0,0,0,0,0,0,0,0,0,0
0.65681,0.684,0.66333,0,0,0,0,0,0,0,0,0,0,0,0
0.73758,0.7566,0.73253,0,0,0,0,0,0,0,0,0,0,0,0
0.6504,0.74513,0.65579,0,0,0,0,0,0,0,0,0,0,0,0
0.65908,0.66384,0.66346,0,0,0,0,0,0,0,0,0,0,0,0
0.71862,0.66532,0.67097,0,0,0,0,0,0,0,0,0,0,0,0
0.67034,0.67757,0.65541,0,0,0,0,0,0,0,0,0,0,0,0
0.66256,0.66277,0.66122,0,0,0,0,0,0,0,0,0,0,0,0
0.7392,0.74704,0.73506,0,0,0,0,0,0,0,0,0,0,0,0
0.6584,0.66984,0.65433,0,0,0,0,0,0,0,0,0,0,0,0
0.67061,0.68725,0.66829,0,0,0,0,0,0,0,0,0,0,0,0
0.65082,0.6743,0.66591,0,0,0,0,0,0,0,0,0,0,0,0
0.67041,0.6754,0.66759,0,0,0,0,0,0,0,0,0,0,0,0
0.67486,0.67248,0.66758,0,0,0,0,0,0,0,0,0,0,0,0
0.72026,0.74537,0.73492,0,0,0,0,0,0,0,0,0,0,0,0
0.65954,0.67957,0.66937,0,0,0,0,0,0,0,0,0,0,0,0
0.67566,0.68504,0.66646,0,0,0,0,0,0,0,0,0,0,0,0
0.67542,0.69417,0.66281,0,0,0,0,0,0,0,0,0,0,0,0
0.66473,0.6692,0.68365,0,0,0,0,0,0,0,0,0,0,0,0
0.65723,0.66643,0.65321,0,0,0,0,0,0,0,0,0,0,0,0
0.71887,0.76161,0.73382,0,0,0,0,0,0,0,0,0,0,0,0
0.66971,0.66636,0.66009,0,0,0,0,0,0,0,0,0,0,0,0
0.66069,0.66075,0.66366,0,0,0,0,0,0,0,0,0,0,0,0
0.67289,0.68508,0.6815,0,0,0,0,0,0,0,0,0,0,0,0
0.66693,0.68264,0.67399,0,0,0,0,0,0,0,0,0,0,0,0
0.66956,0.67782,0.65393,0,0,0,0,0,0,0,0,0,0,0,0
0.73208,0.74175,0.73293,0,0,0,0,0,0,0,0,0,0,0,0
0.67483,0.65425,0.66417,0,0,0,0,0,0,0,0,0,0,0,0
0.65738,0.68079,0.65996,0,0,0,0,0,0,0,0,0,0,0,0
0.66301,0.66921,0.67581,0,0,0,0,0,0,0,0,0,0,0,0
0.66374,0.68467,0.66753,0,0,0,0,0,0,0,0,0,0,0,0
0.66476,0.66316,0.67155,0,0,0,0,0,0,0,0,0,0,0,0
0.74523,0.74118,0.73442,0,0,0,0,0,0,0,0,0,0,0,0
0.67655,0.6712,0.66176,0,0,0,0,0,0,0,0,0,0,0,0
0.66297,0.67356,0.65667,0,0,0,0,0,0,0,0,0,0,0,0
0.68319,0.66684,0.6733,0,0,0,0,0,0,0,0,0,0,0,0
0.66706,0.675,0.70259,0,0,0,0,0,0,0,0,0,0,0,0
0.68221,0.66327,0.66971,0,0,0,0,0,0,0,0,0,0,0,0
0.74152,0.74597,0.72639,0,0,0,0,0,0,0,0,0,0,0,0
0.66152,0.66246,0.66667,0,0,0,0,0,0,0,0,0,0,0,0
0.67427,0.67852,0.66086,0,0,0,0,0,0,0,0,0,0,0,0
0.68659,0.68306,0.65872,0,0,0,0,0,0,0,0,0,0,0,0
0.68074,0.68259,0.65446,0,0,0,0,0,0,0,0,0,0,0,0
0.65899,0.66918,0.66808,0,0,0,0,0,0,0,0,0,0,0,0
0.74793,0.73784,0.73484,0,0,0,0,0,0,0,0,0,0,0,0
0.6695,0.6691,0.67827,0,0,0,0,0,0,0,0,0,0,0,0
0.68003,0.67033,0.66733,0,0,0,0,0,0,0,0,0,0,0,0
0.68014,0.66742,0.66202,0,0,0,0,0,0,0,0,0,0,0,0
0.67667,0.67425,0.66327,0,0,0,0,0,0,0,0,0,0,0,0
0.68527,0.67297,0.6671,0,0,0,0,0,0,0,0,0,0,0,0
0.76269,0.7645,0.74246,0,0,0,0,0,0,0,0,0,0,0,0
0.6764,0.67017,0.67551,0,0,0,0,0,0,0,0,0,0,0,0
0.65838,0.68033,0.66881,0,0,0,0,0,0,0,0,0,0,0,0
