1
54.0000,578.0000,47.0000,47.0000
79.0000,589.0000,46.0000,46.0000
79.0000,589.0000,46.0000,46.0000
79.0000,589.0000,46.0000,46.0000
0
0
0
2
0
0
0
0
1
425.0000,663.0000,59.0000,47.0000
457.0000,663.0000,59.0000,47.0000
457.0000,663.0000,59.0000,47.0000
0
0
0
2
0
0
0
0
1
751.0000,603.0000,55.0000,52.0000
771.0000,600.0000,52.0000,49.0000
771.0000,600.0000,52.0000,49.0000
771.0000,600.0000,52.0000,49.0000
771.0000,600.0000,52.0000,49.0000
0
0
2
0
0
0
0
1
966.0000,575.0000,36.0000,38.0000
976.0000,572.0000,36.0000,38.0000
976.0000,572.0000,36.0000,38.0000
976.0000,572.0000,36.0000,38.0000
976.0000,572.0000,36.0000,38.0000
976.0000,572.0000,36.0000,38.0000
987.0000,571.0000,35.0000,37.0000
0
0
0
0
0
0
2
0
0
0
0
1
1073.0000,447.0000,29.0000,18.0000
1074.0000,442.0000,27.0000,16.0000
1074.0000,442.0000,27.0000,16.0000
1074.0000,442.0000,27.0000,16.0000
0
0
2
0
0
0
0
1
1071.0000,370.0000,25.0000,13.0000
1070.0000,363.0000,26.0000,14.0000
1070.0000,363.0000,26.0000,14.0000
1070.0000,363.0000,26.0000,14.0000
1070.0000,363.0000,26.0000,14.0000
0
0
0
0
2
0
0
0
0
1
1068.0000,335.0000,24.0000,19.0000
1072.0000,339.0000,22.0000,17.0000
1072.0000,339.0000,22.0000,17.0000
1072.0000,339.0000,22.0000,17.0000
1072.0000,339.0000,22.0000,17.0000
1072.0000,339.0000,22.0000,17.0000
1072.0000,339.0000,22.0000,17.0000
0
0
2
0
0
0
0
1
1124.0000,318.0000,23.0000,15.0000
1124.0000,317.0000,22.0000,15.0000
1124.0000,317.0000,22.0000,15.0000
1124.0000,317.0000,22.0000,15.0000
1124.0000,317.0000,22.0000,15.0000
1124.0000,317.0000,22.0000,15.0000
1123.0000,315.0000,22.0000,15.0000
1123.0000,315.0000,22.0000,15.0000
1123.0000,315.0000,22.0000,15.0000
1123.0000,315.0000,22.0000,15.0000
1123.0000,315.0000,22.0000,15.0000
1112.0000,316.0000,22.0000,15.0000
1112.0000,316.0000,22.0000,15.0000
1112.0000,316.0000,22.0000,15.0000
1112.0000,316.0000,22.0000,15.0000
1102.0000,312.0000,22.0000,15.0000
1102.0000,312.0000,22.0000,15.0000
1102.0000,312.0000,22.0000,15.0000
1102.0000,312.0000,22.0000,15.0000
1102.0000,312.0000,22.0000,15.0000
1102.0000,312.0000,22.0000,15.0000
1102.0000,312.0000,22.0000,15.0000
1102.0000,312.0000,22.0000,15.0000
1102.0000,312.0000,22.0000,15.0000
1102.0000,312.0000,22.0000,15.0000
1102.0000,312.0000,22.0000,15.0000
1102.0000,312.0000,22.0000,15.0000
0
0
0
0
0
2
0
0
0
0
1
1113.0000,303.0000,23.0000,13.0000
1110.0000,302.0000,24.0000,14.0000
1110.0000,302.0000,24.0000,14.0000
1110.0000,302.0000,24.0000,14.0000
1110.0000,302.0000,24.0000,14.0000
1107.0000,303.0000,23.0000,14.0000
1107.0000,303.0000,23.0000,14.0000
1107.0000,303.0000,23.0000,14.0000
1107.0000,303.0000,23.0000,14.0000
