0.000176
0.059036
0.031124
0.031206
0.032081
0.031273
0.032259
0.032563
0.031917
0.032601
0.031487
0.031964
0.032128
0.033114
0.031117
0.031209
0.033161
0.033107
0.03364
0.035244
0.033976
0.034408
0.034153
0.035478
0.03343
0.032511
0.033348
0.032649
0.034459
0.034418
0.035052
0.034193
0.035682
0.034713
0.033668
0.032247
0.032998
0.034092
0.034028
0.035794
0.034772
0.035986
0.035628
0.034486
0.035616
0.034526
0.033263
0.033511
0.033317
0.033136
0.034573
0.033935
0.032533
0.033169
0.033316
0.032651
0.03288
0.033474
0.033716
0.03252
0.032163
0.033318
0.031759
0.032154
0.032295
0.032418
0.032601
0.033537
0.032124
0.03211
0.034696
0.032581
0.034977
0.033967
0.033886
0.033397
0.03297
0.033453
0.033289
0.033073
0.034693
0.032258
0.034329
0.032412
0.032211
0.03369
0.032236
0.033114
0.034169
0.033326
0.03338
0.033464
0.033146
0.035695
0.03332
0.033707
0.034994
0.03773
0.033736
0.034361
0.033364
0.03215
0.031115
0.031458
0.031922
0.031174
0.032342
0.031667
0.030325
0.031224
0.031009
0.030175
0.031783
0.031115
0.028649
0.031988
0.029734
0.028084
0.03159
0.029182
0.028059
0.03136
0.028784
0.027543
0.030802
0.028358
0.027457
0.033681
0.028183
0.027981
0.031928
0.029512
0.027813
0.031556
0.02878
0.027323
0.032155
0.030639
0.028958
0.028395
0.027638
0.027765
0.028616
0.02782
0.028138
0.027815
0.03159
0.027456
0.027868
0.0309
0.027865
0.028106
0.028668
0.027796
0.027723
0.027796
0.026794
0.028114
0.027884
0.027209
0.029156
0.026799
0.027632
0.027847
0.029631
0.027463
0.027674
0.028778
0.028728
0.031501
0.030857
0.030024
0.031417
0.030584
0.03073
0.031759
0.030406
0.029935
0.032425
0.03139
0.029759
0.031724
0.031312
0.029921
0.031376
0.030262
0.031007
0.031664
0.032526
0.031294
0.031514
0.031225
0.030085
0.032158
0.030424
0.030494
0.031386
0.030542
0.029978
0.031919
0.030766
0.029852
0.032238
0.030983
0.029834
0.031893
0.030596
0.030789
0.032317
0.031402
0.030305
0.03214
0.031006
0.03079
0.032853
0.031139
0.030625
0.032758
0.031396
0.033869
0.031883
0.031201
0.03164
0.032478
0.032016
0.031278
0.032681
0.033191
0.03262
0.032908
0.031749
0.030711
0.033139
0.031635
0.028378
0.033529
0.029059
0.028794
0.030509
0.028933
0.032074
0.030699
0.029357
0.028934
0.029788
0.029829
0.029035
0.02983
0.032467
NaN
NaN
NaN
NaN
0.000172
0.065592
0.03589
0.037716
0.037842
0.039658
0.040006
0.039465
0.039523
0.040709
0.038409
0.0393
0.040268
0.039974
0.038535
0.03732
0.038239
0.039012
0.041111
0.041014
0.040602
0.043323
0.043197
0.04253
0.044108
0.044075
0.04207
0.042673
0.042293
0.04072
0.040105
0.04036
0.036814
0.038834
0.03947
0.036112
0.03609
0.037956
0.036747
0.035807
0.037904
0.036829
0.038844
0.043623
0.039904
0.039521
0.039425
0.039081
0.039379
0.039678
0.040178
0.038704
0.03925
0.040197
0.037277
0.039696
0.038038
0.038681
0.039665
0.040038
0.03737
0.039551
0.036918
0.036016
0.039073
0.039877
0.039568
0.041422
0.040269
0.042291
0.041574
0.042249
0.040472
0.043089
0.041383
0.043133
0.041614
0.040694
0.039976
0.042025
0.043387
0.043487
0.042488
0.041585
0.0436
0.043212
0.042789
0.043149
0.042682
0.042638
0.043949
0.043108
0.044229
0.044035
0.045306
0.042151
0.042916
0.043905
0.042202
0.043022
0.042876
0.042491
0.044453
0.044076
0.045401
0.045464
0.046669
0.044757
0.046425
0.047775
0.048792
0.049111
0.04962
0.048163
0.049147
0.049535
0.051282
0.050823
0.049762
0.049152
0.049199
0.047671
0.04935
0.049781
0.053101
0.05198
0.051683
0.051309
0.051244
0.051652
0.051822
0.051833
0.052539
0.052324
0.05155
0.053117
NaN
0.05406
0.053855
0.05557
0.057039
0.056722
0.05923
0.058778
0.056821
NaN
0.058569
0.058179
0.055974
0.055962
0.057043
0.055679
0.056536
NaN
0.055518
0.053659
0.052023
0.054032
0.052974
0.054416
0.054872
0.054742
0.05486
0.05341
0.054471
0.055402
NaN
0.052996
0.052754
0.052429
0.052547
0.050482
0.048217
0.048586
0.047455
0.048773
0.048462
0.047517
0.048288
0.04953
0.046958
0.048057
0.049944
0.047675
0.048878
0.048291
0.046881
0.045878
0.045695
0.043737
0.044811
0.042619
0.043955
0.043255
0.042406
0.042638
0.044033
0.042743
0.04212
0.042176
0.041409
0.040621
0.041072
0.042217
0.040428
0.040781
0.04148
0.040502
0.042348
0.043146
0.042144
0.042941
0.043589
0.041889
0.04276
0.042093
0.042145
0.04153
0.041539
0.043651
0.044076
0.042509
0.042289
0.043292
0.043111
0.043002
0.044237
0.042941
0.043109
0.043483
0.04418
0.042765
0.043741
0.04275
0.043377
0.042666
0.043192
0.043133
0.045059
0.047823
0.045479
0.042942
0.042242
0.042702
0.043072
0.04577
0.046164
0.042655
0.043991
0.043301
0.043297
0.042531
0.043
0.042179
0.043977
0.042938
0.043341
0.043188
0.042987
0.041982
0.043694
0.043027
0.044011
0.043817
0.042929
0.043405
0.042777
0.043028
0.042836
0.044275
0.043534
0.04273
0.042456
0.042759
0.043123
0.04409
0.04338
0.043962
0.042644
0.043682
0.043715
0.043509
0.043241
0.043896
0.044768
0.045499
0.043513
0.043465
0.042497
0.043717
0.04146
0.042693
0.043123
0.042925
0.043527
0.043933
0.043795
0.042732
0.044732
0.043148
0.044367
0.043303
0.043905
0.044376
0.043465
0.044677
0.045162
0.043684
0.046206
0.047014
0.043545
0.044704
0.045163
0.044255
0.04691
0.046233
0.044093
0.046142
0.045749
0.047885
0.047508
0.045111
0.044378
0.042996
0.043854
0.04487
0.045842
0.047413
0.045601
0.048102
0.045689
0.045509
0.048148
0.045868
0.044912
0.045404
0.04457
0.043981
0.042758
0.044694
0.043158
0.044221
0.044304
0.044352
0.045468
0.045573
0.045002
0.047794
0.04598
0.045804
0.047874
0.047043
0.045008
0.049621
0.046182
0.046366
0.047988
0.045871
0.045193
0.048001
0.046632
0.045362
0.046016
0.044885
0.045346
0.049452
0.04622
0.04594
0.045054
0.04411
0.04699
0.049313
0.046096
0.046488
0.048825
0.047932
0.046457
0.049545
0.046776
0.046109
0.049599
0.046854
0.045908
0.050017
0.046105
0.046025
0.047686
0.046207
0.045955
0.049411
0.046541
0.046684
0.048729
0.046172
0.045157
0.047437
0.045153
0.044128
0.043046
0.043048
0.044165
0.043432
0.04411
0.043284
0.045841
0.04759
0.045675
0.047131
0.045934
0.044938
0.049241
0.046253
0.045664
0.048977
0.046284
0.045374
0.048759
0.046332
0.045638
0.047975
0.046349
0.04555
0.047836
0.04619
0.04448
0.046535
0.045111
0.045798
0.045839
0.046848
0.044116
0.043909
0.043189
0.045386
0.050063
0.047508
0.045528
0.049409
0.046777
0.046697
0.050289
0.046575
0.046165
0.048351
0.046111
0.046534
0.04709
0.04552
0.044924
0.04601
0.045406
0.046117
0.04631
0.042143
0.042916
0.042757
0.041419
0.042073
0.044389
0.04151
0.044472
0.043597
0.042724
0.041776
0.043044
0.042701
0.043089
0.042245
0.042107
0.042861
0.043668
0.043787
0.043143
0.043364
0.04332
0.043188
0.043246
0.042499
0.043316
0.043256
0.045447
0.045706
0.045577
0.04432
0.04595
0.047011
0.046179
0.045744
0.048419
0.046705
0.046781
0.049925
0.047422
0.046093
0.050153
0.046005
0.046188
0.049522
0.046441
0.045488
0.050934
0.046801
0.045764
0.049544
0.046391
0.045765
0.049271
0.048848
0.046249
0.050687
0.047464
0.045546
0.050472
0.046991
0.046453
0.049008
0.048364
0.048109
0.049046
0.050376
0.047319
0.050344
0.048072
0.047063
0.048837
0.048201
0.045746
0.049733
0.048017
0.046661
0.050168
0.047324
0.047674
0.050322
0.048082
0.046193
0.049043
0.048696
0.047563
0.051405
0.047203
0.047018
0.049264
0.046829
0.0445
0.049285
0.045148
0.047398
0.04868
0.047166
0.045916
0.049847
0.046998
0.045774
0.049139
0.044777
0.04394
0.047318
0.044548
0.044321
0.044196
0.043396
0.043719
0.04282
0.043664
0.044604
0.042358
0.043531
0.043043
0.041729
0.043927
0.043628
0.043473
0.042928
0.04318
0.043845
0.04307
0.04348
0.042833
0.042694
0.044101
0.043887
0.043145
0.043111
0.042298
0.042761
0.043545
0.042355
0.043357
0.043892
0.043123
0.044342
0.043099
0.04391
0.043512
0.04445
0.043323
0.043719
0.044328
0.043497
0.046058
0.043441
0.043055
0.043192
0.043907
0.043452
0.042872
0.043529
0.0427
0.043784
0.044276
0.044142
0.042298
0.043784
0.042917
0.04501
0.043379
0.04325
0.042842
0.043797
0.043309
0.043039
0.044122
0.043059
0.043769
0.044369
0.042465
0.04321
0.043758
0.042522
0.043895
0.042999
0.042414
0.043241
0.043608
0.043429
0.043659
0.043707
0.043103
0.0436
0.043424
0.045251
0.047906
0.045642
0.049087
0.0476
0.045976
0.049369
0.047378
0.04905
0.049242
0.048567
0.048663
0.050627
0.049633
0.051094
0.049896
0.051658
0.050983
0.052534
0.051553
0.0515
0.050469
0.049753
0.051939
0.055931
0.054873
0.055451
0.054447
NaN
0.056176
0.057199
0.057797
0.0599
0.056365
0.060016
0.056717
NaN
0.060051
0.054171
0.058826
0.053567
0.056736
0.057035
0.057219
NaN
0.05106
0.055357
0.054725
0.054946
0.053896
0.055854
0.052464
0.054671
0.051255
0.05288
0.055275
0.05296
0.049686
0.051609
NaN
NaN
NaN
NaN
0.000172
0.051605
0.028372
0.028236
0.027806
0.029379
0.027283
0.02929
0.029287
0.028782
0.028955
0.028853
0.028691
0.028938
0.027622
0.027744
0.029772
0.029178
0.028066
0.029716
0.028872
0.028683
0.029686
0.029394
0.028642
0.029015
0.029531
0.029157
0.02962
0.028429
0.029395
0.02961
0.029352
0.028949
0.029681
0.028665
NaN
NaN
NaN
NaN
9.7e-05
0.074537
