0.024258,0.024449,0.024489,0,0,0,0,0,0,0,0,0,0,0,0
0.085552,0.075037,0.074779,0,0,0,0,0,0,0,0,0,0,0,0
0.065778,0.066304,0.065356,0,0,0,0,0,0,0,0,0,0,0,0
0.06295,0.061804,0.061694,0,0,0,0,0,0,0,0,0,0,0,0
0.070459,0.061049,0.061511,0,0,0,0,0,0,0,0,0,0,0,0
0.089496,0.065253,0.064843,0,0,0,0,0,0,0,0,0,0,0,0
0.066752,0.070942,0.066381,0,0,0,0,0,0,0,0,0,0,0,0
0.065956,0.067954,0.068601,0,0,0,0,0,0,0,0,0,0,0,0
0.0651,0.067424,0.063385,0,0,0,0,0,0,0,0,0,0,0,0
0.068487,0.069367,0.067713,0,0,0,0,0,0,0,0,0,0,0,0
0.064418,0.064344,0.063007,0,0,0,0,0,0,0,0,0,0,0,0
0.072123,0.065377,0.069614,0,0,0,0,0,0,0,0,0,0,0,0
0.066613,0.07144,0.064921,0,0,0,0,0,0,0,0,0,0,0,0
0.074048,0.066761,0.067464,0,0,0,0,0,0,0,0,0,0,0,0
0.07274,0.068867,0.068114,0,0,0,0,0,0,0,0,0,0,0,0
0.062691,0.064071,0.067144,0,0,0,0,0,0,0,0,0,0,0,0
0.076774,0.07174,0.073036,0,0,0,0,0,0,0,0,0,0,0,0
0.062002,0.059991,0.060969,0,0,0,0,0,0,0,0,0,0,0,0
0.067743,0.071609,0.071893,0,0,0,0,0,0,0,0,0,0,0,0
0.072605,0.073818,0.072109,0,0,0,0,0,0,0,0,0,0,0,0
0.061058,0.075131,0.06403,0,0,0,0,0,0,0,0,0,0,0,0
0.0699,0.068224,0.079719,0,0,0,0,0,0,0,0,0,0,0,0
0.072078,0.068533,0.067683,0,0,0,0,0,0,0,0,0,0,0,0
0.070434,0.060868,0.061389,0,0,0,0,0,0,0,0,0,0,0,0
0.068501,0.069225,0.073931,0,0,0,0,0,0,0,0,0,0,0,0
0.069435,0.067212,0.066458,0,0,0,0,0,0,0,0,0,0,0,0
0.06554,0.061948,0.061743,0,0,0,0,0,0,0,0,0,0,0,0
0.069725,0.072077,0.07251,0,0,0,0,0,0,0,0,0,0,0,0
0.074518,0.069847,0.069472,0,0,0,0,0,0,0,0,0,0,0,0
0.072495,0.066295,0.062911,0,0,0,0,0,0,0,0,0,0,0,0
0.081337,0.060825,0.066773,0,0,0,0,0,0,0,0,0,0,0,0
0.075247,0.064935,0.064822,0,0,0,0,0,0,0,0,0,0,0,0
0.07583,0.063537,0.063046,0,0,0,0,0,0,0,0,0,0,0,0
0.092601,0.068688,0.091897,0,0,0,0,0,0,0,0,0,0,0,0
0.068881,0.072418,0.063369,0,0,0,0,0,0,0,0,0,0,0,0
0.069199,0.063979,0.063752,0,0,0,0,0,0,0,0,0,0,0,0
0.062955,0.066525,0.062257,0,0,0,0,0,0,0,0,0,0,0,0
0.069653,0.069684,0.068792,0,0,0,0,0,0,0,0,0,0,0,0
0.064879,0.063143,0.063089,0,0,0,0,0,0,0,0,0,0,0,0
0.06463,0.067299,0.063415,0,0,0,0,0,0,0,0,0,0,0,0
0.063012,0.062412,0.06243,0,0,0,0,0,0,0,0,0,0,0,0
0.086571,0.062777,0.063479,0,0,0,0,0,0,0,0,0,0,0,0
0.063487,0.062707,0.062566,0,0,0,0,0,0,0,0,0,0,0,0
0.063023,0.061867,0.062021,0,0,0,0,0,0,0,0,0,0,0,0
0.067946,0.067036,0.064667,0,0,0,0,0,0,0,0,0,0,0,0
0.061429,0.061079,0.065379,0,0,0,0,0,0,0,0,0,0,0,0
0.066362,0.063906,0.062999,0,0,0,0,0,0,0,0,0,0,0,0
0.081091,0.063738,0.063254,0,0,0,0,0,0,0,0,0,0,0,0
0.063339,0.066027,0.061835,0,0,0,0,0,0,0,0,0,0,0,0
0.067389,0.063306,0.063244,0,0,0,0,0,0,0,0,0,0,0,0
0.064731,0.066959,0.063541,0,0,0,0,0,0,0,0,0,0,0,0
0.065917,0.068103,0.067779,0,0,0,0,0,0,0,0,0,0,0,0
0.066451,0.06516,0.062303,0,0,0,0,0,0,0,0,0,0,0,0
0.063003,0.062717,0.066612,0,0,0,0,0,0,0,0,0,0,0,0
0.066697,0.062672,0.062295,0,0,0,0,0,0,0,0,0,0,0,0
0.062738,0.061393,0.062121,0,0,0,0,0,0,0,0,0,0,0,0
0.061372,0.060953,0.063509,0,0,0,0,0,0,0,0,0,0,0,0
0.061222,0.061068,0.067789,0,0,0,0,0,0,0,0,0,0,0,0
0.066809,0.063179,0.062184,0,0,0,0,0,0,0,0,0,0,0,0
0.072106,0.062736,0.06221,0,0,0,0,0,0,0,0,0,0,0,0
0.069232,0.062804,0.065498,0,0,0,0,0,0,0,0,0,0,0,0
0.067845,0.062837,0.067608,0,0,0,0,0,0,0,0,0,0,0,0
0.062027,0.061748,0.061253,0,0,0,0,0,0,0,0,0,0,0,0
0.065253,0.059948,0.064041,0,0,0,0,0,0,0,0,0,0,0,0
0.066703,0.061561,0.062895,0,0,0,0,0,0,0,0,0,0,0,0
0.069537,0.075922,0.065558,0,0,0,0,0,0,0,0,0,0,0,0
0.066554,0.062421,0.063188,0,0,0,0,0,0,0,0,0,0,0,0
0.06643,0.067805,0.063334,0,0,0,0,0,0,0,0,0,0,0,0
0.06928,0.062409,0.062358,0,0,0,0,0,0,0,0,0,0,0,0
0.080145,0.070567,0.074194,0,0,0,0,0,0,0,0,0,0,0,0
0.072486,0.067931,0.069261,0,0,0,0,0,0,0,0,0,0,0,0
0.069366,0.068112,0.071587,0,0,0,0,0,0,0,0,0,0,0,0
0.062887,0.060501,0.06451,0,0,0,0,0,0,0,0,0,0,0,0
0.064821,0.062707,0.060229,0,0,0,0,0,0,0,0,0,0,0,0
0.061866,0.069526,0.063614,0,0,0,0,0,0,0,0,0,0,0,0
0.063779,0.070187,0.068964,0,0,0,0,0,0,0,0,0,0,0,0
0.065529,0.065598,0.081999,0,0,0,0,0,0,0,0,0,0,0,0
0.075467,0.073679,0.073968,0,0,0,0,0,0,0,0,0,0,0,0
0.084429,0.086394,0.081194,0,0,0,0,0,0,0,0,0,0,0,0
0.086986,0.077722,0.086916,0,0,0,0,0,0,0,0,0,0,0,0
0.097499,0.097855,0.095226,0,0,0,0,0,0,0,0,0,0,0,0
0.081353,0.075001,0.067513,0,0,0,0,0,0,0,0,0,0,0,0
0.06921,0.074125,0.067355,0,0,0,0,0,0,0,0,0,0,0,0
0.06853,0.070693,0.068313,0,0,0,0,0,0,0,0,0,0,0,0
NaN,NaN,NaN,0,0,0,0,0,0,0,0,0,0,0,0
NaN,NaN,NaN,0,0,0,0,0,0,0,0,0,0,0,0
NaN,NaN,NaN,0,0,0,0,0,0,0,0,0,0,0,0
NaN,NaN,NaN,0,0,0,0,0,0,0,0,0,0,0,0
0.024324,0.023274,0.023703,0,0,0,0,0,0,0,0,0,0,0,0
0.07345,0.067129,0.072359,0,0,0,0,0,0,0,0,0,0,0,0
0.066102,0.06547,0.065842,0,0,0,0,0,0,0,0,0,0,0,0
0.064254,0.060376,0.060261,0,0,0,0,0,0,0,0,0,0,0,0
0.061666,0.061164,0.061281,0,0,0,0,0,0,0,0,0,0,0,0
0.067645,0.066876,0.066664,0,0,0,0,0,0,0,0,0,0,0,0
0.068996,0.068617,0.067568,0,0,0,0,0,0,0,0,0,0,0,0
0.061599,0.061549,0.060586,0,0,0,0,0,0,0,0,0,0,0,0
0.070383,0.066114,0.066219,0,0,0,0,0,0,0,0,0,0,0,0
0.068,0.06474,0.066975,0,0,0,0,0,0,0,0,0,0,0,0
0.060179,0.066038,0.059661,0,0,0,0,0,0,0,0,0,0,0,0
0.062761,0.062502,0.066515,0,0,0,0,0,0,0,0,0,0,0,0
0.06248,0.066669,0.062779,0,0,0,0,0,0,0,0,0,0,0,0
0.1003,0.065266,0.06154,0,0,0,0,0,0,0,0,0,0,0,0
0.067796,0.062829,0.061318,0,0,0,0,0,0,0,0,0,0,0,0
0.060945,0.061552,0.06103,0,0,0,0,0,0,0,0,0,0,0,0
0.062,0.065848,0.061206,0,0,0,0,0,0,0,0,0,0,0,0
0.066077,0.061413,0.061138,0,0,0,0,0,0,0,0,0,0,0,0
0.06397,0.062109,0.062442,0,0,0,0,0,0,0,0,0,0,0,0
0.066954,0.065719,0.067502,0,0,0,0,0,0,0,0,0,0,0,0
0.062623,0.07163,0.061719,0,0,0,0,0,0,0,0,0,0,0,0
0.073974,0.069932,0.069934,0,0,0,0,0,0,0,0,0,0,0,0
0.088678,0.093256,0.087648,0,0,0,0,0,0,0,0,0,0,0,0
NaN,NaN,NaN,0,0,0,0,0,0,0,0,0,0,0,0
NaN,NaN,NaN,0,0,0,0,0,0,0,0,0,0,0,0
NaN,NaN,NaN,0,0,0,0,0,0,0,0,0,0,0,0
NaN,NaN,NaN,0,0,0,0,0,0,0,0,0,0,0,0
0.025502,0.024551,0.02413,0,0,0,0,0,0,0,0,0,0,0,0
0.064789,0.06374,0.068661,0,0,0,0,0,0,0,0,0,0,0,0
0.069622,0.062299,0.062988,0,0,0,0,0,0,0,0,0,0,0,0
0.062446,0.061628,0.062153,0,0,0,0,0,0,0,0,0,0,0,0
0.087232,0.065003,0.067879,0,0,0,0,0,0,0,0,0,0,0,0
0.062709,0.061746,0.065706,0,0,0,0,0,0,0,0,0,0,0,0
0.061645,0.061351,0.063163,0,0,0,0,0,0,0,0,0,0,0,0
0.061573,0.060367,0.062286,0,0,0,0,0,0,0,0,0,0,0,0
0.063579,0.067445,0.066913,0,0,0,0,0,0,0,0,0,0,0,0
0.061926,0.064927,0.060598,0,0,0,0,0,0,0,0,0,0,0,0
0.061334,0.061048,0.064662,0,0,0,0,0,0,0,0,0,0,0,0
0.066388,0.062018,0.065628,0,0,0,0,0,0,0,0,0,0,0,0
0.062258,0.062057,0.061561,0,0,0,0,0,0,0,0,0,0,0,0
0.065267,0.060454,0.06327,0,0,0,0,0,0,0,0,0,0,0,0
0.069819,0.063704,0.062785,0,0,0,0,0,0,0,0,0,0,0,0
0.062084,0.061159,0.06338,0,0,0,0,0,0,0,0,0,0,0,0
0.062418,0.061776,0.062298,0,0,0,0,0,0,0,0,0,0,0,0
0.075683,0.07443,0.073803,0,0,0,0,0,0,0,0,0,0,0,0
0.076927,0.074838,0.074575,0,0,0,0,0,0,0,0,0,0,0,0
0.065046,0.060431,0.061404,0,0,0,0,0,0,0,0,0,0,0,0
0.080292,0.080555,0.071767,0,0,0,0,0,0,0,0,0,0,0,0
0.07616,0.070578,0.069641,0,0,0,0,0,0,0,0,0,0,0,0
0.067867,0.074292,0.066068,0,0,0,0,0,0,0,0,0,0,0,0
0.080548,0.065484,0.067514,0,0,0,0,0,0,0,0,0,0,0,0
0.071469,0.071665,0.070766,0,0,0,0,0,0,0,0,0,0,0,0
0.075092,0.073629,0.078899,0,0,0,0,0,0,0,0,0,0,0,0
0.064832,0.066511,0.06454,0,0,0,0,0,0,0,0,0,0,0,0
0.0738,0.072887,0.073627,0,0,0,0,0,0,0,0,0,0,0,0
0.066752,0.066347,0.06841,0,0,0,0,0,0,0,0,0,0,0,0
0.063492,0.063579,0.067025,0,0,0,0,0,0,0,0,0,0,0,0
0.0709,0.071175,0.07,0,0,0,0,0,0,0,0,0,0,0,0
0.066784,0.066231,0.065079,0,0,0,0,0,0,0,0,0,0,0,0
0.067383,0.067831,0.067495,0,0,0,0,0,0,0,0,0,0,0,0
0.07787,0.088102,0.077454,0,0,0,0,0,0,0,0,0,0,0,0
0.069257,0.068889,0.069797,0,0,0,0,0,0,0,0,0,0,0,0
0.060457,0.060325,0.065161,0,0,0,0,0,0,0,0,0,0,0,0
0.083247,0.082333,0.077351,0,0,0,0,0,0,0,0,0,0,0,0
0.084288,0.08404,0.091864,0,0,0,0,0,0,0,0,0,0,0,0
0.07174,0.071392,0.07712,0,0,0,0,0,0,0,0,0,0,0,0
0.077051,0.080074,0.075267,0,0,0,0,0,0,0,0,0,0,0,0
0.069502,0.070829,0.067712,0,0,0,0,0,0,0,0,0,0,0,0
0.080584,0.072573,0.073585,0,0,0,0,0,0,0,0,0,0,0,0
0.088354,0.075912,0.076814,0,0,0,0,0,0,0,0,0,0,0,0
0.066288,0.074358,0.069091,0,0,0,0,0,0,0,0,0,0,0,0
0.078328,0.069354,0.069104,0,0,0,0,0,0,0,0,0,0,0,0
0.074329,0.077216,0.082946,0,0,0,0,0,0,0,0,0,0,0,0
0.073466,0.072125,0.071155,0,0,0,0,0,0,0,0,0,0,0,0
0.068289,0.067778,0.067661,0,0,0,0,0,0,0,0,0,0,0,0
0.073113,0.070969,0.076759,0,0,0,0,0,0,0,0,0,0,0,0
0.078472,0.075616,0.071623,0,0,0,0,0,0,0,0,0,0,0,0
0.084609,0.074372,0.071247,0,0,0,0,0,0,0,0,0,0,0,0
0.074838,0.075527,0.079282,0,0,0,0,0,0,0,0,0,0,0,0
0.071349,0.07053,0.07107,0,0,0,0,0,0,0,0,0,0,0,0
0.076889,0.075935,0.079375,0,0,0,0,0,0,0,0,0,0,0,0
0.069824,0.069626,0.068907,0,0,0,0,0,0,0,0,0,0,0,0
0.064755,0.060541,0.061412,0,0,0,0,0,0,0,0,0,0,0,0
0.077344,0.074212,0.07829,0,0,0,0,0,0,0,0,0,0,0,0
0.062366,0.061031,0.060526,0,0,0,0,0,0,0,0,0,0,0,0
0.068932,0.073349,0.067073,0,0,0,0,0,0,0,0,0,0,0,0
0.074065,0.073883,0.073203,0,0,0,0,0,0,0,0,0,0,0,0
0.0728,0.064534,0.064374,0,0,0,0,0,0,0,0,0,0,0,0
0.060637,0.062859,0.060778,0,0,0,0,0,0,0,0,0,0,0,0
0.066582,0.062478,0.061559,0,0,0,0,0,0,0,0,0,0,0,0
0.065996,0.067311,0.066928,0,0,0,0,0,0,0,0,0,0,0,0
0.064685,0.066981,0.063917,0,0,0,0,0,0,0,0,0,0,0,0
0.061992,0.069301,0.060966,0,0,0,0,0,0,0,0,0,0,0,0
0.063145,0.062097,0.064071,0,0,0,0,0,0,0,0,0,0,0,0
0.071279,0.063367,0.062953,0,0,0,0,0,0,0,0,0,0,0,0
0.068815,0.063063,0.063147,0,0,0,0,0,0,0,0,0,0,0,0
0.071113,0.07571,0.07014,0,0,0,0,0,0,0,0,0,0,0,0
0.072621,0.068608,0.068152,0,0,0,0,0,0,0,0,0,0,0,0
0.062755,0.061985,0.062562,0,0,0,0,0,0,0,0,0,0,0,0
0.073536,0.071661,0.071144,0,0,0,0,0,0,0,0,0,0,0,0
0.066577,0.066464,0.066153,0,0,0,0,0,0,0,0,0,0,0,0
0.066639,0.068921,0.066518,0,0,0,0,0,0,0,0,0,0,0,0
0.065856,0.071288,0.066393,0,0,0,0,0,0,0,0,0,0,0,0
