1
44.5757,42.3850,16.0294,65.4634
38.3484,48.4774,16.0465,65.4780
35.5906,53.0126,16.0563,65.5019
42.1379,48.7919,16.0137,65.4977
32.1799,42.4586,16.0943,65.5025
30.9985,42.5538,16.1490,65.5315
34.5431,43.2743,16.1032,65.5107
38.7753,41.4631,16.1521,65.5185
37.5518,37.4814,16.1339,65.4861
40.8519,35.7217,15.9777,65.5258
44.1481,33.0627,15.9934,65.5416
44.9332,41.2349,16.1396,65.6412
47.6317,37.3745,16.1235,65.6624
41.9047,35.4237,16.0345,65.5556
2
0
0
0
0
1
75.0317,27.4810,26.6948,71.1829
76.7859,33.8857,26.7548,71.0507
79.9897,40.3175,26.7401,71.1052
71.4507,42.6188,26.9152,71.2735
69.1755,42.3576,26.8811,71.2426
79.5706,36.2016,27.3321,71.3007
75.7539,35.0435,27.2137,71.3410
69.5282,26.8869,25.9637,71.0294
64.5052,29.1228,27.2518,71.3711
61.8475,28.0721,25.7758,71.0622
66.6676,33.3987,26.2605,71.1701
73.7190,40.9994,25.9818,70.9531
78.1709,41.3893,25.5510,70.9019
76.0905,40.7452,26.8398,70.7919
2
0
0
0
0
1
141.4594,30.8567,36.4055,76.8761
140.7169,31.8984,36.5493,76.8158
139.8291,28.3248,36.1867,76.7579
143.0940,25.6003,36.5886,76.7320
142.2859,30.6882,36.7011,76.8162
2
0
0
0
0
1
103.0350,14.6337,24.3915,76.5098
110.0790,22.0190,24.3168,76.5538
115.8601,22.1462,24.2763,76.5623
117.5599,30.5068,24.2644,76.6178
106.5586,30.4017,24.3859,76.5356
107.4826,35.3718,24.3334,76.5369
103.9494,44.9528,24.3492,76.6483
100.8427,25.6479,24.3107,76.5506
2
0
0
0
0
1
125.3572,40.3247,28.8414,83.0519
137.6517,44.2950,28.7926,83.0867
130.1962,61.5818,29.0532,83.1914
119.2255,57.0943,28.7997,83.2074
121.5065,43.7783,28.8853,83.0604
117.8088,47.7808,28.7198,83.2245
104.3043,48.8180,28.9220,83.6202
101.4902,53.7567,28.7832,83.6901
91.0110,40.2777,28.9136,83.2428
102.7010,49.2248,28.9967,83.5553
112.3954,63.1191,28.0992,83.1101
99.1212,41.6375,28.7668,83.5273
101.6514,38.4498,29.2123,83.4934
2
0
0
0
0
1
178.0935,50.2398,27.4106,87.9487
177.5135,56.0625,27.4508,87.9816
170.7530,40.2242,27.4663,87.8900
170.7825,45.8962,27.2783,88.0300
161.6154,50.2999,27.2711,87.9901
2
0
0
0
0
1
132.2350,38.2469,30.5490,91.0357
142.1503,41.0406,30.5915,91.0942
150.0656,49.2777,30.4571,91.0066
141.8922,49.8107,30.4066,91.0601
139.8073,47.3096,30.3799,91.0306
147.1880,46.9203,30.3922,91.0774
142.2789,36.9051,30.2518,91.0770
133.5313,22.7138,30.3642,90.9893
149.1710,26.4301,30.2855,91.0895
2
0
0
0
0
1
171.6926,34.3703,27.6585,95.4906
168.5358,37.5412,27.6910,95.4643
162.4978,45.0784,27.5940,95.5136
161.7820,31.1392,27.4067,95.4988
2
0
0
0
0
1
152.0600,50.8755,29.9750,89.4382
149.4583,47.9605,30.0223,89.3782
144.8722,46.5940,30.0306,89.3532
145.3925,31.6872,30.1350,89.4038
147.9349,23.6443,30.0908,89.4013
149.1894,32.5132,30.1758,89.4789
152.6378,8.7362,30.1897,89.3115
2
0
0
0
0
1
165.9272,34.2704,30.4431,78.8094
136.9703,29.0680,30.3818,78.8257
146.2939,22.0499,30.3840,78.7947
135.8681,24.8411,30.3996,78.7952
142.2401,22.1101,30.4519,78.7627
140.8779,30.2933,30.4657,78.8607
