3.7841,3.4924,3.6459,3.8028,3.8102,4.0456,3.6768,3.7169,4.0927,3.6478,3.8276,3.5293,3.7606,3.7452,3.7588
3.9188,3.9462,4.1448,5.6222,5.1246,5.4336,4.2019,4.6649,4.4859,3.9687,4.1716,3.6861,3.5245,3.8213,3.5081
3.973,3.561,3.7357,5.9332,5.8789,6.3002,5.4238,4.9007,4.6371,5.1217,4.9117,3.9303,3.8967,3.7291,3.8297
3.6806,4.4743,4.3247,6.0031,5.8125,7.4474,5.5281,5.7886,4.6841,4.9604,4.9676,4.8074,3.7405,4.081,3.7663
4.8799,4.4272,5.0142,7.6034,6.863,7.042,5.9359,5.3814,5.1442,4.5542,5.494,5.3629,5.0693,4.4949,6.02
5.4049,5.3521,5.2236,7.0784,6.5044,5.9778,6.3708,6.7736,5.6832,5.459,6.5994,4.6218,5.4381,3.9248,4.8015
5.9278,5.9835,5.5772,8.0795,8.0386,8.3472,6.8321,6.3805,6.806,7.1276,6.7854,6.2758,5.5941,5.6117,6.01
6.8711,6.3471,6.4707,8.8218,6.7681,8.2831,7.2945,6.9091,6.2121,7.7787,6.6968,5.7907,6.5267,5.2741,6.2757
7.0566,6.6846,7.4532,9.0018,8.444,9.2543,8.8375,7.8864,7.5201,6.5886,6.5609,6.9236,6.4418,5.7877,7.0046
7.3633,6.8719,5.5363,9.0491,8.5786,8.8112,7.3692,9.2752,7.4391,8.2864,7.9391,7.2231,6.8398,6.2058,6.6969
7.7733,6.9822,7.2916,9.7295,9.2181,8.5711,6.2509,8.4062,6.9424,8.6075,9.5222,6.9297,6.4226,7.834,6.9057
6.8816,7.2056,8.2318,10.36,10.42,9.5095,8.5419,9.1595,7.762,7.911,7.5739,6.9713,7.6268,6.5286,6.1191
6.825,6.8272,5.6445,8.5263,9.502,9.1553,8.3435,6.8667,7.6316,7.4154,6.0574,6.6373,7.011,6.6738,5.8901
5.9858,5.5513,6.2358,8.5993,8.5468,7.1124,7.3056,7.9721,5.5709,8.4363,6.9826,7.0647,7.4022,6.8071,5.497
5.8828,5.5509,5.9945,8.6047,9.4703,6.808,6.5353,7.7102,6.2234,7.3963,7.4693,6.7399,8.8014,7.2208,5.0906
5.9493,6.3394,5.5233,9.4956,9.5838,8.6386,7.3414,7.4756,6.8784,9.1694,7.9004,7.1254,7.1728,6.8452,8.888
5.5345,6.6481,6.4595,9.4714,10.209,7.7527,9.349,9.2327,6.7317,8.6236,7.264,7.5566,7.4711,7.8003,8.0718
8.1264,8.9808,6.7081,8.448,10.161,9.1775,9.5831,8.6358,8.6451,7.3345,7.4654,7.5578,8.3625,5.7684,7.1644
7.8109,7.4078,7.8564,8.7983,9.7575,7.9702,7.3666,7.7556,7.9408,8.8285,8.7507,7.1096,6.474,7.1764,6.4964
6.9753,6.9038,8.0482,10.671,10.056,10.068,7.505,8.8632,7.2444,8.336,8.1337,6.2062,8.5906,8.8407,7.8868
7.6922,6.8931,7.8285,10.68,9.8295,7.5777,8.8865,7.6152,7.9088,7.6747,8.5646,7.9626,8.4946,8.2581,7.9131
9.2218,5.9508,8.7492,8.4604,10.264,9.2177,9.41,8.7465,7.2037,7.8753,8.6942,8.3568,6.7873,6.9032,7.4554
8.3165,6.9917,7.4851,10.039,10.24,9.9825,9.4969,9.4091,6.801,9.7383,7.0412,7.6543,8.48,7.4689,7.6891
7.9392,8.2016,7.4987,10.066,10.553,9.1098,7.8861,9.9702,8.6661,9.3314,8.7764,6.9615,7.4113,7.5118,8.3992
8.6791,7.8763,8.9278,9.0194,10.722,9.8873,9.1687,8.8008,7.682,9.0611,8.8666,6.6849,6.2101,7.9638,8.461
8.4925,7.5809,8.332,10.881,10.255,10.926,9.2924,8.7285,8.9131,8.9734,8.1455,8.8931,6.334,7.3432,8.2421
8.7605,8.0383,8.5384,10.695,10.505,8.5547,9.771,8.859,8.6589,9.8055,8.9711,7.181,8.6122,8.4306,7.5508
6.5579,7.8941,7.8826,10.103,10.469,8.9884,9.7207,9.7956,9.5615,6.6188,7.4281,7.9335,7.2308,7.9544,7.6498
8.1466,7.9679,8.6828,9.4602,11.175,8.5731,8.6887,8.6683,8.6158,8.0457,8.184,8.5873,7.9198,6.7941,7.8791
9.071,7.2106,7.7611,9.8347,10.94,9.5696,9.5808,9.7106,7.8754,8.5419,9.0264,7.401,7.5283,8.5272,7.5054
8.5049,7.8871,7.7861,10.172,10.2,9.7235,9.3435,8.2909,8.7471,9.5115,10.173,8.3459,7.4059,7.648,7.8268
6.5082,9.0789,7.9629,9.5873,10.69,9.85,10.16,8.8953,8.6067,7.3922,9.644,8.1733,7.1015,8.4202,7.1046
7.9436,7.4551,7.259,10.136,10.016,10.414,9.2288,9.535,8.3533,8.0676,8.699,8.0503,6.3394,7.76,7.624
8.4042,7.092,6.8873,10.989,9.5018,10.207,9.5044,9.4183,7.3964,8.081,7.5756,7.6791,7.8477,7.1876,7.6643
8.0515,7.9434,7.5885,9.3325,9.9305,9.3774,9.5615,9.8099,8.4195,8.0925,8.3719,8.0769,7.8563,8.0516,6.9206
7.4767,5.8248,8.3193,9.9683,8.8142,9.1454,8.4762,8.6276,6.7175,8.3213,10.215,8.7171,7.8906,6.5397,5.3084
7.6324,6.8365,8.0913,9.508,10.235,10.559,8.9256,8.8559,7.2741,8.5252,8.1861,6.6091,6.1127,8.5419,8.5405
8.3203,7.1596,7.7958,10.334,8.6027,9.1514,10.734,8.648,7.0651,7.2981,7.9848,5.7066,8.873,7.7517,8.1694
8.3667,5.6371,7.4385,9.9659,9.8052,8.681,8.9692,7.8835,6.9934,8.7097,7.3624,5.8852,7.3804,8.3756,7.2212
7.4729,8.1352,7.0648,10.842,10.426,10.096,9.3861,9.3454,8.8373,8.028,9.1308,7.1017,8.0396,7.6487,7.5085
9.2652,8.4453,8.9182,10.615,10.792,10.268,9.0863,9.3845,8.3478,8.4556,9.6164,7.0999,9.1018,7.1092,8.4155
8.8727,7.447,8.8883,11.237,10.303,8.95,9.8397,9.1113,8.2877,9.3444,8.879,7.3353,8.1478,8.0562,9.85
8.9399,7.8649,8.3265,9.4519,9.5389,10.222,9.3777,9.6152,8.9486,9.0243,9.1255,7.5254,7.9777,8.8951,8.2544
7.3213,7.5131,6.6981,10.63,11.281,9.6482,10.2,9.1126,8.0433,9.4482,8.7346,8.0804,7.789,8.034,8.5104
8.0128,8.3249,8.1776,10.588,10.266,10.701,8.8183,7.7467,9.8212,9.8079,7.9723,7.0278,8.2057,7.7033,7.9154
9.2769,8.2507,7.8603,10.953,10.604,9.7826,9.4164,9.7965,9.4638,8.2496,9.086,6.2337,8.1207,8.9031,7.9317
7.0469,8.3133,8.9734,10.487,9.7202,7.9501,9.5118,9.0881,9.1107,9.1719,7.3246,8.4342,8.2326,8.4276,7.8926
7.4789,8.7249,8.5482,11.107,9.9284,9.1795,8.9751,8.7401,8.9497,9.49,9.0046,8.3876,8.2027,8.8883,8.2805
8.7905,8.0786,7.9925,10.435,10.331,8.7518,8.8137,7.7036,8.2678,8.9602,8.2061,8.3002,7.8605,8.7431,8.9098
8.7907,8.7202,7.0858,10.648,9.2951,9.005,10.153,8.9954,8.6592,8.8116,9.6346,6.6887,7.7008,8.0953,8.2374
9.2092,8.3263,8.6134,11.506,10.314,10.04,10.623,8.7214,9.0928,9.6738,9.6447,8.3647,9.0636,9.2159,8.2664
8.1726,9.1419,8.4787,10.816,10.945,11.529,10.506,9.9869,10.405,8.5263,9.1502,8.6372,8.4311,9.6872,9.5748
8.9768,8.5268,8.8309,10.909,10.045,10.544,10.044,9.8357,10.201,8.9421,9.8649,6.8864,9.6161,8.3034,8.8926
8.1087,8.272,8.8287,9.4253,10.564,10.202,9.5309,8.7423,7.9286,8.817,9.9666,8.5755,8.7978,9.0303,9.0175
7.6595,7.5917,8.6695,11.383,10.247,10.134,9.2631,8.96,8.2904,8.6645,10.166,8.0147,8.0589,8.1831,8.7362
8.4301,9.9987,9.0246,11.248,10.548,10.476,9.5169,9.9159,9.6282,10.259,10.121,7.8218,7.8921,8.7331,9.9998
9.1703,9.1632,7.8798,11.497,10.607,10.44,10.107,8.5147,10.024,8.7437,10.362,8.1258,8.3085,8.5837,8.8904
8.628,9.18,9.2273,9.9698,10.843,10.144,9.5812,9.4449,10.186,9.698,10.509,8.4314,8.8218,8.429,9.0439
8.5133,8.7132,9.2136,9.8483,9.1687,11.043,10.447,8.6375,9.8777,9.8841,9.8675,8.8659,8.7741,9.3547,8.7413
7.7493,9.1384,8.6546,10.765,11.25,11.321,10.902,8.4471,9.4504,10.157,10.171,7.8371,9.1184,9.0623,9.0115
7.9362,8.7818,8.5911,11.739,10.146,9.73,11.142,9.1609,9.7473,9.7701,10.181,8.132,8.0727,9.3551,9.3148
8.8855,8.8481,8.41,10.427,10.726,10.775,9.6541,9.5743,9.425,10.213,9.6221,8.1084,8.7616,8.2351,9.9469
8.6304,8.6377,9.0765,12.065,9.7303,10.816,9.8193,9.7371,9.2987,9.1438,9.8817,9.2633,9.0211,7.734,8.6302
8.3043,7.3239,8.2025,11.345,11.586,10.196,9.7218,9.4361,8.0121,8.9901,10.004,8.6997,8.7119,9.0474,8.7862
8.6341,8.5234,8.7221,10.88,11.707,10.958,10.262,10.35,9.2246,9.7034,9.3996,8.7196,8.6513,8.8439,9.5982
8.5584,9.0334,8.5299,9.656,12.445,10.521,10.297,9.7197,9.4073,8.8797,9.8349,9.0013,8.8118,8.4589,9.2381
7.9864,9.4991,8.8155,10.709,12.523,10.527,10.743,9.9879,9.7828,9.1858,9.1548,8.7108,9.2229,8.6757,8.1538
6.4358,10.137,8.2363,9.4034,10.849,8.7094,10.875,9.7939,8.9767,8.5934,9.7964,8.8443,8.7758,8.5635,9.5498
7.6896,8.3326,8.9146,10.358,9.7986,9.5169,10.831,11.194,7.8103,10.051,7.6366,8.1421,8.5004,8.3113,9.2846
7.616,9.1541,8.1277,9.9397,11.029,10.262,10.779,9.4621,8.8955,8.4765,9.0895,9.4933,8.3557,7.8464,7.9358
9.1728,8.0117,8.6049,10.453,10.463,11.423,10.044,8.7801,8.4472,9.1739,9.7678,7.7033,9.3459,8.2783,9.3979
8.4539,7.8269,9.2492,9.9161,12.681,10.83,10.809,10.666,8.37,9.6379,9.5952,8.5913,9.0873,7.6148,8.3388
8.0865,7.7737,8.5716,10.169,10.911,9.7754,10.575,9.9293,7.7353,8.618,8.8698,7.6946,9.2578,8.0214,8.2911
7.6426,7.0702,7.3985,9.0681,9.9368,9.0105,9.5923,10.223,8.0993,8.6701,8.8404,7.9999,7.8715,8.2344,9.6296
8.2867,8.3372,7.2735,8.5735,7.565,9.7109,10.197,10.283,8.4972,7.6845,6.4492,6.9857,7.603,6.9965,7.0877
7.8581,8.7307,8.1747,10.314,10.299,9.3988,10.142,9.3622,8.7578,8.6907,9.1945,8.1768,8.8374,9.2099,7.6095
8.2378,7.5797,8.9693,9.169,11.328,9.8176,10.776,8.12,7.658,8.6571,7.4938,8.0782,8.4004,9.1198,7.4904
7.589,8.082,8.5951,9.6603,10.123,7.4353,8.7119,10.538,8.4619,7.9054,6.7914,8.3937,7.245,6.5559,8.0066
7.9783,7.8241,9.0493,9.578,9.8772,8.5274,9.5463,9.6945,8.5418,8.7989,8.6531,7.9672,8.2997,7.6508,8.6986
7.9829,7.0335,8.402,10.074,9.312,7.5927,9.9221,10.63,7.8663,8.8488,7.3294,7.9066,8.8387,6.5447,8.4748
8.2193,7.8878,7.4619,9.6472,9.3748,10.308,10.34,10.24,8.7726,9.5709,8.5475,7.7743,8.3588,7.5596,9.4459
9.0631,8.143,7.1966,10.368,10.698,9.4727,9.945,9.2137,7.9987,8.647,8.8971,7.6641,7.998,6.9117,8.6483
7.7474,7.8743,7.665,10.189,10.259,10.099,9.9912,10.566,8.2331,8.8051,7.528,6.0666,8.168,8.0857,7.1708
8.378,8.1138,7.0281,11.548,9.4451,9.122,10.513,10.513,8.1249,9.8632,7.773,7.5927,8.2573,8.0449,8.2343
7.8013,8.2595,8.4586,11.484,11.292,9.969,9.5661,9.2952,9.1452,10.049,8.3745,8.4708,8.437,8.1736,8.7228
7.9716,7.9077,7.3302,10.337,10.971,10.034,10.465,9.6054,8.6413,8.0068,7.4771,7.9507,8.335,7.6302,8.8932
7.5536,7.8541,7.2442,10.949,10.096,10.742,9.6143,8.2293,7.5987,9.0736,8.5765,7.8086,8.7842,7.4114,7.7089
7.8698,7.3203,7.3419,9.2793,11.978,9.9666,10.146,8.2351,7.2409,8.7979,8.0208,7.4738,8.2277,7.5366,8.2909
7.845,9.5413,7.9608,11.328,10.568,11.511,11.025,7.7279,9.4376,8.5886,8.9013,7.9661,7.9494,6.9264,9.5207
8.5767,9.6838,7.8163,10.64,10.783,9.8679,9.8955,8.6106,9.584,10.405,7.8163,7.9179,8.3046,7.7233,7.9099
7.2848,8.9381,8.92,10.744,10.011,12.37,10.136,8.6928,10.161,9.3708,8.5109,7.8172,8.688,8.4462,7.8073
8.243,9.0777,8.366,9.3319,10.164,9.1716,9.7292,10.447,9.3646,9.9272,9.6182,8.4871,8.8429,6.4598,8.336
9.0097,7.7155,7.2305,9.3997,10.138,11.415,10.128,10.559,8.4241,8.8346,9.4463,6.5381,7.971,8.8392,7.583
8.7096,8.3425,8.2888,9.6414,8.3729,12.04,10.416,9.517,9.362,8.4186,8.2747,6.2967,8.3994,7.3182,7.8538
8.5821,9.2968,9.1627,10.337,9.6006,11.628,9.4322,9.9393,8.4803,9.0459,8.2633,7.4282,8.8522,8.772,9.4265
9.1729,9.4263,7.8716,11.078,10.796,10.971,9.5531,9.3881,9.0853,7.8082,8.3759,8.7813,8.7137,7.4612,8.3875
8.3623,7.6391,8.3665,11.2,9.965,11.98,10.312,9.2675,8.159,10.217,7.6037,7.4467,8.0891,9.1632,8.764
8.5088,8.3311,8.1065,10.114,10.951,11.986,10.936,9.1822,9.015,9.3705,7.7534,8.3488,8.0087,8.4613,9.0146
8.569,8.0698,8.7323,9.7505,10.693,10.129,10.594,9.0126,9.4778,10.369,8.9258,9.0921,8.1797,7.0503,6.913
8.0746,8.9936,9.5621,11.574,9.6611,10.596,9.7076,9.5627,10.212,9.5482,8.4372,7.7947,8.2835,8.6897,9.3997
7.3245,8.6504,9.0276,10.783,8.304,10.834,9.8791,10.997,8.8164,8.4438,8.127,8.2484,8.6403,7.9805,8.0084
8.9746,8.4776,8.7093,10.889,9.3028,11.565,10.38,9.5686,9.1981,9.565,9.0372,6.7622,8.2155,8.8571,9.3182
8.3065,8.0956,8.7254,11.35,11.556,10.99,10.705,9.2111,8.206,9.4707,8.3039,8.5843,8.5269,7.8158,8.1137
8.0726,7.9595,8.5583,10.099,11.29,10.276,10.148,9.5716,9.1742,10.06,9.5065,8.6892,8.5304,8.2031,9.6422
7.9573,8.3899,9.3838,9.861,10.692,9.8682,10.286,8.4136,10.037,9.4864,8.664,8.1997,7.3279,7.051,8.3656
8.7435,7.4698,8.7963,9.742,11.672,9.8573,9.1401,8.902,9.1557,9.0078,9.3659,7.9017,7.7359,9.4701,7.6754
8.1991,8.2042,9.3751,9.9828,10.692,11.314,10.566,9.8096,9.9829,9.5296,7.1126,7.312,8.4615,8.132,8.1623
7.2769,8.9306,8.1294,10.211,10.975,9.8046,10.373,9.8366,9.6547,8.0125,7.129,8.9747,7.5718,8.5344,8.4291
7.6778,6.779,8.2901,11.029,10.283,10.828,8.8249,8.0258,7.6089,8.2236,7.5882,7.8561,6.9242,8.6909,8.1184
7.2742,8.4069,7.1653,10.129,11.206,10.695,9.8236,8.654,9.8273,9.7675,8.4673,6.8519,8.5936,6.6925,8.636
7.2921,9.0603,8.11,8.2682,10.842,11.149,10.564,9.6472,9.1443,9.201,7.7729,5.9371,7.4292,7.2057,8.8586
8.1108,8.5945,8.842,8.6267,9.4038,10.349,8.9346,8.7678,9.2738,9.9597,7.5574,8.0425,7.9942,7.0882,8.8692
8.1877,9.1554,8.0456,10.42,10.561,10.212,10.222,9.1201,9.8903,10.446,7.755,8.3937,8.4295,8.6099,9.0707
8.8852,7.9413,9.4186,9.5648,11.173,12.039,10.986,9.0464,8.9447,8.812,7.3445,8.7519,8.0917,7.5886,7.8918
8.1191,7.7578,8.894,9.0635,11.428,10.386,9.3914,8.7197,8.152,9.3196,8.9662,8.8081,8.0282,7.696,8.9446
8.3166,8.4392,8.9458,9.9004,10.231,11.553,11.14,10.134,9.4256,8.4272,8.3452,7.6366,9.3856,8.3454,7.803
8.0896,8.592,8.8635,10.667,11.596,10.891,10.343,8.437,9.2107,8.2784,7.5725,8.2945,8.8115,7.9233,8.5869
8.8038,8.5278,9.5956,9.5001,10.519,10.863,10.703,9.1371,9.4787,8.9552,7.3909,8.1766,7.1406,8.3934,9.0885
7.1291,8.7655,9.4566,10.151,9.7185,10.804,10.867,8.9936,9.4242,7.844,8.24,7.2114,6.8508,8.0236,8.1765
8.1586,8.3857,7.9564,11.741,10.835,11.548,9.2842,8.3656,8.4483,9.5964,7.7105,7.9781,7.453,8.8251,9.5101
7.7751,7.4886,8.4105,11.987,10.958,9.8833,8.3652,8.4046,9.2033,9.1779,8.4623,8.3173,7.0559,9.1354,8.6764
7.534,8.766,8.3246,11.127,9.3465,9.4239,9.02,7.8289,9.4467,8.0202,7.9503,7.1566,8.4979,9.1593,7.4192
7.8903,8.7464,8.948,10.403,11.185,9.569,9.4849,8.1201,9.5526,8.3397,7.3165,7.9799,8.7937,8.9411,8.7934
7.3418,9.094,8.2043,8.6557,11.058,10.473,10.01,8.5264,9.364,8.7035,7.4161,6.2138,8.1819,8.2184,8.545
7.2038,8.3038,9.2146,10.343,10.282,10.84,8.7624,8.7071,9.6376,8.7498,9.0883,7.2446,8.2051,8.22,8.1164
8.1861,9.2661,8.506,11.504,10.503,11.181,10.455,8.1642,9.831,9.0708,7.7494,7.0327,7.7526,8.9101,9.1591
5.9657,8.2814,8.3441,10.63,10.054,10.348,10.018,9.5721,9.7847,9.3302,8.3747,8.4362,8.1818,8.9857,8.4557
8.6153,5.9855,7.2817,9.7011,11.689,10.505,9.8992,10.199,7.6822,9.5429,7.8658,9.1405,9.6526,8.2258,8.5671
8.9054,8.4664,8.5762,9.558,11.474,10.901,9.5855,9.9534,8.9538,9.3777,7.6002,8.7704,8.8674,8.1847,8.9255
6.861,8.459,9.4112,9.8245,10.481,10.559,9.7914,9.0548,9.6459,8.68,8.6866,8.6625,7.7022,8.4252,8.4649
8.222,7.2498,7.5052,9.6558,9.9427,10.011,9.73,9.5429,7.9985,9.1772,8.5351,7.9514,7.7334,8.4141,9.2308
8.2207,8.0643,8.256,10.458,11.175,9.6919,8.686,9.0367,8.7872,8.7154,7.6354,8.6783,8.9437,8.5744,8.176
8.2801,8.4884,8.1654,11.151,10.344,9.6787,9.5028,8.9272,9.5375,7.9479,8.3449,7.8866,7.0457,8.8643,7.3794
7.069,8.905,8.1851,9.9358,11.578,9.757,9.6064,9.7074,9.9413,8.165,7.764,8.2901,9.302,9.28,8.8848
7.7954,7.6506,8.4841,10.827,11.247,10.486,10.278,8.8138,8.9434,8.589,8.0253,7.3314,9.1884,8.0917,8.3229
8.0902,8.0491,9.0573,10.212,9.6132,9.4944,10.614,8.3249,8.8811,9.5118,8.553,9.0246,7.6489,6.8758,8.2067
7.7657,8.9173,9.4064,9.3938,9.4355,10.79,10.099,10.037,10.222,8.7644,7.8283,8.5371,7.6246,7.9258,8.1825
8.9576,8.2303,7.7002,9.6654,8.7822,10.966,9.027,9.8394,9.3102,9.4757,6.7692,8.49,7.9589,7.8026,7.7945
8.7919,8.85,9.1394,10.204,10.088,9.8036,9.5125,8.3846,10.034,8.5954,7.2099,8.2078,9.4269,7.0512,8.6167
8.4128,8.5316,8.7803,10.951,9.139,11.186,10.532,9.5204,9.7191,8.7693,7.1551,8.726,9.01,8.2658,10.557
7.7185,7.7516,8.8361,10.909,9.5334,10.559,9.9717,8.7744,9.1829,8.0782,8.2597,9.0044,8.2826,7.4316,8.2577
7.6787,7.4752,8.4917,10.046,10.194,10.178,10.365,8.2124,8.5655,9.1164,8.9995,8.1247,8.1462,7.8754,9.2322
8.7411,7.6736,7.9793,10.164,10.584,11.378,9.9857,8.5423,9.3601,10.242,8.1534,8.9434,8.3714,7.2103,8.0653
8.7712,7.0121,8.2112,9.9637,7.961,9.5033,10.535,8.7285,7.7406,9.1603,8.1109,9.1909,7.7445,7.5006,8.2509
8.5796,7.7298,8.1233,11.32,9.5611,10.222,9.3765,8.2817,8.7256,7.3906,7.3622,6.5878,8.1307,7.8808,8.3985
7.0618,7.2368,8.0678,12.117,9.9889,10.639,9.6814,8.4413,8.5239,8.4567,8.5663,8.9768,8.3377,8.1722,8.5353
6.7814,8.1732,7.5051,11.077,8.8972,10.1,10.161,9.5264,9.4791,9.0642,8.0273,7.3201,9.0176,8.1974,8.1621
7.5948,7.781,9.5731,11.655,8.1391,10.068,10.278,8.1398,8.4387,8.9751,8.4304,8.527,9.3735,8.183,8.6658
7.6091,6.9786,7.7306,11.723,10.107,9.6852,9.0662,9.1036,8.7922,9.0524,7.6596,8.7839,7.6037,8.3286,7.4406
7.4853,6.7751,6.5458,10.598,8.9387,9.6287,9.3459,9.6519,7.9153,10.57,7.8468,8.0377,7.7745,8.2098,7.2256
7.9524,6.8993,8.2753,9.3338,10.296,9.2774,9.2708,8.5149,8.3356,9.4215,6.7871,8.1123,8.5832,8.2025,8.2896
7.3164,8.2712,8.0494,9.2288,9.9363,9.087,8.1353,10.154,8.9492,8.907,8.6335,8.9184,8.5102,7.4012,8.4805
7.2627,7.8236,7.9806,10.999,9.3085,10.025,8.6172,8.2493,9.0696,9.6763,8.0238,8.6923,8.5673,7.5736,7.8758
8.3892,8.5639,7.9194,11.053,9.9483,10.511,9.0756,9.2646,10.047,8.8502,7.5781,7.8194,6.7373,9.3258,7.3656
8.4779,7.2226,9.5844,8.8922,8.7477,9.757,9.5553,7.3592,7.7424,7.595,8.7613,8.6901,9.1004,6.489,8.2052
6.7756,7.684,8.1491,9.3617,8.7556,11.606,8.0216,7.7447,8.9908,9.1792,8.3982,9.9081,7.6736,7.6008,7.7909
8.6274,7.2772,7.943,11.409,10.183,9.4758,10.072,8.6887,9.0057,8.6946,8.3255,7.8977,7.9099,8.7243,9.4339
7.3093,8.9024,8.3437,11.342,9.3008,10.724,10.132,10.372,9.9768,9.0526,8.3063,8.5629,8.6556,8.759,9.1153
8.379,8.7852,7.7767,10.763,10.637,9.8574,10.495,8.4903,9.6499,7.7852,9.8543,7.2982,8.1916,6.977,8.9743
8.7866,8.2334,8.674,11.042,9.7142,10.321,8.7053,9.7514,9.7601,9.0363,9.0129,8.601,9.166,8.0888,7.2658
8.4065,8.9209,8.092,10.272,9.864,9.9974,9.5379,9.3137,9.4707,8.8761,8.4306,7.6,8.5374,9.2571,9.1491
8.9963,8.4969,8.3542,11.017,10.008,11.4,10.057,10.54,9.5382,9.6757,8.4417,8.9374,7.7506,8.4087,7.9948
7.9029,8.5752,9.0562,9.9302,9.4505,9.2057,9.6354,8.2447,8.8435,9.1675,8.4858,8.6968,8.4066,8.0055,8.2819
8.4192,9.0403,6.7778,10.649,10.456,10.799,9.8419,10.338,8.6544,9.4448,8.9126,9.2473,8.2417,8.3268,9.1267
8.9046,9.7246,6.9719,10.408,9.9464,9.6127,8.9342,10.063,10.03,9.2576,7.4573,10.455,8.8139,8.476,8.3554
8.3503,7.6831,8.8546,11.378,10.168,9.6718,9.6521,10.675,8.5524,10.074,8.3907,9.3193,8.9612,8.4518,8.161
8.2753,8.3603,6.6531,10.672,10.438,10.481,9.4649,9.8557,9.0272,9.9408,8.7702,8.6463,9.3537,7.5754,9.2976
8.4237,8.3196,9.238,12.458,10.249,10.01,9.5528,10.004,9.7143,8.7858,9.204,8.223,8.7842,9.5642,8.0344
8.4536,7.3648,8.0139,11.706,11.173,10.438,10.792,9.4658,7.9809,9.2531,8.5017,8.583,8.2482,8.4908,9.5845
8.2082,8.1682,7.9901,11.878,10.302,11.017,10.623,8.3506,8.7329,9.6731,7.6671,8.7558,9.4528,7.7631,6.8228
8.7539,8.1921,8.4393,9.7169,10.19,9.5779,9.9584,8.8094,9.611,9.6282,8.7499,8.4011,7.9532,9.0164,8.9701
7.9332,7.3971,9.0455,9.1297,9.2161,10.46,8.0818,8.7913,7.5615,9.3679,9.1378,8.0691,9.1896,8.362,8.2949
7.5263,7.4981,7.7187,10.639,10.025,10.126,9.4634,8.6156,7.8983,9.5994,8.241,8.871,9.1202,8.3098,8.6144
8.0448,9.0702,8.258,10.713,9.8165,9.7202,8.6819,8.7637,9.4915,7.6891,8.2842,9.6007,9.1919,7.8277,7.937
8.5802,7.0315,8.2696,11.207,9.649,9.6811,10.528,9.0634,8.3445,8.5891,7.4507,8.9589,9.2481,8.1263,8.321
9.2825,8.9528,8.1961,9.9825,10.517,9.5088,10.622,9.3193,10.497,8.3865,7.5827,7.9569,8.2291,7.8994,7.6654
7.6632,8.21,8.5668,11.386,10.769,10.018,10.025,9.0317,9.572,8.7789,7.9052,9.5453,8.0229,7.7757,6.9825
8.6523,9.0227,8.9523,9.2073,10.848,10.351,8.7152,8.5699,9.3471,8.3244,7.8161,8.2284,9.0899,8.9464,9.1206
7.1204,9.502,7.3786,10.499,9.1326,10.203,9.4312,8.6719,9.9647,9.0624,7.9421,6.3178,6.6411,6.904,6.4628
7.5001,8.4412,7.9862,9.808,10.075,8.7962,9.7775,9.0855,9.3288,8.3062,8.4224,8.4066,9.5501,9.2639,7.0389
8.4133,7.9272,7.4312,10.815,8.9515,10.113,9.8886,9.2226,9.2479,10.074,8.7336,9.9403,9.7302,9.0325,9.0516
9.468,7.6612,9.0106,9.7936,10.289,9.6825,9.9743,9.5817,9.007,8.7431,8.6691,9.2791,8.3375,9.1082,8.8614
7.6636,7.383,8.8908,10.637,8.9882,10.671,7.3767,9.1147,8.1196,7.5411,8.0856,8.2699,9.1035,7.6393,8.031
7.5251,7.9675,8.321,9.1588,11.042,9.3963,7.5316,9.3096,8.9005,8.1097,7.2526,9.1017,8.8998,7.4458,8.19
7.4581,8.6146,7.9216,11.761,10.716,9.9796,8.4609,9.367,9.7544,8.3497,7.746,8.3005,8.2167,8.4419,9.337
7.4881,8.6525,8.5826,10.101,10.135,8.6046,8.6821,10.398,9.507,9.1566,9.0356,8.6739,9.1524,7.9614,8.451
8.2038,8.1779,8.2812,9.5147,9.2111,10.798,10.37,9.9884,9.0781,7.9383,6.3688,8.3098,8.3327,7.404,7.5781
7.7157,8.0143,9.0799,10.72,9.0111,9.7819,9.9172,8.704,9.0444,9.3021,7.4154,8.4676,9.6072,9.4632,8.6666
8.943,9.3246,9.2178,10.47,10.248,10.015,9.8709,9.9468,9.4015,9.7663,7.5651,7.9086,8.4864,7.7842,8.4035
8.4943,8.3095,8.8893,11.07,9.4466,9.8495,10.116,7.7463,8.5655,8.9111,7.3924,8.1978,7.2424,9.2685,9.7869
8.1002,8.1347,9.4267,10.486,10.323,9.1265,9.4741,7.5594,9.0119,8.3669,9.1325,7.8952,8.8636,8.2253,8.6865
7.2135,7.267,8.6704,9.8095,9.5895,9.7865,10.29,8.0977,8.4939,8.0177,7.6962,8.6661,8.9285,7.6595,7.6725
7.302,7.9495,7.9466,9.5409,9.3634,9.2392,8.3928,8.6496,8.2134,8.405,7.8724,8.1352,10.111,9.2965,7.7829
8.3825,8.1206,7.6285,10.37,8.4363,10.958,9.6437,9.6638,9.0718,8.5116,8.1929,8.0946,9.1438,8.6279,8.2075
8.8977,7.7268,8.5842,10.548,10.43,10.357,9.5532,8.6007,8.3674,8.2341,6.9589,7.5474,8.8178,7.9744,9.7763
9.1665,8.391,8.2269,10.823,10.096,11.829,9.88,8.5082,9.0958,9.8493,7.9752,8.2401,9.7256,8.6255,9.0774
8.4365,8.3209,7.711,10.507,10.558,10.691,10.311,8.2994,10.044,10.274,7.6726,8.2395,8.7365,8.4349,8.6586
8.9481,8.806,9.0697,11.494,11.157,10.157,9.1504,8.5954,10.103,10.225,6.6141,8.5515,9.0618,6.847,9.2643
7.5172,7.6176,7.8942,7.8064,10.489,11.09,10.482,9.3688,8.7956,9.9922,9.1234,8.6166,8.4842,7.2085,8.9396
8.546,9.078,8.3951,9.8534,10.754,10.972,10.564,9.4762,9.2161,8.6758,7.7842,9.8095,9.0246,7.6557,7.3239
7.862,8.6159,8.7963,10.615,10.611,10.402,10.833,10.078,9.6516,8.283,8.7793,8.635,8.7211,7.3078,9.5417
7.8369,8.2996,8.7939,11.938,10.974,10.57,10.455,9.5248,9.4691,9.043,9.0766,8.9248,8.2745,9.3015,8.4308
8.4526,8.7539,7.137,9.8806,10.443,10.789,9.5548,7.7203,10.025,8.5218,8.3292,8.5843,7.189,7.4265,9.6675
8.7932,7.6306,7.644,10.426,10.027,10.805,10.25,8.6048,8.8154,8.606,9.3894,8.9552,10.476,8.9731,8.9453
7.865,7.9369,6.9553,10.445,9.9461,11.79,10.363,7.9169,8.8767,9.6204,8.3036,8.3747,8.9675,8.5503,7.8301
9.1743,8.2764,8.128,10.225,8.994,10.995,10.393,9.5831,9.4573,9.3424,8.3803,8.5728,8.9191,9.4004,9.1508
8.4429,7.9536,6.363,9.9985,9.1195,9.8383,8.1873,8.6145,10.03,7.9315,7.1109,7.7075,8.9592,7.8246,7.7683
6.3587,9.3556,8.3816,9.1076,10.638,10.231,11.13,8.6016,9.9869,9.0762,8.7386,8.1461,9.5902,8.5399,8.9054
9.2456,9.2029,7.1656,7.8323,10.573,10.449,10.548,9.3629,10.123,10.376,8.6102,8.9276,9.0583,8.0569,7.6523
8.3282,8.2916,7.2464,10.398,9.8984,11.334,10.134,8.5937,9.6182,8.51,9.1462,8.5391,7.0788,7.9393,8.0761
8.378,7.25,8.2593,11.205,10.914,11.947,9.8366,10.216,8.1795,9.4311,8.6545,8.4062,9.2454,8.9317,7.2303
8.0832,7.2642,8.9476,10.657,8.9876,11.594,8.6783,9.7717,8.8785,8.564,9.2356,8.6987,8.6527,8.3181,7.8521
8.387,7.6051,8.7838,11.274,10.027,10.634,9.9381,9.0424,8.3823,9.4354,8.737,8.646,8.2593,7.2901,9.2784
8.5519,8.1754,8.7359,9.0879,9.8168,11.015,9.5062,8.3593,8.9068,8.8412,8.8129,9.2019,8.6059,8.363,9.8092
8.8471,7.959,7.3504,9.5809,9.0838,9.9528,9.6373,7.8252,9.4218,9.8707,8.266,8.395,8.8646,8.6092,9.0433
9.3357,8.4209,7.9089,11.373,10.556,11.393,10.252,9.3224,9.5061,10.063,7.8896,8.6418,8.2873,7.6726,9.5448
9.2796,8.0393,8.7143,11.042,9.6219,11.146,10.33,9.6163,9.2661,9.179,9.2454,8.886,7.6343,7.7653,9.146
9.1844,8.1905,7.4903,11.123,9.3011,9.8571,9.1951,8.744,9.014,9.6706,9.4633,9.5026,8.7779,8.1953,8.2044
9.4056,7.8266,8.2009,11.034,9.2534,10.775,10.593,9.3859,8.7463,8.8738,9.1805,9.4429,8.6235,8.8642,8.3885
7.7314,8.1692,6.5502,10.535,11.074,10.45,10.34,9.1256,8.7447,7.8477,9.03,9.3515,8.2623,7.6256,9.2815
8.4345,8.5771,7.6315,10.905,10.345,11.306,10.698,9.5148,9.5102,9.7851,9.3576,9.0987,8.6385,8.7084,8.0378
8.4895,9.0964,8.7996,10.759,9.3327,10.258,10.365,10.288,10.427,10.511,8.9389,9.3279,8.6573,8.4614,8.3885
8.5762,8.9663,7.1423,10.333,10.53,11.756,10.602,9.9616,10.357,9.9724,9.0384,8.8403,8.5163,8.9636,8.7678
8.2183,8.3845,7.6918,10.295,10.267,11.157,10.86,7.6222,9.1989,9.2572,8.4352,9.3423,9.5756,8.0679,8.0868
8.2175,8.6868,7.6435,10.521,9.6442,10.955,10.725,9.2494,10.008,9.8752,8.2868,9.0154,8.5542,9.5876,8.2922
9.0065,9.0097,7.1589,11.401,10.069,10.698,10.807,9.2751,10.644,8.7257,8.7695,9.1115,8.6282,8.3994,9.4638
8.4342,9.2757,8.7811,10.724,10.721,11.21,10.477,7.4588,11.156,10.251,8.5866,8.6169,8.7327,9.1501,9.2125
8.6149,8.0015,8.124,10.65,10.413,10.036,9.3024,10.022,9.6969,10.394,8.364,8.6588,9.4214,8.5101,8.8164
9.0515,8.7636,8.4292,10.364,10.515,11.145,9.5141,9.0837,9.7752,10.34,9.0172,9.1988,8.4835,9.8084,8.9359
9.1412,9.416,8.1942,11.984,9.8618,10.441,9.9321,8.9051,9.6712,10.442,9.2431,8.3251,9.9193,8.7969,9.5074
8.3022,8.2581,9.1561,10.366,10.422,10.16,11.302,8.5254,8.9139,10.112,6.9575,9.2753,9.2789,9.0519,9.2114
8.6974,8.3932,8.2882,11.383,10.267,10.348,10.716,9.4175,10.028,9.8254,8.3014,9.043,8.7965,8.6418,8.3263
7.3676,7.1934,8.0604,9.6999,8.9062,10.703,10.348,10.072,8.6663,9.035,9.6558,9.7336,9.3662,9.0321,9.2333
8.1271,8.0733,8.5806,11.189,10.242,10.727,10.457,8.0211,10.489,10.59,8.8605,8.3598,7.9236,8.7889,8.7057
8.645,9.2042,7.108,11.012,9.9968,10.545,10.783,9.4832,10.416,9.0083,7.8442,9.6659,9.7117,8.2732,9.4773
8.1859,7.9006,8.6753,11.092,10.484,10.338,10.618,8.9425,8.4958,10.134,7.3567,8.972,8.9986,9.2606,8.5897
8.9228,9.3058,7.6544,9.4706,9.1741,10.204,10.339,7.5167,9.6392,9.9066,8.2917,8.7044,9.0592,8.2233,9.4244
8.2929,9.5432,8.5432,9.4649,9.8477,10.024,10.523,9.0316,9.815,9.7381,9.1983,9.5396,8.6762,9.1089,9.2807
8.7938,7.5137,9.5575,11.017,10.387,9.0079,11.018,8.8402,8.7136,9.4458,8.469,7.798,9.1081,9.0952,8.2639
8.2375,8.4975,8.0888,11.062,9.7595,10.797,10.03,9.598,9.0558,8.4987,8.0629,7.9973,8.207,7.911,9.7711
8.2515,8.1507,7.7783,11.364,10.824,9.7959,11.505,8.6868,8.6402,9.346,7.7092,8.9508,6.2301,8.5993,7.7078
8.3294,8.7769,8.8427,11.896,9.2215,10.752,10.155,8.5811,9.2763,8.658,8.9235,8.9803,8.0772,9.3281,8.4321
8.4832,8.6847,7.9342,11.271,9.8384,9.1518,11.578,8.7068,8.4059,9.671,7.5606,8.1141,7.8789,9.3687,9.206
7.8471,9.0964,8.2263,10.565,10.089,10.869,10.767,8.6433,9.6985,9.6035,8.2122,8.0005,8.1183,9.5543,8.8162
7.1794,8.4896,7.9318,9.4736,9.2816,11.226,11.552,7.7381,9.419,10.04,8.8395,8.4407,9.4488,8.9316,7.7971
7.6164,7.9238,7.6551,9.7203,9.3108,10.612,10.266,9.0823,9.5314,9.4532,8.0965,8.3633,9.5496,8.3722,8.4857
7.4913,7.6788,9.056,9.9194,9.3972,11.387,10.733,8.764,8.5929,8.957,7.7972,9.4617,7.9709,9.0195,8.4694
6.2663,8.7727,8.1952,11.144,9.5704,8.8409,11.395,9.0137,9.0075,8.9271,8.2825,8.3784,8.7597,7.9143,8.0855
7.8617,9.0282,8.4744,11.675,9.5953,10.081,9.1311,8.483,9.212,10.284,7.6094,8.6684,9.6683,8.8508,9.2874
9.0704,7.3455,7.8826,10.38,9.9132,10.232,9.1985,10.079,8.7116,9.6986,9.7446,9.5454,8.6128,8.6911,8.3623
7.9087,8.3694,8.3925,11.278,9.7151,9.5715,9.0649,9.3418,10.077,9.4201,7.4172,8.6695,9.3822,8.8544,7.1912
6.9569,9.4312,7.4316,11.202,9.6017,11.135,9.7823,9.2088,10.096,9.9569,8.3598,8.1199,8.7798,8.5384,9.8655
7.5105,8.8257,8.7705,11.281,9.8145,10.054,9.8026,9.9742,9.0323,9.294,8.9645,9.6519,7.8465,8.0293,7.7076
8.5699,9.3181,8.9441,10.691,9.4516,9.1434,10.064,9.5141,8.8273,8.802,7.6786,9.1275,9.2676,8.0632,9.1064
7.1623,8.8931,8.409,9.3948,10.051,10.827,9.7778,8.4063,9.0549,9.6346,7.7635,9.131,8.4731,8.8912,7.7199
8.0468,9.5267,8.5012,10.26,10.057,10.574,8.7641,9.4947,8.9937,8.9257,8.8875,9.1145,8.7625,8.0178,8.2755
7.7313,9.1456,8.0442,9.9455,10.903,11.65,9.2973,9.3711,9.0903,8.9528,7.5393,8.6169,9.0285,9.0651,9.3947
8.6411,9.3296,8.5787,9.9125,9.9848,9.6821,9.6336,9.2288,9.5397,8.8686,8.1687,10.087,8.5417,9.0537,7.8611
9.0363,8.1998,9.1197,9.448,9.1727,12.06,9.9838,9.8714,8.4743,9.3184,7.5398,9.1702,8.8162,8.5926,9.2498
7.8338,8.8641,8.2098,9.4182,10.607,10.024,10.218,9.02,9.6164,9.396,8.4297,8.7379,8.4433,8.5837,8.8246
8.8339,8.3643,8.4637,9.9283,11.535,9.7561,9.2294,8.1606,8.2923,10.118,8.5989,9.1645,8.6931,8.7267,9.6684
6.8303,8.7197,7.09,10.163,9.0285,10.847,8.9049,7.8362,9.0153,8.8873,8.3025,8.2407,8.2415,9.1409,8.5011
7.1872,7.3919,6.8553,8.0855,9.9195,8.8819,8.7375,8.1743,7.4759,9.5708,6.5826,7.1754,9.5295,8.7607,6.7091
7.6231,8.1329,8.506,9.3544,10.5,10.677,7.9846,8.7679,8.0683,9.9919,8.4925,7.6131,7.8289,8.6463,7.9216
7.5316,8.7282,8.1113,9.7824,10.728,10.33,8.948,9.0676,9.6291,9.867,8.228,9.318,8.7389,9.2732,9.0816
7.7717,8.1777,9.2624,9.4385,9.9013,10.11,9.8484,9.3521,9.2315,9.3681,8.7898,9.2919,9.9809,9.037,8.3748
9.3325,8.7882,7.5872,9.3365,11.015,11.42,9.4934,9.4772,9.0485,10.342,8.9,9.0272,8.744,8.9443,7.3381
7.7727,8.2161,8.2174,8.9095,10.184,10.408,8.9047,9.5776,8.5962,9.2151,9.1466,7.677,8.7399,8.7906,9.1574
8.2018,9.0088,8.7436,9.6719,11.112,9.687,9.6789,9.7639,8.3523,10.11,8.9507,9.1664,8.3102,9.4336,8.674
8.7204,7.9816,7.721,10.321,11.178,11.022,10.242,9.6824,8.5397,9.6201,8.6238,9.1907,8.1116,7.9,8.545
8.833,8.802,8.2138,10.446,10.777,10.401,9.9376,8.3824,9.9249,10.084,8.7181,8.1836,9.5318,9.3529,7.0959
7.8935,8.1622,7.3012,10.244,10.894,10.203,8.9183,10.18,8.7557,8.6174,6.5517,8.2428,8.8437,9.2604,7.1449
8.5428,7.9582,7.4002,10.654,10.919,11.036,8.9407,9.5993,8.7281,9.6623,8.173,8.0539,9.7187,9.6025,8.3154
8.634,8.5736,8.4841,9.8752,10.757,11.858,9.7704,10.233,9.3763,10.613,8.2243,7.1945,8.3661,8.991,8.1614
8.6542,9.1022,7.5303,9.5454,11.188,11.375,9.8102,8.7873,9.7139,9.3629,8.2887,8.5728,8.8719,10.176,9.0406
8.5577,9.0123,8.3363,8.9738,10.718,11.067,8.7845,9.1984,9.7468,8.9069,8.5951,9.2871,7.8143,8.9406,9.6582
8.1325,8.6402,8.3254,10.996,11.019,11.027,9.9259,8.309,10.395,10.337,9.0246,8.2087,8.6225,9.3407,7.3996
7.4245,8.1545,7.5462,11.531,11.422,10.445,9.4547,8.3538,9.2967,9.8176,8.9308,8.7671,8.9464,9.4194,8.8627
7.9007,9.1508,8.5989,10.629,10.092,10.502,9.8371,9.8784,9.0563,9.5629,9.0184,8.7668,9.0293,8.7973,9.163
8.7336,8.192,7.8323,10.402,11.423,11.023,9.6793,9.5822,9.2715,9.7965,9.2799,9.5109,8.7589,9.1339,9.105
8.6962,8.028,7.7625,9.4966,10.069,11.355,10.264,8.7168,8.6406,9.0334,9.1598,9.7224,9.4374,8.7614,8.779
7.7088,8.8624,8.7433,10.957,11.094,10.739,10.025,9.6054,9.3789,9.215,8.6558,8.4437,7.8504,9.6078,9.0579
7.9906,8.4744,7.382,10.637,11.491,11.358,9.3248,7.3238,9.1194,7.1215,7.864,9.3763,6.4636,7.8714,8.6255
7.2627,8.0725,7.2691,10.255,10.912,11.3,9.3038,8.6908,9.3043,8.5931,9.2917,8.6991,7.7547,9.1846,8.2535
8.4245,7.8284,8.4185,11.324,10.124,10.3,10.385,8.4604,7.5472,8.7052,8.1604,8.8256,9.6015,8.7641,8.9937
8.1323,7.6977,8.0797,10.963,10.817,11.656,9.5656,8.7254,8.2496,8.9019,7.8638,9.4592,7.6661,8.7817,9.4181
7.3044,9.4073,8.2014,9.6293,8.8837,10.772,8.2741,7.2006,9.4949,8.9365,8.2634,5.982,8.4067,7.7766,7.9678
8.5127,9.4562,8.3509,10.269,10.196,11.003,9.4463,9.7834,9.3819,8.4642,6.8408,9.9887,7.8922,8.4367,9.0314
7.6376,8.5858,7.9611,9.9194,10.056,9.5655,8.1551,9.4392,9.2462,9.3143,6.1819,8.5927,8.4071,9.3539,8.8755
7.2652,7.1019,7.8192,9.8314,10.133,10.889,8.5724,7.1944,7.9538,9.2888,8.6195,8.2967,8.6648,8.4415,8.6803
9.0274,9.3282,7.9032,10.215,9.9741,10.726,10.418,9.1504,9.7694,9.2711,8.0908,9.3939,8.762,9.4349,7.6868
7.4497,8.1655,8.4364,10.943,10.746,11.475,10.049,8.4785,8.7236,9.6027,8.8527,9.7192,9.4311,8.835,9.2018
6.8707,8.329,6.3544,9.3703,9.9719,9.0681,9.2102,9.0678,8.246,8.9047,7.2316,9.2748,8.5617,7.683,8.8008
7.8322,8.8842,8.0631,10.795,10.077,10.45,10.307,7.7326,8.4417,9.0691,6.3294,8.9304,7.4297,9.5569,7.4397
8.1172,7.4804,7.1991,9.992,9.0667,8.3858,10.478,9.7955,8.3973,9.4234,7.8422,9.3426,9.1717,7.6131,7.9872
8.3088,7.9184,7.9688,10.098,9.6638,9.7311,9.7732,10.059,9.0689,8.9873,8.8974,10.011,9.2968,9.2134,9.106
8.2106,7.436,7.7127,11.067,9.7523,9.9611,9.6576,9.8878,7.9626,10.001,8.4471,9.1608,8.4077,8.9784,8.6768
8.22,8.2406,8.8697,10.515,9.9564,10.017,10.161,9.3307,8.938,9.372,9.4569,9.7412,7.6084,9.5453,9.5061
7.9175,9.136,9.3783,11.49,9.891,10.607,9.9579,9.2273,9.2273,9.1619,8.1384,9.2466,8.71,9.457,8.1719
8.1617,9.5161,9.0404,10.057,8.9402,11.088,9.1112,9.9326,10.225,8.9507,9.0396,9.1979,8.2924,8.5764,8.7797
7.4476,8.7693,8.4601,11.163,9.8033,9.9791,10.396,8.3379,9.0372,9.7707,9.0371,9.1622,8.2132,9.2863,8.63
8.3618,8.0172,8.3842,10.882,11.165,9.7602,9.7803,10.049,9.048,8.228,8.477,9.2646,9.0664,9.7817,9.968
9.0033,8.1055,9.0502,10.688,11.072,10.432,10.398,9.8498,8.8215,9.1039,8.4437,9.1746,9.4297,8.9782,8.4887
8.1092,8.8683,8.8758,10.649,11.231,9.3422,10.235,9.4133,9.2632,8.405,8.5675,9.5767,9.0098,8.3355,9.1547
8.9594,8.226,9.7656,11.396,11.645,10.484,10.037,9.4209,9.1496,9.7963,9.5509,9.5502,9.3481,10.637,8.9157
9.1229,9.5296,9.3569,11.303,11.525,10.561,10.039,9.5598,9.5603,9.3201,9.0779,9.7387,8.9931,9.0962,9.4263
7.9107,8.7879,9.6712,10.379,10.782,11.126,9.108,9.3486,9.6131,9.6435,8.9097,9.8771,9.7724,9.7976,9.2977
8.7318,8.6859,9.2913,11.073,11.943,10.128,10.091,10.098,9.3844,9.4741,9.3662,9.2504,8.3419,9.0911,9.4784
8.0447,8.8233,8.9542,11.312,10.822,10.134,8.4922,9.3058,10.077,9.8695,8.5834,9.6146,8.949,9.7934,8.9181
9.2482,8.9778,8.996,10.384,10.567,10.123,10.234,9.4561,10.037,9.2753,9.7809,9.2638,9.3566,8.8249,8.9333
9.0031,8.3099,8.3779,10.056,11.388,10.3,9.8112,9.6229,8.9977,10.121,8.2567,9.1747,7.9268,8.3957,9.0909
9.3325,9.4882,7.7201,10.36,11.41,10.448,10.27,9.9518,9.9732,9.2047,9.6071,9.5254,8.2601,9.3868,9.1167
9.1667,8.8155,8.7495,9.9591,10.655,10.534,10.072,10.339,10.09,8.8441,9.5876,8.4541,9.0103,7.665,8.5893
7.7743,8.7419,8.1977,10.015,11.316,10.702,9.861,10.907,9.7583,9.8521,8.6203,9.0362,8.568,8.808,8.9919
9.2942,9.264,8.2268,10.706,11.302,10.9,9.8784,9.7647,9.6637,9.9001,8.1381,9.3951,8.6287,9.5877,8.1448
7.6151,8.9586,8.4448,11.647,10.593,10.222,10.434,9.7663,9.7926,7.6519,9.5542,8.2617,8.5574,9.0984,9.3041
8.8776,8.0577,8.3483,10.197,11.965,11.198,9.2224,9.1374,8.4495,9.4575,8.4119,8.9033,8.5459,9.376,8.9978
7.775,7.5785,8.9304,10.337,11.4,10.925,9.717,8.9571,8.4191,9.8777,9.1748,9.1706,7.9119,9.0362,9.3011
9.4555,9.135,8.661,10.274,11.482,11.287,9.7161,8.7527,8.995,8.5389,7.5792,9.3015,7.7352,8.795,9.4497
8.2267,7.2997,8.6599,10.247,11.086,11.004,8.5783,10.626,8.086,9.6246,8.6797,8.5073,8.7169,7.8852,8.8901
6.9148,7.6501,8.1967,10.198,10.029,9.3517,9.4235,10.494,9.2302,9.0945,8.0143,7.6929,7.7834,9.9217,8.0638
8.0933,8.581,9.0818,10.199,11.145,10.061,9.81,9.2101,9.7756,8.7291,8.9765,7.8052,7.8932,8.1811,9.0286
7.4143,8.0424,10.234,9.74,9.871,9.0764,8.9543,7.7352,9.2077,9.7902,8.4865,8.647,8.2105,7.5233,7.8139
9.0095,8.084,9.1657,9.8245,9.3714,9.4753,9.8691,7.689,9.7309,9.8232,8.1946,8.7797,8.4504,7.4211,10.031
8.1674,7.5182,8.809,9.7448,9.9609,9.1566,9.7999,9.516,8.8214,8.3128,7.3239,8.7403,6.726,8.9599,7.9873
7.8288,8.8477,9.9503,11.112,10.401,9.8367,8.1669,9.1709,10.219,9.0051,9.8229,9.1335,8.5111,9.0251,8.4497
7.6361,8.3387,8.2935,9.9877,10.062,9.7348,9.4758,9.8109,9.4219,9.0793,8.3977,8.7453,7.1891,9.0608,8.8362
8.1701,9.3958,9.2599,10.072,8.8061,9.9159,9.5942,7.7658,9.8635,8.5565,8.3479,8.46,8.5115,7.9858,8.1257
9.0429,8.3546,7.7198,10.801,9.857,8.9983,8.2393,9.5542,8.5132,9.6713,7.9401,8.2773,5.7476,8.6031,6.8533
8.0032,8.3877,8.4964,9.4317,9.3692,10.253,9.4781,10.137,9.27,9.1442,8.3611,8.0624,7.4751,7.6223,8.7238
8.1544,8.6146,8.4174,11.375,10.512,10.296,9.8887,10.459,9.9421,9.4226,8.9708,9.3865,8.515,8.7418,8.7613
8.4698,9.0814,9.7891,10.962,11.761,10.863,9.9695,9.9941,10.332,9.8307,8.0333,8.9044,8.9055,8.9234,9.4175
8.9836,9.2544,8.8792,11.413,10.59,10.519,10.359,10.014,10.092,8.8816,7.4886,8.5741,8.6237,8.206,8.6086
9.1764,9.552,10.101,10.929,11.087,10.69,9.1241,9.7104,9.4922,8.3999,8.08,9.2762,8.9504,8.6985,9.2332
9.2951,8.9505,9.2507,10.757,11.331,10.567,9.4814,9.4271,9.5808,9.274,7.4057,9.0607,9.5041,7.422,9.6728
8.8748,7.3958,8.7539,9.4484,11.267,10.99,9.9493,9.4334,8.6844,8.4656,8.5722,8.9982,8.5037,8.585,8.1695
8.5567,7.9448,9.7051,11.103,10.019,10.918,10.35,9.1398,8.9751,10.013,8.1647,9.3701,8.4519,9.0214,9.0319
9.6962,8.9242,10.653,10.024,11.231,11.005,10.26,10.036,9.7928,9.3341,8.5178,9.3425,8.9623,8.9073,9.6463
9.6739,9.4253,10.123,10.856,10.161,9.8386,10.546,10.14,9.8046,9.4712,8.5554,8.6642,9.4939,8.1253,9.2417
9.3723,8.3102,11.155,10.488,10.897,11.418,10.077,8.8641,9.1926,9.302,8.4988,8.6546,8.2621,9.6259,9.4246
7.8759,8.182,9.2926,10.808,10.45,10.446,10.437,9.4945,9.2277,9.9701,8.7637,9.1636,8.9027,8.4532,9.4555
8.0782,7.8242,11.032,10.368,10.488,10.579,8.8304,10.14,8.305,10.037,8.4195,9.3502,7.9739,7.7512,10.152
8.2812,8.4284,9.7494,10.696,10.679,10.315,10.327,9.7164,9.2543,9.2997,9.3288,8.8796,8.2951,9.3534,8.4235
7.6175,8.41,11.264,10.349,11.301,10.054,9.707,8.5198,8.7918,9.5257,8.1796,7.7414,7.9035,9.8117,9.4742
8.5441,8.9244,11.776,10.184,10.988,11.027,9.3981,9.018,9.2495,7.9944,8.0271,8.691,9.2739,8.7861,9.8453
7.8323,8.6569,10.806,11.77,11.324,10.911,9.9761,8.9733,9.4602,8.5537,9.2882,9.3021,8.9627,9.3794,9.4542
7.4028,8.6234,10.582,11.062,11.133,11.614,9.5044,10.515,8.7501,10.155,8.5218,8.329,8.4219,9.4103,9.1545
9.0487,8.3014,10.763,11.45,11.747,11.56,9.576,10.612,9.1957,9.0433,7.9931,8.9708,8.7092,8.8342,8.9678
8.9872,7.9772,11.326,10.592,11.917,11.629,9.8787,9.9596,9.4913,8.8907,9.41,8.843,9.0088,8.4481,9.1747
9.0795,8.8205,10.959,10.358,10.617,10.492,9.8765,10.079,10.254,8.968,8.6945,9.3563,8.5596,8.1489,9.1472
8.9362,8.02,11.472,11.036,11.799,11.708,10.605,9.1524,9.8974,9.4704,9.0515,8.7552,8.201,9.8581,9.2449
9.171,8.0877,12.137,10.559,11.209,10.384,9.7259,10.072,9.6213,8.7199,10.053,8.3498,9.3771,8.8788,9.0894
7.68,8.7674,11.986,10.392,11.505,11.271,10.785,10.257,10.435,9.0073,8.834,9.5549,9.0142,8.7337,9.7081
8.7256,8.9959,10.774,10.274,10.13,10.71,10.529,9.1135,9.6873,9.8374,8.9418,9.4569,8.737,8.5169,8.791
8.2744,8.7315,9.4515,10.273,10.806,9.4829,9.5998,9.7069,9.7333,8.6677,9.0971,9.0447,8.4118,8.1739,8.9321
8.5439,8.0886,10.799,10.391,11.207,11.8,10.499,9.7693,9.2653,10.538,8.4834,8.3021,8.7735,9.2784,9.1124
8.0645,8.4057,12.244,10.876,11.725,10.252,8.8124,9.8616,8.5279,9.6797,8.9332,8.6894,8.5528,8.5297,10.086
7.8746,9.0665,12.125,10.676,10.875,11.276,9.5749,9.6798,9.5563,9.4459,8.5798,9.2095,7.8907,10.079,9.605
7.2893,9.1043,11.151,10.242,11.806,10.58,9.8072,8.9076,9.588,8.9607,8.7653,9.3222,7.3387,8.7386,8.9418
7.8069,9.5562,10.299,10.268,9.8975,9.9629,10.512,9.3986,9.9891,10.157,7.7083,8.8501,8.229,7.8067,9.739
8.7241,7.9787,10.971,10.397,10.901,9.999,10.046,9.7136,8.5511,9.024,8.4817,8.9071,8.1446,8.7629,9.3129
8.7891,8.0848,11.572,11.216,11.9,10.769,11.081,9.0742,8.854,10.067,8.3155,9.1289,8.0139,8.7035,8.4441
9.1436,8.1245,11.125,11.245,11.593,11.102,10.454,9.2511,9.103,8.9185,8.5597,8.8555,8.5487,8.7406,8.813
8.1206,9.6661,11.139,9.3883,10.347,10.998,10.623,8.8955,10.165,9.1452,9.7158,8.7848,8.0406,8.1098,9.1114
8.8928,8.8682,10.82,10.011,10.815,10.304,9.8187,9.8104,10.133,10.61,8.4575,9.5834,8.5734,8.5939,8.4189
7.1709,8.9629,10.658,10.8,11.044,11.404,10.965,9.3531,9.492,8.9433,9.2413,8.9899,8.0296,8.4609,9.9211
