1
268.2000,80.6000,35.4000,54.4000
267.0000,76.8000,35.0000,53.8000
263.8000,77.8000,35.0000,53.8000
265.8000,72.8000,35.2000,54.0000
263.0000,79.2000,35.0000,53.6000
265.2000,71.4000,35.0000,53.4000
267.3487,72.4008,29.6274,49.0560
265.2000,69.0000,29.8000,49.0000
261.2000,73.8000,29.2000,47.6000
259.8000,76.2000,29.8000,48.4000
260.2000,71.2000,29.6000,48.6000
261.6000,75.0000,30.0000,48.8000
255.6000,70.8000,30.6000,49.6000
253.5776,72.5252,31.6537,52.4920
253.4263,72.4659,29.9303,54.8910
248.0101,72.0641,31.0325,51.6287
242.4128,76.1268,32.2817,49.5915
238.6000,71.8000,32.4000,49.6000
236.4000,72.6000,31.6000,48.4000
233.2000,79.0000,31.8000,48.6000
234.7296,84.0930,30.4490,46.3023
238.6568,83.9253,28.2859,47.3504
239.8241,81.8451,27.6305,47.8100
241.6961,77.9878,26.1495,51.4675
242.3976,83.4676,25.4992,46.2241
249.4000,83.2000,25.4000,46.2000
247.4000,80.2000,26.0000,47.4000
243.0555,81.2263,27.4923,49.1122
245.6114,80.3900,27.4587,53.2479
246.6318,74.5054,27.2783,52.6893
243.4588,75.5831,27.6394,51.2660
242.2228,71.0443,28.2948,50.1310
239.7746,76.0958,26.8666,47.9029
236.3281,72.3124,27.1735,48.6459
232.6767,70.8967,28.3887,52.6797
228.0201,74.0253,27.6276,53.3043
224.7116,72.9200,26.9827,54.5845
223.6403,75.1297,27.6256,52.7711
228.1877,71.9841,27.7913,53.5334
230.0896,70.9967,27.7195,55.1087
227.5621,75.1866,30.0683,56.3315
226.0184,79.5690,31.1951,56.7019
227.5622,80.3863,31.7197,58.1036
225.8828,82.4955,31.0409,57.0657
228.2511,81.8360,31.7980,55.4255
230.6173,82.8460,30.7665,56.4029
232.9829,84.6639,28.1585,55.9142
234.9709,81.5297,27.3617,58.0127
236.6785,87.4828,26.6633,57.3385
237.6511,84.4268,27.7108,58.6846
237.7882,80.3445,27.6178,57.7985
239.3315,83.3391,30.7848,56.4764
235.8359,83.9421,34.2940,55.7764
230.1848,83.0811,36.6349,57.4695
222.9003,86.3175,36.5975,57.5506
219.6278,86.1857,35.3589,63.1062
217.8225,81.8050,35.0710,62.8358
216.6030,81.7513,33.3370,61.4860
215.5286,84.2383,32.7478,60.5350
217.4786,80.4838,30.5418,60.5162
217.1495,76.5036,29.7676,59.5422
215.1327,81.0056,30.0073,55.5186
220.4301,79.1104,29.2562,58.4898
220.7368,77.6764,29.4261,59.8516
225.5358,75.3018,30.0924,60.6938
230.0297,74.3550,29.9577,59.2651
229.5600,80.9208,31.7759,57.1144
227.0445,81.3669,32.9252,55.7659
224.7893,84.2269,32.5620,60.3938
226.7252,80.0591,34.6388,63.0664
224.2010,79.8244,35.1963,64.6054
226.6004,86.6626,34.3990,63.0392
231.8439,90.7473,32.2712,60.0859
233.9787,83.7244,31.2687,59.8431
234.5707,77.8263,34.3934,61.9343
231.8083,85.4208,35.6950,62.3754
237.1538,82.9560,35.7334,68.1579
242.1645,85.1759,35.1214,64.7723
244.3798,83.9623,36.1055,63.7194
244.9640,86.7475,36.5784,62.7474
248.6513,90.0904,35.1320,62.2266
246.7568,93.4658,33.6309,62.7664
247.9623,93.4395,35.8561,62.6574
249.0230,93.6353,36.1487,66.7688
247.5752,92.2337,35.7164,64.8813
245.1679,91.7547,34.7344,64.8857
244.6325,93.9797,33.4641,59.4012
242.6859,82.6545,33.5868,63.3297
229.8362,83.5663,34.1489,60.6090
229.0605,80.0257,33.6994,65.4075
230.8968,79.3155,35.4046,64.8766
231.4338,75.5436,37.2237,64.2123
234.3150,70.5712,40.1047,64.6040
234.9812,74.8577,42.4278,67.3799
235.0536,80.8848,40.0474,69.2743
241.9570,82.0600,39.8739,71.9993
243.4563,84.2863,38.7055,67.9795
248.9740,84.5457,36.3471,63.1333
253.1834,96.2829,32.7740,55.5030
256.2295,102.5224,30.4880,49.5849
260.6454,96.0764,29.8490,52.2210
256.8445,90.6768,31.6158,56.2967
258.4725,86.1818,34.6834,63.6489
255.5013,77.7473,37.6480,66.8345
248.6831,72.0823,41.1675,69.1540
242.0949,69.5183,41.5443,68.0488
233.0251,74.4483,42.5184,64.9456
218.2206,71.7240,42.3194,66.4913
214.7405,70.1727,41.1890,68.0782
207.5936,70.8760,36.9088,63.2313
208.6274,72.4475,35.1737,57.9245
209.9271,71.5444,36.0231,58.3766
213.6792,71.1677,35.2493,59.7390
214.5714,67.0190,36.3338,62.6599
215.0229,67.8482,37.3954,61.6596
219.6511,72.9425,35.9649,62.4688
226.0453,70.1321,35.0417,62.6343
232.3684,72.5654,35.2497,61.6533
238.6348,71.0094,37.1609,63.0532
245.8906,75.8105,38.7138,62.9249
245.7934,76.1292,40.6340,64.6668
253.2303,78.3415,39.7277,67.2343
257.2893,80.4823,37.5599,64.9882
262.3876,81.8466,36.7090,61.6669
269.2411,76.7756,38.7802,62.4321
277.5511,81.6161,36.8037,60.3220
283.9533,83.7400,33.9587,58.4281
285.5640,83.3009,32.7516,60.8786
286.0097,82.6157,31.2183,60.4484
293.5506,83.1116,30.4689,62.5578
298.8118,83.8370,30.3593,58.1472
307.6706,86.3940,31.1713,58.9223
309.6818,90.8344,33.1345,56.8030
309.2093,89.0388,32.8082,59.4331
311.8592,88.3346,32.9394,59.0593
307.3526,95.2213,31.1585,55.6046
310.4639,96.2470,31.9982,53.6789
306.8537,93.2047,33.0589,56.0614
304.6383,90.2951,33.1989,55.3064
299.1554,90.0280,34.3683,60.0826
293.2001,91.6105,31.9466,57.9192
288.6500,89.5325,31.2722,56.2983
287.3884,87.4173,30.1965,54.2361
285.9081,86.1102,29.9797,54.9280
283.0000,84.4000,30.2000,55.2000
281.7000,80.9663,31.9072,52.5397
279.1558,88.3618,31.9505,49.8004
275.9399,85.5945,31.6826,51.7595
274.1359,85.6886,31.3077,52.2823
271.9073,87.1082,32.6403,50.6840
277.0814,89.5215,31.9823,48.5933
278.5991,85.3473,33.3218,51.4528
277.5112,81.8499,36.0175,53.5057
278.6023,83.6692,35.4902,52.7805
281.7589,83.3113,35.9726,52.6815
287.0841,82.3491,33.2409,53.1769
290.0948,83.2976,33.8559,53.6222
292.5499,89.8053,33.4541,48.9285
292.6488,84.3888,31.4089,46.2484
296.1815,85.4543,31.2320,48.2988
296.8120,86.2437,31.9218,51.7614
299.2954,84.8316,30.7247,53.4179
299.2766,87.0433,29.0196,51.4343
297.9615,86.0725,31.2045,51.3728
300.1923,89.4979,33.8812,48.4248
297.4347,86.0027,35.9474,49.3361
296.3070,83.7581,34.4232,49.6829
298.0325,87.2551,33.3258,51.8362
299.5535,87.3742,32.5026,53.4014
296.9432,88.6988,32.3231,51.1715
301.6038,92.4703,33.6300,49.0731
293.5663,88.5659,34.0311,45.0869
302.1224,89.0285,35.3566,46.4257
310.2971,89.4990,32.6511,48.5102
306.9574,87.0037,32.1157,52.4191
308.2006,86.0668,32.7811,52.8002
307.6600,87.1371,34.3284,50.8897
314.3686,85.4073,34.9537,50.5873
317.2400,80.8104,34.9664,51.4619
321.2542,85.5081,34.0495,51.9109
321.2000,82.9574,32.5268,52.5075
322.5019,83.0169,31.0960,51.3752
329.1578,81.7387,29.4685,53.7010
330.4168,84.3507,28.5744,49.1359
332.8394,88.0459,30.4540,45.4241
334.6040,86.7231,31.1802,45.4707
334.8551,87.4607,31.1384,45.6435
334.3455,86.1548,30.5000,46.4473
329.9721,83.5944,30.8682,48.3752
334.0108,87.7767,30.5450,48.2073
332.3443,84.5953,33.0253,52.5292
335.1582,81.3034,33.7469,56.2004
336.8747,81.5046,35.0343,57.0109
335.5216,81.5375,34.8516,57.4566
336.8456,79.0962,34.5528,57.0049
339.6229,78.6732,34.7907,59.0782
339.2496,81.2651,34.9443,57.4827
340.8807,82.3562,34.9197,53.1717
347.9440,88.9969,36.0869,50.9026
348.1895,90.4718,38.4011,49.5966
351.1465,96.4318,37.4174,49.1928
349.5263,90.3861,36.8313,55.5854
348.8962,93.2924,37.3972,54.9223
344.1926,91.1194,40.8755,56.6741
339.7529,91.5106,42.8215,59.0983
333.7008,88.8595,45.6156,60.6746
326.2287,87.4511,47.7716,59.0414
319.8939,80.1083,44.9886,57.2397
319.1028,89.1766,44.2950,56.2694
320.1017,92.4124,42.9191,55.7108
324.2010,99.9650,40.3004,52.1731
324.6067,99.9557,39.7071,51.3563
326.3115,102.4158,37.9436,49.1782
326.6608,104.6537,37.1470,48.7924
328.5723,106.6277,35.1400,47.8022
328.5367,101.1726,33.3682,46.8812
330.8993,102.2453,31.7096,46.2464
335.8842,102.0655,32.5682,48.0625
337.9915,100.7365,33.1618,49.0491
338.3600,100.8504,34.2827,49.0796
337.3351,103.9842,34.5495,47.1949
337.5204,103.2222,34.0729,46.2995
343.0324,106.8445,31.0948,44.1377
346.5081,105.4290,28.8752,45.3089
347.6685,108.7480,28.9939,42.0510
350.5445,110.0756,29.1782,40.5768
349.3264,113.9571,29.7358,38.6012
352.0805,115.3330,29.8119,38.0095
352.3103,108.9949,28.7337,40.6498
350.1412,107.6781,27.4720,41.6532
351.0023,109.1571,27.7939,42.7013
347.9473,108.7986,29.1155,44.0271
345.3557,105.4665,31.8390,45.2119
344.3441,105.1813,33.7636,45.3875
345.2304,106.0988,32.5459,45.9562
344.9541,107.5414,33.2230,45.7422
346.3503,104.6076,31.7938,45.6937
352.7783,107.9692,29.5507,45.6901
356.1303,109.1529,30.5586,43.0377
357.6762,111.7973,29.9104,40.6561
358.7895,111.2780,30.1257,41.0951
363.0286,112.0084,28.8137,40.9768
364.6495,110.7959,27.5910,43.0229
365.2794,113.2730,27.7491,43.0591
368.3345,113.5416,28.4379,43.8217
369.2699,107.1453,30.8660,45.2604
370.1917,112.2526,33.1336,44.3256
368.1707,108.4652,34.2363,44.5647
365.0206,110.5135,32.4131,42.5383
361.5731,111.7386,30.3544,40.4309
363.1472,108.7555,29.2661,41.5557
365.5844,108.5320,28.5627,43.4341
366.0345,108.9229,28.4041,41.6412
365.8464,109.1642,28.9579,40.9026
365.8917,109.0440,28.5670,40.3851
365.4681,107.1148,27.1874,42.2653
365.4647,107.3923,24.8944,42.8260
364.1121,106.8439,24.1415,43.1055
361.9050,105.6311,24.9865,44.7388
356.8739,108.7793,25.0026,43.0077
355.2459,104.9436,26.9017,41.9304
352.4417,103.4568,27.7904,42.5097
349.2238,103.8337,27.9779,41.8867
347.3839,106.3350,26.4553,42.6161
346.7256,105.1795,24.4278,40.2562
346.6483,105.5359,23.7765,40.1470
346.1656,101.3056,24.5154,38.4489
347.8960,104.0817,24.5919,37.5513
346.6176,103.2075,24.5561,35.8861
347.1717,106.6828,26.4091,36.7666
347.9826,107.7532,26.4238,39.1903
348.7066,106.7401,26.5634,42.2753
349.4219,112.0385,25.7889,40.7035
351.3087,115.7731,26.2149,39.6654
354.1740,115.7229,25.5690,37.4792
355.4070,115.0826,25.8353,35.0756
357.4790,115.0454,26.4651,35.1088
358.0503,118.8429,27.1587,35.3824
358.8497,114.5946,26.6491,39.3919
359.9112,111.1050,26.8050,43.4127
358.7466,111.7269,26.9165,45.1794
360.0912,111.3370,27.2145,43.4117
362.2529,111.5386,26.3892,39.5754
363.1917,113.2368,27.2060,38.4002
363.8194,114.6458,27.6192,38.5979
364.4696,113.2652,28.5042,39.8578
366.1221,114.7913,27.0590,40.7829
368.8594,113.1454,28.0856,42.3712
373.9918,114.4966,28.3168,43.1288
378.4390,111.5845,28.7954,41.6705
384.7197,112.7438,30.2573,38.9977
388.5557,109.4235,31.4818,40.0342
