0.000165
0.04271
0.023801
0.024101
0.024102
0.024141
0.024586
0.02406
0.024689
0.025247
0.024246
0.024736
0.024716
0.024131
0.02435
0.024746
0.024088
0.024165
0.02445
0.024973
0.024659
0.024579
0.024402
0.024695
0.025087
0.024844
0.024725
0.02417
0.024293
0.025714
0.024776
0.025228
0.024758
0.025464
0.024081
0.024694
0.024658
0.025901
0.024303
0.025019
0.02493
0.026007
0.024932
0.026182
0.024588
0.026431
0.02517
0.025815
0.024938
0.026181
0.02469
0.026941
0.025393
0.026521
0.024778
0.026444
0.024872
0.026845
0.025165
0.027107
0.025197
0.027463
0.025664
0.026237
0.025617
0.026317
0.024604
0.025935
0.024649
0.025688
0.024739
0.026578
0.024797
0.026573
0.025207
0.025995
0.024952
0.025894
0.025036
0.026338
0.025233
0.024972
0.025143
0.026155
0.024811
0.026901
0.025753
0.025339
0.025147
0.024973
0.024378
0.024691
0.024392
0.025483
0.025312
0.02677
0.025716
0.02784
0.024905
0.026695
0.025019
0.025752
0.024761
0.027109
0.025346
0.02564
0.02503
0.020474
0.02348
0.025307
0.023625
0.026086
0.022713
0.026259
0.024249
0.024464
0.019607
0.025801
0.02342
0.024651
0.023433
0.024982
0.01915
0.0247
0.018899
0.024933
0.022927
0.024128
0.019149
0.02643
0.020081
0.025722
0.024971
0.020836
0.023741
0.0254
0.023654
0.023993
0.0235
NaN
NaN
NaN
NaN
0.000174
0.038696
0.021625
0.020923
0.02142
0.022345
0.022041
0.022576
0.022343
0.021369
0.021457
NaN
NaN
NaN
NaN
0.000172
0.027673
0.015245
0.01516
0.014632
0.014936
0.016313
0.01662
0.015002
0.015693
0.018519
0.016167
0.016466
0.01611
0.016345
0.016496
0.016021
0.015994
0.016222
0.015838
0.015936
0.016441
0.016553
0.016692
0.016039
0.016011
0.016737
0.016217
0.015542
0.016069
0.01689
0.017148
0.015939
0.016975
0.016085
0.015857
0.017086
0.016343
0.01602
0.01637
0.015331
0.015191
0.016168
0.01586
0.016454
0.016207
0.015968
NaN
NaN
NaN
NaN
0.000173
0.038267
0.02167
0.022653
0.022131
0.023236
0.022343
0.022607
0.022211
0.022947
0.02255
0.022048
0.021977
0.022652
0.021797
0.022271
0.021783
0.02191
0.021412
0.021374
0.022049
0.021537
0.021095
0.021764
0.021503
0.022621
0.021673
0.021759
0.021905
0.022051
0.022393
0.022184
0.021921
0.022391
0.021416
0.022547
0.022166
0.022425
0.021828
0.022737
0.021704
0.022461
0.021363
0.022503
0.021676
0.02209
0.02163
0.022034
0.021304
0.022239
0.021551
0.022154
0.021624
0.021904
0.021827
0.022167
0.021938
0.021984
0.021437
0.02285
0.018788
0.019127
0.018853
0.019339
0.023103
0.023699
0.019096
0.024455
0.023697
0.021462
0.019267
0.023292
0.023017
0.023289
0.01885
0.023261
0.018864
0.023257
0.018836
0.019581
0.018716
0.019057
0.018491
0.018806
0.018666
0.019229
0.021334
0.022023
0.021789
0.022666
0.022094
0.023349
0.021485
0.023128
0.0229
0.023418
0.022693
0.022942
0.022569
0.022883
0.022885
0.022416
0.022777
0.021967
0.022426
0.022922
0.022887
0.023712
0.023079
0.019466
0.019945
0.019814
0.019585
0.019592
0.019749
0.019417
0.019318
0.018897
0.018682
0.021882
0.021924
0.021986
0.021526
0.022012
0.021561
0.021964
0.021746
0.021566
0.021527
0.022252
0.022085
0.022203
0.021791
0.022053
0.022368
0.022374
0.021702
0.021787
0.021379
0.021604
0.021644
0.021891
0.021446
0.021599
0.02174
0.021612
0.021279
0.021602
0.021564
0.021815
0.02122
0.021681
0.02148
0.021805
0.021328
0.021536
0.021351
