0.000184
0.071614
0.037338
0.038247
0.038494
0.037955
0.038276
0.037845
0.038291
0.03793
0.037917
0.03721
0.03853
0.037938
0.037838
0.037819
0.037931
0.038397
0.038249
0.038238
0.038285
0.038679
0.038339
0.037847
0.038547
0.03885
0.037891
0.038468
0.03724
0.038118
0.03812
0.03821
0.037663
0.037353
0.037962
0.038083
0.038333
0.038691
0.039541
0.037869
0.038134
0.037502
0.03792
0.037565
0.0381
0.038238
0.037622
0.037389
0.03805
0.038021
0.037734
0.038261
0.037179
0.037636
0.038448
0.037703
0.037702
0.038684
0.038697
0.037967
0.037678
0.037629
0.038375
0.037749
0.037648
0.037773
0.038004
0.036627
0.037496
0.038831
0.037528
0.038824
0.037681
0.036875
0.039027
0.037164
0.038058
0.037485
0.038139
0.038575
0.037658
0.037685
0.037469
0.036008
0.036555
0.03687
0.036243
0.036505
0.03698
0.035918
0.036573
0.037993
0.03583
0.0361
0.036337
0.035782
0.036112
0.035523
0.035774
0.035599
0.036563
0.035384
0.034716
0.035804
0.034687
0.034082
0.033771
0.034783
0.03515
0.034683
0.035113
0.034439
0.035293
0.034567
0.03559
0.035417
0.03543
0.035905
0.036556
0.035585
0.035722
0.036221
0.035356
0.035892
0.036141
0.035314
0.03751
0.03692
0.036893
0.0382
0.03811
0.037487
0.038342
0.038256
0.03824
0.038323
0.03875
0.038095
0.03849
0.03829
0.038695
0.038637
0.038279
0.037859
0.038549
0.037965
0.038388
0.03864
0.037186
0.038853
0.036964
0.037715
0.038094
0.038341
0.038209
0.039049
0.039641
0.038997
0.039452
0.040074
0.040283
0.037758
0.039628
0.038813
0.038147
0.038632
0.0384
0.038878
0.037934
0.038847
0.038636
0.039377
0.04068
0.042086
0.043145
0.042765
0.043645
0.043808
0.042273
0.044679
0.043464
0.041632
0.042519
0.043267
0.041956
0.041845
0.041368
0.041863
0.041004
0.042327
0.040953
0.040959
0.041485
0.040668
0.040946
0.040406
0.041423
0.040859
0.039833
0.039921
0.039345
0.040209
0.040445
0.038506
0.039959
0.039285
0.038481
0.038243
0.039739
0.039095
0.040867
0.038652
0.037654
0.038376
0.039613
0.038686
0.038495
0.039574
0.036327
0.037571
0.037954
0.038656
0.043065
0.043823
0.035868
0.035778
0.038033
0.034952
0.034245
0.037295
0.034874
0.034804
0.035457
0.033711
0.034104
0.035125
0.034201
0.03449
0.032986
0.033721
0.032948
0.03319
0.033158
0.033219
0.032474
0.032219
0.032129
0.033482
0.03164
0.032699
0.031933
0.030115
0.032452
0.030079
0.030152
0.03143
0.031234
0.029925
0.030849
0.030785
0.028875
0.031389
0.030083
0.030492
0.02944
0.03128
0.029849
0.029745
0.032019
0.029451
0.029222
0.02896
0.030677
0.029812
0.030972
0.02936
0.029882
0.028538
0.02912
0.029497
0.029462
0.029623
0.029643
0.027662
0.027209
0.02978
0.02796
0.027998
0.029843
0.028565
0.027447
0.027613
0.030364
0.027714
0.027805
0.029385
0.028479
0.026079
0.030037
0.028546
0.026761
0.027544
0.02671
0.027091
0.02752
0.027232
0.027237
0.025646
0.025954
0.026083
0.027199
0.02697
0.025893
0.028238
0.026383
0.026184
0.025668
0.02469
0.023972
0.027309
0.024086
0.023981
0.025225
0.025801
0.023696
0.024346
0.023385
0.024143
0.023018
0.022971
0.024652
0.023203
0.022721
0.023108
0.02303
0.022686
0.023174
0.022389
0.022414
0.023074
0.022655
0.021974
0.022449
0.022193
0.021925
0.021585
0.021759
0.021429
0.021718
0.021474
0.021313
0.022304
0.021494
0.021118
0.021285
0.021392
0.021885
0.021982
0.021424
0.021474
0.021316
0.021093
0.021667
0.021351
0.021469
0.021173
0.021324
0.021739
0.021289
0.023296
0.021711
0.021285
0.021093
0.021194
0.021142
0.021139
0.021603
0.022082
0.02171
0.02158
0.021576
0.021389
0.021575
0.022211
0.022843
0.021917
0.022053
0.021235
0.021741
0.021688
0.022348
0.023002
0.022148
0.022538
0.022577
0.02187
0.021882
0.022039
0.021746
0.021555
0.022111
0.02125
0.022958
0.021246
0.021681
0.022698
0.021343
0.021408
0.022065
0.021108
0.020954
0.021686
0.021847
0.022391
0.021511
0.02168
0.02114
0.022428
0.02216
0.021638
0.021196
0.020656
0.021061
0.021892
0.02066
0.021788
0.022919
0.021054
0.020272
0.02085
0.020462
0.020816
0.02087
0.021465
0.020973
0.020655
0.020965
0.022256
0.022842
0.021313
0.021854
0.021344
0.020914
0.021595
0.02117
0.021356
0.022416
0.021223
0.021552
0.022673
0.02137
0.021346
0.021969
0.021687
0.021026
0.02119
0.020454
0.021059
0.02078
0.021057
0.02061
0.020961
0.020671
0.021111
0.020566
0.020439
0.021865
0.021046
0.021892
0.02085
0.020349
0.020789
0.023836
0.020342
0.020985
0.021664
0.020024
0.020356
0.021106
0.020035
0.022238
0.020126
0.020257
0.020146
0.020117
0.020647
0.021267
0.020142
0.020565
0.020345
0.019909
0.019888
0.019947
0.020799
0.019893
0.020203
0.020225
0.020559
0.019889
0.019628
0.019843
0.019833
0.019667
0.020384
0.020242
0.020398
0.020192
0.020462
0.019821
0.020346
0.019979
0.019611
0.019872
0.020643
0.020109
0.020379
0.0196
0.019735
0.019865
0.019755
0.019859
0.019868
0.01977
0.019781
0.020173
0.020185
0.019947
0.020324
0.020189
0.020821
0.019783
0.019946
0.019557
0.020194
0.020082
0.019798
0.019792
0.019935
0.019744
0.020886
0.019953
0.021209
0.020984
0.019762
0.020119
0.019842
0.020157
0.020904
0.019829
0.019961
0.021034
0.019807
0.019487
0.019877
0.020473
0.0201
0.020565
0.020666
0.020173
0.019483
0.019752
0.019927
0.019403
0.019587
0.020135
0.020217
0.020046
0.019618
0.02007
0.02026
0.019708
0.01992
0.019288
0.02
0.019741
0.019332
0.020116
0.019152
0.019359
0.019801
0.019056
0.019255
0.019111
0.019206
0.019131
0.018978
0.01882
0.019031
0.019097
0.019427
0.019593
0.019916
0.019397
0.018943
0.018992
0.018854
0.018972
0.018874
0.018713
0.019512
0.018923
0.019207
0.019484
0.01891
0.018639
0.01931
0.019423
0.018948
0.019492
0.019712
0.020852
0.019473
0.019473
0.020037
0.020075
0.019663
0.018843
0.020065
0.0195
0.019041
0.018829
0.018884
0.018536
0.019157
0.019356
0.019296
0.019166
0.018976
0.018938
0.019161
0.018593
0.018945
0.019042
0.019176
0.018424
0.018555
0.018672
0.018395
0.018499
0.018496
0.018614
0.018505
0.018636
0.018445
0.018941
0.01896
0.018768
0.018766
0.018779
0.018697
0.018811
0.018601
0.018461
0.018631
0.018525
0.018781
0.019149
0.019352
0.020171
0.019435
0.018742
0.018527
0.019055
0.018773
0.018912
0.018699
0.01863
0.018556
0.018765
0.018813
0.019563
0.018757
0.019586
0.019339
0.019554
0.018498
0.018331
0.018735
0.019066
0.018627
0.018666
0.018736
0.0185
0.01852
0.018685
0.018409
0.020039
0.019207
0.019255
0.019147
0.01942
0.019648
0.019219
0.019003
0.01883
0.019271
0.019146
0.018831
0.018632
0.018677
0.018685
0.019685
0.019693
0.019288
0.019427
0.019193
0.018621
0.018822
