16.114
0.40608
0.23619
0.12174
0.11868
0.1196
0.3811
0.15171
0.1392
0.14109
0.13864
0.13912
0.24021
0.12182
0.11958
0.12246
0.11957
0.12153
0.22575
0.13352
0.13533
0.12349
0.12032
0.12168
0.22838
0.12106
0.1184
0.11904
0.11574
0.11763
0.21913
0.11839
0.11605
0.11779
0.12126
0.15235
0.28221
0.14226
0.13567
0.1381
0.13624
0.12104
0.30976
0.12783
0.12327
0.12654
0.12398
0.12485
0.27177
0.14677
0.23043
0.14244
0.12694
0.1232
0.22959
0.12991
0.1234
0.1207
0.12668
0.13191
0.24072
0.11736
0.12562
0.14581
0.14774
0.14888
0.27587
0.12458
0.12634
0.1249
0.1264
0.12496
0.24794
0.12609
0.13448
0.12644
0.12728
0.12437
0.25944
0.13706
0.13862
0.11802
0.11882
0.11665
0.26198
0.12502
0.12598
0.12593
0.13075
0.13081
0.24361
0.13121
0.12396
0.12685
0.12427
0.12608
0.24562
0.12611
0.12529
0.12285
0.12122
0.12406
0.24056
0.12588
0.12744
0.13858
0.13026
0.12638
0.24543
0.12646
0.12448
0.12686
0.12413
0.1253
0.24154
0.12466
0.12309
0.12919
0.12246
0.12417
0.24352
0.12361
0.12357
0.12364
0.14048
0.13467
0.23964
0.11576
0.11825
0.11612
0.11876
0.11628
0.22068
0.12316
0.12317
0.11946
0.11624
0.11849
0.21755
0.11925
0.12321
0.12392
0.11481
0.1191
0.2179
0.1171
0.11634
0.11813
0.11673
0.119
0.21557
0.15234
0.14507
0.14714
0.14332
0.12535
0.25665
0.11789
0.11547
0.12021
0.11544
0.11948
0.21659
0.11943
0.11639
0.11507
0.11829
0.1175
0.21772
0.11665
0.11862
0.11578
0.11779
0.11706
0.22262
0.11799
0.12098
0.11744
0.11827
0.11621
0.21931
0.11975
0.12658
0.12971
0.15373
0.145
0.29536
0.12397
0.12569
0.12388
0.1255
0.12187
0.2459
0.12434
0.13497
0.12301
0.1252
0.12347
0.24641
0.12361
0.12564
0.12281
0.12433
0.12313
0.27203
0.13471
0.11943
0.11626
0.11969
0.11576
0.21839
0.11568
0.12376
0.11707
0.11857
0.11697
0.22034
0.12705
0.14961
0.14399
0.14447
0.14474
0.249
0.12324
0.12462
0.12512
0.12448
0.12334
0.24547
0.14141
0.12119
0.12682
0.13477
0.12442
0.24515
0.12251
0.13667
0.13552
0.13739
0.1332
0.22108
0.11573
0.11766
0.1146
0.11694
0.11441
0.2609
0.12537
0.12523
0.12213
0.12537
0.12361
0.24684
0.12457
0.13697
0.13154
0.13602
0.11496
0.21774
0.1149
0.11726
0.11632
0.11767
0.11354
0.2273
0.11952
0.11686
0.12018
0.11552
0.11949
0.22299
0.11719
0.11665
0.11894
0.1152
0.11721
0.21566
0.14923
0.14382
0.14655
0.14239
0.14023
0.26078
0.11644
0.13272
0.14064
0.12745
0.12052
0.21958
0.11699
0.11599
0.12502
0.11707
0.11681
0.2176
0.11832
0.11558
0.11743
0.11538
0.11793
0.21634
0.11859
0.11519
0.11685
0.1155
0.11864
0.21652
0.14718
0.14225
0.14361
0.1412
0.14309
0.2448
0.14193
0.13365
0.11789
0.11513
0.11684
0.21346
0.11575
0.11837
0.11777
0.147
0.14402
0.28695
0.12496
0.12475
0.12684
0.12343
0.12461
0.27179
0.13877
0.13671
0.13586
0.11861
0.11764
0.22066
0.15214
0.14477
