0.43869
0.066335
NaN
NaN
NaN
NaN
0.42367
0.065295
0.022986
0.022667
0.022189
0.021834
NaN
NaN
NaN
NaN
0.42239
0.064403
0.023719
0.022885
0.023065
0.023448
0.023237
0.023505
0.02305
0.023361
0.023117
0.022982
0.022889
0.023012
NaN
NaN
NaN
NaN
0.42875
0.064141
0.023845
0.023235
0.022172
0.022562
0.022456
0.022433
0.021893
0.022519
NaN
NaN
NaN
NaN
0.41877
0.066291
0.02239
0.021784
0.021625
0.02192
0.022194
0.022378
0.022605
0.021527
0.02098
0.021234
0.021863
0.022212
0.021389
0.021587
0.02205
0.021852
0.022067
0.021538
0.021672
0.021737
0.021607
0.021822
0.02153
0.021891
0.021366
0.021681
0.021456
0.021631
0.021569
0.02145
0.021586
0.022147
0.021759
0.021601
0.021921
0.02136
0.021577
0.021422
0.02166
0.021652
0.02171
0.021486
0.02165
0.021596
0.021398
0.02145
0.021705
0.021554
0.021679
0.021699
0.021363
0.021074
0.020753
0.021193
0.021496
0.021444
0.021192
0.0209
0.020756
0.020751
0.020889
0.020494
0.020545
0.021064
0.020689
0.020572
0.020458
NaN
NaN
NaN
NaN
0.43166
0.066245
0.022375
0.022282
0.021566
0.021228
0.021231
0.02096
