1
595.0000,201.0000,44.0000,40.0000
592.0000,200.0000,44.0000,40.0000
592.0000,200.0000,44.0000,40.0000
592.0000,200.0000,44.0000,40.0000
592.0000,200.0000,44.0000,40.0000
588.0000,200.0000,44.0000,40.0000
588.0000,200.0000,44.0000,40.0000
588.0000,200.0000,44.0000,40.0000
588.0000,200.0000,44.0000,40.0000
581.0000,196.0000,44.0000,40.0000
581.0000,196.0000,44.0000,40.0000
581.0000,196.0000,44.0000,40.0000
581.0000,196.0000,44.0000,40.0000
581.0000,196.0000,44.0000,40.0000
2
1
573.0000,191.0000,28.0000,36.0000
572.0000,190.0000,28.0000,36.0000
572.0000,190.0000,28.0000,36.0000
572.0000,190.0000,28.0000,36.0000
571.0000,190.0000,28.0000,36.0000
571.0000,190.0000,28.0000,36.0000
571.0000,190.0000,28.0000,36.0000
570.0000,189.0000,28.0000,36.0000
570.0000,189.0000,28.0000,36.0000
570.0000,189.0000,28.0000,36.0000
568.0000,188.0000,28.0000,36.0000
568.0000,188.0000,28.0000,36.0000
568.0000,188.0000,28.0000,36.0000
567.0000,190.0000,28.0000,36.0000
567.0000,190.0000,28.0000,36.0000
565.0000,189.0000,28.0000,36.0000
565.0000,189.0000,28.0000,36.0000
565.0000,190.0000,28.0000,36.0000
565.0000,190.0000,28.0000,36.0000
566.0000,200.0000,28.0000,36.0000
566.0000,200.0000,28.0000,36.0000
566.0000,200.0000,28.0000,36.0000
571.0000,197.0000,28.0000,36.0000
571.0000,197.0000,28.0000,36.0000
570.0000,203.0000,28.0000,36.0000
570.0000,203.0000,28.0000,36.0000
568.0000,202.0000,28.0000,36.0000
568.0000,202.0000,28.0000,36.0000
567.0000,205.0000,28.0000,36.0000
567.0000,205.0000,28.0000,36.0000
567.0000,205.0000,28.0000,36.0000
567.0000,208.0000,28.0000,36.0000
567.0000,208.0000,28.0000,36.0000
567.0000,207.0000,28.0000,36.0000
567.0000,207.0000,28.0000,36.0000
568.0000,207.0000,28.0000,36.0000
568.0000,207.0000,28.0000,36.0000
569.0000,211.0000,28.0000,36.0000
569.0000,211.0000,28.0000,36.0000
571.0000,211.0000,28.0000,36.0000
571.0000,211.0000,28.0000,36.0000
571.0000,211.0000,28.0000,36.0000
566.0000,208.0000,28.0000,36.0000
566.0000,208.0000,28.0000,36.0000
561.0000,207.0000,28.0000,36.0000
561.0000,207.0000,28.0000,36.0000
564.0000,209.0000,28.0000,36.0000
564.0000,209.0000,28.0000,36.0000
568.0000,211.0000,28.0000,36.0000
568.0000,211.0000,28.0000,36.0000
568.0000,211.0000,28.0000,36.0000
573.0000,212.0000,28.0000,36.0000
573.0000,212.0000,28.0000,36.0000
579.0000,213.0000,28.0000,36.0000
579.0000,213.0000,28.0000,36.0000
582.0000,215.0000,28.0000,36.0000
582.0000,215.0000,28.0000,36.0000
582.0000,215.0000,28.0000,36.0000
586.0000,215.0000,28.0000,36.0000
586.0000,215.0000,28.0000,36.0000
592.0000,216.0000,28.0000,36.0000
592.0000,216.0000,28.0000,36.0000
595.0000,218.0000,28.0000,36.0000
595.0000,218.0000,28.0000,36.0000
599.0000,218.0000,28.0000,36.0000
599.0000,218.0000,28.0000,36.0000
599.0000,218.0000,28.0000,36.0000
602.0000,219.0000,28.0000,36.0000
602.0000,219.0000,28.0000,36.0000
606.0000,221.0000,28.0000,36.0000
606.0000,221.0000,28.0000,36.0000
609.0000,223.0000,28.0000,36.0000
609.0000,223.0000,28.0000,36.0000
611.0000,224.0000,28.0000,36.0000
611.0000,224.0000,28.0000,36.0000
611.0000,224.0000,28.0000,36.0000
611.0000,225.0000,28.0000,36.0000
611.0000,225.0000,28.0000,36.0000
611.0000,227.0000,28.0000,36.0000
611.0000,227.0000,28.0000,36.0000
613.0000,227.0000,28.0000,36.0000
613.0000,227.0000,28.0000,36.0000
614.0000,228.0000,28.0000,36.0000
614.0000,228.0000,28.0000,36.0000
614.0000,228.0000,28.0000,36.0000
615.0000,229.0000,28.0000,36.0000
615.0000,229.0000,28.0000,36.0000
623.0000,223.0000,28.0000,36.0000
623.0000,223.0000,28.0000,36.0000
629.0000,230.0000,28.0000,36.0000
629.0000,230.0000,28.0000,36.0000
629.0000,230.0000,28.0000,36.0000
630.0000,229.0000,28.0000,36.0000
630.0000,229.0000,28.0000,36.0000
625.0000,229.0000,28.0000,36.0000
625.0000,229.0000,28.0000,36.0000
622.0000,229.0000,28.0000,36.0000
622.0000,229.0000,28.0000,36.0000
618.0000,228.0000,28.0000,36.0000
618.0000,228.0000,28.0000,36.0000
618.0000,228.0000,28.0000,36.0000
614.0000,227.0000,28.0000,36.0000
614.0000,227.0000,28.0000,36.0000
608.0000,227.0000,28.0000,36.0000
608.0000,227.0000,28.0000,36.0000
608.0000,227.0000,28.0000,36.0000
604.0000,225.0000,28.0000,36.0000
604.0000,225.0000,28.0000,36.0000
600.0000,225.0000,28.0000,36.0000
600.0000,225.0000,28.0000,36.0000
596.0000,224.0000,28.0000,36.0000
596.0000,224.0000,28.0000,36.0000
589.0000,217.0000,28.0000,36.0000
589.0000,217.0000,28.0000,36.0000
589.0000,217.0000,28.0000,36.0000
582.0000,219.0000,28.0000,36.0000
582.0000,219.0000,28.0000,36.0000
577.0000,219.0000,28.0000,36.0000
577.0000,219.0000,28.0000,36.0000
576.0000,220.0000,28.0000,36.0000
576.0000,220.0000,28.0000,36.0000
575.0000,220.0000,28.0000,36.0000
575.0000,220.0000,28.0000,36.0000
574.0000,219.0000,28.0000,36.0000
574.0000,219.0000,28.0000,36.0000
574.0000,219.0000,28.0000,36.0000
574.0000,219.0000,28.0000,36.0000
574.0000,219.0000,28.0000,36.0000
575.0000,219.0000,28.0000,36.0000
575.0000,219.0000,28.0000,36.0000
577.0000,215.0000,28.0000,36.0000
577.0000,215.0000,28.0000,36.0000
578.0000,217.0000,28.0000,36.0000
578.0000,217.0000,28.0000,36.0000
578.0000,217.0000,28.0000,36.0000
580.0000,217.0000,28.0000,36.0000
580.0000,217.0000,28.0000,36.0000
582.0000,217.0000,28.0000,36.0000
582.0000,217.0000,28.0000,36.0000
583.0000,218.0000,28.0000,36.0000
583.0000,218.0000,28.0000,36.0000
583.0000,219.0000,28.0000,36.0000
583.0000,219.0000,28.0000,36.0000
583.0000,219.0000,28.0000,36.0000
585.0000,221.0000,28.0000,36.0000
585.0000,221.0000,28.0000,36.0000
591.0000,219.0000,28.0000,36.0000
591.0000,219.0000,28.0000,36.0000
594.0000,219.0000,28.0000,36.0000
594.0000,219.0000,28.0000,36.0000
597.0000,220.0000,28.0000,36.0000
597.0000,220.0000,28.0000,36.0000
597.0000,220.0000,28.0000,36.0000
599.0000,220.0000,28.0000,36.0000
599.0000,220.0000,28.0000,36.0000
602.0000,220.0000,28.0000,36.0000
602.0000,220.0000,28.0000,36.0000
603.0000,221.0000,28.0000,36.0000
2
0
0
1
605.0000,193.0000,56.0000,48.0000
605.0000,193.0000,56.0000,48.0000
605.0000,193.0000,56.0000,48.0000
605.0000,193.0000,56.0000,48.0000
605.0000,193.0000,56.0000,48.0000
605.0000,193.0000,56.0000,48.0000
605.0000,193.0000,56.0000,48.0000
605.0000,193.0000,56.0000,48.0000
605.0000,193.0000,56.0000,48.0000
605.0000,193.0000,56.0000,48.0000
605.0000,193.0000,56.0000,48.0000
605.0000,193.0000,56.0000,48.0000
607.0000,194.0000,56.0000,48.0000
607.0000,194.0000,56.0000,48.0000
607.0000,194.0000,56.0000,48.0000
607.0000,194.0000,56.0000,48.0000
607.0000,194.0000,56.0000,48.0000
607.0000,194.0000,56.0000,48.0000
607.0000,194.0000,56.0000,48.0000
615.0000,196.0000,56.0000,48.0000
615.0000,196.0000,56.0000,48.0000
615.0000,196.0000,56.0000,48.0000
615.0000,196.0000,56.0000,48.0000
615.0000,196.0000,56.0000,48.0000
609.0000,197.0000,56.0000,48.0000
609.0000,197.0000,56.0000,48.0000
609.0000,197.0000,56.0000,48.0000
609.0000,197.0000,56.0000,48.0000
609.0000,197.0000,56.0000,48.0000
605.0000,194.0000,56.0000,48.0000
605.0000,194.0000,56.0000,48.0000
605.0000,194.0000,56.0000,48.0000
605.0000,194.0000,56.0000,48.0000
605.0000,194.0000,56.0000,48.0000
601.0000,192.0000,56.0000,48.0000
601.0000,192.0000,56.0000,48.0000
601.0000,192.0000,56.0000,48.0000
601.0000,192.0000,56.0000,48.0000
601.0000,192.0000,56.0000,48.0000
596.0000,193.0000,56.0000,48.0000
596.0000,193.0000,56.0000,48.0000
596.0000,193.0000,56.0000,48.0000
596.0000,193.0000,56.0000,48.0000
596.0000,193.0000,56.0000,48.0000
596.0000,197.0000,56.0000,48.0000
596.0000,197.0000,56.0000,48.0000
596.0000,197.0000,56.0000,48.0000
596.0000,197.0000,56.0000,48.0000
596.0000,197.0000,56.0000,48.0000
597.0000,196.0000,56.0000,48.0000
597.0000,196.0000,56.0000,48.0000
597.0000,196.0000,56.0000,48.0000
597.0000,196.0000,56.0000,48.0000
597.0000,196.0000,56.0000,48.0000
603.0000,213.0000,56.0000,48.0000
603.0000,213.0000,56.0000,48.0000
603.0000,213.0000,56.0000,48.0000
603.0000,213.0000,56.0000,48.0000
603.0000,213.0000,56.0000,48.0000
592.0000,216.0000,56.0000,48.0000
592.0000,216.0000,56.0000,48.0000
592.0000,216.0000,56.0000,48.0000
592.0000,216.0000,56.0000,48.0000
592.0000,216.0000,56.0000,48.0000
569.0000,206.0000,56.0000,48.0000
569.0000,206.0000,56.0000,48.0000
569.0000,206.0000,56.0000,48.0000
569.0000,206.0000,56.0000,48.0000
569.0000,206.0000,56.0000,48.0000
546.0000,209.0000,56.0000,48.0000
546.0000,209.0000,56.0000,48.0000
546.0000,209.0000,56.0000,48.0000
546.0000,209.0000,56.0000,48.0000
546.0000,209.0000,56.0000,48.0000
518.0000,209.0000,56.0000,48.0000
518.0000,209.0000,56.0000,48.0000
518.0000,209.0000,56.0000,48.0000
518.0000,209.0000,56.0000,48.0000
518.0000,209.0000,56.0000,48.0000
478.0000,229.0000,56.0000,48.0000
478.0000,229.0000,56.0000,48.0000
478.0000,229.0000,56.0000,48.0000
478.0000,229.0000,56.0000,48.0000
478.0000,229.0000,56.0000,48.0000
481.0000,232.0000,56.0000,48.0000
481.0000,232.0000,56.0000,48.0000
481.0000,232.0000,56.0000,48.0000
2
0
0
1
439.0000,233.0000,40.0000,52.0000
438.0000,233.0000,40.0000,52.0000
438.0000,233.0000,40.0000,52.0000
438.0000,233.0000,40.0000,52.0000
438.0000,233.0000,40.0000,52.0000
438.0000,233.0000,40.0000,52.0000
437.0000,234.0000,40.0000,52.0000
437.0000,234.0000,40.0000,52.0000
437.0000,234.0000,40.0000,52.0000
437.0000,234.0000,40.0000,52.0000
437.0000,234.0000,40.0000,52.0000
434.0000,237.0000,40.0000,52.0000
434.0000,237.0000,40.0000,52.0000
434.0000,237.0000,40.0000,52.0000
434.0000,237.0000,40.0000,52.0000
434.0000,237.0000,40.0000,52.0000
435.0000,238.0000,40.0000,52.0000
435.0000,238.0000,40.0000,52.0000
435.0000,238.0000,40.0000,52.0000
435.0000,238.0000,40.0000,52.0000
435.0000,238.0000,40.0000,52.0000
441.0000,237.0000,40.0000,52.0000
441.0000,237.0000,40.0000,52.0000
441.0000,237.0000,40.0000,52.0000
441.0000,237.0000,40.0000,52.0000
436.0000,253.0000,40.0000,52.0000
436.0000,253.0000,40.0000,52.0000
436.0000,253.0000,40.0000,52.0000
436.0000,253.0000,40.0000,52.0000
430.0000,256.0000,40.0000,52.0000
430.0000,256.0000,40.0000,52.0000
430.0000,256.0000,40.0000,52.0000
430.0000,256.0000,40.0000,52.0000
423.0000,256.0000,40.0000,52.0000
423.0000,256.0000,40.0000,52.0000
423.0000,256.0000,40.0000,52.0000
423.0000,256.0000,40.0000,52.0000
423.0000,260.0000,40.0000,52.0000
423.0000,260.0000,40.0000,52.0000
423.0000,260.0000,40.0000,52.0000
423.0000,260.0000,40.0000,52.0000
423.0000,260.0000,40.0000,52.0000
425.0000,260.0000,40.0000,52.0000
425.0000,260.0000,40.0000,52.0000
425.0000,260.0000,40.0000,52.0000
425.0000,260.0000,40.0000,52.0000
433.0000,262.0000,40.0000,52.0000
433.0000,262.0000,40.0000,52.0000
433.0000,262.0000,40.0000,52.0000
433.0000,262.0000,40.0000,52.0000
433.0000,262.0000,40.0000,52.0000
437.0000,265.0000,40.0000,52.0000
437.0000,265.0000,40.0000,52.0000
437.0000,265.0000,40.0000,52.0000
437.0000,265.0000,40.0000,52.0000
437.0000,258.0000,40.0000,52.0000
437.0000,258.0000,40.0000,52.0000
437.0000,258.0000,40.0000,52.0000
437.0000,258.0000,40.0000,52.0000
439.0000,263.0000,40.0000,52.0000
439.0000,263.0000,40.0000,52.0000
439.0000,263.0000,40.0000,52.0000
439.0000,263.0000,40.0000,52.0000
439.0000,263.0000,40.0000,52.0000
446.0000,262.0000,40.0000,52.0000
446.0000,262.0000,40.0000,52.0000
446.0000,262.0000,40.0000,52.0000
446.0000,262.0000,40.0000,52.0000
456.0000,259.0000,40.0000,52.0000
456.0000,259.0000,40.0000,52.0000
456.0000,259.0000,40.0000,52.0000
456.0000,259.0000,40.0000,52.0000
460.0000,247.0000,40.0000,52.0000
460.0000,247.0000,40.0000,52.0000
460.0000,247.0000,40.0000,52.0000
460.0000,247.0000,40.0000,52.0000
473.0000,246.0000,40.0000,52.0000
473.0000,246.0000,40.0000,52.0000
473.0000,246.0000,40.0000,52.0000
473.0000,246.0000,40.0000,52.0000
487.0000,241.0000,40.0000,52.0000
487.0000,241.0000,40.0000,52.0000
487.0000,241.0000,40.0000,52.0000
487.0000,241.0000,40.0000,52.0000
500.0000,237.0000,40.0000,52.0000
500.0000,237.0000,40.0000,52.0000
500.0000,237.0000,40.0000,52.0000
500.0000,237.0000,40.0000,52.0000
514.0000,233.0000,40.0000,52.0000
514.0000,233.0000,40.0000,52.0000
514.0000,233.0000,40.0000,52.0000
514.0000,233.0000,40.0000,52.0000
527.0000,227.0000,40.0000,52.0000
527.0000,227.0000,40.0000,52.0000
527.0000,227.0000,40.0000,52.0000
527.0000,227.0000,40.0000,52.0000
527.0000,227.0000,40.0000,52.0000
539.0000,222.0000,40.0000,52.0000
539.0000,222.0000,40.0000,52.0000
539.0000,222.0000,40.0000,52.0000
539.0000,222.0000,40.0000,52.0000
558.0000,223.0000,40.0000,52.0000
558.0000,223.0000,40.0000,52.0000
558.0000,223.0000,40.0000,52.0000
558.0000,223.0000,40.0000,52.0000
566.0000,217.0000,40.0000,52.0000
566.0000,217.0000,40.0000,52.0000
566.0000,217.0000,40.0000,52.0000
566.0000,217.0000,40.0000,52.0000
568.0000,211.0000,40.0000,52.0000
568.0000,211.0000,40.0000,52.0000
568.0000,211.0000,40.0000,52.0000
568.0000,211.0000,40.0000,52.0000
571.0000,206.0000,40.0000,52.0000
571.0000,206.0000,40.0000,52.0000
571.0000,206.0000,40.0000,52.0000
571.0000,206.0000,40.0000,52.0000
572.0000,202.0000,40.0000,52.0000
572.0000,202.0000,40.0000,52.0000
572.0000,202.0000,40.0000,52.0000
572.0000,202.0000,40.0000,52.0000
572.0000,197.0000,40.0000,52.0000
572.0000,197.0000,40.0000,52.0000
572.0000,197.0000,40.0000,52.0000
572.0000,197.0000,40.0000,52.0000
572.0000,197.0000,40.0000,52.0000
573.0000,189.0000,40.0000,52.0000
573.0000,189.0000,40.0000,52.0000
573.0000,189.0000,40.0000,52.0000
573.0000,189.0000,40.0000,52.0000
567.0000,174.0000,40.0000,52.0000
567.0000,174.0000,40.0000,52.0000
567.0000,174.0000,40.0000,52.0000
567.0000,174.0000,40.0000,52.0000
558.0000,175.0000,40.0000,52.0000
558.0000,175.0000,40.0000,52.0000
558.0000,175.0000,40.0000,52.0000
558.0000,175.0000,40.0000,52.0000
557.0000,171.0000,40.0000,52.0000
557.0000,171.0000,40.0000,52.0000
557.0000,171.0000,40.0000,52.0000
557.0000,171.0000,40.0000,52.0000
557.0000,168.0000,40.0000,52.0000
557.0000,168.0000,40.0000,52.0000
557.0000,168.0000,40.0000,52.0000
557.0000,168.0000,40.0000,52.0000
557.0000,168.0000,40.0000,52.0000
556.0000,163.0000,40.0000,52.0000
556.0000,163.0000,40.0000,52.0000
556.0000,163.0000,40.0000,52.0000
556.0000,163.0000,40.0000,52.0000
553.0000,159.0000,40.0000,52.0000
553.0000,159.0000,40.0000,52.0000
553.0000,159.0000,40.0000,52.0000
553.0000,159.0000,40.0000,52.0000
551.0000,154.0000,40.0000,52.0000
551.0000,154.0000,40.0000,52.0000
551.0000,154.0000,40.0000,52.0000
551.0000,154.0000,40.0000,52.0000
551.0000,154.0000,40.0000,52.0000
550.0000,150.0000,40.0000,52.0000
550.0000,150.0000,40.0000,52.0000
550.0000,150.0000,40.0000,52.0000
550.0000,150.0000,40.0000,52.0000
548.0000,149.0000,40.0000,52.0000
548.0000,149.0000,40.0000,52.0000
548.0000,149.0000,40.0000,52.0000
548.0000,149.0000,40.0000,52.0000
547.0000,147.0000,40.0000,52.0000
547.0000,147.0000,40.0000,52.0000
547.0000,147.0000,40.0000,52.0000
547.0000,147.0000,40.0000,52.0000
556.0000,140.0000,40.0000,52.0000
556.0000,140.0000,40.0000,52.0000
556.0000,140.0000,40.0000,52.0000
556.0000,140.0000,40.0000,52.0000
556.0000,143.0000,40.0000,52.0000
556.0000,143.0000,40.0000,52.0000
556.0000,143.0000,40.0000,52.0000
556.0000,143.0000,40.0000,52.0000
556.0000,143.0000,40.0000,52.0000
551.0000,141.0000,40.0000,52.0000
551.0000,141.0000,40.0000,52.0000
551.0000,141.0000,40.0000,52.0000
551.0000,141.0000,40.0000,52.0000
549.0000,142.0000,40.0000,52.0000
549.0000,142.0000,40.0000,52.0000
549.0000,142.0000,40.0000,52.0000
549.0000,142.0000,40.0000,52.0000
549.0000,142.0000,40.0000,52.0000
547.0000,141.0000,40.0000,52.0000
547.0000,141.0000,40.0000,52.0000
547.0000,141.0000,40.0000,52.0000
547.0000,141.0000,40.0000,52.0000
546.0000,139.0000,40.0000,52.0000
546.0000,139.0000,40.0000,52.0000
546.0000,139.0000,40.0000,52.0000
546.0000,139.0000,40.0000,52.0000
533.0000,132.0000,40.0000,52.0000
533.0000,132.0000,40.0000,52.0000
533.0000,132.0000,40.0000,52.0000
533.0000,132.0000,40.0000,52.0000
533.0000,132.0000,40.0000,52.0000
532.0000,142.0000,40.0000,52.0000
532.0000,142.0000,40.0000,52.0000
532.0000,142.0000,40.0000,52.0000
532.0000,142.0000,40.0000,52.0000
531.0000,142.0000,40.0000,52.0000
531.0000,142.0000,40.0000,52.0000
531.0000,142.0000,40.0000,52.0000
531.0000,142.0000,40.0000,52.0000
531.0000,142.0000,40.0000,52.0000
531.0000,142.0000,40.0000,52.0000
531.0000,142.0000,40.0000,52.0000
531.0000,142.0000,40.0000,52.0000
531.0000,141.0000,40.0000,52.0000
531.0000,141.0000,40.0000,52.0000
531.0000,141.0000,40.0000,52.0000
531.0000,141.0000,40.0000,52.0000
531.0000,139.0000,40.0000,52.0000
531.0000,139.0000,40.0000,52.0000
531.0000,139.0000,40.0000,52.0000
531.0000,139.0000,40.0000,52.0000
531.0000,139.0000,40.0000,52.0000
530.0000,140.0000,40.0000,52.0000
530.0000,140.0000,40.0000,52.0000
530.0000,140.0000,40.0000,52.0000
530.0000,140.0000,40.0000,52.0000
528.0000,137.0000,40.0000,52.0000
528.0000,137.0000,40.0000,52.0000
528.0000,137.0000,40.0000,52.0000
528.0000,137.0000,40.0000,52.0000
529.0000,141.0000,40.0000,52.0000
529.0000,141.0000,40.0000,52.0000
529.0000,141.0000,40.0000,52.0000
529.0000,141.0000,40.0000,52.0000
529.0000,141.0000,40.0000,52.0000
527.0000,135.0000,40.0000,52.0000
527.0000,135.0000,40.0000,52.0000
527.0000,135.0000,40.0000,52.0000
527.0000,135.0000,40.0000,52.0000
529.0000,136.0000,40.0000,52.0000
529.0000,136.0000,40.0000,52.0000
529.0000,136.0000,40.0000,52.0000
529.0000,136.0000,40.0000,52.0000
525.0000,134.0000,40.0000,52.0000
525.0000,134.0000,40.0000,52.0000
525.0000,134.0000,40.0000,52.0000
525.0000,134.0000,40.0000,52.0000
525.0000,134.0000,40.0000,52.0000
526.0000,130.0000,40.0000,52.0000
526.0000,130.0000,40.0000,52.0000
526.0000,130.0000,40.0000,52.0000
526.0000,130.0000,40.0000,52.0000
524.0000,134.0000,40.0000,52.0000
524.0000,134.0000,40.0000,52.0000
524.0000,134.0000,40.0000,52.0000
524.0000,134.0000,40.0000,52.0000
521.0000,130.0000,40.0000,52.0000
521.0000,130.0000,40.0000,52.0000
521.0000,130.0000,40.0000,52.0000
521.0000,130.0000,40.0000,52.0000
525.0000,130.0000,40.0000,52.0000
525.0000,130.0000,40.0000,52.0000
525.0000,130.0000,40.0000,52.0000
525.0000,130.0000,40.0000,52.0000
525.0000,130.0000,40.0000,52.0000
536.0000,123.0000,40.0000,52.0000
536.0000,123.0000,40.0000,52.0000
536.0000,123.0000,40.0000,52.0000
536.0000,123.0000,40.0000,52.0000
535.0000,121.0000,40.0000,52.0000
535.0000,121.0000,40.0000,52.0000
535.0000,121.0000,40.0000,52.0000
535.0000,121.0000,40.0000,52.0000
533.0000,120.0000,40.0000,52.0000
533.0000,120.0000,40.0000,52.0000
533.0000,120.0000,40.0000,52.0000
533.0000,120.0000,40.0000,52.0000
531.0000,120.0000,40.0000,52.0000
531.0000,120.0000,40.0000,52.0000
531.0000,120.0000,40.0000,52.0000
531.0000,120.0000,40.0000,52.0000
529.0000,119.0000,40.0000,52.0000
529.0000,119.0000,40.0000,52.0000
529.0000,119.0000,40.0000,52.0000
529.0000,119.0000,40.0000,52.0000
527.0000,118.0000,40.0000,52.0000
527.0000,118.0000,40.0000,52.0000
527.0000,118.0000,40.0000,52.0000
527.0000,118.0000,40.0000,52.0000
527.0000,118.0000,40.0000,52.0000
516.0000,119.0000,40.0000,52.0000
516.0000,119.0000,40.0000,52.0000
516.0000,119.0000,40.0000,52.0000
516.0000,119.0000,40.0000,52.0000
510.0000,122.0000,40.0000,52.0000
510.0000,122.0000,40.0000,52.0000
510.0000,122.0000,40.0000,52.0000
510.0000,122.0000,40.0000,52.0000
509.0000,122.0000,40.0000,52.0000
509.0000,122.0000,40.0000,52.0000
509.0000,122.0000,40.0000,52.0000
509.0000,122.0000,40.0000,52.0000
507.0000,122.0000,40.0000,52.0000
507.0000,122.0000,40.0000,52.0000
507.0000,122.0000,40.0000,52.0000
507.0000,122.0000,40.0000,52.0000
507.0000,122.0000,40.0000,52.0000
506.0000,123.0000,40.0000,52.0000
506.0000,123.0000,40.0000,52.0000
506.0000,123.0000,40.0000,52.0000
506.0000,123.0000,40.0000,52.0000
506.0000,123.0000,40.0000,52.0000
506.0000,123.0000,40.0000,52.0000
506.0000,123.0000,40.0000,52.0000
506.0000,123.0000,40.0000,52.0000
506.0000,123.0000,40.0000,52.0000
506.0000,123.0000,40.0000,52.0000
506.0000,123.0000,40.0000,52.0000
506.0000,123.0000,40.0000,52.0000
518.0000,118.0000,40.0000,52.0000
518.0000,118.0000,40.0000,52.0000
518.0000,118.0000,40.0000,52.0000
518.0000,118.0000,40.0000,52.0000
522.0000,121.0000,40.0000,52.0000
522.0000,121.0000,40.0000,52.0000
522.0000,121.0000,40.0000,52.0000
522.0000,121.0000,40.0000,52.0000
522.0000,121.0000,40.0000,52.0000
523.0000,122.0000,40.0000,52.0000
523.0000,122.0000,40.0000,52.0000
523.0000,122.0000,40.0000,52.0000
523.0000,122.0000,40.0000,52.0000
525.0000,124.0000,40.0000,52.0000
525.0000,124.0000,40.0000,52.0000
525.0000,124.0000,40.0000,52.0000
525.0000,124.0000,40.0000,52.0000
527.0000,125.0000,40.0000,52.0000
527.0000,125.0000,40.0000,52.0000
527.0000,125.0000,40.0000,52.0000
527.0000,125.0000,40.0000,52.0000
528.0000,126.0000,40.0000,52.0000
528.0000,126.0000,40.0000,52.0000
528.0000,126.0000,40.0000,52.0000
528.0000,126.0000,40.0000,52.0000
532.0000,126.0000,40.0000,52.0000
532.0000,126.0000,40.0000,52.0000
532.0000,126.0000,40.0000,52.0000
532.0000,126.0000,40.0000,52.0000
535.0000,127.0000,40.0000,52.0000
535.0000,127.0000,40.0000,52.0000
535.0000,127.0000,40.0000,52.0000
535.0000,127.0000,40.0000,52.0000
535.0000,127.0000,40.0000,52.0000
538.0000,131.0000,40.0000,52.0000
538.0000,131.0000,40.0000,52.0000
538.0000,131.0000,40.0000,52.0000
538.0000,131.0000,40.0000,52.0000
539.0000,132.0000,40.0000,52.0000
539.0000,132.0000,40.0000,52.0000
539.0000,132.0000,40.0000,52.0000
539.0000,132.0000,40.0000,52.0000
540.0000,133.0000,40.0000,52.0000
540.0000,133.0000,40.0000,52.0000
540.0000,133.0000,40.0000,52.0000
540.0000,133.0000,40.0000,52.0000
542.0000,134.0000,40.0000,52.0000
542.0000,134.0000,40.0000,52.0000
542.0000,134.0000,40.0000,52.0000
542.0000,134.0000,40.0000,52.0000
545.0000,135.0000,40.0000,52.0000
545.0000,135.0000,40.0000,52.0000
545.0000,135.0000,40.0000,52.0000
545.0000,135.0000,40.0000,52.0000
545.0000,135.0000,40.0000,52.0000
548.0000,138.0000,40.0000,52.0000
548.0000,138.0000,40.0000,52.0000
548.0000,138.0000,40.0000,52.0000
548.0000,138.0000,40.0000,52.0000
552.0000,139.0000,40.0000,52.0000
552.0000,139.0000,40.0000,52.0000
552.0000,139.0000,40.0000,52.0000
552.0000,139.0000,40.0000,52.0000
555.0000,140.0000,40.0000,52.0000
555.0000,140.0000,40.0000,52.0000
555.0000,140.0000,40.0000,52.0000
555.0000,140.0000,40.0000,52.0000
553.0000,138.0000,40.0000,52.0000
553.0000,138.0000,40.0000,52.0000
553.0000,138.0000,40.0000,52.0000
553.0000,138.0000,40.0000,52.0000
546.0000,138.0000,40.0000,52.0000
546.0000,138.0000,40.0000,52.0000
546.0000,138.0000,40.0000,52.0000
546.0000,138.0000,40.0000,52.0000
546.0000,138.0000,40.0000,52.0000
549.0000,139.0000,40.0000,52.0000
549.0000,139.0000,40.0000,52.0000
549.0000,139.0000,40.0000,52.0000
549.0000,139.0000,40.0000,52.0000
550.0000,138.0000,40.0000,52.0000
550.0000,138.0000,40.0000,52.0000
550.0000,138.0000,40.0000,52.0000
550.0000,138.0000,40.0000,52.0000
552.0000,139.0000,40.0000,52.0000
552.0000,139.0000,40.0000,52.0000
552.0000,139.0000,40.0000,52.0000
552.0000,139.0000,40.0000,52.0000
566.0000,135.0000,40.0000,52.0000
566.0000,135.0000,40.0000,52.0000
566.0000,135.0000,40.0000,52.0000
566.0000,135.0000,40.0000,52.0000
566.0000,135.0000,40.0000,52.0000
574.0000,135.0000,40.0000,52.0000
574.0000,135.0000,40.0000,52.0000
574.0000,135.0000,40.0000,52.0000
574.0000,135.0000,40.0000,52.0000
575.0000,132.0000,40.0000,52.0000
575.0000,132.0000,40.0000,52.0000
575.0000,132.0000,40.0000,52.0000
575.0000,132.0000,40.0000,52.0000
575.0000,132.0000,40.0000,52.0000
575.0000,132.0000,40.0000,52.0000
575.0000,132.0000,40.0000,52.0000
575.0000,132.0000,40.0000,52.0000
575.0000,132.0000,40.0000,52.0000
575.0000,132.0000,40.0000,52.0000
575.0000,132.0000,40.0000,52.0000
575.0000,132.0000,40.0000,52.0000
575.0000,132.0000,40.0000,52.0000
575.0000,131.0000,40.0000,52.0000
575.0000,131.0000,40.0000,52.0000
575.0000,131.0000,40.0000,52.0000
575.0000,131.0000,40.0000,52.0000
556.0000,131.0000,40.0000,52.0000
556.0000,131.0000,40.0000,52.0000
556.0000,131.0000,40.0000,52.0000
556.0000,131.0000,40.0000,52.0000
556.0000,131.0000,40.0000,52.0000
556.0000,131.0000,40.0000,52.0000
556.0000,131.0000,40.0000,52.0000
556.0000,131.0000,40.0000,52.0000
555.0000,132.0000,40.0000,52.0000
555.0000,132.0000,40.0000,52.0000
555.0000,132.0000,40.0000,52.0000
555.0000,132.0000,40.0000,52.0000
556.0000,132.0000,40.0000,52.0000
556.0000,132.0000,40.0000,52.0000
556.0000,132.0000,40.0000,52.0000
556.0000,132.0000,40.0000,52.0000
556.0000,132.0000,40.0000,52.0000
556.0000,132.0000,40.0000,52.0000
556.0000,132.0000,40.0000,52.0000
556.0000,132.0000,40.0000,52.0000
556.0000,132.0000,40.0000,52.0000
556.0000,131.0000,40.0000,52.0000
556.0000,131.0000,40.0000,52.0000
556.0000,131.0000,40.0000,52.0000
556.0000,131.0000,40.0000,52.0000
554.0000,131.0000,40.0000,52.0000
554.0000,131.0000,40.0000,52.0000
554.0000,131.0000,40.0000,52.0000
554.0000,131.0000,40.0000,52.0000
552.0000,133.0000,40.0000,52.0000
552.0000,133.0000,40.0000,52.0000
552.0000,133.0000,40.0000,52.0000
552.0000,133.0000,40.0000,52.0000
552.0000,133.0000,40.0000,52.0000
558.0000,133.0000,40.0000,52.0000
558.0000,133.0000,40.0000,52.0000
558.0000,133.0000,40.0000,52.0000
558.0000,133.0000,40.0000,52.0000
561.0000,131.0000,40.0000,52.0000
561.0000,131.0000,40.0000,52.0000
561.0000,131.0000,40.0000,52.0000
561.0000,131.0000,40.0000,52.0000
563.0000,130.0000,40.0000,52.0000
563.0000,130.0000,40.0000,52.0000
563.0000,130.0000,40.0000,52.0000
563.0000,130.0000,40.0000,52.0000
563.0000,130.0000,40.0000,52.0000
563.0000,130.0000,40.0000,52.0000
563.0000,130.0000,40.0000,52.0000
563.0000,130.0000,40.0000,52.0000
563.0000,130.0000,40.0000,52.0000
570.0000,129.0000,40.0000,52.0000
570.0000,129.0000,40.0000,52.0000
570.0000,129.0000,40.0000,52.0000
570.0000,129.0000,40.0000,52.0000
585.0000,122.0000,40.0000,52.0000
585.0000,122.0000,40.0000,52.0000
585.0000,122.0000,40.0000,52.0000
585.0000,122.0000,40.0000,52.0000
586.0000,123.0000,40.0000,52.0000
586.0000,123.0000,40.0000,52.0000
586.0000,123.0000,40.0000,52.0000
586.0000,123.0000,40.0000,52.0000
586.0000,123.0000,40.0000,52.0000
587.0000,123.0000,40.0000,52.0000
587.0000,123.0000,40.0000,52.0000
587.0000,123.0000,40.0000,52.0000
587.0000,123.0000,40.0000,52.0000
589.0000,124.0000,40.0000,52.0000
589.0000,124.0000,40.0000,52.0000
589.0000,124.0000,40.0000,52.0000
589.0000,124.0000,40.0000,52.0000
587.0000,125.0000,40.0000,52.0000
587.0000,125.0000,40.0000,52.0000
587.0000,125.0000,40.0000,52.0000
587.0000,125.0000,40.0000,52.0000
583.0000,124.0000,40.0000,52.0000
583.0000,124.0000,40.0000,52.0000
583.0000,124.0000,40.0000,52.0000
583.0000,124.0000,40.0000,52.0000
583.0000,124.0000,40.0000,52.0000
583.0000,124.0000,40.0000,52.0000
583.0000,124.0000,40.0000,52.0000
583.0000,124.0000,40.0000,52.0000
583.0000,124.0000,40.0000,52.0000
582.0000,123.0000,40.0000,52.0000
582.0000,123.0000,40.0000,52.0000
582.0000,123.0000,40.0000,52.0000
582.0000,123.0000,40.0000,52.0000
567.0000,123.0000,40.0000,52.0000
567.0000,123.0000,40.0000,52.0000
567.0000,123.0000,40.0000,52.0000
567.0000,123.0000,40.0000,52.0000
567.0000,123.0000,40.0000,52.0000
564.0000,123.0000,40.0000,52.0000
564.0000,123.0000,40.0000,52.0000
564.0000,123.0000,40.0000,52.0000
564.0000,123.0000,40.0000,52.0000
564.0000,123.0000,40.0000,52.0000
565.0000,125.0000,40.0000,52.0000
565.0000,125.0000,40.0000,52.0000
565.0000,125.0000,40.0000,52.0000
565.0000,125.0000,40.0000,52.0000
577.0000,121.0000,40.0000,52.0000
577.0000,121.0000,40.0000,52.0000
577.0000,121.0000,40.0000,52.0000
577.0000,121.0000,40.0000,52.0000
576.0000,121.0000,40.0000,52.0000
576.0000,121.0000,40.0000,52.0000
576.0000,121.0000,40.0000,52.0000
576.0000,121.0000,40.0000,52.0000
576.0000,120.0000,40.0000,52.0000
576.0000,120.0000,40.0000,52.0000
576.0000,120.0000,40.0000,52.0000
576.0000,120.0000,40.0000,52.0000
575.0000,121.0000,40.0000,52.0000
575.0000,121.0000,40.0000,52.0000
575.0000,121.0000,40.0000,52.0000
575.0000,121.0000,40.0000,52.0000
575.0000,121.0000,40.0000,52.0000
565.0000,121.0000,40.0000,52.0000
565.0000,121.0000,40.0000,52.0000
565.0000,121.0000,40.0000,52.0000
565.0000,121.0000,40.0000,52.0000
554.0000,123.0000,40.0000,52.0000
554.0000,123.0000,40.0000,52.0000
554.0000,123.0000,40.0000,52.0000
554.0000,123.0000,40.0000,52.0000
555.0000,122.0000,40.0000,52.0000
555.0000,122.0000,40.0000,52.0000
555.0000,122.0000,40.0000,52.0000
555.0000,122.0000,40.0000,52.0000
555.0000,122.0000,40.0000,52.0000
555.0000,122.0000,40.0000,52.0000
555.0000,122.0000,40.0000,52.0000
555.0000,122.0000,40.0000,52.0000
555.0000,122.0000,40.0000,52.0000
555.0000,121.0000,40.0000,52.0000
555.0000,121.0000,40.0000,52.0000
555.0000,121.0000,40.0000,52.0000
555.0000,121.0000,40.0000,52.0000
557.0000,120.0000,40.0000,52.0000
557.0000,120.0000,40.0000,52.0000
557.0000,120.0000,40.0000,52.0000
557.0000,120.0000,40.0000,52.0000
567.0000,107.0000,40.0000,52.0000
567.0000,107.0000,40.0000,52.0000
567.0000,107.0000,40.0000,52.0000
567.0000,107.0000,40.0000,52.0000
578.0000,119.0000,40.0000,52.0000
578.0000,119.0000,40.0000,52.0000
578.0000,119.0000,40.0000,52.0000
578.0000,119.0000,40.0000,52.0000
578.0000,119.0000,40.0000,52.0000
580.0000,118.0000,40.0000,52.0000
580.0000,118.0000,40.0000,52.0000
580.0000,118.0000,40.0000,52.0000
580.0000,118.0000,40.0000,52.0000
581.0000,118.0000,40.0000,52.0000
581.0000,118.0000,40.0000,52.0000
581.0000,118.0000,40.0000,52.0000
581.0000,118.0000,40.0000,52.0000
581.0000,118.0000,40.0000,52.0000
581.0000,118.0000,40.0000,52.0000
581.0000,118.0000,40.0000,52.0000
581.0000,118.0000,40.0000,52.0000
581.0000,118.0000,40.0000,52.0000
578.0000,119.0000,40.0000,52.0000
578.0000,119.0000,40.0000,52.0000
578.0000,119.0000,40.0000,52.0000
578.0000,119.0000,40.0000,52.0000
564.0000,141.0000,40.0000,52.0000
564.0000,141.0000,40.0000,52.0000
564.0000,141.0000,40.0000,52.0000
564.0000,141.0000,40.0000,52.0000
564.0000,141.0000,40.0000,52.0000
560.0000,151.0000,40.0000,52.0000
560.0000,151.0000,40.0000,52.0000
560.0000,151.0000,40.0000,52.0000
560.0000,151.0000,40.0000,52.0000
565.0000,151.0000,40.0000,52.0000
565.0000,151.0000,40.0000,52.0000
565.0000,151.0000,40.0000,52.0000
565.0000,151.0000,40.0000,52.0000
563.0000,153.0000,40.0000,52.0000
2
0
0
0
1
576.0000,109.0000,32.0000,36.0000
579.0000,109.0000,32.0000,36.0000
579.0000,109.0000,32.0000,36.0000
579.0000,109.0000,32.0000,36.0000
580.0000,109.0000,32.0000,36.0000
580.0000,109.0000,32.0000,36.0000
580.0000,109.0000,32.0000,36.0000
581.0000,110.0000,32.0000,36.0000
581.0000,110.0000,32.0000,36.0000
581.0000,110.0000,32.0000,36.0000
581.0000,110.0000,32.0000,36.0000
582.0000,110.0000,32.0000,36.0000
582.0000,110.0000,32.0000,36.0000
586.0000,109.0000,32.0000,36.0000
586.0000,109.0000,32.0000,36.0000
586.0000,109.0000,32.0000,36.0000
587.0000,110.0000,32.0000,36.0000
587.0000,110.0000,32.0000,36.0000
588.0000,109.0000,32.0000,36.0000
588.0000,109.0000,32.0000,36.0000
588.0000,109.0000,32.0000,36.0000
588.0000,110.0000,32.0000,36.0000
588.0000,110.0000,32.0000,36.0000
585.0000,109.0000,32.0000,36.0000
585.0000,109.0000,32.0000,36.0000
585.0000,109.0000,32.0000,36.0000
594.0000,108.0000,32.0000,36.0000
594.0000,108.0000,32.0000,36.0000
590.0000,106.0000,32.0000,36.0000
590.0000,106.0000,32.0000,36.0000
590.0000,106.0000,32.0000,36.0000
589.0000,107.0000,32.0000,36.0000
589.0000,107.0000,32.0000,36.0000
589.0000,109.0000,32.0000,36.0000
589.0000,109.0000,32.0000,36.0000
591.0000,110.0000,32.0000,36.0000
591.0000,110.0000,32.0000,36.0000
591.0000,110.0000,32.0000,36.0000
590.0000,109.0000,32.0000,36.0000
590.0000,109.0000,32.0000,36.0000
590.0000,111.0000,32.0000,36.0000
590.0000,111.0000,32.0000,36.0000
590.0000,111.0000,32.0000,36.0000
591.0000,110.0000,32.0000,36.0000
591.0000,110.0000,32.0000,36.0000
592.0000,109.0000,32.0000,36.0000
592.0000,109.0000,32.0000,36.0000
592.0000,109.0000,32.0000,36.0000
593.0000,113.0000,32.0000,36.0000
593.0000,113.0000,32.0000,36.0000
586.0000,111.0000,32.0000,36.0000
586.0000,111.0000,32.0000,36.0000
586.0000,111.0000,32.0000,36.0000
593.0000,108.0000,32.0000,36.0000
593.0000,108.0000,32.0000,36.0000
594.0000,109.0000,32.0000,36.0000
594.0000,109.0000,32.0000,36.0000
594.0000,110.0000,32.0000,36.0000
594.0000,110.0000,32.0000,36.0000
594.0000,110.0000,32.0000,36.0000
596.0000,109.0000,32.0000,36.0000
596.0000,109.0000,32.0000,36.0000
596.0000,110.0000,32.0000,36.0000
596.0000,110.0000,32.0000,36.0000
596.0000,110.0000,32.0000,36.0000
598.0000,109.0000,32.0000,36.0000
598.0000,109.0000,32.0000,36.0000
601.0000,109.0000,32.0000,36.0000
601.0000,109.0000,32.0000,36.0000
601.0000,109.0000,32.0000,36.0000
605.0000,108.0000,32.0000,36.0000
605.0000,108.0000,32.0000,36.0000
610.0000,107.0000,32.0000,36.0000
610.0000,107.0000,32.0000,36.0000
610.0000,107.0000,32.0000,36.0000
613.0000,106.0000,32.0000,36.0000
613.0000,106.0000,32.0000,36.0000
615.0000,106.0000,32.0000,36.0000
615.0000,106.0000,32.0000,36.0000
615.0000,106.0000,32.0000,36.0000
616.0000,106.0000,32.0000,36.0000
616.0000,106.0000,32.0000,36.0000
617.0000,106.0000,32.0000,36.0000
617.0000,106.0000,32.0000,36.0000
617.0000,106.0000,32.0000,36.0000
619.0000,105.0000,32.0000,36.0000
619.0000,105.0000,32.0000,36.0000
615.0000,105.0000,32.0000,36.0000
615.0000,105.0000,32.0000,36.0000
615.0000,105.0000,32.0000,36.0000
622.0000,107.0000,32.0000,36.0000
622.0000,107.0000,32.0000,36.0000
614.0000,105.0000,32.0000,36.0000
614.0000,105.0000,32.0000,36.0000
614.0000,105.0000,32.0000,36.0000
615.0000,106.0000,32.0000,36.0000
615.0000,106.0000,32.0000,36.0000
619.0000,109.0000,32.0000,36.0000
619.0000,109.0000,32.0000,36.0000
619.0000,109.0000,32.0000,36.0000
617.0000,105.0000,32.0000,36.0000
617.0000,105.0000,32.0000,36.0000
617.0000,109.0000,32.0000,36.0000
617.0000,109.0000,32.0000,36.0000
617.0000,109.0000,32.0000,36.0000
617.0000,105.0000,32.0000,36.0000
617.0000,105.0000,32.0000,36.0000
617.0000,104.0000,32.0000,36.0000
617.0000,104.0000,32.0000,36.0000
617.0000,104.0000,32.0000,36.0000
617.0000,104.0000,32.0000,36.0000
617.0000,104.0000,32.0000,36.0000
616.0000,103.0000,32.0000,36.0000
616.0000,103.0000,32.0000,36.0000
616.0000,103.0000,32.0000,36.0000
617.0000,104.0000,32.0000,36.0000
617.0000,104.0000,32.0000,36.0000
607.0000,111.0000,32.0000,36.0000
607.0000,111.0000,32.0000,36.0000
607.0000,111.0000,32.0000,36.0000
617.0000,102.0000,32.0000,36.0000
617.0000,102.0000,32.0000,36.0000
617.0000,101.0000,32.0000,36.0000
617.0000,101.0000,32.0000,36.0000
617.0000,101.0000,32.0000,36.0000
617.0000,103.0000,32.0000,36.0000
617.0000,103.0000,32.0000,36.0000
615.0000,103.0000,32.0000,36.0000
615.0000,103.0000,32.0000,36.0000
615.0000,103.0000,32.0000,36.0000
613.0000,102.0000,32.0000,36.0000
613.0000,102.0000,32.0000,36.0000
620.0000,99.0000,32.0000,36.0000
620.0000,99.0000,32.0000,36.0000
620.0000,99.0000,32.0000,36.0000
622.0000,98.0000,32.0000,36.0000
622.0000,98.0000,32.0000,36.0000
615.0000,99.0000,32.0000,36.0000
615.0000,99.0000,32.0000,36.0000
617.0000,99.0000,32.0000,36.0000
617.0000,99.0000,32.0000,36.0000
617.0000,99.0000,32.0000,36.0000
617.0000,99.0000,32.0000,36.0000
617.0000,99.0000,32.0000,36.0000
613.0000,100.0000,32.0000,36.0000
613.0000,100.0000,32.0000,36.0000
613.0000,100.0000,32.0000,36.0000
619.0000,98.0000,32.0000,36.0000
619.0000,98.0000,32.0000,36.0000
619.0000,99.0000,32.0000,36.0000
619.0000,99.0000,32.0000,36.0000
619.0000,99.0000,32.0000,36.0000
624.0000,98.0000,32.0000,36.0000
624.0000,98.0000,32.0000,36.0000
621.0000,100.0000,32.0000,36.0000
621.0000,100.0000,32.0000,36.0000
621.0000,100.0000,32.0000,36.0000
624.0000,99.0000,32.0000,36.0000
624.0000,99.0000,32.0000,36.0000
625.0000,99.0000,32.0000,36.0000
625.0000,99.0000,32.0000,36.0000
625.0000,99.0000,32.0000,36.0000
626.0000,99.0000,32.0000,36.0000
626.0000,99.0000,32.0000,36.0000
630.0000,98.0000,32.0000,36.0000
630.0000,98.0000,32.0000,36.0000
630.0000,98.0000,32.0000,36.0000
630.0000,97.0000,32.0000,36.0000
630.0000,97.0000,32.0000,36.0000
635.0000,97.0000,32.0000,36.0000
635.0000,97.0000,32.0000,36.0000
637.0000,97.0000,32.0000,36.0000
637.0000,97.0000,32.0000,36.0000
637.0000,97.0000,32.0000,36.0000
633.0000,101.0000,32.0000,36.0000
633.0000,101.0000,32.0000,36.0000
636.0000,100.0000,32.0000,36.0000
636.0000,100.0000,32.0000,36.0000
636.0000,100.0000,32.0000,36.0000
639.0000,102.0000,32.0000,36.0000
639.0000,102.0000,32.0000,36.0000
640.0000,101.0000,32.0000,36.0000
640.0000,101.0000,32.0000,36.0000
640.0000,101.0000,32.0000,36.0000
642.0000,101.0000,32.0000,36.0000
642.0000,101.0000,32.0000,36.0000
644.0000,103.0000,32.0000,36.0000
644.0000,103.0000,32.0000,36.0000
644.0000,103.0000,32.0000,36.0000
642.0000,101.0000,32.0000,36.0000
642.0000,101.0000,32.0000,36.0000
646.0000,101.0000,32.0000,36.0000
646.0000,101.0000,32.0000,36.0000
646.0000,101.0000,32.0000,36.0000
646.0000,101.0000,32.0000,36.0000
646.0000,101.0000,32.0000,36.0000
645.0000,102.0000,32.0000,36.0000
645.0000,102.0000,32.0000,36.0000
647.0000,101.0000,32.0000,36.0000
647.0000,101.0000,32.0000,36.0000
647.0000,101.0000,32.0000,36.0000
648.0000,101.0000,32.0000,36.0000
648.0000,101.0000,32.0000,36.0000
647.0000,100.0000,32.0000,36.0000
647.0000,100.0000,32.0000,36.0000
647.0000,100.0000,32.0000,36.0000
642.0000,104.0000,32.0000,36.0000
642.0000,104.0000,32.0000,36.0000
650.0000,98.0000,32.0000,36.0000
650.0000,98.0000,32.0000,36.0000
650.0000,98.0000,32.0000,36.0000
652.0000,98.0000,32.0000,36.0000
652.0000,98.0000,32.0000,36.0000
652.0000,99.0000,32.0000,36.0000
652.0000,99.0000,32.0000,36.0000
656.0000,98.0000,32.0000,36.0000
656.0000,98.0000,32.0000,36.0000
656.0000,98.0000,32.0000,36.0000
657.0000,98.0000,32.0000,36.0000
657.0000,98.0000,32.0000,36.0000
658.0000,99.0000,32.0000,36.0000
658.0000,99.0000,32.0000,36.0000
658.0000,99.0000,32.0000,36.0000
659.0000,100.0000,32.0000,36.0000
659.0000,100.0000,32.0000,36.0000
662.0000,99.0000,32.0000,36.0000
662.0000,99.0000,32.0000,36.0000
662.0000,99.0000,32.0000,36.0000
664.0000,99.0000,32.0000,36.0000
664.0000,99.0000,32.0000,36.0000
662.0000,98.0000,32.0000,36.0000
662.0000,98.0000,32.0000,36.0000
662.0000,98.0000,32.0000,36.0000
664.0000,100.0000,32.0000,36.0000
664.0000,100.0000,32.0000,36.0000
667.0000,100.0000,32.0000,36.0000
667.0000,100.0000,32.0000,36.0000
667.0000,100.0000,32.0000,36.0000
668.0000,101.0000,32.0000,36.0000
668.0000,101.0000,32.0000,36.0000
669.0000,101.0000,32.0000,36.0000
669.0000,101.0000,32.0000,36.0000
670.0000,101.0000,32.0000,36.0000
670.0000,101.0000,32.0000,36.0000
670.0000,101.0000,32.0000,36.0000
671.0000,101.0000,32.0000,36.0000
671.0000,101.0000,32.0000,36.0000
670.0000,100.0000,32.0000,36.0000
670.0000,100.0000,32.0000,36.0000
670.0000,100.0000,32.0000,36.0000
672.0000,101.0000,32.0000,36.0000
672.0000,101.0000,32.0000,36.0000
672.0000,99.0000,32.0000,36.0000
672.0000,99.0000,32.0000,36.0000
672.0000,99.0000,32.0000,36.0000
679.0000,97.0000,32.0000,36.0000
679.0000,97.0000,32.0000,36.0000
680.0000,98.0000,32.0000,36.0000
680.0000,98.0000,32.0000,36.0000
680.0000,98.0000,32.0000,36.0000
676.0000,100.0000,32.0000,36.0000
676.0000,100.0000,32.0000,36.0000
680.0000,99.0000,32.0000,36.0000
680.0000,99.0000,32.0000,36.0000
680.0000,99.0000,32.0000,36.0000
681.0000,100.0000,32.0000,36.0000
681.0000,100.0000,32.0000,36.0000
683.0000,100.0000,32.0000,36.0000
683.0000,100.0000,32.0000,36.0000
684.0000,99.0000,32.0000,36.0000
684.0000,99.0000,32.0000,36.0000
684.0000,99.0000,32.0000,36.0000
684.0000,99.0000,32.0000,36.0000
684.0000,99.0000,32.0000,36.0000
684.0000,99.0000,32.0000,36.0000
684.0000,99.0000,32.0000,36.0000
684.0000,99.0000,32.0000,36.0000
687.0000,105.0000,32.0000,36.0000
687.0000,105.0000,32.0000,36.0000
687.0000,102.0000,32.0000,36.0000
687.0000,102.0000,32.0000,36.0000
687.0000,102.0000,32.0000,36.0000
690.0000,103.0000,32.0000,36.0000
690.0000,103.0000,32.0000,36.0000
691.0000,103.0000,32.0000,36.0000
691.0000,103.0000,32.0000,36.0000
691.0000,103.0000,32.0000,36.0000
691.0000,103.0000,32.0000,36.0000
691.0000,103.0000,32.0000,36.0000
691.0000,103.0000,32.0000,36.0000
691.0000,103.0000,32.0000,36.0000
691.0000,103.0000,32.0000,36.0000
690.0000,103.0000,32.0000,36.0000
690.0000,103.0000,32.0000,36.0000
687.0000,103.0000,32.0000,36.0000
687.0000,103.0000,32.0000,36.0000
691.0000,102.0000,32.0000,36.0000
691.0000,102.0000,32.0000,36.0000
691.0000,102.0000,32.0000,36.0000
690.0000,103.0000,32.0000,36.0000
690.0000,103.0000,32.0000,36.0000
690.0000,102.0000,32.0000,36.0000
690.0000,102.0000,32.0000,36.0000
690.0000,102.0000,32.0000,36.0000
689.0000,102.0000,32.0000,36.0000
689.0000,102.0000,32.0000,36.0000
691.0000,100.0000,32.0000,36.0000
691.0000,100.0000,32.0000,36.0000
691.0000,100.0000,32.0000,36.0000
689.0000,99.0000,32.0000,36.0000
689.0000,99.0000,32.0000,36.0000
689.0000,99.0000,32.0000,36.0000
689.0000,101.0000,32.0000,36.0000
689.0000,101.0000,32.0000,36.0000
688.0000,103.0000,32.0000,36.0000
688.0000,103.0000,32.0000,36.0000
688.0000,103.0000,32.0000,36.0000
689.0000,103.0000,32.0000,36.0000
689.0000,103.0000,32.0000,36.0000
689.0000,103.0000,32.0000,36.0000
689.0000,103.0000,32.0000,36.0000
688.0000,103.0000,32.0000,36.0000
688.0000,103.0000,32.0000,36.0000
688.0000,103.0000,32.0000,36.0000
689.0000,103.0000,32.0000,36.0000
689.0000,103.0000,32.0000,36.0000
689.0000,103.0000,32.0000,36.0000
689.0000,103.0000,32.0000,36.0000
689.0000,103.0000,32.0000,36.0000
690.0000,101.0000,32.0000,36.0000
690.0000,101.0000,32.0000,36.0000
685.0000,103.0000,32.0000,36.0000
685.0000,103.0000,32.0000,36.0000
685.0000,103.0000,32.0000,36.0000
688.0000,101.0000,32.0000,36.0000
688.0000,101.0000,32.0000,36.0000
688.0000,101.0000,32.0000,36.0000
688.0000,101.0000,32.0000,36.0000
688.0000,101.0000,32.0000,36.0000
688.0000,101.0000,32.0000,36.0000
688.0000,101.0000,32.0000,36.0000
689.0000,101.0000,32.0000,36.0000
689.0000,101.0000,32.0000,36.0000
689.0000,100.0000,32.0000,36.0000
689.0000,100.0000,32.0000,36.0000
689.0000,100.0000,32.0000,36.0000
688.0000,102.0000,32.0000,36.0000
688.0000,102.0000,32.0000,36.0000
692.0000,100.0000,32.0000,36.0000
692.0000,100.0000,32.0000,36.0000
692.0000,100.0000,32.0000,36.0000
693.0000,101.0000,32.0000,36.0000
693.0000,101.0000,32.0000,36.0000
696.0000,100.0000,32.0000,36.0000
696.0000,100.0000,32.0000,36.0000
696.0000,100.0000,32.0000,36.0000
699.0000,100.0000,32.0000,36.0000
699.0000,100.0000,32.0000,36.0000
701.0000,103.0000,32.0000,36.0000
701.0000,103.0000,32.0000,36.0000
701.0000,103.0000,32.0000,36.0000
705.0000,104.0000,32.0000,36.0000
705.0000,104.0000,32.0000,36.0000
710.0000,106.0000,32.0000,36.0000
710.0000,106.0000,32.0000,36.0000
710.0000,106.0000,32.0000,36.0000
712.0000,109.0000,32.0000,36.0000
712.0000,109.0000,32.0000,36.0000
719.0000,112.0000,32.0000,36.0000
719.0000,112.0000,32.0000,36.0000
719.0000,112.0000,32.0000,36.0000
726.0000,115.0000,32.0000,36.0000
726.0000,115.0000,32.0000,36.0000
735.0000,121.0000,32.0000,36.0000
735.0000,121.0000,32.0000,36.0000
742.0000,123.0000,32.0000,36.0000
742.0000,123.0000,32.0000,36.0000
742.0000,123.0000,32.0000,36.0000
746.0000,124.0000,32.0000,36.0000
746.0000,124.0000,32.0000,36.0000
746.0000,124.0000,32.0000,36.0000
752.0000,129.0000,32.0000,36.0000
752.0000,129.0000,32.0000,36.0000
755.0000,133.0000,32.0000,36.0000
755.0000,133.0000,32.0000,36.0000
755.0000,133.0000,32.0000,36.0000
760.0000,138.0000,32.0000,36.0000
760.0000,138.0000,32.0000,36.0000
765.0000,142.0000,32.0000,36.0000
765.0000,142.0000,32.0000,36.0000
766.0000,145.0000,32.0000,36.0000
766.0000,145.0000,32.0000,36.0000
766.0000,145.0000,32.0000,36.0000
767.0000,148.0000,32.0000,36.0000
767.0000,148.0000,32.0000,36.0000
761.0000,154.0000,32.0000,36.0000
761.0000,154.0000,32.0000,36.0000
761.0000,154.0000,32.0000,36.0000
752.0000,159.0000,32.0000,36.0000
752.0000,159.0000,32.0000,36.0000
734.0000,165.0000,32.0000,36.0000
734.0000,165.0000,32.0000,36.0000
734.0000,165.0000,32.0000,36.0000
713.0000,171.0000,32.0000,36.0000
713.0000,171.0000,32.0000,36.0000
696.0000,192.0000,32.0000,36.0000
696.0000,192.0000,32.0000,36.0000
696.0000,192.0000,32.0000,36.0000
700.0000,198.0000,32.0000,36.0000
700.0000,198.0000,32.0000,36.0000
705.0000,193.0000,32.0000,36.0000
705.0000,193.0000,32.0000,36.0000
705.0000,193.0000,32.0000,36.0000
711.0000,189.0000,32.0000,36.0000
711.0000,189.0000,32.0000,36.0000
729.0000,179.0000,32.0000,36.0000
729.0000,179.0000,32.0000,36.0000
2
0
1
751.0000,173.0000,36.0000,48.0000
744.0000,172.0000,36.0000,48.0000
744.0000,172.0000,36.0000,48.0000
744.0000,172.0000,36.0000,48.0000
744.0000,172.0000,36.0000,48.0000
739.0000,170.0000,36.0000,48.0000
739.0000,170.0000,36.0000,48.0000
739.0000,170.0000,36.0000,48.0000
739.0000,170.0000,36.0000,48.0000
739.0000,170.0000,36.0000,48.0000
743.0000,176.0000,36.0000,48.0000
743.0000,176.0000,36.0000,48.0000
743.0000,176.0000,36.0000,48.0000
743.0000,176.0000,36.0000,48.0000
743.0000,176.0000,36.0000,48.0000
736.0000,161.0000,36.0000,48.0000
736.0000,161.0000,36.0000,48.0000
736.0000,161.0000,36.0000,48.0000
736.0000,161.0000,36.0000,48.0000
748.0000,170.0000,36.0000,48.0000
748.0000,170.0000,36.0000,48.0000
748.0000,170.0000,36.0000,48.0000
738.0000,178.0000,36.0000,48.0000
738.0000,178.0000,36.0000,48.0000
738.0000,178.0000,36.0000,48.0000
738.0000,178.0000,36.0000,48.0000
732.0000,174.0000,36.0000,48.0000
732.0000,174.0000,36.0000,48.0000
732.0000,174.0000,36.0000,48.0000
732.0000,174.0000,36.0000,48.0000
719.0000,173.0000,36.0000,48.0000
719.0000,173.0000,36.0000,48.0000
719.0000,173.0000,36.0000,48.0000
711.0000,168.0000,36.0000,48.0000
711.0000,168.0000,36.0000,48.0000
711.0000,168.0000,36.0000,48.0000
711.0000,168.0000,36.0000,48.0000
694.0000,149.0000,36.0000,48.0000
694.0000,149.0000,36.0000,48.0000
694.0000,149.0000,36.0000,48.0000
694.0000,149.0000,36.0000,48.0000
2
1
707.0000,161.0000,28.0000,56.0000
705.0000,160.0000,28.0000,56.0000
705.0000,160.0000,28.0000,56.0000
705.0000,160.0000,28.0000,56.0000
705.0000,160.0000,28.0000,56.0000
704.0000,159.0000,28.0000,56.0000
704.0000,159.0000,28.0000,56.0000
704.0000,159.0000,28.0000,56.0000
704.0000,159.0000,28.0000,56.0000
694.0000,162.0000,28.0000,56.0000
694.0000,162.0000,28.0000,56.0000
694.0000,162.0000,28.0000,56.0000
694.0000,162.0000,28.0000,56.0000
2
0
1
655.0000,270.0000,40.0000,36.0000
651.0000,271.0000,40.0000,36.0000
651.0000,271.0000,40.0000,36.0000
