1
330.1499,164.0995,40.3909,50.1666
327.1769,161.8989,43.5637,55.0868
323.8960,160.4900,43.0230,52.0139
320.5739,160.6132,45.5366,53.9578
314.2990,158.0858,51.0273,53.0260
313.2334,155.3047,49.1363,56.2946
310.2672,154.9652,52.9886,58.3311
315.6718,155.0653,44.7063,55.8058
313.2446,152.0857,44.0863,64.1303
306.7735,150.9411,48.1338,65.7329
309.0002,149.1962,47.0223,55.6895
303.3017,148.7894,49.3464,54.8890
294.3216,152.5534,54.4028,49.4067
301.2227,152.2617,49.7288,48.4107
296.9743,151.1840,52.7881,49.5030
287.3169,149.3094,50.7327,50.2002
277.5576,145.8427,58.1192,51.3347
2
0
0
0
0
1
319.8415,160.5152,37.0660,66.3359
317.3846,160.9478,37.5846,66.6996
312.3016,160.8984,40.9641,63.5874
307.1922,161.1316,44.4287,60.9204
303.0122,154.8904,50.0313,58.0692
304.0108,156.7254,49.2271,60.1613
304.7452,155.1642,48.5159,62.5566
304.3048,155.2896,48.9421,61.0698
307.5774,151.4855,50.0113,64.5170
305.6661,149.4672,61.7813,60.1300
322.9150,150.1334,47.7516,61.8455
317.3229,149.1888,48.2305,57.3999
319.3472,151.0764,48.4429,51.6450
317.8900,152.3752,50.3329,48.6578
314.0087,156.7947,57.0801,48.4300
314.8524,154.3217,54.1686,50.1075
314.4577,154.1383,56.2815,47.8913
315.6772,153.2121,54.0151,52.1147
317.1144,151.3241,54.4234,53.1118
314.3148,152.5950,60.2000,54.2196
311.4147,154.3591,60.2116,50.3050
317.6992,154.6777,55.5431,46.4809
319.5204,155.9712,50.9339,46.3595
317.2425,153.1901,54.3365,49.2630
319.6364,152.7774,52.5054,49.9318
324.9232,153.1387,49.1077,47.5635
321.4828,153.3669,51.5967,49.1049
319.4026,154.5861,42.1486,48.2838
320.4661,156.7077,42.2068,46.8444
321.5030,157.5228,39.2047,47.5348
325.9787,158.2485,35.8108,40.2703
326.7870,157.3578,37.9307,42.3701
322.2155,157.7144,42.7264,43.3119
321.5088,155.8736,42.5890,45.3988
320.0699,156.1080,44.2755,43.4734
324.5334,155.4786,42.3588,43.0538
322.1116,157.0645,45.3000,39.2568
322.4529,154.1284,42.3155,42.2434
312.9819,157.2513,41.2824,43.9943
305.6143,157.9643,45.1207,48.0047
308.5286,158.4073,44.1693,48.4914
310.5010,154.7091,43.6138,43.6525
304.0023,155.3715,52.7203,42.5258
299.7163,156.2411,53.5529,41.8236
295.5180,156.9731,56.1281,37.3043
294.0460,157.5707,51.8947,34.8057
301.3766,157.5443,45.0805,38.5090
303.3472,159.1405,42.1582,38.0659
300.7057,157.9969,41.4209,37.1547
298.5691,157.9152,44.2069,38.0661
298.6271,158.1817,50.5823,38.9530
299.9054,156.2198,49.6737,42.2801
299.5972,155.0706,49.9253,44.4261
298.8672,155.2924,50.2238,40.3603
300.9877,155.7751,45.8031,45.2020
301.2595,156.9570,44.2440,43.3954
302.4782,155.0965,44.1841,44.2245
305.9647,152.4714,41.5214,47.7200
300.6258,148.4104,55.9153,49.1131
305.0036,145.8544,52.2413,57.8490
301.3482,142.3585,56.5646,61.6792
299.1886,141.1731,50.3417,51.5316
297.3797,137.6638,53.2248,51.5338
303.9540,135.6661,54.2571,57.1347
304.7094,130.8004,53.3188,63.8246
305.0064,130.5018,56.3401,67.5284
303.9444,132.5281,57.8245,68.9280
305.9454,149.2460,58.7506,50.7785
309.3085,148.7999,55.5885,48.7556
314.0426,147.7238,52.3401,50.8174
313.4617,148.9357,52.8846,52.2288
313.9994,148.9464,49.9442,51.5048
323.3392,148.7755,41.7488,50.9575
322.9677,147.2603,39.5481,53.5139
323.1905,148.4023,43.4033,51.5233
325.0329,148.1773,43.2003,50.5727
325.6906,149.3431,42.1088,48.4912
329.2683,149.9883,38.5032,49.6285
331.8942,148.4021,39.3068,47.6706
329.9612,149.5302,39.7936,47.5268
329.7876,143.4901,40.7329,51.0694
330.5374,141.3296,41.5497,56.9541
331.6664,140.9700,39.8902,53.2303
330.3668,140.9970,41.8385,54.2089
328.8692,141.0868,44.4494,54.4722
328.9561,142.3945,44.6614,53.6907
331.5933,144.2428,45.4916,51.6502
331.6741,142.9831,49.2305,57.1712
335.2800,142.4284,54.1013,59.6987
336.3885,142.1497,51.6593,59.2914
338.1097,142.4604,55.3483,55.8213
336.4810,145.7196,54.9144,55.2615
339.7864,141.2422,49.9587,61.5704
354.7699,140.8807,39.6902,60.8110
354.7531,134.9744,45.2026,64.3501
357.2588,127.1254,41.5686,73.0391
357.2751,139.7989,38.1700,63.2318
356.4637,138.6126,39.0321,67.2459
356.4187,139.4838,45.7288,64.9848
353.4724,139.9130,47.0471,63.4121
353.0795,140.0963,46.5989,62.5130
348.0474,139.6322,50.1593,59.8426
347.7890,142.4891,49.5839,61.5392
352.1071,142.5585,47.2874,61.9867
352.7132,139.1727,47.4354,64.1817
351.4423,139.5010,50.9114,65.3465
367.9589,141.2634,34.8330,65.7651
367.9015,141.6957,36.0906,65.6623
367.2323,141.7469,36.5424,63.3951
367.9460,145.9336,41.2959,58.3583
365.5587,139.8530,41.2688,67.7634
363.9191,138.1451,41.9980,68.7801
365.6000,132.8471,41.8330,64.6648
369.2987,135.4917,39.6703,60.5080
369.5135,135.3265,39.6066,60.3797
369.7143,135.3317,40.6864,63.5011
367.0988,135.2356,44.7629,62.7415
369.0150,128.2514,45.6198,70.8904
366.0591,128.6706,50.2599,68.3146
363.8430,129.0371,51.6258,58.8856
366.6723,130.4646,51.7688,55.9982
365.3730,128.4610,54.4229,59.0720
368.4117,127.0651,57.1802,59.3551
370.5832,128.0389,57.6071,59.6669
362.9613,128.6764,68.2634,56.9784
363.7649,127.7641,65.9299,53.7214
362.1804,126.9262,66.8493,54.1546
362.9997,129.1016,67.6849,51.9811
360.7312,127.6171,51.6914,53.5666
2
0
0
0
0
1
392.9712,155.7136,55.2327,101.3976
382.6493,152.9930,60.4789,106.0867
389.0909,161.0886,59.7941,101.5592
382.5419,170.8756,69.7817,92.2822
388.3720,171.6222,63.1179,82.4435
400.9727,171.8370,57.3081,82.0971
401.9246,173.4375,57.7807,81.5825
401.0904,174.3377,60.2240,79.7878
407.2806,167.2339,57.2870,87.4342
410.4633,174.4051,58.5985,79.4923
409.9450,174.0823,70.1302,78.2215
416.6592,174.0984,66.4279,80.7660
425.7373,172.5439,62.1076,83.1551
431.4124,172.0241,61.3985,77.6667
432.4882,172.0544,66.3132,77.7034
432.5626,168.4829,66.9710,68.4838
435.5583,162.9979,63.6747,73.9132
435.7441,161.6348,64.9363,73.2327
442.8061,155.9984,57.7481,75.4954
441.5580,156.0793,52.6915,75.2009
443.7820,155.1563,49.1471,75.5399
444.5462,155.8681,49.4974,74.9832
440.9001,157.7634,51.9327,73.3984
447.0941,157.3461,59.2634,78.5375
440.3439,157.8623,66.3620,74.2033
433.4754,159.2914,72.0418,75.1291
444.8629,161.3250,52.0236,67.5769
447.3567,163.4755,51.5332,69.8660
433.5235,160.4798,68.5110,70.1008
439.5927,160.9862,69.4170,73.3541
443.4005,162.1108,64.9812,71.9304
445.3139,164.8954,57.6480,71.4186
443.6536,165.7570,52.8228,67.2478
434.8728,166.2956,62.6343,70.6505
431.4985,164.1913,63.4951,70.1224
428.2810,165.2240,64.7218,68.2600
424.5342,167.2036,67.1371,66.6140
422.1634,166.6823,70.7318,69.8790
422.2291,166.8887,72.8680,66.6566
422.2478,165.8385,68.6360,68.1450
426.8643,162.2630,67.6840,72.9566
427.3690,161.1981,66.1407,73.7811
430.4585,162.6325,58.0887,71.3180
436.7954,160.0242,45.3115,73.1511
439.1416,158.6041,43.0988,70.9115
436.9575,157.8969,50.8859,69.7840
434.7266,157.2126,54.3872,70.4284
437.2149,156.1048,53.6394,70.8521
433.5149,155.9536,53.2534,66.8909
431.6382,156.0538,54.3456,66.7674
430.4958,155.0705,53.1264,63.6224
428.0289,153.2951,60.2441,68.1335
423.4210,153.1353,64.9125,67.5300
428.5844,153.2180,57.0128,67.2369
422.3752,154.0069,58.8393,66.1700
417.8495,159.7132,63.0284,60.1336
420.9706,153.5677,65.1367,67.6121
416.1454,148.4118,68.3702,71.2322
416.0822,145.8382,69.4672,76.4481
417.5469,148.0973,67.0166,71.2782
407.0331,146.4168,65.6941,77.1074
412.7076,148.4898,71.9583,84.0431
413.0464,152.0850,71.3997,85.8915
421.7735,166.2004,67.0798,74.4639
421.3207,163.3624,68.0379,74.5167
421.9525,158.9891,73.2611,80.8734
420.1047,153.9576,69.8385,85.0964
426.6542,153.0224,64.7544,84.7377
429.9623,150.5053,62.4676,83.2372
425.7315,149.3982,64.5975,80.8461
416.1552,148.4246,71.4293,86.4225
413.0106,144.0225,71.9284,90.1725
412.8677,144.3396,72.2652,90.3330
425.0792,144.9143,58.9216,88.5983
431.3100,142.3023,60.8885,85.2990
442.6687,141.0773,61.8252,84.6910
446.3116,141.9730,61.2560,83.5525
459.5632,141.8923,52.8987,83.0584
467.5860,144.4632,50.7962,80.6587
465.1499,143.9623,55.4505,81.1351
479.5099,138.0273,52.7560,83.0189
486.0509,136.6015,54.3474,78.0513
491.4843,134.6228,57.3169,77.7275
490.8340,129.8841,59.5985,80.3261
495.9520,132.9276,67.4896,73.8856
498.4223,129.8960,70.3260,75.8902
504.5144,127.5084,68.0609,76.7811
503.5204,125.1499,74.7990,78.5104
506.9691,123.0031,77.7489,76.3590
507.2852,125.2096,77.8889,72.9700
510.2693,122.0243,69.8695,75.1273
503.0988,121.9255,68.6297,75.1164
502.6067,120.0467,71.2691,74.7634
500.2714,119.1504,71.4951,77.3607
501.8953,117.9653,63.5956,79.8547
498.1050,119.5403,63.2854,81.4393
499.7292,122.0837,59.0625,79.5053
499.7634,123.7713,54.9457,62.3432
494.9031,120.8150,58.2099,65.1649
493.3525,122.5615,57.5057,61.2654
484.0142,120.8583,64.1452,65.1314
483.7999,122.5449,60.8521,63.6572
483.7754,124.2791,59.9453,64.2433
486.2631,119.2003,56.9396,65.0320
485.9158,117.3308,59.0703,73.0996
486.2616,116.3263,57.5967,71.8324
483.9398,117.0884,56.1183,70.9761
482.5874,113.9933,55.6563,71.3066
480.4882,113.2448,57.9695,71.2981
480.7690,110.2542,53.5688,76.8257
475.7433,109.5120,54.0204,72.7045
471.7246,103.5041,55.2064,74.3617
469.7851,103.4078,51.5490,68.8126
466.2084,102.3648,56.3885,72.3199
465.7308,101.5034,50.7017,72.7691
466.6968,97.0553,50.4432,74.7503
461.0490,94.7049,56.1961,76.2399
460.0409,90.0040,54.3282,83.7414
458.1332,84.9505,56.6221,83.4933
460.4259,78.0310,51.9209,89.4618
457.6055,75.0544,60.9034,94.7446
451.2394,73.8572,83.7547,93.3588
448.4362,68.8092,85.9053,96.8622
460.6786,71.4693,73.6710,92.1170
460.3538,75.8539,78.3776,87.9230
461.2503,69.7496,63.8294,93.1804
458.6206,72.5911,69.8553,95.5096
459.5887,68.3199,65.4375,99.9283
458.3502,88.3292,65.1312,83.1903
458.2903,87.5554,70.5441,85.8677
457.4990,80.7386,66.9606,89.8562
450.8827,84.2833,69.4707,87.1916
448.5261,85.5653,72.0831,85.4656
456.6622,87.1684,66.6675,81.4330
455.9493,84.6796,64.6673,86.2278
450.8240,87.3871,69.3640,82.5338
449.5169,88.1284,70.8290,82.8202
452.0676,88.4589,64.8426,80.2199
448.5813,90.3114,63.9291,80.5940
449.7740,86.4999,60.6199,86.0537
442.6037,88.3562,66.2261,84.6166
446.4859,85.9244,67.2001,83.5807
441.5662,85.4514,67.2363,90.1922
432.4733,85.0742,70.7194,90.8875
422.1292,86.6393,74.4836,89.2042
431.2221,87.8478,59.4770,87.5512
423.4790,99.1680,63.6008,75.2630
412.6342,101.2073,68.4649,77.0842
408.1060,93.3582,70.4580,87.5936
407.0937,93.9008,62.2052,89.4936
402.1593,91.8350,62.8166,82.5887
401.9321,93.8905,63.2958,80.7046
404.8544,96.5657,57.7431,80.2288
403.4568,97.3843,60.6923,78.8861
401.1276,96.4112,63.1171,83.5857
401.2929,97.2348,62.3658,81.0622
398.4015,96.4575,62.7754,81.0708
394.9032,94.2500,63.1415,86.8901
395.1919,94.2480,58.1265,87.0780
393.6633,95.6630,61.0989,85.9442
393.7184,96.2308,61.0560,85.0755
390.5349,96.5254,60.4380,89.4167
388.4558,98.3700,63.2672,88.5432
387.3123,98.9348,67.0177,89.5346
385.8739,99.8985,67.2534,89.3106
385.7685,100.0322,69.8088,90.5119
384.4131,98.4114,71.4085,87.7460
384.0587,96.3913,71.0944,91.9566
382.5661,96.4204,69.5500,84.8926
403.6682,95.4724,47.4964,84.5539
395.7499,94.5107,54.2147,90.5288
393.0612,95.6447,51.4054,81.4558
383.0175,96.1963,55.7715,79.8761
382.3576,95.2379,53.2665,81.6640
380.5704,95.2812,54.0526,80.8157
373.3132,95.9217,63.9876,85.3257
396.4995,96.8245,37.2925,85.8828
394.7270,96.2268,38.0977,59.1462
391.7470,94.6271,38.4959,60.0243
377.7210,94.4592,47.2815,60.9969
366.4077,95.1377,57.1804,60.6599
366.5441,95.6938,57.7075,59.6770
367.0099,96.5990,57.6505,63.8000
360.6034,95.3818,66.7311,65.3299
358.1414,95.5146,70.5983,67.9012
347.8714,96.4292,78.7756,68.4006
340.5889,95.7250,80.2586,69.2168
337.5269,95.6159,78.1375,69.2269
368.3564,94.9435,44.1812,68.8746
367.9823,95.8938,39.7606,64.8254
367.8243,95.1369,39.9918,65.5169
