0.028883
0.05207
0.049269
0.034357
0.02983
0.027521
0.027107
0.027242
0.029251
0.027142
0.027546
0.027658
0.027432
0.027423
0.0329
0.029283
0.02768
0.027924
0.02781
0.033126
0.031451
0.027937
0.034754
0.031758
0.028138
0.030708
0.034701
0.038121
0.028663
0.039434
0.03546
0.029443
0.037266
0.032115
0.03523
0.033017
0.033258
0.030456
0.037579
0.035775
0.033755
0.032974
0.031749
0.030986
0.032946
0.030323
0.045785
0.031568
0.028744
0.03202
0.032081
0.028197
0.02782
0.02901
0.033146
0.028378
0.028299
0.028622
0.028272
0.027737
0.033475
0.032197
0.028012
0.0328
0.027622
0.029733
0.030649
0.040746
0.042413
0.038968
0.03609
0.033731
0.031162
0.027597
0.027478
0.027624
0.027271
0.02728
0.027077
0.027064
0.026753
0.029351
0.02695
0.027225
0.027116
0.02716
0.03156
0.027063
0.027
0.026802
0.031645
0.038752
0.03188
0.034174
0.026953
0.035058
0.032902
0.026997
0.032912
0.030878
0.030198
0.034433
0.030842
0.027288
0.026501
0.031761
0.026678
0.026559
0.035136
0.030734
0.032194
0.035571
0.03018
0.033209
0.033493
0.046891
0.040355
0.031815
0.031568
0.031976
0.029365
0.033792
0.03339
0.033805
0.037331
0.028572
0.027571
0.026613
0.027117
0.030338
0.027106
0.029828
0.039046
0.033381
0.027574
0.036978
0.034622
0.031797
0.032712
0.030736
0.03001
0.041819
0.04365
0.042492
0.040323
0.042109
0.032518
0.033335
0.027916
0.033504
0.030038
0.027428
0.027992
0.028042
0.030375
0.031874
0.028831
0.029977
0.027998
0.02792
0.027951
0.028039
0.028939
0.027578
0.028039
0.030136
0.030624
0.038468
0.028091
0.027765
0.029802
0.028001
0.034249
0.040576
0.030605
0.035934
0.033831
0.028292
0.027918
0.027653
0.027999
0.027936
0.028076
0.028748
0.027795
0.030903
0.028158
0.027899
0.027927
0.03528
0.027895
0.028119
0.037538
0.027909
0.031404
0.035918
0.029768
0.02891
0.028737
0.028064
0.033558
0.029472
0.028204
0.028387
0.028151
0.027845
0.027506
0.027514
0.027538
0.027375
0.027761
0.027432
0.027203
0.026782
0.026678
0.028879
0.026704
0.027637
0.029392
0.028715
0.03417
0.029192
0.027492
0.03132
0.036784
0.030017
0.030186
0.027431
0.026953
0.026513
0.026847
0.027484
0.02733
0.031404
0.035802
0.036603
0.026574
0.03287
0.032957
0.029283
0.027394
0.030458
0.032689
0.027236
0.027516
0.027382
0.027827
0.026643
0.041938
0.032495
0.028346
0.032522
0.027392
0.030018
0.028478
0.027547
0.03015
0.027292
0.026525
0.026307
0.036909
0.026971
0.03204
0.026601
0.027081
0.035771
0.031102
0.027686
0.030478
0.027028
0.026901
0.027939
0.026848
0.027731
0.026595
0.026694
0.027478
0.034159
0.034986
0.027286
0.026981
0.026994
0.027108
0.027191
0.027119
0.030791
0.038746
0.035499
0.037917
0.03847
0.028396
0.027657
0.027429
0.029977
0.035216
0.042418
0.032448
0.029718
0.029395
0.034846
0.027139
0.031431
0.027636
0.027139
0.027195
0.026781
0.027
0.026567
0.026882
0.027052
0.02683
0.026933
0.026459
0.029417
0.026722
0.026882
0.026533
0.027406
0.02705
0.026954
0.027159
0.028067
0.026981
0.031887
0.032795
0.027297
0.027284
0.027556
0.03015
0.026931
0.027134
0.02667
0.02674
0.026665
0.039009
0.034675
0.033902
0.027144
0.0275
0.026989
0.034418
0.026467
0.027099
0.029604
0.026403
0.026471
0.026815
0.031427
0.027247
0.026953
0.026985
0.026935
0.02712
0.026468
0.03112
0.0274
0.027875
0.042745
0.03622
0.027053
0.02703
0.026967
0.02657
0.027111
0.02922
0.026897
0.028666
0.027482
0.037238
0.02881
0.034026
0.028923
0.027025
0.027139
0.02705
0.028911
0.026479
0.026918
0.026918
0.026763
0.027094
0.02686
0.026457
0.027005
0.030133
0.030175
0.032066
0.033767
0.029702
0.026507
0.026869
0.026934
