0.000167
0.057852
0.024051
0.023399
0.023047
0.023081
0.02322
0.023476
0.023501
0.023278
0.023725
0.02366
0.022419
NaN
NaN
NaN
NaN
8.7e-05
0.059456
0.027086
0.026843
0.026907
0.027825
0.028535
0.026508
0.027601
0.027846
0.027604
0.028207
0.02763
0.027236
0.028275
0.02754
0.027935
0.028496
0.027832
0.02774
0.02866
0.028602
0.028152
0.028906
0.02806
0.028537
0.027658
0.027908
0.028012
0.027911
0.029023
0.026827
0.027089
0.027427
0.027389
0.028819
0.028034
0.027332
0.027459
0.028231
0.028881
0.028095
0.027892
0.028118
0.027333
0.027442
0.02667
0.028405
0.028291
0.028481
0.028441
0.028397
0.028429
0.027219
0.027861
0.026699
0.027345
0.029436
0.027412
0.029515
0.028343
0.02768
0.028244
0.027875
0.028386
0.027935
0.028497
0.02673
0.028885
0.028804
0.028593
0.02734
0.027996
0.028122
0.028898
0.027276
0.027881
0.028596
0.02834
0.027829
0.02851
0.027125
0.027797
0.027984
0.027658
0.029054
0.028728
0.02821
0.027635
0.027532
0.027086
0.025953
0.027371
0.026878
0.027426
0.027793
0.027738
0.02799
0.027571
0.029345
0.027936
0.027271
0.027188
0.026336
0.027466
0.028082
0.027873
0.028577
0.027652
0.028134
0.029378
0.028599
0.027299
0.027434
0.027014
0.026298
0.027555
0.027477
0.028898
0.027648
0.027068
0.026906
0.027743
0.027877
0.027478
0.028188
0.027755
0.027387
0.027292
0.027653
0.028531
0.027451
0.028858
0.028155
0.027575
0.027423
0.027886
0.028071
0.029348
0.026681
0.028133
0.028331
0.027985
0.028135
0.029213
0.02856
0.028288
0.029563
0.028515
0.029261
0.028937
0.02815
0.028353
0.028407
0.02868
0.029346
0.028743
0.028818
0.028809
0.028809
0.027557
0.027906
0.028131
0.027142
0.028795
0.028674
0.028881
0.028362
0.028064
0.027823
0.027708
0.029647
0.028387
0.029345
0.028687
0.027421
0.028506
0.028743
0.028516
0.028272
0.029192
0.02905
0.029684
0.029195
0.027621
0.027957
0.02941
0.027722
0.028859
0.028724
0.029009
0.028687
0.028358
0.028498
0.028144
0.028696
0.028187
0.028076
0.027828
0.026561
0.027346
0.027981
0.027836
0.028065
0.028058
0.029109
0.029392
0.028564
0.030137
0.029194
0.027765
0.026808
0.028092
0.027468
0.029665
0.028983
0.029099
0.029426
0.029219
0.027772
0.028461
0.028068
0.027568
0.027206
0.02773
0.028082
0.029146
0.028851
0.029262
0.02744
0.028584
0.027982
0.02795
0.028828
0.02882
NaN
NaN
NaN
NaN
0.000169
0.059408
0.027421
0.027619
0.026819
0.027969
0.027734
0.028216
0.027672
0.02786
0.028137
0.027619
0.02849
0.028054
0.027201
0.027268
0.027794
0.027982
0.027666
0.027683
0.027253
0.027567
0.027951
0.028579
0.027807
0.028703
0.028189
0.028063
0.027325
0.027764
0.028373
0.028199
0.027035
0.027775
0.029285
0.028146
0.028416
0.028243
0.028026
0.027702
0.028053
0.028279
0.027894
0.02745
0.026593
0.027337
0.027716
0.027346
0.027606
0.027658
0.027505
0.027803
0.027454
0.027664
0.027769
0.027672
0.02635
0.027725
0.027436
0.027405
0.027483
0.027761
NaN
NaN
NaN
NaN
0.000171
0.063365
0.026934
0.028917
0.029039
0.029385
0.02932
0.029094
0.03019
0.030776
0.029204
0.028343
0.02829
0.028126
0.027133
0.028118
0.028306
0.028278
0.029336
0.031149
0.029234
0.02806
0.028101
0.028209
0.028001
0.028213
0.027019
0.028962
0.028192
0.028396
0.028288
0.030178
0.028609
0.028287
0.028851
0.028858
0.028458
0.028112
0.027169
0.027994
0.02809
0.029493
0.02944
0.030043
0.029751
NaN
NaN
NaN
NaN
0.000172
0.060162
0.027053
0.028072
0.028998
NaN
NaN
NaN
NaN
0.000165
0.059803
0.02802
0.027699
0.027071
0.027392
0.028833
0.027537
0.027593
0.027733
0.028878
0.02926
0.027935
NaN
NaN
NaN
NaN
0.000171
0.060755
0.027608
