1
1096.0000,618.0000,41.0000,48.0000
1091.0000,616.0000,41.0000,49.0000
1083.0000,617.0000,42.0000,50.0000
2
0
0
0
0
1
912.0000,619.0000,49.0000,48.0000
919.0000,618.0000,48.0000,47.0000
914.0000,606.0000,49.0000,48.0000
2
0
0
0
0
1
813.0000,556.0000,40.0000,42.0000
810.0000,560.0000,40.0000,42.0000
809.0000,555.0000,40.0000,43.0000
799.0000,558.0000,39.0000,43.0000
804.0000,563.0000,40.0000,42.0000
799.0000,564.0000,40.0000,42.0000
822.0000,561.0000,40.0000,41.0000
848.0000,566.0000,40.0000,41.0000
2
0
0
0
0
1
795.0000,495.0000,47.0000,49.0000
792.0000,493.0000,46.0000,49.0000
787.0000,495.0000,46.0000,48.0000
777.0000,492.0000,46.0000,47.0000
767.0000,495.0000,47.0000,48.0000
761.0000,494.0000,46.0000,48.0000
751.0000,495.0000,47.0000,49.0000
733.0000,491.0000,48.0000,50.0000
724.0000,484.0000,46.0000,50.0000
707.0000,477.0000,46.0000,51.0000
684.0000,476.0000,48.0000,50.0000
665.0000,471.0000,47.0000,49.0000
649.0000,465.0000,47.0000,50.0000
640.0000,454.0000,47.0000,50.0000
2
0
0
0
0
1
403.0000,443.0000,42.0000,22.0000
366.0000,443.0000,42.0000,22.0000
330.0000,443.0000,43.0000,22.0000
292.0000,441.0000,42.0000,22.0000
251.0000,442.0000,42.0000,22.0000
207.0000,443.0000,42.0000,22.0000
163.0000,445.0000,43.0000,22.0000
119.0000,446.0000,43.0000,22.0000
75.0000,448.0000,43.0000,23.0000
30.0000,450.0000,44.0000,22.0000
