0.26732,0.27219,0.26849,0,0,0,0,0,0,0,0,0,0,0,0
0.11156,0.1178,0.11201,0,0,0,0,0,0,0,0,0,0,0,0
0.032097,0.032393,0.032068,0,0,0,0,0,0,0,0,0,0,0,0
0.033602,0.034252,0.033573,0,0,0,0,0,0,0,0,0,0,0,0
0.031167,0.031891,0.031225,0,0,0,0,0,0,0,0,0,0,0,0
0.044393,0.045108,0.04433,0,0,0,0,0,0,0,0,0,0,0,0
0.021068,0.021426,0.021469,0,0,0,0,0,0,0,0,0,0,0,0
0.020324,0.021196,0.02032,0,0,0,0,0,0,0,0,0,0,0,0
0.020648,0.021561,0.020496,0,0,0,0,0,0,0,0,0,0,0,0
0.020284,0.021081,0.020259,0,0,0,0,0,0,0,0,0,0,0,0
0.020327,0.021163,0.020046,0,0,0,0,0,0,0,0,0,0,0,0
0.020385,0.020788,0.020028,0,0,0,0,0,0,0,0,0,0,0,0
0.020123,0.020757,0.02031,0,0,0,0,0,0,0,0,0,0,0,0
0.020038,0.020821,0.019948,0,0,0,0,0,0,0,0,0,0,0,0
0.019994,0.021153,0.02017,0,0,0,0,0,0,0,0,0,0,0,0
0.020076,0.021058,0.019958,0,0,0,0,0,0,0,0,0,0,0,0
0.020273,0.020873,0.020097,0,0,0,0,0,0,0,0,0,0,0,0
0.020415,0.021235,0.01999,0,0,0,0,0,0,0,0,0,0,0,0
0.02046,0.021237,0.019954,0,0,0,0,0,0,0,0,0,0,0,0
0.020989,0.021679,0.020909,0,0,0,0,0,0,0,0,0,0,0,0
0.02109,0.021751,0.020861,0,0,0,0,0,0,0,0,0,0,0,0
0.021258,0.021414,0.020849,0,0,0,0,0,0,0,0,0,0,0,0
0.020847,0.020899,0.021054,0,0,0,0,0,0,0,0,0,0,0,0
0.020421,0.020505,0.020519,0,0,0,0,0,0,0,0,0,0,0,0
0.02046,0.020601,0.020303,0,0,0,0,0,0,0,0,0,0,0,0
0.020606,0.020831,0.020234,0,0,0,0,0,0,0,0,0,0,0,0
0.020686,0.020664,0.020335,0,0,0,0,0,0,0,0,0,0,0,0
0.020717,0.020558,0.020188,0,0,0,0,0,0,0,0,0,0,0,0
0.020467,0.020588,0.020335,0,0,0,0,0,0,0,0,0,0,0,0
0.020695,0.020682,0.020505,0,0,0,0,0,0,0,0,0,0,0,0
0.020357,0.020824,0.020276,0,0,0,0,0,0,0,0,0,0,0,0
0.020326,0.020582,0.020651,0,0,0,0,0,0,0,0,0,0,0,0
0.020299,0.020603,0.020391,0,0,0,0,0,0,0,0,0,0,0,0
0.020571,0.0209,0.020624,0,0,0,0,0,0,0,0,0,0,0,0
0.020331,0.020891,0.02051,0,0,0,0,0,0,0,0,0,0,0,0
0.020391,0.020614,0.020636,0,0,0,0,0,0,0,0,0,0,0,0
0.020451,0.020855,0.020374,0,0,0,0,0,0,0,0,0,0,0,0
0.020727,0.020685,0.020692,0,0,0,0,0,0,0,0,0,0,0,0
0.02061,0.020993,0.020591,0,0,0,0,0,0,0,0,0,0,0,0
0.020369,0.020576,0.020617,0,0,0,0,0,0,0,0,0,0,0,0
0.020727,0.020952,0.020512,0,0,0,0,0,0,0,0,0,0,0,0
0.020778,0.021082,0.020346,0,0,0,0,0,0,0,0,0,0,0,0
0.02041,0.020925,0.02049,0,0,0,0,0,0,0,0,0,0,0,0
0.020554,0.020713,0.02065,0,0,0,0,0,0,0,0,0,0,0,0
0.020796,0.021026,0.020461,0,0,0,0,0,0,0,0,0,0,0,0
0.02095,0.021161,0.020893,0,0,0,0,0,0,0,0,0,0,0,0
0.020913,0.02117,0.020799,0,0,0,0,0,0,0,0,0,0,0,0
0.02072,0.020787,0.020743,0,0,0,0,0,0,0,0,0,0,0,0
0.020384,0.020676,0.020591,0,0,0,0,0,0,0,0,0,0,0,0
0.020594,0.020929,0.020319,0,0,0,0,0,0,0,0,0,0,0,0
0.02012,0.020781,0.02049,0,0,0,0,0,0,0,0,0,0,0,0
NaN,NaN,NaN,0,0,0,0,0,0,0,0,0,0,0,0
NaN,NaN,NaN,0,0,0,0,0,0,0,0,0,0,0,0
NaN,NaN,NaN,0,0,0,0,0,0,0,0,0,0,0,0
NaN,NaN,NaN,0,0,0,0,0,0,0,0,0,0,0,0
0.26817,0.26898,0.26914,0,0,0,0,0,0,0,0,0,0,0,0
0.11604,0.11196,0.11398,0,0,0,0,0,0,0,0,0,0,0,0
0.032203,0.032728,0.032255,0,0,0,0,0,0,0,0,0,0,0,0
0.033747,0.033924,0.03376,0,0,0,0,0,0,0,0,0,0,0,0
0.031495,0.031529,0.031384,0,0,0,0,0,0,0,0,0,0,0,0
0.044696,0.044683,0.044568,0,0,0,0,0,0,0,0,0,0,0,0
0.021444,0.022035,0.021063,0,0,0,0,0,0,0,0,0,0,0,0
0.020858,0.020445,0.020694,0,0,0,0,0,0,0,0,0,0,0,0
0.020551,0.020517,0.021115,0,0,0,0,0,0,0,0,0,0,0,0
0.020672,0.020247,0.020477,0,0,0,0,0,0,0,0,0,0,0,0
0.020291,0.020177,0.020522,0,0,0,0,0,0,0,0,0,0,0,0
0.020285,0.02029,0.020334,0,0,0,0,0,0,0,0,0,0,0,0
0.020185,0.020502,0.020408,0,0,0,0,0,0,0,0,0,0,0,0
0.020212,0.020452,0.020564,0,0,0,0,0,0,0,0,0,0,0,0
0.020333,0.019902,0.020402,0,0,0,0,0,0,0,0,0,0,0,0
0.020319,0.020279,0.020043,0,0,0,0,0,0,0,0,0,0,0,0
0.020153,0.020449,0.020072,0,0,0,0,0,0,0,0,0,0,0,0
0.020296,0.020059,0.020297,0,0,0,0,0,0,0,0,0,0,0,0
0.020217,0.020247,0.020608,0,0,0,0,0,0,0,0,0,0,0,0
0.021159,0.020743,0.020582,0,0,0,0,0,0,0,0,0,0,0,0
0.021737,0.02155,0.020753,0,0,0,0,0,0,0,0,0,0,0,0
0.021325,0.021244,0.020609,0,0,0,0,0,0,0,0,0,0,0,0
0.021075,0.021296,0.020786,0,0,0,0,0,0,0,0,0,0,0,0
0.020657,0.020491,0.020307,0,0,0,0,0,0,0,0,0,0,0,0
0.020154,0.020908,0.019991,0,0,0,0,0,0,0,0,0,0,0,0
0.020175,0.020497,0.020119,0,0,0,0,0,0,0,0,0,0,0,0
0.020606,0.020553,0.020241,0,0,0,0,0,0,0,0,0,0,0,0
0.020404,0.020873,0.020237,0,0,0,0,0,0,0,0,0,0,0,0
0.02015,0.020826,0.020055,0,0,0,0,0,0,0,0,0,0,0,0
0.020467,0.021009,0.020058,0,0,0,0,0,0,0,0,0,0,0,0
0.020168,0.020852,0.020393,0,0,0,0,0,0,0,0,0,0,0,0
0.020077,0.020593,0.020129,0,0,0,0,0,0,0,0,0,0,0,0
0.020103,0.020891,0.020418,0,0,0,0,0,0,0,0,0,0,0,0
0.020384,0.020556,0.020517,0,0,0,0,0,0,0,0,0,0,0,0
0.020494,0.020721,0.020295,0,0,0,0,0,0,0,0,0,0,0,0
0.020205,0.020761,0.02059,0,0,0,0,0,0,0,0,0,0,0,0
0.020393,0.020727,0.020705,0,0,0,0,0,0,0,0,0,0,0,0
0.020584,0.020643,0.020866,0,0,0,0,0,0,0,0,0,0,0,0
0.020673,0.02077,0.02034,0,0,0,0,0,0,0,0,0,0,0,0
0.020635,0.020829,0.020607,0,0,0,0,0,0,0,0,0,0,0,0
0.020421,0.020856,0.020579,0,0,0,0,0,0,0,0,0,0,0,0
0.020866,0.020865,0.02071,0,0,0,0,0,0,0,0,0,0,0,0
0.020624,0.021351,0.020764,0,0,0,0,0,0,0,0,0,0,0,0
0.020668,0.020993,0.021034,0,0,0,0,0,0,0,0,0,0,0,0
0.020576,0.021003,0.020896,0,0,0,0,0,0,0,0,0,0,0,0
0.020677,0.021344,0.020997,0,0,0,0,0,0,0,0,0,0,0,0
0.020775,0.021014,0.020789,0,0,0,0,0,0,0,0,0,0,0,0
0.021061,0.02099,0.020685,0,0,0,0,0,0,0,0,0,0,0,0
0.021019,0.021109,0.020524,0,0,0,0,0,0,0,0,0,0,0,0
0.020667,0.021256,0.02048,0,0,0,0,0,0,0,0,0,0,0,0
0.020605,0.020963,0.021076,0,0,0,0,0,0,0,0,0,0,0,0
0.020806,0.021022,0.021379,0,0,0,0,0,0,0,0,0,0,0,0
0.021034,0.021402,0.021179,0,0,0,0,0,0,0,0,0,0,0,0
0.021027,0.021372,0.021394,0,0,0,0,0,0,0,0,0,0,0,0
0.020813,0.020992,0.0211,0,0,0,0,0,0,0,0,0,0,0,0
0.020568,0.021368,0.02147,0,0,0,0,0,0,0,0,0,0,0,0
0.018329,0.02103,0.021393,0,0,0,0,0,0,0,0,0,0,0,0
0.020701,0.02104,0.021426,0,0,0,0,0,0,0,0,0,0,0,0
0.020745,0.021081,0.021378,0,0,0,0,0,0,0,0,0,0,0,0
0.020699,0.021009,0.021353,0,0,0,0,0,0,0,0,0,0,0,0
0.020604,0.02099,0.021457,0,0,0,0,0,0,0,0,0,0,0,0
0.020634,0.021062,0.02111,0,0,0,0,0,0,0,0,0,0,0,0
0.020649,0.021164,0.021171,0,0,0,0,0,0,0,0,0,0,0,0
0.0207,0.021404,0.021104,0,0,0,0,0,0,0,0,0,0,0,0
0.020803,0.020973,0.020916,0,0,0,0,0,0,0,0,0,0,0,0
0.021031,0.02105,0.021406,0,0,0,0,0,0,0,0,0,0,0,0
0.020923,0.021366,0.021124,0,0,0,0,0,0,0,0,0,0,0,0
0.020707,0.021063,0.021109,0,0,0,0,0,0,0,0,0,0,0,0
0.0206,0.020845,0.021076,0,0,0,0,0,0,0,0,0,0,0,0
0.020748,0.020989,0.021304,0,0,0,0,0,0,0,0,0,0,0,0
0.020513,0.020797,0.021395,0,0,0,0,0,0,0,0,0,0,0,0
0.020691,0.020941,0.021178,0,0,0,0,0,0,0,0,0,0,0,0
0.020568,0.020855,0.021173,0,0,0,0,0,0,0,0,0,0,0,0
0.020769,0.020884,0.020958,0,0,0,0,0,0,0,0,0,0,0,0
0.020772,0.020672,0.020873,0,0,0,0,0,0,0,0,0,0,0,0
0.020949,0.020921,0.021207,0,0,0,0,0,0,0,0,0,0,0,0
0.020759,0.021155,0.021183,0,0,0,0,0,0,0,0,0,0,0,0
0.020911,0.020935,0.020978,0,0,0,0,0,0,0,0,0,0,0,0
0.02086,0.020765,0.020895,0,0,0,0,0,0,0,0,0,0,0,0
0.020635,0.021185,0.02092,0,0,0,0,0,0,0,0,0,0,0,0
0.020799,0.021114,0.020876,0,0,0,0,0,0,0,0,0,0,0,0
0.020548,0.021037,0.021247,0,0,0,0,0,0,0,0,0,0,0,0
0.020475,0.021202,0.021369,0,0,0,0,0,0,0,0,0,0,0,0
0.020635,0.021032,0.021136,0,0,0,0,0,0,0,0,0,0,0,0
0.020825,0.021168,0.021357,0,0,0,0,0,0,0,0,0,0,0,0
0.020509,0.020868,0.021346,0,0,0,0,0,0,0,0,0,0,0,0
0.020559,0.020971,0.021152,0,0,0,0,0,0,0,0,0,0,0,0
0.020497,0.020977,0.021032,0,0,0,0,0,0,0,0,0,0,0,0
0.020879,0.021126,0.021144,0,0,0,0,0,0,0,0,0,0,0,0
0.020994,0.021246,0.021065,0,0,0,0,0,0,0,0,0,0,0,0
0.020928,0.021299,0.021313,0,0,0,0,0,0,0,0,0,0,0,0
0.021033,0.020939,0.021146,0,0,0,0,0,0,0,0,0,0,0,0
0.02077,0.020863,0.02126,0,0,0,0,0,0,0,0,0,0,0,0
0.020396,0.020753,0.021232,0,0,0,0,0,0,0,0,0,0,0,0
0.020577,0.020856,0.021274,0,0,0,0,0,0,0,0,0,0,0,0
0.020826,0.020681,0.020931,0,0,0,0,0,0,0,0,0,0,0,0
0.020775,0.020843,0.020931,0,0,0,0,0,0,0,0,0,0,0,0
0.020464,0.021089,0.020988,0,0,0,0,0,0,0,0,0,0,0,0
0.020332,0.02093,0.02116,0,0,0,0,0,0,0,0,0,0,0,0
0.020671,0.020627,0.020854,0,0,0,0,0,0,0,0,0,0,0,0
0.020283,0.020771,0.02118,0,0,0,0,0,0,0,0,0,0,0,0
0.020746,0.020708,0.020839,0,0,0,0,0,0,0,0,0,0,0,0
0.020332,0.020887,0.02098,0,0,0,0,0,0,0,0,0,0,0,0
0.02036,0.020868,0.020808,0,0,0,0,0,0,0,0,0,0,0,0
0.020738,0.020737,0.020954,0,0,0,0,0,0,0,0,0,0,0,0
0.02068,0.020945,0.020896,0,0,0,0,0,0,0,0,0,0,0,0
0.020447,0.020741,0.02096,0,0,0,0,0,0,0,0,0,0,0,0
0.0202,0.020948,0.021007,0,0,0,0,0,0,0,0,0,0,0,0
0.020315,0.020507,0.020953,0,0,0,0,0,0,0,0,0,0,0,0
0.020249,0.020537,0.020927,0,0,0,0,0,0,0,0,0,0,0,0
0.0203,0.020436,0.020884,0,0,0,0,0,0,0,0,0,0,0,0
0.020159,0.020488,0.020933,0,0,0,0,0,0,0,0,0,0,0,0
0.020429,0.020641,0.020769,0,0,0,0,0,0,0,0,0,0,0,0
0.020664,0.020549,0.020885,0,0,0,0,0,0,0,0,0,0,0,0
0.020556,0.020664,0.020886,0,0,0,0,0,0,0,0,0,0,0,0
0.020425,0.020437,0.020875,0,0,0,0,0,0,0,0,0,0,0,0
0.020664,0.020619,0.02093,0,0,0,0,0,0,0,0,0,0,0,0
0.020482,0.02045,0.020782,0,0,0,0,0,0,0,0,0,0,0,0
0.02041,0.020637,0.020856,0,0,0,0,0,0,0,0,0,0,0,0
0.020637,0.020482,0.020698,0,0,0,0,0,0,0,0,0,0,0,0
0.020572,0.020675,0.020781,0,0,0,0,0,0,0,0,0,0,0,0
0.020271,0.020506,0.020718,0,0,0,0,0,0,0,0,0,0,0,0
0.020463,0.02068,0.020938,0,0,0,0,0,0,0,0,0,0,0,0
0.020643,0.020487,0.020871,0,0,0,0,0,0,0,0,0,0,0,0
0.020512,0.02081,0.021063,0,0,0,0,0,0,0,0,0,0,0,0
0.020592,0.020537,0.02093,0,0,0,0,0,0,0,0,0,0,0,0
0.020499,0.020757,0.020988,0,0,0,0,0,0,0,0,0,0,0,0
0.020716,0.020678,0.021143,0,0,0,0,0,0,0,0,0,0,0,0
0.020468,0.02074,0.021003,0,0,0,0,0,0,0,0,0,0,0,0
0.020433,0.020718,0.021067,0,0,0,0,0,0,0,0,0,0,0,0
0.020562,0.020804,0.021095,0,0,0,0,0,0,0,0,0,0,0,0
0.020614,0.020661,0.020945,0,0,0,0,0,0,0,0,0,0,0,0
0.020938,0.020842,0.021022,0,0,0,0,0,0,0,0,0,0,0,0
0.020781,0.020663,0.020996,0,0,0,0,0,0,0,0,0,0,0,0
0.020599,0.020958,0.021284,0,0,0,0,0,0,0,0,0,0,0,0
0.020671,0.020772,0.021089,0,0,0,0,0,0,0,0,0,0,0,0
0.020869,0.021073,0.021187,0,0,0,0,0,0,0,0,0,0,0,0
0.020709,0.021337,0.021268,0,0,0,0,0,0,0,0,0,0,0,0
0.020509,0.021163,0.021237,0,0,0,0,0,0,0,0,0,0,0,0
0.020921,0.021189,0.021172,0,0,0,0,0,0,0,0,0,0,0,0
0.020862,0.020898,0.020965,0,0,0,0,0,0,0,0,0,0,0,0
0.020436,0.021029,0.021084,0,0,0,0,0,0,0,0,0,0,0,0
0.020984,0.020789,0.021137,0,0,0,0,0,0,0,0,0,0,0,0
0.020647,0.020629,0.021081,0,0,0,0,0,0,0,0,0,0,0,0
0.020613,0.020797,0.021104,0,0,0,0,0,0,0,0,0,0,0,0
0.020687,0.020692,0.021064,0,0,0,0,0,0,0,0,0,0,0,0
0.020585,0.020805,0.020987,0,0,0,0,0,0,0,0,0,0,0,0
0.020716,0.020917,0.020894,0,0,0,0,0,0,0,0,0,0,0,0
0.020363,0.021036,0.020986,0,0,0,0,0,0,0,0,0,0,0,0
0.020474,0.020799,0.020997,0,0,0,0,0,0,0,0,0,0,0,0
0.020572,0.021109,0.02116,0,0,0,0,0,0,0,0,0,0,0,0
0.020817,0.02087,0.021071,0,0,0,0,0,0,0,0,0,0,0,0
0.020773,0.021029,0.021077,0,0,0,0,0,0,0,0,0,0,0,0
0.020522,0.020801,0.021032,0,0,0,0,0,0,0,0,0,0,0,0
0.02034,0.018792,0.020941,0,0,0,0,0,0,0,0,0,0,0,0
0.020753,0.020927,0.021007,0,0,0,0,0,0,0,0,0,0,0,0
0.020358,0.021039,0.020995,0,0,0,0,0,0,0,0,0,0,0,0
0.020398,0.021116,0.02102,0,0,0,0,0,0,0,0,0,0,0,0
0.020355,0.020792,0.021185,0,0,0,0,0,0,0,0,0,0,0,0
0.020403,0.021148,0.021056,0,0,0,0,0,0,0,0,0,0,0,0
0.020488,0.020965,0.020949,0,0,0,0,0,0,0,0,0,0,0,0
0.020812,0.021167,0.020993,0,0,0,0,0,0,0,0,0,0,0,0
0.020694,0.021107,0.021136,0,0,0,0,0,0,0,0,0,0,0,0
0.020855,0.020942,0.021188,0,0,0,0,0,0,0,0,0,0,0,0
0.020337,0.020717,0.021005,0,0,0,0,0,0,0,0,0,0,0,0
0.020638,0.020948,0.021007,0,0,0,0,0,0,0,0,0,0,0,0
0.020714,0.021102,0.020958,0,0,0,0,0,0,0,0,0,0,0,0
0.020831,0.021119,0.021114,0,0,0,0,0,0,0,0,0,0,0,0
0.020703,0.020875,0.020916,0,0,0,0,0,0,0,0,0,0,0,0
0.020485,0.020731,0.020786,0,0,0,0,0,0,0,0,0,0,0,0
0.020754,0.020851,0.020782,0,0,0,0,0,0,0,0,0,0,0,0
0.020831,0.021189,0.020894,0,0,0,0,0,0,0,0,0,0,0,0
0.020705,0.021039,0.020995,0,0,0,0,0,0,0,0,0,0,0,0
0.020767,0.02084,0.02108,0,0,0,0,0,0,0,0,0,0,0,0
0.020817,0.020728,0.02097,0,0,0,0,0,0,0,0,0,0,0,0
0.020796,0.020884,0.020782,0,0,0,0,0,0,0,0,0,0,0,0
0.020651,0.020922,0.020959,0,0,0,0,0,0,0,0,0,0,0,0
0.020776,0.020847,0.020904,0,0,0,0,0,0,0,0,0,0,0,0
0.020515,0.020848,0.021099,0,0,0,0,0,0,0,0,0,0,0,0
0.021013,0.021031,0.021151,0,0,0,0,0,0,0,0,0,0,0,0
0.020695,0.020914,0.021099,0,0,0,0,0,0,0,0,0,0,0,0
0.020966,0.02093,0.021216,0,0,0,0,0,0,0,0,0,0,0,0
0.020673,0.021149,0.021039,0,0,0,0,0,0,0,0,0,0,0,0
0.020798,0.021579,0.021223,0,0,0,0,0,0,0,0,0,0,0,0
0.020416,0.020814,0.021184,0,0,0,0,0,0,0,0,0,0,0,0
0.0209,0.020974,0.021146,0,0,0,0,0,0,0,0,0,0,0,0
0.020571,0.020849,0.021184,0,0,0,0,0,0,0,0,0,0,0,0
0.02102,0.021065,0.021224,0,0,0,0,0,0,0,0,0,0,0,0
0.020984,0.021017,0.021337,0,0,0,0,0,0,0,0,0,0,0,0
0.021029,0.021182,0.021337,0,0,0,0,0,0,0,0,0,0,0,0
0.020269,0.02073,0.021071,0,0,0,0,0,0,0,0,0,0,0,0
0.020741,0.021015,0.02108,0,0,0,0,0,0,0,0,0,0,0,0
0.020666,0.020891,0.021155,0,0,0,0,0,0,0,0,0,0,0,0
0.020843,0.021036,0.021143,0,0,0,0,0,0,0,0,0,0,0,0
0.020794,0.020933,0.021103,0,0,0,0,0,0,0,0,0,0,0,0
0.021082,0.021028,0.021201,0,0,0,0,0,0,0,0,0,0,0,0
0.020795,0.020934,0.021164,0,0,0,0,0,0,0,0,0,0,0,0
0.020827,0.020961,0.021213,0,0,0,0,0,0,0,0,0,0,0,0
0.020786,0.020755,0.021062,0,0,0,0,0,0,0,0,0,0,0,0
0.020917,0.02102,0.021158,0,0,0,0,0,0,0,0,0,0,0,0
0.021067,0.020998,0.021221,0,0,0,0,0,0,0,0,0,0,0,0
0.021435,0.021398,0.02134,0,0,0,0,0,0,0,0,0,0,0,0
0.02087,0.020868,0.021173,0,0,0,0,0,0,0,0,0,0,0,0
0.020845,0.021143,0.021121,0,0,0,0,0,0,0,0,0,0,0,0
0.020362,0.02077,0.021076,0,0,0,0,0,0,0,0,0,0,0,0
0.020503,0.020922,0.021107,0,0,0,0,0,0,0,0,0,0,0,0
0.020433,0.02083,0.021061,0,0,0,0,0,0,0,0,0,0,0,0
0.020864,0.021067,0.020962,0,0,0,0,0,0,0,0,0,0,0,0
0.020782,0.020825,0.020934,0,0,0,0,0,0,0,0,0,0,0,0
0.020888,0.020972,0.02099,0,0,0,0,0,0,0,0,0,0,0,0
0.02085,0.020736,0.020994,0,0,0,0,0,0,0,0,0,0,0,0
0.020898,0.02104,0.021042,0,0,0,0,0,0,0,0,0,0,0,0
0.020532,0.020831,0.02119,0,0,0,0,0,0,0,0,0,0,0,0
0.020597,0.021039,0.021111,0,0,0,0,0,0,0,0,0,0,0,0
0.020497,0.02083,0.021036,0,0,0,0,0,0,0,0,0,0,0,0
0.02086,0.021077,0.02119,0,0,0,0,0,0,0,0,0,0,0,0
0.020719,0.020724,0.020951,0,0,0,0,0,0,0,0,0,0,0,0
0.020851,0.020936,0.020992,0,0,0,0,0,0,0,0,0,0,0,0
0.020674,0.020778,0.021125,0,0,0,0,0,0,0,0,0,0,0,0
0.020638,0.020957,0.02106,0,0,0,0,0,0,0,0,0,0,0,0
0.020338,0.020798,0.021017,0,0,0,0,0,0,0,0,0,0,0,0
0.020539,0.020949,0.021119,0,0,0,0,0,0,0,0,0,0,0,0
0.020889,0.020774,0.020988,0,0,0,0,0,0,0,0,0,0,0,0
0.020898,0.021074,0.021252,0,0,0,0,0,0,0,0,0,0,0,0
0.020563,0.020768,0.02104,0,0,0,0,0,0,0,0,0,0,0,0
0.020934,0.020989,0.021163,0,0,0,0,0,0,0,0,0,0,0,0
0.0207,0.020735,0.021084,0,0,0,0,0,0,0,0,0,0,0,0
0.020631,0.021024,0.020939,0,0,0,0,0,0,0,0,0,0,0,0
0.020955,0.020757,0.021011,0,0,0,0,0,0,0,0,0,0,0,0
0.020887,0.021022,0.01944,0,0,0,0,0,0,0,0,0,0,0,0
0.020416,0.02091,0.020969,0,0,0,0,0,0,0,0,0,0,0,0
0.020565,0.021023,0.021267,0,0,0,0,0,0,0,0,0,0,0,0
0.020508,0.020942,0.021232,0,0,0,0,0,0,0,0,0,0,0,0
0.02048,0.021055,0.021216,0,0,0,0,0,0,0,0,0,0,0,0
0.020455,0.020859,0.021181,0,0,0,0,0,0,0,0,0,0,0,0
0.020683,0.021032,0.02126,0,0,0,0,0,0,0,0,0,0,0,0
0.020931,0.020908,0.021051,0,0,0,0,0,0,0,0,0,0,0,0
0.020996,0.021117,0.021331,0,0,0,0,0,0,0,0,0,0,0,0
0.020987,0.020894,0.021177,0,0,0,0,0,0,0,0,0,0,0,0
0.020931,0.021124,0.021247,0,0,0,0,0,0,0,0,0,0,0,0
0.020577,0.020835,0.021068,0,0,0,0,0,0,0,0,0,0,0,0
0.021046,0.021119,0.021217,0,0,0,0,0,0,0,0,0,0,0,0
0.02102,0.021112,0.021365,0,0,0,0,0,0,0,0,0,0,0,0
0.020781,0.021012,0.021114,0,0,0,0,0,0,0,0,0,0,0,0
0.020677,0.020944,0.021296,0,0,0,0,0,0,0,0,0,0,0,0
0.020912,0.020981,0.021099,0,0,0,0,0,0,0,0,0,0,0,0
0.020972,0.020957,0.02105,0,0,0,0,0,0,0,0,0,0,0,0
0.021018,0.021022,0.021126,0,0,0,0,0,0,0,0,0,0,0,0
0.020772,0.020964,0.020949,0,0,0,0,0,0,0,0,0,0,0,0
0.020588,0.021066,0.021213,0,0,0,0,0,0,0,0,0,0,0,0
0.020876,0.02102,0.021229,0,0,0,0,0,0,0,0,0,0,0,0
0.021103,0.021233,0.021296,0,0,0,0,0,0,0,0,0,0,0,0
0.020642,0.020872,0.021195,0,0,0,0,0,0,0,0,0,0,0,0
0.020586,0.021065,0.021233,0,0,0,0,0,0,0,0,0,0,0,0
0.021129,0.021158,0.021348,0,0,0,0,0,0,0,0,0,0,0,0
0.020736,0.021188,0.021394,0,0,0,0,0,0,0,0,0,0,0,0
0.020998,0.0209,0.021262,0,0,0,0,0,0,0,0,0,0,0,0
0.020929,0.021102,0.02127,0,0,0,0,0,0,0,0,0,0,0,0
0.020692,0.020818,0.021117,0,0,0,0,0,0,0,0,0,0,0,0
0.021039,0.021083,0.021264,0,0,0,0,0,0,0,0,0,0,0,0
0.020957,0.020971,0.021228,0,0,0,0,0,0,0,0,0,0,0,0
0.020944,0.021122,0.02119,0,0,0,0,0,0,0,0,0,0,0,0
0.020531,0.020998,0.021284,0,0,0,0,0,0,0,0,0,0,0,0
0.02075,0.021091,0.021268,0,0,0,0,0,0,0,0,0,0,0,0
0.020693,0.021016,0.021102,0,0,0,0,0,0,0,0,0,0,0,0
0.021141,0.02107,0.021213,0,0,0,0,0,0,0,0,0,0,0,0
0.020873,0.02794,0.020968,0,0,0,0,0,0,0,0,0,0,0,0
0.021062,0.028743,0.021186,0,0,0,0,0,0,0,0,0,0,0,0
0.020974,0.02103,0.021301,0,0,0,0,0,0,0,0,0,0,0,0
0.020821,0.020919,0.021159,0,0,0,0,0,0,0,0,0,0,0,0
0.020664,0.020664,0.021033,0,0,0,0,0,0,0,0,0,0,0,0
0.02086,0.020985,0.021054,0,0,0,0,0,0,0,0,0,0,0,0
0.020702,0.020711,0.021044,0,0,0,0,0,0,0,0,0,0,0,0
0.020909,0.020823,0.021208,0,0,0,0,0,0,0,0,0,0,0,0
0.020789,0.024618,0.021094,0,0,0,0,0,0,0,0,0,0,0,0
0.020863,0.030728,0.020859,0,0,0,0,0,0,0,0,0,0,0,0
0.020591,0.027631,0.021098,0,0,0,0,0,0,0,0,0,0,0,0
0.020657,0.020793,0.020846,0,0,0,0,0,0,0,0,0,0,0,0
0.02062,0.020841,0.02096,0,0,0,0,0,0,0,0,0,0,0,0
0.020737,0.02073,0.020914,0,0,0,0,0,0,0,0,0,0,0,0
0.020341,0.020694,0.021089,0,0,0,0,0,0,0,0,0,0,0,0
0.020458,0.020761,0.021036,0,0,0,0,0,0,0,0,0,0,0,0
0.020715,0.020525,0.020869,0,0,0,0,0,0,0,0,0,0,0,0
0.0204,0.024059,0.021098,0,0,0,0,0,0,0,0,0,0,0,0
0.020662,0.030331,0.020941,0,0,0,0,0,0,0,0,0,0,0,0
0.020748,0.02867,0.021005,0,0,0,0,0,0,0,0,0,0,0,0
0.020692,0.030315,0.02091,0,0,0,0,0,0,0,0,0,0,0,0
0.020709,0.023241,0.021069,0,0,0,0,0,0,0,0,0,0,0,0
0.020342,0.020553,0.020958,0,0,0,0,0,0,0,0,0,0,0,0
0.020359,0.020835,0.02117,0,0,0,0,0,0,0,0,0,0,0,0
