236.62
0.62129
0.53114
0.4951
0.50331
0.49683
0.49124
0.49087
0.48742
0.48934
0.48933
0.49023
0.49024
0.48929
0.48885
0.48847
0.49655
0.49116
0.49722
0.49163
0.49588
0.499
0.48856
0.49529
0.4931
0.49188
0.48834
0.48523
0.48764
0.48823
0.48897
0.49584
0.5259
0.49407
0.50524
0.48808
0.49697
0.48664
0.49458
0.48719
0.48998
0.49326
0.49068
0.49068
0.49058
0.49097
0.49774
0.49275
0.48906
0.48601
0.49561
0.50019
0.48791
0.4972
0.49354
0.48976
0.49039
0.48801
0.49186
0.48928
0.48705
0.49352
0.48897
0.55297
0.49765
0.49823
0.49083
0.48743
0.48861
0.49208
0.49359
0.49194
0.49377
0.49085
0.48987
0.49408
0.48742
0.48637
0.49097
0.48729
0.48836
0.49075
0.48901
0.49196
0.48776
0.48564
0.48755
0.49123
0.48644
0.4875
0.49068
0.4878
0.49084
0.49099
0.49036
0.48379
0.48777
0.48863
0.48934
0.49261
0.51099
0.49197
0.49266
0.49444
0.48565
0.48864
0.49079
0.485
0.49089
0.48544
0.48451
0.49397
0.49219
0.48779
0.48501
0.48681
0.48483
0.51652
0.48854
0.48659
0.4852
0.4853
0.48778
0.48812
0.49055
0.49078
0.50065
0.49358
0.49557
0.48971
0.4895
0.48623
0.4884
0.48424
0.49058
0.49026
0.48672
0.48689
0.48812
0.48863
0.49188
0.49488
0.49574
0.4869
0.49109
0.48583
0.49182
0.48517
0.49242
0.49075
0.49106
0.48817
0.48646
0.49245
0.49389
0.48901
0.48831
0.48423
0.48957
0.4925
0.489
0.48377
0.48899
0.49067
0.48827
0.49862
0.49059
0.5044
0.48788
0.48817
0.48968
0.48658
0.48714
0.48724
0.48991
0.48603
0.48518
0.48924
0.49197
0.48841
0.48743
0.48945
0.48617
0.49222
0.49223
0.49272
0.48255
0.4963
0.49388
0.48454
0.48676
0.49175
0.49495
0.49126
0.4921
0.49321
0.48875
0.48947
0.49003
0.50007
0.52057
0.55155
0.49023
0.48991
0.48814
0.49135
0.48808
0.49016
0.49775
0.49384
0.4902
0.4941
0.49169
0.49398
0.48833
0.48692
0.48926
0.48475
0.4884
0.49002
0.48798
0.48581
0.48902
0.49028
0.4847
0.49099
0.48697
0.49042
0.49049
0.48456
0.48537
0.48889
0.48954
0.49149
0.48525
0.48672
0.5023
0.49464
0.49212
0.48985
0.48785
0.49053
0.48919
0.48885
0.49093
0.48775
0.49059
0.48845
0.48544
0.48661
0.51744
0.50765
0.48838
0.48443
0.48953
0.49035
0.49497
0.48975
0.48961
0.49274
0.48819
0.49203
0.48662
0.48663
0.49249
0.49131
0.49705
0.50636
0.50303
0.49007
0.4889
0.48785
0.48892
0.4894
0.48891
0.49001
0.48847
0.48749
0.48893
0.48905
0.48901
0.48723
0.49157
0.4867
0.48969
0.49372
0.49153
0.48969
0.48909
0.49142
0.49164
0.48839
0.49238
0.4865
0.49002
0.49172
0.49004
0.48833
0.49084
0.49299
0.49023
0.49714
0.49134
0.4925
0.49064
0.49687
0.48975
0.48888
0.49207
0.4902
0.48848
0.48851
0.48737
0.49392
0.48851
0.48971
0.48781
0.49315
0.49226
0.49125
0.4894
0.49096
0.48771
0.49017
0.49366
0.49306
0.48539
0.48701
0.48789
0.49188
0.50403
0.4927
0.49473
0.49913
0.51499
0.48917
0.49473
0.4968
0.49032
0.49281
0.48872
0.49259
0.49036
0.48826
0.48946
0.49027
0.49124
0.49761
0.49558
0.49155
0.4921
0.48883
0.49313
0.49263
0.49059
0.49064
0.48777
0.48933
0.48875
0.49167
0.4942
0.49294
0.4936
0.49187
0.49954
0.49421
0.49785
0.49397
0.49664
0.49843
0.49682
0.49586
0.49627
0.49637
0.49309
0.49058
0.48992
0.49331
0.48959
0.49497
0.49682
0.49607
0.49281
0.48992
0.50503
0.49697
0.49172
0.4952
0.50089
0.49047
0.50029
0.49245
0.49284
0.49267
0.49308
0.49366
0.4932
0.49588
0.49158
0.49413
0.49069
0.49341
0.49481
0.4868
0.49187
0.48908
0.49066
0.48836
0.48911
0.48944
0.50141
0.49577
0.49849
0.48926
0.49571
0.48735
0.49268
0.49223
0.49274
0.49467
0.49689
0.49201
0.49374
0.4951
0.48994
0.4946
0.49375
0.49037
0.50098
0.49756
0.5007
0.50768
0.5013
0.49735
0.49827
0.49539
0.49467
0.49427
0.49191
0.49787
0.49738
0.49785
0.49643
0.51541
0.50543
0.50265
0.5097
0.49765
0.49506
0.49458
0.50468
0.51179
0.50087
0.49532
0.49653
0.49622
0.49498
0.49164
0.49295
0.49564
0.49601
0.49633
0.49823
0.50084
0.49733
0.49325
0.49574
0.50016
0.49843
0.49657
0.50492
0.5068
0.49987
0.49868
0.49632
0.50693
0.50871
0.51482
0.51195
0.50674
0.50141
0.4998
0.50926
0.50689
0.50049
0.49602
0.49785
0.49812
0.49369
0.49579
0.49562
0.49625
0.49761
0.50956
0.50566
0.50209
0.50465
0.50155
0.49635
0.49982
0.53337
0.54239
0.50715
0.50069
0.49887
0.50119
0.49719
0.49499
0.49983
0.49795
0.50189
0.49946
0.5039
0.49685
0.49412
0.49983
0.4982
0.49841
0.50536
0.49789
0.49819
0.49762
0.49886
0.49687
0.49552
0.49854
0.49613
0.49504
0.49739
0.49799
0.49728
0.4954
0.49392
0.4946
0.49712
0.4939
0.49865
0.49162
0.49841
0.49468
0.50145
0.4914
0.49397
0.49786
0.49563
0.49436
0.49237
0.49434
0.49425
0.49719
0.49329
0.49316
0.49871
0.50262
0.51346
0.505
0.50572
0.49441
0.49285
0.49094
0.4989
0.49563
0.49437
0.49299
0.49307
0.49865
0.49565
0.49388
0.49511
0.49339
0.49313
0.49374
0.49053
0.49499
0.49293
0.49042
0.49016
0.48908
0.51786
0.48999
0.49106
0.49057
0.49201
0.49183
0.51721
0.49531
0.48973
0.49229
0.49562
0.50712
0.50207
0.49864
0.49496
0.50495
0.49525
0.49335
0.49088
0.49153
0.49087
0.49117
0.48798
0.49691
0.49293
0.48759
0.48548
0.48659
0.49386
0.48802
0.49203
0.49097
0.49169
0.48504
0.49058
0.4917
0.49242
0.49256
0.48838
0.49025
0.48904
0.48643
0.4917
0.48671
0.4893
0.49378
0.49093
0.49724
0.50103
0.4951
0.49434
0.48864
0.49162
0.49149
0.48959
0.48844
0.49428
0.48964
0.48665
0.48871
0.4919
0.49669
0.4891
0.48862
0.49371
0.49379
0.48825
0.49438
0.4894
0.49512
0.50205
0.49398
0.49509
0.49289
0.49502
0.49366
0.4932
0.49023
0.49405
0.50384
0.49894
0.48828
0.50192
0.4934
0.49975
0.49162
0.48675
0.49844
0.48968
0.48874
0.4902
0.49076
0.49173
0.49621
0.48881
0.49035
0.48849
0.49402
0.49206
0.4941
0.49993
0.49829
0.48992
0.48629
0.48881
0.49336
0.48676
0.49184
0.49129
0.49058
0.49053
0.49315
0.48818
0.49052
0.48661
0.48931
0.50332
0.49166
0.48889
0.49519
0.48712
0.48872
0.48882
0.48918
0.49151
0.49351
0.49383
0.49579
0.49325
0.5001
0.49285
0.49474
0.48943
0.49512
0.49609
0.48836
0.49252
0.48919
0.49278
0.48984
0.48805
0.49029
0.49096
0.49174
0.49182
0.50101
0.49079
0.49057
0.48833
0.48616
0.50431
0.49739
0.4918
0.48933
0.49493
0.48965
0.48855
0.49154
0.49389
0.48903
0.48974
0.4919
0.49538
0.49849
0.49363
0.49626
0.49088
0.49174
0.49323
0.49308
0.49269
0.49233
0.49378
0.49147
0.49904
0.49034
0.4981
0.51252
0.5
0.49203
0.49136
0.49592
0.49106
0.49466
0.4865
0.48797
0.49007
0.49283
0.49504
0.49198
0.49262
0.49066
0.49207
0.4947
0.49181
0.49792
0.49095
0.48881
0.49206
0.49126
0.48997
0.48947
0.48799
0.50089
0.49486
0.49541
0.4945
0.49139
0.50481
0.49007
0.48736
0.49059
0.49313
0.49251
0.4841
0.49002
0.48847
0.49027
0.49278
0.49208
0.48979
0.49576
0.4912
0.48838
0.4904
0.48792
0.49767
0.49468
0.48595
0.49242
0.49165
0.48821
0.4891
0.48932
0.50128
0.49887
0.50057
0.49824
0.50235
0.50175
0.49626
0.48697
0.49219
0.4856
0.50676
0.4968
0.49745
0.4926
0.49165
0.49094
0.48785
0.48997
0.48874
0.49372
0.49494
0.49502
0.48995
0.48713
0.48862
0.49029
0.48614
0.49136
0.49341
0.48564
0.48994
0.48994
