158.51
1.1204
10.087
0.75309
10.634
0.8794
9.1894
0.71699
11.092
0.85982
11.789
0.84816
10.38
0.88087
9.7864
0.82465
10.313
0.89705
10.4
0.82412
6.9285
0.71476
8.504
0.68787
15.104
1.0115
16.292
0.75951
12.02
0.71398
11.969
0.93803
17.845
0.95073
18.616
0.84132
16.37
0.82672
18.134
0.87976
16.25
0.88438
19.666
0.78554
17.331
0.84912
17.293
0.8971
11.634
0.72918
7.9904
0.75696
8.4263
0.85039
12.53
0.83476
12.01
0.78669
11.364
0.7988
9.6794
0.81447
10.216
0.73682
10.467
0.80479
11.257
0.828
10.786
0.76482
12.022
0.72598
10.641
0.81396
7.0487
0.66113
5.5097
0.65971
5.6302
0.69951
6.5751
0.78655
11.08
0.83185
10.659
0.81197
10.573
0.77566
11.058
0.76291
10.75
0.8925
11.721
0.79368
10.586
0.80831
11.43
0.74073
7.1285
0.74477
7.5087
0.67206
7.6695
0.7124
6.7804
0.78327
6.6991
0.69908
6.0784
0.72516
6.9043
0.6907
7.334
0.71874
6.2119
0.71837
5.9653
0.7076
6.5636
0.72698
3.7583
0.71689
3.8169
0.63853
3.7308
0.65506
3.5807
0.74234
6.6528
0.72577
6.3499
0.73402
6.6544
0.67785
6.513
0.70659
6.8989
0.69073
6.7417
0.72792
6.8506
0.69546
7.3548
0.76446
7.2041
0.69568
5.5321
0.77849
4.5692
0.70086
4.9042
0.68162
4.8828
0.65872
5.8582
0.78386
7.7639
0.67607
7.5231
0.64287
6.3232
0.82209
6.5107
0.72132
6.6971
0.74386
7.5669
0.73176
6.0829
0.70091
3.4957
0.70179
3.7061
0.70146
4.1322
0.62482
3.3809
0.6567
4.5637
0.7224
6.1059
0.74685
7.0807
0.72091
7.5817
0.71928
7.684
0.80184
6.3721
0.76139
6.7712
0.74044
7.2318
0.79854
7.7075
0.79236
7.5827
0.83276
6.7545
0.7121
6.3111
0.68826
6.7462
0.65161
4.8864
0.67401
3.5785
0.65715
3.6436
0.62005
3.1881
0.65496
4.2746
0.63273
7.6192
0.73074
6.0907
0.75076
6.4921
0.71333
8.1762
0.78362
8.2044
0.73601
7.0129
0.70801
8.7144
0.73349
7.1056
0.73523
7.5317
0.70705
7.0754
0.73859
7.4628
0.69459
4.7016
0.65292
3.4848
0.64585
3.7753
0.6987
3.4497
0.70166
3.8856
0.65962
6.5129
0.73369
7.1889
0.76315
7.456
0.76048
7.2828
0.73604
8.2798
0.75302
6.8319
0.72216
6.708
0.697
6.7676
0.75756
7.8037
0.78313
5.6845
0.60096
4.7264
0.70315
4.8997
0.61127
2.8649
0.65983
2.8012
0.72358
3.8622
0.65124
3.3035
0.65445
3.5689
0.75782
7.8584
0.70312
8.8203
0.75058
7.7277
0.71022
7.3729
0.67132
6.9925
0.73538
6.9243
0.6446
7.0506
0.76225
7.2312
0.77171
7.4276
0.72006
8.1228
0.7843
7.6255
0.68502
6.2352
0.65242
3.5644
0.66483
3.6724
0.69627
3.4683
0.66742
3.3638
0.73875
5.5024
0.65921
7.3957
0.72736
7.0275
0.69092
7.4037
0.70536
7.2882
0.7131
6.9187
0.64666
7.3776
0.73826
6.9669
0.74196
7.0849
0.79005
7.7872
0.71855
7.6735
0.6667
6.4064
0.84743
6.3178
0.67199
3.3778
0.64543
3.2633
0.67732
3.5571
0.62716
3.243
0.68748
3.303
0.70641
3.4164
0.65426
3.1184
0.65341
3.2555
0.64108
3.3201
0.64039
3.5652
0.68551
3.268
0.68609
3.451
0.7274
3.4926
0.67258
3.48
0.65912
3.4139
0.64655
3.304
0.68293
3.2786
0.68634
3.2422
0.65489
3.4102
0.69579
3.2758
0.62681
2.9644
0.66793
3.5471
0.62931
2.784
0.70582
3.621
0.6909
3.3682
0.68764
3.4366
0.78186
3.6045
0.65439
3.1127
0.6351
3.5802
0.67688
3.402
0.66331
3.434
0.73193
3.5399
0.66996
3.3339
0.61753
3.5066
0.67522
3.4511
0.59889
3.3769
0.75528
3.4577
0.63965
3.5544
0.75969
3.5217
0.74613
3.1458
0.66636
3.4718
0.68407
3.1394
0.62783
3.2053
0.71863
3.424
0.71061
3.4638
0.71599
3.391
0.69663
3.2526
0.736
3.4391
0.72208
3.5992
0.60985
3.2077
0.6523
3.32
0.61242
3.3937
0.66451
3.3303
0.69999
3.3458
0.6887
3.7135
0.64124
3.1673
0.70027
3.1607
0.74821
3.2975
0.68446
3.4308
0.6816
3.522
0.65155
3.5664
0.66777
3.3484
0.69893
3.5603
0.64972
3.4793
0.65915
3.093
0.72638
3.649
0.66441
3.5106
0.65184
3.1611
0.72405
3.5756
0.66008
3.3283
0.65167
3.6042
0.56687
3.6333
0.68117
3.4135
0.68382
3.5667
0.75451
3.8339
0.67732
3.6041
0.65788
3.4646
0.6605
3.2175
0.69783
3.412
0.76481
3.3445
0.61873
3.2785
0.71464
3.3413
0.65966
3.5116
0.6
3.1643
0.66585
3.6809
0.62923
3.2311
0.70571
3.2579
0.64105
3.5437
0.66702
3.3799
0.66509
3.5337
0.65292
3.7042
0.66611
3.113
0.66108
3.2633
0.63239
3.5607
0.69172
3.346
0.64065
3.3817
0.6917
3.1092
0.73566
3.7449
0.672
3.5745
0.65851
3.3612
0.63356
3.3361
0.69628
3.4242
0.70722
3.3083
0.70612
3.4462
0.63939
3.383
0.65281
3.0051
0.72962
3.5279
0.66448
3.4651
0.59807
3.1965
0.66888
3.4449
0.67708
3.5075
0.70371
3.5638
0.67789
3.65
0.60599
3.6488
0.63084
3.359
