0.000169
0.047673
0.024587
0.024665
0.025201
0.024502
0.024785
0.024995
0.026055
0.024908
0.025369
0.02483
0.025222
0.024674
0.024869
0.02578
0.024936
0.024831
0.024834
0.024767
0.024769
0.025647
0.024489
0.025281
0.024724
0.025172
0.025127
0.024688
0.024795
0.024658
0.022269
0.023287
0.025122
0.02476
0.025256
0.025918
0.025927
0.025843
0.026351
0.02518
0.025391
0.024986
0.02548
0.025144
0.025073
0.026581
0.024913
0.024991
0.025027
0.025022
0.025518
0.024685
0.02485
0.024948
0.025131
0.025099
0.025324
0.025162
0.024917
0.025344
0.025127
0.024992
0.024943
0.026076
0.02462
0.02556
0.024886
0.025689
0.024836
0.024882
0.025971
0.025289
0.026179
0.024897
0.024929
0.024984
0.024748
0.025807
0.025081
0.025062
0.025568
0.026246
0.025036
0.024946
0.026427
0.027297
0.024706
0.02481
0.024873
0.024792
0.026938
0.02537
0.0248
0.024707
0.024607
0.025326
0.024937
0.024941
0.024851
0.024569
0.024874
0.024817
0.025958
0.024928
0.024989
0.024959
0.025562
0.024643
0.024666
0.024859
0.024731
0.024797
0.024777
0.024792
0.025001
0.025093
0.024917
0.026035
0.026817
0.024987
0.024533
0.024952
0.024921
0.024993
0.025313
0.026213
0.025557
0.025876
0.024603
0.024949
0.024992
0.028435
0.025879
0.024802
0.024768
0.024819
0.024822
0.02498
0.025601
0.024946
0.02511
0.025389
0.024793
0.024938
0.024763
0.024962
0.024886
0.024854
0.024847
0.025849
0.024812
0.025021
0.02469
0.025813
NaN
NaN
NaN
NaN
0.000154
0.052156
0.026618
0.026967
0.028977
0.027593
0.027145
0.026771
0.02693
0.027734
0.026962
0.027713
0.027222
0.026659
0.026743
0.026624
0.026823
0.026292
0.02676
0.027235
0.027138
0.027737
0.027579
0.02695
0.027074
0.026379
0.026216
0.026936
0.026931
0.026754
0.027001
0.027222
0.028324
0.027031
0.02819
0.027952
0.026678
0.028551
0.025468
0.026102
0.028384
0.027435
0.028083
0.027459
0.027021
0.026853
0.026957
0.027851
0.028168
0.027779
0.02801
0.027875
0.027274
0.028663
0.027245
0.027302
0.02665
0.02824
0.027899
0.027487
0.02732
0.026778
0.026759
0.027071
0.027401
0.026597
0.02729
0.026627
0.028032
0.027121
0.02698
0.026569
0.027231
0.027041
0.02722
0.026879
0.027855
0.026479
0.026573
0.027226
0.027103
0.027052
0.027686
0.027321
0.027907
0.027603
0.026884
0.027708
0.027412
0.027766
0.027615
0.026462
0.027744
0.027118
0.02824
0.027227
0.026733
0.026655
0.027108
0.027344
0.027076
0.027912
0.027909
0.027661
0.027154
0.027379
0.027088
0.026976
0.027278
0.027016
0.027422
0.027534
0.026779
0.027867
0.027368
0.027804
0.02662
0.02669
0.028096
0.028152
0.027012
0.027402
0.027105
0.026753
0.02748
0.026689
0.027819
0.027472
0.027702
0.02717
0.026841
0.027475
0.027071
0.026913
0.027763
0.027175
0.026506
0.026464
0.026513
0.026685
0.027282
0.027154
0.027865
0.027142
0.029118
0.028241
0.027473
0.027813
0.027597
0.028497
0.028124
0.028155
0.028379
0.027063
0.027451
0.02737
0.028005
0.027755
0.027868
0.028103
0.027548
0.027282
0.027303
0.027713
0.028174
0.027761
0.02758
0.027172
0.027583
0.028102
0.02781
0.027017
0.027357
0.027163
0.026821
0.026878
0.02673
0.027611
0.02734
0.028211
0.0272
0.027037
0.027253
0.02827
0.028159
0.027492
0.027082
0.027901
0.027614
0.026952
0.026816
0.026893
0.026571
0.027889
0.027103
0.027249
0.026559
0.026625
0.02643
0.026564
0.027476
0.027458
0.026489
0.027213
0.027229
0.026894
0.027215
0.027694
0.027703
0.026879
0.027151
0.028712
0.02729
0.027954
0.026963
0.027669
0.027635
0.027513
0.028337
0.027414
0.027206
0.028054
0.027318
0.02761
0.027691
0.026854
0.026937
0.028534
0.028054
0.02729
0.027044
0.027195
0.027308
0.027499
0.027829
0.027486
0.026898
0.026768
0.02722
0.027513
0.02954
0.027522
0.026804
0.027084
0.02728
0.02657
0.027442
0.027412
0.027292
0.027911
0.026943
0.027758
0.02775
0.027445
0.027238
0.027378
0.02712
0.027095
0.027147
0.027483
0.02708
0.027192
0.027671
0.027418
0.027773
0.027298
0.027147
0.028081
0.027216
0.02717
0.02654
0.026809
0.027633
0.027684
0.027342
0.02775
0.026403
0.027092
0.027866
0.027513
0.027984
0.028198
0.027179
0.027184
0.026682
0.027438
0.027474
0.027302
0.027638
0.026464
0.02812
0.027182
0.026599
0.027203
0.027304
0.026996
0.026901
0.026945
0.028688
0.027448
0.026967
0.027179
0.027157
0.028199
0.027447
0.027439
0.026666
0.027451
0.027744
0.027582
0.027577
0.028085
0.027536
0.028271
0.027298
0.02671
0.027287
0.026707
0.026672
0.026689
0.026689
0.027426
0.027581
0.027496
0.027465
0.026779
0.027141
0.027606
0.027275
0.027856
0.027221
0.026914
0.028006
0.027005
0.028202
0.02743
0.02707
0.026588
0.027889
0.027993
0.02741
0.026722
0.027425
0.026628
0.026581
0.028694
0.027785
0.02811
0.027878
0.028855
0.028174
0.027272
0.027708
0.027284
0.026692
0.027681
0.026987
0.027855
0.026945
0.027257
0.027031
0.026886
0.026652
0.026577
0.026619
0.027769
0.027512
0.027349
0.027119
0.027607
0.028263
0.02784
0.027044
0.028041
0.026896
0.027306
0.027662
0.027826
0.027558
NaN
NaN
NaN
NaN
0.000177
0.050078
0.026174
0.025804
0.026369
0.02636
0.02658
0.027829
0.02633
0.026605
0.027078
0.02608
0.026345
0.026715
0.027338
0.029362
0.028119
0.027499
0.027637
0.027532
0.028692
0.026949
0.027701
0.02669
0.027528
0.027309
0.028278
0.027013
0.027668
0.029754
0.026824
0.028185
0.027858
0.026785
0.026751
0.028272
0.02669
0.027133
