1
268.4881,84.1528,31.0000,47.0000
264.3993,82.1084,31.0000,47.0000
259.7994,79.5529,31.0000,47.0000
255.1995,77.5085,31.0000,47.0000
252.1551,73.9641,33.0000,50.0000
266.6230,75.6816,34.0000,51.0000
266.1230,76.9259,35.0000,53.0000
259.5282,75.5048,33.0000,50.0000
261.8000,72.7874,34.0000,51.0000
259.5557,72.7874,34.0000,51.0000
256.7504,72.7874,34.0000,51.0000
257.2504,70.4820,33.0000,50.0000
257.2504,72.6995,33.0000,50.0000
252.2610,72.6995,33.0000,50.0000
249.4892,72.6995,33.0000,50.0000
244.4999,72.6995,33.0000,50.0000
241.6737,73.6995,32.0000,48.0000
242.7674,67.9184,33.0000,50.0000
237.7781,72.3533,33.0000,50.0000
234.4519,74.5708,33.0000,50.0000
231.7344,76.2883,34.0000,51.0000
234.5398,76.2883,34.0000,51.0000
236.7841,79.0937,34.0000,51.0000
236.7841,79.0937,34.0000,51.0000
236.2841,78.0937,35.0000,53.0000
236.2841,78.0937,35.0000,53.0000
238.1210,77.5937,36.0000,54.0000
238.1210,77.5937,36.0000,54.0000
238.7119,75.2300,36.0000,54.0000
238.2119,74.2300,37.0000,56.0000
236.2556,70.3175,36.0000,54.0000
231.4373,68.4538,35.0000,53.0000
236.1111,67.8696,35.0000,53.0000
233.1900,67.8696,35.0000,53.0000
225.5952,69.6222,35.0000,53.0000
220.9215,70.2064,35.0000,53.0000
220.9215,73.1275,35.0000,53.0000
220.9215,73.1275,35.0000,53.0000
220.9215,75.4644,35.0000,53.0000
223.2583,77.8012,35.0000,53.0000
222.7583,76.7170,36.0000,54.0000
222.7583,76.7170,36.0000,54.0000
222.7583,79.6716,36.0000,54.0000
222.7583,82.0353,36.0000,54.0000
222.2583,82.2171,37.0000,56.0000
224.7146,82.2171,37.0000,56.0000
227.1708,84.0593,37.0000,56.0000
224.7146,84.0593,37.0000,56.0000
229.6271,86.5156,37.0000,56.0000
232.0833,86.5156,37.0000,56.0000
235.1536,86.5156,37.0000,56.0000
235.1536,89.5859,37.0000,56.0000
232.6974,89.5859,37.0000,56.0000
227.1708,89.5859,37.0000,56.0000
221.6443,89.5859,37.0000,56.0000
216.1177,89.5859,37.0000,56.0000
213.6615,87.1296,37.0000,56.0000
211.2052,87.1296,37.0000,56.0000
211.2052,84.6734,37.0000,56.0000
211.2052,82.2171,37.0000,56.0000
208.2490,79.2609,38.0000,57.0000
210.7858,79.2609,38.0000,57.0000
213.3225,81.7976,38.0000,57.0000
218.3960,81.7976,38.0000,57.0000
221.5669,84.9686,38.0000,57.0000
221.5669,84.9686,38.0000,57.0000
223.6036,83.9686,39.0000,59.0000
223.1036,82.3247,40.0000,61.0000
220.4355,82.3247,40.0000,61.0000
220.4355,84.9928,40.0000,61.0000
217.7673,84.9928,40.0000,61.0000
217.7673,84.9928,40.0000,61.0000
221.1025,84.9928,40.0000,61.0000
222.4366,84.9928,40.0000,61.0000
222.4366,84.9928,40.0000,61.0000
228.4400,87.6610,40.0000,61.0000
233.7764,87.6610,40.0000,61.0000
238.6127,89.9962,41.0000,63.0000
241.3734,92.7570,41.0000,63.0000
243.1342,91.7570,43.0000,65.0000
242.6342,91.2570,44.0000,66.0000
242.6342,94.1519,44.0000,66.0000
239.7393,94.1519,44.0000,66.0000
239.7393,94.1519,44.0000,66.0000
239.7393,94.1519,44.0000,66.0000
239.7393,93.4282,44.0000,66.0000
234.6732,89.8095,44.0000,66.0000
231.7782,86.1909,44.0000,66.0000
225.2647,84.0197,44.0000,66.0000
225.2647,83.2959,44.0000,66.0000
224.7647,82.2959,45.0000,68.0000
225.5115,82.2959,45.0000,68.0000
228.4990,82.2959,45.0000,68.0000
230.9865,81.2959,46.0000,70.0000
234.0665,84.3760,46.0000,70.0000
234.0665,84.3760,46.0000,70.0000
237.9165,84.3760,46.0000,70.0000
241.4966,85.3760,45.0000,68.0000
244.4840,85.3760,45.0000,68.0000
247.4715,85.3760,45.0000,68.0000
250.4590,85.3760,45.0000,68.0000
250.4590,85.3760,45.0000,68.0000
250.4590,85.3760,45.0000,68.0000
250.4590,82.3885,45.0000,68.0000
243.7372,82.3885,45.0000,68.0000
234.0279,79.4010,45.0000,68.0000
224.5655,78.4010,46.0000,70.0000
214.5554,74.5510,46.0000,70.0000
207.6253,71.4710,46.0000,70.0000
204.2753,70.9310,45.0000,68.0000
203.2816,68.9435,44.0000,66.0000
203.2816,68.9435,44.0000,66.0000
207.4002,69.4435,43.0000,65.0000
210.2683,69.4435,43.0000,65.0000
214.1364,70.4435,41.0000,63.0000
216.8971,73.2042,41.0000,63.0000
223.1087,73.2042,41.0000,63.0000
229.3204,76.6551,41.0000,63.0000
235.5320,79.4158,41.0000,63.0000
238.9829,79.4158,41.0000,63.0000
245.1945,79.4158,41.0000,63.0000
251.4061,79.4158,41.0000,63.0000
255.5472,82.1766,41.0000,63.0000
261.0687,82.1766,41.0000,63.0000
267.2803,82.1766,41.0000,63.0000
273.4919,82.1766,41.0000,63.0000
279.5134,83.1766,40.0000,61.0000
282.6815,84.1766,39.0000,59.0000
285.2572,85.4644,39.0000,59.0000
290.9084,86.4644,38.0000,57.0000
295.3477,89.6353,38.0000,57.0000
301.0554,92.8062,38.0000,57.0000
303.5922,92.8062,38.0000,57.0000
306.1289,92.8062,38.0000,57.0000
306.1289,94.7088,38.0000,57.0000
306.1289,94.7088,38.0000,57.0000
306.1289,94.7088,38.0000,57.0000
305.4947,94.7088,38.0000,57.0000
299.7870,94.7088,38.0000,57.0000
294.5794,92.6720,37.0000,56.0000
289.0528,92.6720,37.0000,56.0000
285.9825,90.2158,37.0000,56.0000
282.9122,90.2158,37.0000,56.0000
281.0700,90.2158,37.0000,56.0000
281.0700,87.7596,37.0000,56.0000
277.9997,84.6892,37.0000,56.0000
275.5435,82.2330,37.0000,56.0000
273.0872,82.2330,37.0000,56.0000
273.0872,84.6892,37.0000,56.0000
273.5872,85.6892,36.0000,54.0000
274.0872,86.1892,35.0000,53.0000
276.4241,86.1892,35.0000,53.0000
279.2610,87.1892,34.0000,51.0000
282.0052,87.6892,33.0000,50.0000
284.7771,87.6892,33.0000,50.0000
287.5489,87.6892,33.0000,50.0000
289.7664,87.6892,33.0000,50.0000
294.7557,89.9067,33.0000,50.0000
296.9731,89.9067,33.0000,50.0000
296.9731,88.7980,33.0000,50.0000
296.9731,88.7980,33.0000,50.0000
296.9731,88.7980,33.0000,50.0000
296.9731,88.7980,33.0000,50.0000
299.1906,88.7980,33.0000,50.0000
299.1906,88.7980,33.0000,50.0000
299.1906,88.7980,33.0000,50.0000
299.1906,88.7980,33.0000,50.0000
298.6362,88.7980,33.0000,50.0000
299.1362,90.9067,32.0000,48.0000
300.7299,91.9692,32.0000,48.0000
302.8548,91.9692,32.0000,48.0000
304.9797,91.9692,32.0000,48.0000
304.4797,90.9692,33.0000,50.0000
306.6972,88.7517,33.0000,50.0000
306.6972,88.7517,33.0000,50.0000
306.6972,88.7517,33.0000,50.0000
309.4691,88.7517,33.0000,50.0000
314.4583,87.6430,33.0000,50.0000
316.6758,87.6430,33.0000,50.0000
316.6758,87.6430,33.0000,50.0000
316.6758,85.4255,33.0000,50.0000
319.4476,85.9799,33.0000,50.0000
323.3282,85.9799,33.0000,50.0000
326.6544,85.9799,33.0000,50.0000
328.3719,87.6973,34.0000,51.0000
328.3719,87.6973,34.0000,51.0000
327.8719,86.6973,35.0000,53.0000
327.8719,84.3605,35.0000,53.0000
327.8719,86.6973,35.0000,53.0000
328.4561,86.6973,35.0000,53.0000
331.3772,86.6973,35.0000,53.0000
333.7140,86.6973,35.0000,53.0000
333.7140,86.6973,35.0000,53.0000
333.7140,86.6973,35.0000,53.0000
335.3824,85.3605,34.0000,51.0000
337.6267,87.6048,34.0000,51.0000
340.4321,87.6048,34.0000,51.0000
345.4818,89.8491,34.0000,51.0000
348.2872,92.6545,34.0000,51.0000
352.2758,93.8988,35.0000,53.0000
352.2758,93.8988,35.0000,53.0000
352.2758,96.8198,35.0000,53.0000
349.9389,96.8198,35.0000,53.0000
348.1862,99.1567,35.0000,53.0000
345.8494,99.1567,35.0000,53.0000
342.3441,99.1567,35.0000,53.0000
337.0862,99.1567,35.0000,53.0000
329.4914,99.1567,35.0000,53.0000
327.1546,99.1567,35.0000,53.0000
327.1546,101.4935,35.0000,53.0000
327.1546,101.4935,35.0000,53.0000
327.1546,101.4935,35.0000,53.0000
325.4019,101.4935,35.0000,53.0000
325.4019,101.4935,35.0000,53.0000
327.7388,101.4935,35.0000,53.0000
327.7388,101.4935,35.0000,53.0000
327.7388,103.8304,35.0000,53.0000
331.2440,103.8304,35.0000,53.0000
334.6651,102.4935,34.0000,51.0000
336.9094,104.7378,34.0000,51.0000
336.9094,104.7378,34.0000,51.0000
338.5927,104.7378,34.0000,51.0000
341.3369,105.2378,33.0000,50.0000
344.1088,107.4553,33.0000,50.0000
347.3806,106.7922,32.0000,48.0000
347.3806,106.7922,32.0000,48.0000
347.3806,106.7922,32.0000,48.0000
349.5055,106.7922,32.0000,48.0000
349.5055,106.7922,32.0000,48.0000
348.9743,106.7922,32.0000,48.0000
348.4431,106.7922,32.0000,48.0000
348.4431,108.3859,32.0000,48.0000
345.8181,107.3859,33.0000,50.0000
345.8181,107.3859,33.0000,50.0000
345.8181,107.3859,33.0000,50.0000
345.8181,107.3859,33.0000,50.0000
348.5356,108.3859,32.0000,48.0000
351.1605,108.8859,31.0000,47.0000
354.2160,109.3859,30.0000,46.0000
356.2336,109.3859,30.0000,46.0000
357.7512,110.9034,31.0000,47.0000
359.7956,109.3701,31.0000,47.0000
362.3511,109.3701,31.0000,47.0000
364.8955,109.8701,30.0000,46.0000
366.9130,109.8701,30.0000,46.0000
369.4350,109.8701,30.0000,46.0000
369.4350,109.8701,30.0000,46.0000
367.4174,109.8701,30.0000,46.0000
365.8999,110.8701,29.0000,44.0000
363.9749,110.8701,29.0000,44.0000
363.9749,110.8701,29.0000,44.0000
365.8999,110.8701,29.0000,44.0000
366.3999,109.4451,28.0000,43.0000
366.3999,109.4451,28.0000,43.0000
366.3999,109.4451,28.0000,43.0000
366.3999,109.4451,28.0000,43.0000
364.5017,109.4451,28.0000,43.0000
361.6290,108.9451,29.0000,44.0000
359.2227,108.9451,29.0000,44.0000
356.3164,106.0201,30.0000,46.0000
353.7989,105.5201,31.0000,47.0000
352.2545,103.9757,30.0000,46.0000
349.7325,103.9757,30.0000,46.0000
345.1930,103.9757,30.0000,46.0000
345.1930,103.9757,30.0000,46.0000
345.1930,103.9757,30.0000,46.0000
345.1930,103.9757,30.0000,46.0000
345.1930,101.9581,30.0000,46.0000
345.1930,101.9581,30.0000,46.0000
344.6930,103.9801,31.0000,47.0000
344.6930,104.4912,31.0000,47.0000
346.7374,106.5356,31.0000,47.0000
348.7818,106.5356,31.0000,47.0000
348.7818,108.5800,31.0000,47.0000
350.8262,108.5800,31.0000,47.0000
352.8706,108.5800,31.0000,47.0000
353.8928,110.6244,31.0000,47.0000
355.9372,110.6244,31.0000,47.0000
355.9372,110.6244,31.0000,47.0000
357.9816,111.1355,31.0000,47.0000
357.9816,113.1799,31.0000,47.0000
360.0260,113.1799,31.0000,47.0000
359.5260,112.1688,32.0000,48.0000
359.5260,112.1688,32.0000,48.0000
361.6509,112.1688,32.0000,48.0000
361.6509,112.1688,32.0000,48.0000
362.7134,112.1688,32.0000,48.0000
367.4944,112.1688,32.0000,48.0000
374.4004,112.1688,32.0000,48.0000
379.6814,110.5439,31.0000,47.0000
384.2813,110.5439,31.0000,47.0000
391.4256,108.9995,30.0000,46.0000
