0.25976,0.26195,0.26134,0,0,0,0,0,0,0,0,0,0,0,0
0.1054,0.10177,0.10252,0,0,0,0,0,0,0,0,0,0,0,0
0.023498,0.023284,0.023119,0,0,0,0,0,0,0,0,0,0,0,0
0.025279,0.024984,0.024969,0,0,0,0,0,0,0,0,0,0,0,0
0.02466,0.024212,0.024406,0,0,0,0,0,0,0,0,0,0,0,0
0.036236,0.035909,0.035637,0,0,0,0,0,0,0,0,0,0,0,0
0.013308,0.012683,0.012608,0,0,0,0,0,0,0,0,0,0,0,0
0.012496,0.011866,0.012109,0,0,0,0,0,0,0,0,0,0,0,0
0.012439,0.011957,0.012415,0,0,0,0,0,0,0,0,0,0,0,0
0.012017,0.011605,0.011633,0,0,0,0,0,0,0,0,0,0,0,0
0.011982,0.011473,0.011544,0,0,0,0,0,0,0,0,0,0,0,0
0.012008,0.011415,0.011638,0,0,0,0,0,0,0,0,0,0,0,0
0.011761,0.011504,0.011805,0,0,0,0,0,0,0,0,0,0,0,0
0.011741,0.011725,0.011544,0,0,0,0,0,0,0,0,0,0,0,0
0.011431,0.01143,0.011755,0,0,0,0,0,0,0,0,0,0,0,0
0.011376,0.011309,0.011713,0,0,0,0,0,0,0,0,0,0,0,0
0.011314,0.011563,0.01154,0,0,0,0,0,0,0,0,0,0,0,0
0.011747,0.011431,0.01169,0,0,0,0,0,0,0,0,0,0,0,0
0.011718,0.011653,0.011519,0,0,0,0,0,0,0,0,0,0,0,0
0.01199,0.012202,0.017602,0,0,0,0,0,0,0,0,0,0,0,0
0.012236,0.01265,0.018408,0,0,0,0,0,0,0,0,0,0,0,0
0.012258,0.012423,0.018512,0,0,0,0,0,0,0,0,0,0,0,0
0.012287,0.012056,0.018486,0,0,0,0,0,0,0,0,0,0,0,0
0.01213,0.012059,0.017826,0,0,0,0,0,0,0,0,0,0,0,0
0.01211,0.012112,0.018286,0,0,0,0,0,0,0,0,0,0,0,0
0.012167,0.012071,0.012763,0,0,0,0,0,0,0,0,0,0,0,0
0.011329,0.011782,0.011584,0,0,0,0,0,0,0,0,0,0,0,0
0.011329,0.012062,0.01154,0,0,0,0,0,0,0,0,0,0,0,0
0.011395,0.011839,0.011652,0,0,0,0,0,0,0,0,0,0,0,0
0.011559,0.012118,0.011245,0,0,0,0,0,0,0,0,0,0,0,0
0.011566,0.012161,0.011617,0,0,0,0,0,0,0,0,0,0,0,0
0.011648,0.012222,0.011453,0,0,0,0,0,0,0,0,0,0,0,0
0.011209,0.012105,0.011608,0,0,0,0,0,0,0,0,0,0,0,0
0.011295,0.011827,0.011342,0,0,0,0,0,0,0,0,0,0,0,0
0.011487,0.012112,0.011516,0,0,0,0,0,0,0,0,0,0,0,0
0.011422,0.01181,0.011163,0,0,0,0,0,0,0,0,0,0,0,0
0.011534,0.011748,0.011195,0,0,0,0,0,0,0,0,0,0,0,0
0.011484,0.011667,0.011219,0,0,0,0,0,0,0,0,0,0,0,0
0.011045,0.011614,0.011613,0,0,0,0,0,0,0,0,0,0,0,0
0.011265,0.011702,0.011563,0,0,0,0,0,0,0,0,0,0,0,0
0.011284,0.011662,0.011388,0,0,0,0,0,0,0,0,0,0,0,0
0.011495,0.01167,0.011646,0,0,0,0,0,0,0,0,0,0,0,0
0.011249,0.011767,0.011592,0,0,0,0,0,0,0,0,0,0,0,0
0.01129,0.011815,0.011547,0,0,0,0,0,0,0,0,0,0,0,0
0.011092,0.011893,0.011275,0,0,0,0,0,0,0,0,0,0,0,0
0.011376,0.012145,0.011401,0,0,0,0,0,0,0,0,0,0,0,0
0.011548,0.012158,0.011293,0,0,0,0,0,0,0,0,0,0,0,0
0.011354,0.01211,0.011442,0,0,0,0,0,0,0,0,0,0,0,0
0.011386,0.012119,0.011579,0,0,0,0,0,0,0,0,0,0,0,0
0.011442,0.011778,0.01121,0,0,0,0,0,0,0,0,0,0,0,0
0.01141,0.012073,0.011229,0,0,0,0,0,0,0,0,0,0,0,0
0.011547,0.011891,0.011224,0,0,0,0,0,0,0,0,0,0,0,0
0.011516,0.012042,0.011588,0,0,0,0,0,0,0,0,0,0,0,0
0.011519,0.01184,0.011616,0,0,0,0,0,0,0,0,0,0,0,0
0.011663,0.012157,0.011307,0,0,0,0,0,0,0,0,0,0,0,0
0.011578,0.01184,0.011653,0,0,0,0,0,0,0,0,0,0,0,0
0.011642,0.012137,0.011618,0,0,0,0,0,0,0,0,0,0,0,0
0.011346,0.011752,0.011405,0,0,0,0,0,0,0,0,0,0,0,0
0.011546,0.012059,0.012133,0,0,0,0,0,0,0,0,0,0,0,0
0.011227,0.011756,0.012006,0,0,0,0,0,0,0,0,0,0,0,0
0.011349,0.011705,0.011879,0,0,0,0,0,0,0,0,0,0,0,0
0.011336,0.011703,0.012102,0,0,0,0,0,0,0,0,0,0,0,0
0.01158,0.011961,0.012128,0,0,0,0,0,0,0,0,0,0,0,0
0.011632,0.012098,0.011853,0,0,0,0,0,0,0,0,0,0,0,0
0.011652,0.01194,0.011837,0,0,0,0,0,0,0,0,0,0,0,0
0.011334,0.012118,0.011878,0,0,0,0,0,0,0,0,0,0,0,0
0.011603,0.012042,0.012008,0,0,0,0,0,0,0,0,0,0,0,0
0.011269,0.012133,0.012141,0,0,0,0,0,0,0,0,0,0,0,0
0.011246,0.012191,0.012146,0,0,0,0,0,0,0,0,0,0,0,0
0.011764,0.011955,0.012214,0,0,0,0,0,0,0,0,0,0,0,0
0.011702,0.01209,0.012181,0,0,0,0,0,0,0,0,0,0,0,0
0.011309,0.01186,0.012006,0,0,0,0,0,0,0,0,0,0,0,0
0.011381,0.011959,0.012306,0,0,0,0,0,0,0,0,0,0,0,0
0.011352,0.01218,0.012165,0,0,0,0,0,0,0,0,0,0,0,0
0.011624,0.012264,0.012156,0,0,0,0,0,0,0,0,0,0,0,0
0.011245,0.012138,0.012143,0,0,0,0,0,0,0,0,0,0,0,0
0.011309,0.01177,0.012178,0,0,0,0,0,0,0,0,0,0,0,0
0.011324,0.011913,0.01213,0,0,0,0,0,0,0,0,0,0,0,0
0.011362,0.012174,0.011805,0,0,0,0,0,0,0,0,0,0,0,0
0.011896,0.011997,0.011843,0,0,0,0,0,0,0,0,0,0,0,0
0.011756,0.012024,0.011534,0,0,0,0,0,0,0,0,0,0,0,0
0.0115,0.012296,0.011581,0,0,0,0,0,0,0,0,0,0,0,0
0.011921,0.012337,0.011843,0,0,0,0,0,0,0,0,0,0,0,0
0.011482,0.012325,0.011791,0,0,0,0,0,0,0,0,0,0,0,0
0.011515,0.012324,0.011806,0,0,0,0,0,0,0,0,0,0,0,0
0.011439,0.012286,0.011509,0,0,0,0,0,0,0,0,0,0,0,0
0.011782,0.012119,0.011448,0,0,0,0,0,0,0,0,0,0,0,0
0.011486,0.01226,0.011404,0,0,0,0,0,0,0,0,0,0,0,0
0.01183,0.012248,0.011571,0,0,0,0,0,0,0,0,0,0,0,0
0.011829,0.011962,0.011453,0,0,0,0,0,0,0,0,0,0,0,0
0.011443,0.011977,0.011504,0,0,0,0,0,0,0,0,0,0,0,0
0.01139,0.012313,0.011512,0,0,0,0,0,0,0,0,0,0,0,0
0.011566,0.012218,0.011741,0,0,0,0,0,0,0,0,0,0,0,0
0.011929,0.012429,0.012006,0,0,0,0,0,0,0,0,0,0,0,0
0.011899,0.012019,0.011935,0,0,0,0,0,0,0,0,0,0,0,0
0.011721,0.012116,0.011816,0,0,0,0,0,0,0,0,0,0,0,0
0.012163,0.012103,0.011966,0,0,0,0,0,0,0,0,0,0,0,0
0.01168,0.012203,0.011601,0,0,0,0,0,0,0,0,0,0,0,0
0.011761,0.012573,0.01179,0,0,0,0,0,0,0,0,0,0,0,0
0.011844,0.0124,0.01168,0,0,0,0,0,0,0,0,0,0,0,0
0.011705,0.011966,0.011697,0,0,0,0,0,0,0,0,0,0,0,0
0.011564,0.012366,0.00949,0,0,0,0,0,0,0,0,0,0,0,0
0.011824,0.012339,0.011442,0,0,0,0,0,0,0,0,0,0,0,0
0.011532,0.012079,0.011553,0,0,0,0,0,0,0,0,0,0,0,0
0.011902,0.012131,0.011724,0,0,0,0,0,0,0,0,0,0,0,0
0.011828,0.0123,0.011904,0,0,0,0,0,0,0,0,0,0,0,0
0.01142,0.012417,0.011833,0,0,0,0,0,0,0,0,0,0,0,0
0.011651,0.012025,0.011606,0,0,0,0,0,0,0,0,0,0,0,0
0.011929,0.01245,0.011557,0,0,0,0,0,0,0,0,0,0,0,0
0.011936,0.012147,0.011685,0,0,0,0,0,0,0,0,0,0,0,0
0.011981,0.012029,0.011617,0,0,0,0,0,0,0,0,0,0,0,0
0.011922,0.012014,0.01157,0,0,0,0,0,0,0,0,0,0,0,0
0.011517,0.012297,0.011498,0,0,0,0,0,0,0,0,0,0,0,0
0.011778,0.012222,0.011482,0,0,0,0,0,0,0,0,0,0,0,0
0.011654,0.012178,0.011754,0,0,0,0,0,0,0,0,0,0,0,0
0.011727,0.011874,0.011524,0,0,0,0,0,0,0,0,0,0,0,0
0.011622,0.011818,0.01172,0,0,0,0,0,0,0,0,0,0,0,0
0.011295,0.011815,0.011257,0,0,0,0,0,0,0,0,0,0,0,0
0.01114,0.011965,0.011371,0,0,0,0,0,0,0,0,0,0,0,0
0.011281,0.012145,0.011238,0,0,0,0,0,0,0,0,0,0,0,0
0.011356,0.011952,0.011431,0,0,0,0,0,0,0,0,0,0,0,0
0.011405,0.012088,0.011653,0,0,0,0,0,0,0,0,0,0,0,0
0.011564,0.011872,0.011499,0,0,0,0,0,0,0,0,0,0,0,0
0.01167,0.01221,0.011684,0,0,0,0,0,0,0,0,0,0,0,0
0.011255,0.011887,0.011404,0,0,0,0,0,0,0,0,0,0,0,0
0.011328,0.01176,0.011371,0,0,0,0,0,0,0,0,0,0,0,0
0.011422,0.011842,0.011402,0,0,0,0,0,0,0,0,0,0,0,0
0.011377,0.012217,0.011324,0,0,0,0,0,0,0,0,0,0,0,0
0.011402,0.011737,0.011453,0,0,0,0,0,0,0,0,0,0,0,0
0.011616,0.011822,0.011571,0,0,0,0,0,0,0,0,0,0,0,0
0.011145,0.011857,0.011461,0,0,0,0,0,0,0,0,0,0,0,0
0.01108,0.012034,0.011099,0,0,0,0,0,0,0,0,0,0,0,0
0.011051,0.012038,0.011454,0,0,0,0,0,0,0,0,0,0,0,0
0.011263,0.012119,0.011187,0,0,0,0,0,0,0,0,0,0,0,0
0.011336,0.01162,0.011084,0,0,0,0,0,0,0,0,0,0,0,0
0.011071,0.011732,0.011258,0,0,0,0,0,0,0,0,0,0,0,0
0.011251,0.011755,0.011242,0,0,0,0,0,0,0,0,0,0,0,0
0.011513,0.012038,0.011455,0,0,0,0,0,0,0,0,0,0,0,0
0.011456,0.011725,0.011446,0,0,0,0,0,0,0,0,0,0,0,0
0.011433,0.011957,0.011416,0,0,0,0,0,0,0,0,0,0,0,0
0.011125,0.011773,0.01119,0,0,0,0,0,0,0,0,0,0,0,0
0.011507,0.011964,0.01098,0,0,0,0,0,0,0,0,0,0,0,0
0.011304,0.011895,0.011209,0,0,0,0,0,0,0,0,0,0,0,0
0.010989,0.011565,0.011425,0,0,0,0,0,0,0,0,0,0,0,0
0.011568,0.011859,0.011331,0,0,0,0,0,0,0,0,0,0,0,0
0.011376,0.011643,0.01118,0,0,0,0,0,0,0,0,0,0,0,0
0.011298,0.011948,0.011567,0,0,0,0,0,0,0,0,0,0,0,0
0.011004,0.011829,0.01146,0,0,0,0,0,0,0,0,0,0,0,0
0.011456,0.00957,0.01123,0,0,0,0,0,0,0,0,0,0,0,0
0.011422,0.011513,0.011413,0,0,0,0,0,0,0,0,0,0,0,0
0.011182,0.011478,0.010874,0,0,0,0,0,0,0,0,0,0,0,0
0.011246,0.011427,0.010938,0,0,0,0,0,0,0,0,0,0,0,0
0.010927,0.011505,0.010902,0,0,0,0,0,0,0,0,0,0,0,0
0.011274,0.011423,0.010908,0,0,0,0,0,0,0,0,0,0,0,0
0.010831,0.011341,0.010977,0,0,0,0,0,0,0,0,0,0,0,0
0.010883,0.011394,0.010799,0,0,0,0,0,0,0,0,0,0,0,0
0.010736,0.011658,0.010999,0,0,0,0,0,0,0,0,0,0,0,0
0.0109,0.011439,0.011224,0,0,0,0,0,0,0,0,0,0,0,0
0.010867,0.011335,0.010886,0,0,0,0,0,0,0,0,0,0,0,0
0.011041,0.011576,0.010987,0,0,0,0,0,0,0,0,0,0,0,0
0.011219,0.011763,0.010998,0,0,0,0,0,0,0,0,0,0,0,0
0.010845,0.011699,0.011133,0,0,0,0,0,0,0,0,0,0,0,0
0.010902,0.011424,0.011293,0,0,0,0,0,0,0,0,0,0,0,0
0.010826,0.011768,0.011169,0,0,0,0,0,0,0,0,0,0,0,0
0.011111,0.01148,0.010995,0,0,0,0,0,0,0,0,0,0,0,0
0.010934,0.011458,0.011015,0,0,0,0,0,0,0,0,0,0,0,0
0.011206,0.011366,0.011054,0,0,0,0,0,0,0,0,0,0,0,0
0.011001,0.011385,0.011309,0,0,0,0,0,0,0,0,0,0,0,0
0.011251,0.011769,0.011024,0,0,0,0,0,0,0,0,0,0,0,0
0.011137,0.01174,0.011219,0,0,0,0,0,0,0,0,0,0,0,0
0.01114,0.011686,0.010956,0,0,0,0,0,0,0,0,0,0,0,0
0.01124,0.011312,0.011183,0,0,0,0,0,0,0,0,0,0,0,0
0.010939,0.011428,0.010776,0,0,0,0,0,0,0,0,0,0,0,0
0.011191,0.011704,0.010804,0,0,0,0,0,0,0,0,0,0,0,0
0.011187,0.011626,0.010901,0,0,0,0,0,0,0,0,0,0,0,0
0.011157,0.011477,0.011232,0,0,0,0,0,0,0,0,0,0,0,0
0.010961,0.011475,0.011047,0,0,0,0,0,0,0,0,0,0,0,0
0.01098,0.011685,0.011248,0,0,0,0,0,0,0,0,0,0,0,0
0.011189,0.01179,0.011014,0,0,0,0,0,0,0,0,0,0,0,0
0.011218,0.011719,0.011317,0,0,0,0,0,0,0,0,0,0,0,0
0.011179,0.011757,0.010933,0,0,0,0,0,0,0,0,0,0,0,0
0.011227,0.01174,0.011003,0,0,0,0,0,0,0,0,0,0,0,0
0.011221,0.011379,0.011019,0,0,0,0,0,0,0,0,0,0,0,0
0.011128,0.011672,0.011147,0,0,0,0,0,0,0,0,0,0,0,0
0.011197,0.011478,0.011242,0,0,0,0,0,0,0,0,0,0,0,0
0.011198,0.011684,0.010916,0,0,0,0,0,0,0,0,0,0,0,0
0.011194,0.011781,0.011123,0,0,0,0,0,0,0,0,0,0,0,0
0.011001,0.011735,0.011278,0,0,0,0,0,0,0,0,0,0,0,0
0.011361,0.011637,0.011159,0,0,0,0,0,0,0,0,0,0,0,0
0.010989,0.011769,0.011364,0,0,0,0,0,0,0,0,0,0,0,0
0.011042,0.011755,0.010974,0,0,0,0,0,0,0,0,0,0,0,0
0.011101,0.011765,0.010956,0,0,0,0,0,0,0,0,0,0,0,0
0.011335,0.011814,0.011305,0,0,0,0,0,0,0,0,0,0,0,0
0.011247,0.011897,0.011417,0,0,0,0,0,0,0,0,0,0,0,0
0.009177,0.011836,0.010987,0,0,0,0,0,0,0,0,0,0,0,0
0.011177,0.011813,0.011166,0,0,0,0,0,0,0,0,0,0,0,0
0.011386,0.011735,0.011283,0,0,0,0,0,0,0,0,0,0,0,0
0.01099,0.011686,0.01107,0,0,0,0,0,0,0,0,0,0,0,0
0.011213,0.011641,0.011315,0,0,0,0,0,0,0,0,0,0,0,0
0.011303,0.011686,0.011115,0,0,0,0,0,0,0,0,0,0,0,0
0.011424,0.011783,0.014657,0,0,0,0,0,0,0,0,0,0,0,0
0.011843,0.012203,0.017832,0,0,0,0,0,0,0,0,0,0,0,0
0.011931,0.012137,0.015186,0,0,0,0,0,0,0,0,0,0,0,0
0.011433,0.011885,0.011419,0,0,0,0,0,0,0,0,0,0,0,0
0.011298,0.011756,0.011091,0,0,0,0,0,0,0,0,0,0,0,0
0.011386,0.011822,0.010972,0,0,0,0,0,0,0,0,0,0,0,0
0.011234,0.011767,0.010918,0,0,0,0,0,0,0,0,0,0,0,0
0.011204,0.011814,0.01088,0,0,0,0,0,0,0,0,0,0,0,0
0.011255,0.011806,0.010901,0,0,0,0,0,0,0,0,0,0,0,0
0.011222,0.011773,0.010849,0,0,0,0,0,0,0,0,0,0,0,0
0.011337,0.011817,0.01097,0,0,0,0,0,0,0,0,0,0,0,0
0.011266,0.011802,0.011318,0,0,0,0,0,0,0,0,0,0,0,0
0.011322,0.011759,0.011253,0,0,0,0,0,0,0,0,0,0,0,0
0.011303,0.011716,0.010984,0,0,0,0,0,0,0,0,0,0,0,0
0.01128,0.011744,0.010925,0,0,0,0,0,0,0,0,0,0,0,0
0.011365,0.011768,0.011113,0,0,0,0,0,0,0,0,0,0,0,0
0.011271,0.011776,0.011304,0,0,0,0,0,0,0,0,0,0,0,0
0.011243,0.011696,0.011207,0,0,0,0,0,0,0,0,0,0,0,0
0.011192,0.01171,0.011168,0,0,0,0,0,0,0,0,0,0,0,0
0.011333,0.011797,0.011406,0,0,0,0,0,0,0,0,0,0,0,0
0.011299,0.011221,0.011272,0,0,0,0,0,0,0,0,0,0,0,0
0.011234,0.011192,0.011031,0,0,0,0,0,0,0,0,0,0,0,0
0.011261,0.011123,0.01127,0,0,0,0,0,0,0,0,0,0,0,0
0.011264,0.011257,0.010904,0,0,0,0,0,0,0,0,0,0,0,0
0.011197,0.011118,0.011178,0,0,0,0,0,0,0,0,0,0,0,0
0.011283,0.011217,0.010986,0,0,0,0,0,0,0,0,0,0,0,0
0.011268,0.011078,0.011263,0,0,0,0,0,0,0,0,0,0,0,0
0.011147,0.011154,0.011112,0,0,0,0,0,0,0,0,0,0,0,0
0.011182,0.011104,0.010958,0,0,0,0,0,0,0,0,0,0,0,0
0.01112,0.01109,0.010878,0,0,0,0,0,0,0,0,0,0,0,0
0.011211,0.011204,0.010888,0,0,0,0,0,0,0,0,0,0,0,0
0.011131,0.0111,0.010739,0,0,0,0,0,0,0,0,0,0,0,0
0.011111,0.011073,0.01075,0,0,0,0,0,0,0,0,0,0,0,0
0.011154,0.011028,0.010729,0,0,0,0,0,0,0,0,0,0,0,0
0.011188,0.011133,0.01079,0,0,0,0,0,0,0,0,0,0,0,0
0.011174,0.011087,0.01079,0,0,0,0,0,0,0,0,0,0,0,0
0.011204,0.011139,0.010846,0,0,0,0,0,0,0,0,0,0,0,0
0.01117,0.011097,0.010752,0,0,0,0,0,0,0,0,0,0,0,0
0.011159,0.011153,0.010776,0,0,0,0,0,0,0,0,0,0,0,0
0.011108,0.011105,0.010719,0,0,0,0,0,0,0,0,0,0,0,0
0.011012,0.011016,0.010651,0,0,0,0,0,0,0,0,0,0,0,0
0.011031,0.010995,0.010636,0,0,0,0,0,0,0,0,0,0,0,0
0.011088,0.011081,0.010765,0,0,0,0,0,0,0,0,0,0,0,0
0.011044,0.011055,0.011063,0,0,0,0,0,0,0,0,0,0,0,0
0.011053,0.011058,0.010862,0,0,0,0,0,0,0,0,0,0,0,0
0.011047,0.01101,0.011202,0,0,0,0,0,0,0,0,0,0,0,0
0.011098,0.010984,0.010706,0,0,0,0,0,0,0,0,0,0,0,0
0.01149,0.010991,0.010834,0,0,0,0,0,0,0,0,0,0,0,0
0.011443,0.010957,0.010834,0,0,0,0,0,0,0,0,0,0,0,0
0.011541,0.010968,0.01077,0,0,0,0,0,0,0,0,0,0,0,0
0.011559,0.011007,0.013186,0,0,0,0,0,0,0,0,0,0,0,0
0.011652,0.011139,0.010843,0,0,0,0,0,0,0,0,0,0,0,0
0.011509,0.010993,0.010596,0,0,0,0,0,0,0,0,0,0,0,0
0.010964,0.010954,0.010658,0,0,0,0,0,0,0,0,0,0,0,0
0.010881,0.011031,0.01057,0,0,0,0,0,0,0,0,0,0,0,0
0.011008,0.011005,0.010586,0,0,0,0,0,0,0,0,0,0,0,0
0.01089,0.010891,0.01061,0,0,0,0,0,0,0,0,0,0,0,0
0.010739,0.010832,0.010539,0,0,0,0,0,0,0,0,0,0,0,0
0.010873,0.010928,0.010586,0,0,0,0,0,0,0,0,0,0,0,0
0.01099,0.010958,0.010525,0,0,0,0,0,0,0,0,0,0,0,0
0.010991,0.010912,0.010476,0,0,0,0,0,0,0,0,0,0,0,0
0.011018,0.011092,0.010572,0,0,0,0,0,0,0,0,0,0,0,0
0.010973,0.011097,0.010644,0,0,0,0,0,0,0,0,0,0,0,0
0.010975,0.011042,0.01056,0,0,0,0,0,0,0,0,0,0,0,0
0.010986,0.011004,0.01061,0,0,0,0,0,0,0,0,0,0,0,0
0.011059,0.011076,0.010611,0,0,0,0,0,0,0,0,0,0,0,0
0.011017,0.010908,0.010597,0,0,0,0,0,0,0,0,0,0,0,0
0.01099,0.011017,0.010561,0,0,0,0,0,0,0,0,0,0,0,0
0.011014,0.010963,0.010593,0,0,0,0,0,0,0,0,0,0,0,0
0.011023,0.010972,0.010613,0,0,0,0,0,0,0,0,0,0,0,0
0.010995,0.010969,0.010525,0,0,0,0,0,0,0,0,0,0,0,0
0.011069,0.011035,0.010615,0,0,0,0,0,0,0,0,0,0,0,0
0.011001,0.010981,0.010566,0,0,0,0,0,0,0,0,0,0,0,0
0.011053,0.010982,0.010567,0,0,0,0,0,0,0,0,0,0,0,0
0.011338,0.011058,0.010646,0,0,0,0,0,0,0,0,0,0,0,0
0.011094,0.010987,0.010619,0,0,0,0,0,0,0,0,0,0,0,0
0.01108,0.010965,0.010622,0,0,0,0,0,0,0,0,0,0,0,0
0.011028,0.010973,0.010547,0,0,0,0,0,0,0,0,0,0,0,0
0.011064,0.010975,0.01063,0,0,0,0,0,0,0,0,0,0,0,0
0.011028,0.01101,0.010635,0,0,0,0,0,0,0,0,0,0,0,0
0.011073,0.011005,0.010605,0,0,0,0,0,0,0,0,0,0,0,0
0.011042,0.011041,0.010602,0,0,0,0,0,0,0,0,0,0,0,0
0.011138,0.011072,0.010571,0,0,0,0,0,0,0,0,0,0,0,0
0.01101,0.011016,0.010637,0,0,0,0,0,0,0,0,0,0,0,0
0.011206,0.011085,0.010652,0,0,0,0,0,0,0,0,0,0,0,0
0.011153,0.011127,0.010672,0,0,0,0,0,0,0,0,0,0,0,0
0.011098,0.011139,0.010623,0,0,0,0,0,0,0,0,0,0,0,0
0.011114,0.011073,0.010682,0,0,0,0,0,0,0,0,0,0,0,0
0.011134,0.011057,0.010685,0,0,0,0,0,0,0,0,0,0,0,0
0.011144,0.011059,0.010675,0,0,0,0,0,0,0,0,0,0,0,0
0.011169,0.011121,0.010733,0,0,0,0,0,0,0,0,0,0,0,0
0.011126,0.011063,0.010639,0,0,0,0,0,0,0,0,0,0,0,0
0.011112,0.011038,0.010656,0,0,0,0,0,0,0,0,0,0,0,0
